15 6 108
30132.5
33881.5
35961.5
32143.5
32473.5
31946.5
33977.5
30980.5
29619.5
35390.5
33751.5
29610.5
31084.5
34816.5
31220.5
0.06724099476071932
0.0543403292963902
0.07180004856048672
0.05802699761970386
0.07270511632891036
0.05511324228994961
0.07164426580453985
0.06397121673111507
0.06983765650313344
0.05515651413373327
0.07509160023271166
0.06194985447131415
0.07921978855669107
0.06281062769244432
0.08109174701815702
127.0
112.0
117.0
108.0
106.0
106.0
2557.0
22.0
1261.0
1300.0
67.0
529.0
509.0
1289.0
35.0
546.0
119.0
186.0
46.0
325.0
256.0
380.0
59.0
295.0
539.0
282.0
71.0
240.0
78.0
298.0
28.0
341.0
166.0
808.0
1289.0
574.0
357.0
1173.0
289.0
156.0
798.0
5376.0
6014.0
122.0
167.0
307.0
49.0
27.0
193.0
220.0
177.0
500.0
339.0
78.0
61.0
25.0
123.0
33.0
20.0
174.0
876.0
52.0
126.0
64.0
42.0
160.0
147.0
70.0
165.0
143.0
754.0
36.0
21.0
24.0
30.0
8.0
74.0
270.0
105.0
67.0
91.0
59.0
41.0
87.0
152.0
49.0
26.0
57.0
154.0
161.0
111.0
80.0
129.0
45.0
67.0
1534.0
56.0
58.0
70.0
25.0
164.0
283.0
30.0
276.0
118.0
242.0
79.0
140.0
807.0
218.0
69.0
1261.0
125.0
122.0
72.0
88.0
114.0
20.0
250.0
203.0
481.0
1302.0
35.0
532.0
110.0
184.0
45.0
351.0
269.0
362.0
59.0
311.0
542.0
282.0
76.0
233.0
82.0
288.0
28.0
356.0
172.0
803.0
1323.0
570.0
338.0
1125.0
291.0
147.0
851.0
5335.0
5884.0
123.0
169.0
319.0
50.0
28.0
182.0
218.0
187.0
532.0
359.0
79.0
63.0
27.0
122.0
32.0
19.0
163.0
891.0
53.0
130.0
65.0
46.0
158.0
149.0
75.0
167.0
142.0
740.0
38.0
21.0
26.0
31.0
8.0
73.0
262.0
107.0
71.0
91.0
56.0
39.0
81.0
146.0
47.0
27.0
56.0
160.0
169.0
111.0
81.0
139.0
47.0
61.0
1543.0
59.0
54.0
65.0
26.0
162.0
294.0
31.0
279.0
120.0
254.0
78.0
140.0
822.0
212.0
70.0
1230.0
123.0
127.0
69.0
94.0
121.0
20.0
260.0
200.0
474.0
1245.0
33.0
520.0
117.0
177.0
44.0
338.0
265.0
380.0
56.0
318.0
558.0
269.0
69.0
235.0
81.0
279.0
27.0
366.0
162.0
772.0
1278.0
595.0
342.0
1092.0
293.0
144.0
834.0
5424.0
6002.0
124.0
161.0
307.0
51.0
27.0
184.0
216.0
191.0
512.0
362.0
79.0
67.0
27.0
116.0
31.0
20.0
167.0
879.0
49.0
121.0
63.0
44.0
164.0
147.0
70.0
166.0
146.0
742.0
38.0
21.0
26.0
29.0
8.0
72.0
265.0
112.0
68.0
91.0
54.0
39.0
86.0
144.0
47.0
25.0
55.0
154.0
162.0
106.0
87.0
128.0
45.0
63.0
1626.0
57.0
59.0
70.0
26.0
154.0
295.0
31.0
283.0
130.0
242.0
79.0
130.0
825.0
222.0
71.0
1247.0
127.0
116.0
70.0
86.0
112.0
19.0
270.0
195.0
494.0
1246.0
36.0
556.0
110.0
177.0
45.0
348.0
249.0
380.0
61.0
310.0
556.0
291.0
74.0
244.0
77.0
279.0
28.0
370.0
173.0
773.0
1298.0
587.0
357.0
1155.0
290.0
150.0
843.0
5263.0
6019.0
123.0
166.0
321.0
46.0
28.0
177.0
206.0
179.0
503.0
366.0
74.0
63.0
26.0
123.0
32.0
20.0
167.0
848.0
53.0
130.0
67.0
43.0
151.0
141.0
71.0
162.0
151.0
775.0
36.0
21.0
26.0
32.0
8.0
70.0
257.0
104.0
72.0
88.0
54.0
40.0
83.0
143.0
45.0
25.0
54.0
160.0
171.0
109.0
82.0
139.0
45.0
64.0
1614.0
58.0
55.0
71.0
24.0
159.0
271.0
32.0
271.0
119.0
242.0
79.0
131.0
801.0
219.0
66.0
1251.0
134.0
116.0
70.0
87.0
111.0
19.0
256.0
199.0
482.0
1263.0
35.0
527.0
112.0
174.0
48.0
319.0
248.0
371.0
58.0
309.0
506.0
294.0
72.0
239.0
80.0
288.0
27.0
373.0
160.0
793.0
1301.0
546.0
356.0
1145.0
286.0
159.0
833.0
5077.0
5907.0
131.0
167.0
310.0
49.0
28.0
192.0
205.0
187.0
486.0
364.0
79.0
62.0
25.0
118.0
32.0
19.0
164.0
856.0
52.0
121.0
63.0
43.0
156.0
155.0
71.0
168.0
142.0
741.0
35.0
20.0
25.0
32.0
8.0
74.0
258.0
113.0
72.0
82.0
58.0
39.0
89.0
148.0
46.0
26.0
55.0
151.0
161.0
102.0
84.0
131.0
45.0
61.0
1583.0
59.0
59.0
70.0
25.0
164.0
294.0
33.0
269.0
127.0
245.0
81.0
135.0
761.0
213.0
66.0
1238.0
130.0
119.0
69.0
86.0
112.0
19.0
252.0
202.0
515.0
1220.0
36.0
535.0
117.0
186.0
46.0
339.0
255.0
382.0
58.0
292.0
517.0
282.0
70.0
254.0
79.0
298.0
27.0
344.0
166.0
830.0
1323.0
592.0
352.0
1109.0
301.0
150.0
849.0
5389.0
5854.0
122.0
156.0
304.0
49.0
29.0
178.0
207.0
186.0
496.0
371.0
74.0
66.0
25.0
116.0
33.0
19.0
170.0
838.0
49.0
125.0
62.0
45.0
165.0
143.0
72.0
154.0
141.0
769.0
36.0
20.0
24.0
30.0
8.0
76.0
274.0
108.0
73.0
83.0
58.0
41.0
86.0
143.0
47.0
27.0
56.0
161.0
159.0
110.0
81.0
135.0
46.0
64.0
1638.0
56.0
58.0
65.0
24.0
156.0
270.0
31.0
268.0
127.0
235.0
80.0
141.0
756.0
220.0
71.0
1169.0
131.0
120.0
69.0
85.0
115.0
19.0
247.0
189.0
485.0
1225.0
34.0
516.0
111.0
191.0
46.0
333.0
266.0
370.0
58.0
295.0
549.0
277.0
75.0
235.0
78.0
301.0
29.0
360.0
159.0
768.0
1321.0
581.0
334.0
1188.0
294.0
148.0
792.0
5032.0
5604.0
125.0
167.0
335.0
50.0
28.0
178.0
225.0
184.0
487.0
371.0
79.0
67.0
26.0
125.0
31.0
19.0
173.0
824.0
49.0
119.0
67.0
43.0
153.0
146.0
74.0
164.0
142.0
791.0
37.0
20.0
25.0
30.0
8.0
69.0
268.0
104.0
68.0
87.0
58.0
38.0
81.0
140.0
47.0
26.0
57.0
150.0
160.0
106.0
86.0
132.0
46.0
61.0
1643.0
58.0
58.0
67.0
26.0
164.0
296.0
31.0
278.0
128.0
235.0
77.0
128.0
790.0
216.0
67.0
1235.0
127.0
123.0
73.0
90.0
118.0
20.0
255.0
191.0
504.0
1303.0
35.0
553.0
114.0
183.0
45.0
322.0
268.0
390.0
60.0
292.0
526.0
286.0
73.0
229.0
80.0
275.0
29.0
355.0
168.0
787.0
1358.0
576.0
345.0
1079.0
293.0
152.0
871.0
5280.0
5709.0
131.0
160.0
311.0
49.0
29.0
181.0
209.0
192.0
487.0
363.0
79.0
64.0
26.0
116.0
31.0
20.0
162.0
822.0
52.0
130.0
62.0
42.0
155.0
143.0
74.0
159.0
153.0
729.0
35.0
20.0
24.0
32.0
8.0
74.0
259.0
104.0
70.0
87.0
58.0
40.0
82.0
154.0
48.0
27.0
57.0
163.0
174.0
108.0
82.0
139.0
47.0
67.0
1664.0
56.0
56.0
69.0
26.0
160.0
294.0
31.0
278.0
118.0
237.0
79.0
134.0
775.0
204.0
66.0
1168.0
128.0
118.0
72.0
89.0
121.0
19.0
269.0
196.0
478.0
1218.0
34.0
535.0
110.0
183.0
47.0
316.0
250.0
386.0
56.0
320.0
506.0
293.0
75.0
247.0
82.0
302.0
29.0
340.0
173.0
841.0
1289.0
542.0
335.0
1198.0
272.0
157.0
849.0
5383.0
6033.0
125.0
158.0
335.0
49.0
29.0
188.0
214.0
184.0
498.0
363.0
78.0
64.0
26.0
124.0
31.0
19.0
166.0
821.0
51.0
120.0
67.0
42.0
159.0
145.0
71.0
161.0
150.0
783.0
35.0
20.0
26.0
29.0
8.0
69.0
265.0
112.0
74.0
89.0
55.0
39.0
82.0
144.0
45.0
26.0
55.0
156.0
173.0
108.0
81.0
127.0
44.0
62.0
1650.0
59.0
59.0
71.0
25.0
160.0
290.0
32.0
280.0
129.0
250.0
78.0
134.0
810.0
223.0
66.0
1166.0
132.0
124.0
72.0
92.0
114.0
19.0
264.0
193.0
492.0
1231.0
35.0
519.0
116.0
191.0
47.0
343.0
258.0
400.0
58.0
308.0
528.0
287.0
76.0
252.0
80.0
275.0
27.0
353.0
164.0
833.0
1363.0
567.0
334.0
1196.0
289.0
153.0
860.0
5319.0
5492.0
126.0
159.0
324.0
49.0
29.0
182.0
222.0
183.0
505.0
353.0
72.0
66.0
25.0
125.0
32.0
20.0
176.0
888.0
50.0
124.0
62.0
43.0
164.0
155.0
72.0
160.0
138.0
768.0
38.0
21.0
25.0
29.0
8.0
72.0
262.0
111.0
72.0
85.0
54.0
38.0
84.0
140.0
47.0
25.0
56.0
160.0
175.0
107.0
81.0
128.0
45.0
62.0
1534.0
57.0
55.0
70.0
24.0
159.0
278.0
32.0
262.0
118.0
257.0
82.0
139.0
810.0
213.0
71.0
1245.0
132.0
115.0
67.0
89.0
116.0
20.0
259.0
189.0
475.0
1315.0
36.0
538.0
111.0
191.0
47.0
331.0
262.0
390.0
59.0
305.0
549.0
276.0
75.0
249.0
77.0
287.0
27.0
342.0
165.0
763.0
1271.0
561.0
360.0
1139.0
283.0
158.0
811.0
5193.0
5904.0
122.0
169.0
308.0
50.0
27.0
184.0
225.0
185.0
510.0
343.0
78.0
67.0
26.0
118.0
32.0
20.0
168.0
848.0
53.0
127.0
65.0
42.0
166.0
140.0
74.0
154.0
148.0
737.0
36.0
21.0
26.0
32.0
8.0
71.0
270.0
107.0
68.0
84.0
57.0
40.0
84.0
143.0
47.0
26.0
55.0
163.0
174.0
105.0
80.0
132.0
47.0
66.0
1523.0
58.0
57.0
69.0
25.0
152.0
289.0
32.0
280.0
120.0
260.0
77.0
141.0
794.0
222.0
66.0
1277.0
125.0
127.0
73.0
91.0
118.0
20.0
267.0
190.0
493.0
1240.0
35.0
511.0
119.0
184.0
45.0
333.0
247.0
364.0
56.0
308.0
525.0
272.0
76.0
242.0
82.0
293.0
28.0
349.0
169.0
797.0
1348.0
601.0
344.0
1191.0
272.0
150.0
847.0
5232.0
5516.0
128.0
159.0
308.0
51.0
27.0
185.0
205.0
193.0
513.0
355.0
77.0
61.0
26.0
125.0
31.0
20.0
170.0
838.0
52.0
119.0
62.0
45.0
159.0
147.0
73.0
159.0
151.0
759.0
38.0
20.0
26.0
30.0
8.0
69.0
250.0
103.0
74.0
88.0
54.0
41.0
85.0
144.0
47.0
26.0
55.0
151.0
174.0
104.0
84.0
129.0
46.0
62.0
1527.0
56.0
59.0
65.0
24.0
153.0
286.0
33.0
271.0
124.0
243.0
81.0
140.0
831.0
224.0
70.0
1287.0
126.0
116.0
67.0
94.0
112.0
20.0
250.0
195.0
491.0
1282.0
36.0
531.0
110.0
191.0
47.0
330.0
253.0
372.0
56.0
299.0
544.0
272.0
71.0
236.0
77.0
298.0
27.0
363.0
158.0
839.0
1284.0
574.0
345.0
1178.0
282.0
158.0
797.0
5447.0
5932.0
127.0
170.0
329.0
47.0
28.0
176.0
221.0
192.0
513.0
351.0
79.0
66.0
25.0
126.0
30.0
19.0
167.0
823.0
49.0
128.0
67.0
46.0
156.0
140.0
75.0
156.0
138.0
779.0
36.0
21.0
26.0
30.0
8.0
70.0
261.0
106.0
68.0
90.0
54.0
41.0
86.0
148.0
46.0
26.0
55.0
160.0
171.0
103.0
86.0
132.0
45.0
61.0
1557.0
58.0
57.0
68.0
25.0
159.0
271.0
33.0
264.0
119.0
253.0
77.0
139.0
818.0
215.0
69.0
1239.0
127.0
121.0
71.0
94.0
116.0
19.0
270.0
193.0
493.0
1292.0
35.0
548.0
115.0
188.0
45.0
329.0
251.0
389.0
59.0
317.0
556.0
283.0
72.0
229.0
80.0
294.0
27.0
361.0
170.0
805.0
1257.0
574.0
357.0
1131.0
274.0
153.0
870.0
5334.0
5614.0
118.0
158.0
317.0
47.0
27.0
183.0
210.0
185.0
507.0
353.0
74.0
63.0
27.0
119.0
31.0
20.0
178.0
854.0
52.0
124.0
65.0
44.0
161.0
144.0
75.0
157.0
145.0
779.0
37.0
20.0
24.0
30.0
8.0
74.0
251.0
103.0
69.0
90.0
54.0
39.0
86.0
140.0
48.0
27.0
53.0
156.0
161.0
106.0
83.0
134.0
48.0
66.0
1635.0
54.0
57.0
71.0
26.0
163.0
297.0
33.0
285.0
125.0
236.0
80.0
133.0
799.0
209.0
70.0
1250.0
128.0
126.0
72.0
90.0
112.0
19.0
266.0
198.0
500.0
1344.0
35.0
522.0
110.0
192.0
48.0
336.0
264.0
371.0
57.0
319.0
531.0
286.0
73.0
241.0
82.0
285.0
28.0
347.0
164.0
843.0
1331.0
559.0
344.0
1106.0
286.0
147.0
864.0
5187.0
5796.0
129.0
163.0
332.0
51.0
27.0
189.0
221.0
186.0
525.0
373.0
75.0
63.0
27.0
125.0
33.0
20.0
173.0
855.0
49.0
121.0
66.0
45.0
160.0
144.0
76.0
153.0
144.0
773.0
37.0
21.0
25.0
32.0
8.0
69.0
274.0
107.0
71.0
87.0
54.0
39.0
85.0
150.0
46.0
26.0
58.0
157.0
160.0
111.0
81.0
129.0
48.0
67.0
1643.0
55.0
57.0
68.0
26.0
151.0
296.0
32.0
264.0
125.0
260.0
80.0
136.0
799.0
207.0
71.0
1252.0
131.0
119.0
68.0
88.0
114.0
19.0
265.0
204.0
184.0
172.0
161.0
168.0
430.0
141.0
150.0
131.0
154.0
159.0
166.0
173.0
155.0
155.0
167.0
161.0
154.0
139.0
391.0
132.0
138.0
149.0
144.0
157.0
132.0
138.0
138.0
415.0
130.0
151.0
150.0
159.0
148.0
138.0
168.0
156.0
168.0
134.0
147.0
146.0
169.0
173.0
151.0
146.0
149.0
480.0
149.0
163.0
451.0
169.0
172.0
136.0
148.0
134.0
176.0
162.0
147.0
141.0
455.0
175.0
146.0
131.0
162.0
147.0
149.0
152.0
165.0
135.0
175.0
160.0
131.0
175.0
148.0
159.0
136.0
159.0
448.0
174.0
133.0
175.0
166.0
137.0
140.0
177.0
140.0
159.0
476.0
156.0
481.0
142.0
438.0
377.0
463.0
425.0
465.0
386.0
452.0
488.0
426.0
142.0
166.0
135.0
156.0
131.0
154.0
172.0
147.0
160.0
177.0
174.0
144.0
176.0
478.0
140.0
143.0
150.0
141.0
138.0
143.0
151.0
136.0
166.0
167.0
175.0
161.0
165.0
424.0
154.0
135.0
150.0
141.0
154.0
177.0
163.0
132.0
374.0
165.0
177.0
165.0
148.0
165.0
150.0
164.0
149.0
159.0
130.0
158.0
153.0
165.0
170.0
162.0
126.0
155.0
383.0
151.0
133.0
481.0
135.0
166.0
145.0
173.0
159.0
175.0
139.0
166.0
147.0
492.0
171.0
143.0
132.0
177.0
144.0
164.0
148.0
146.0
165.0
161.0
152.0
155.0
149.0
131.0
152.0
117.0
174.0
482.0
166.0
134.0
150.0
143.0
133.0
145.0
176.0
177.0
135.0
437.0
139.0
482.0
166.0
430.0
387.0
412.0
363.0
370.0
447.0
380.0
478.0
367.0
149.0
130.0
143.0
168.0
153.0
169.0
154.0
156.0
150.0
196.0
188.0
136.0
145.0
479.0
142.0
169.0
133.0
149.0
139.0
156.0
175.0
151.0
138.0
177.0
172.0
164.0
156.0
486.0
149.0
165.0
157.0
174.0
152.0
156.0
172.0
165.0
369.0
167.0
133.0
143.0
155.0
172.0
158.0
143.0
140.0
154.0
148.0
152.0
152.0
162.0
173.0
142.0
126.0
175.0
421.0
145.0
165.0
484.0
131.0
136.0
144.0
165.0
138.0
169.0
164.0
147.0
144.0
462.0
141.0
167.0
162.0
149.0
144.0
154.0
175.0
174.0
165.0
135.0
134.0
142.0
134.0
143.0
166.0
124.0
158.0
492.0
167.0
147.0
147.0
168.0
143.0
132.0
157.0
137.0
141.0
441.0
152.0
381.0
134.0
466.0
367.0
411.0
393.0
383.0
373.0
485.0
442.0
438.0
155.0
135.0
171.0
152.0
170.0
176.0
168.0
131.0
136.0
177.0
196.0
147.0
133.0
482.0
160.0
146.0
175.0
139.0
138.0
155.0
155.0
158.0
140.0
161.0
135.0
139.0
175.0
410.0
150.0
165.0
165.0
139.0
134.0
173.0
177.0
134.0
448.0
144.0
150.0
169.0
158.0
134.0
143.0
146.0
170.0
169.0
166.0
150.0
154.0
166.0
133.0
171.0
112.0
172.0
492.0
153.0
165.0
415.0
141.0
169.0
176.0
150.0
177.0
162.0
170.0
140.0
148.0
384.0
136.0
172.0
145.0
161.0
159.0
166.0
139.0
151.0
139.0
161.0
158.0
168.0
162.0
166.0
163.0
115.0
148.0
368.0
174.0
137.0
164.0
176.0
159.0
166.0
148.0
156.0
134.0
396.0
172.0
427.0
157.0
393.0
457.0
492.0
411.0
412.0
478.0
363.0
440.0
433.0
136.0
150.0
140.0
153.0
131.0
157.0
145.0
149.0
141.0
168.0
195.0
157.0
143.0
400.0
157.0
137.0
137.0
149.0
174.0
169.0
131.0
146.0
155.0
165.0
150.0
163.0
155.0
379.0
171.0
143.0
149.0
146.0
175.0
149.0
168.0
148.0
394.0
149.0
160.0
133.0
143.0
156.0
140.0
141.0
173.0
145.0
155.0
137.0
163.0
137.0
152.0
151.0
134.0
176.0
455.0
149.0
171.0
440.0
167.0
168.0
171.0
155.0
154.0
133.0
145.0
158.0
155.0
469.0
177.0
163.0
162.0
171.0
138.0
168.0
176.0
157.0
150.0
140.0
166.0
157.0
132.0
152.0
155.0
140.0
142.0
428.0
164.0
162.0
133.0
172.0
131.0
152.0
171.0
150.0
155.0
459.0
175.0
383.0
149.0
459.0
480.0
450.0
464.0
434.0
434.0
427.0
441.0
403.0
164.0
161.0
140.0
140.0
174.0
168.0
169.0
136.0
144.0
175.0
179.0
136.0
147.0
372.0
175.0
161.0
151.0
175.0
166.0
154.0
166.0
163.0
142.0
144.0
146.0
152.0
146.0
371.0
165.0
171.0
149.0
175.0
164.0
140.0
153.0
144.0
441.0
170.0
168.0
156.0
133.0
130.0
130.0
169.0
150.0
137.0
177.0
172.0
160.0
161.0
133.0
142.0
134.0
169.0
447.0
139.0
155.0
471.0
174.0
139.0
174.0
158.0
149.0
136.0
146.0
166.0
165.0
479.0
163.0
173.0
155.0
160.0
137.0
165.0
143.0
166.0
133.0
136.0
139.0
132.0
173.0
137.0
170.0
145.0
134.0
421.0
161.0
133.0
138.0
144.0
130.0
168.0
167.0
172.0
139.0
367.0
147.0
363.0
156.0
392.0
399.0
411.0
452.0
379.0
397.0
452.0
395.0
401.0
137.0
149.0
138.0
165.0
133.0
153.0
170.0
153.0
172.0
162.0
207.0
173.0
158.0
469.0
174.0
143.0
158.0
137.0
168.0
169.0
143.0
162.0
170.0
141.0
158.0
176.0
146.0
408.0
132.0
170.0
161.0
152.0
154.0
138.0
173.0
166.0
371.0
155.0
138.0
150.0
139.0
170.0
161.0
155.0
157.0
171.0
170.0
176.0
130.0
140.0
165.0
132.0
123.0
137.0
473.0
172.0
134.0
417.0
131.0
159.0
132.0
163.0
131.0
154.0
173.0
169.0
168.0
427.0
131.0
150.0
135.0
177.0
171.0
167.0
133.0
168.0
138.0
138.0
156.0
158.0
133.0
172.0
165.0
151.0
137.0
459.0
171.0
158.0
142.0
157.0
152.0
159.0
161.0
153.0
151.0
391.0
171.0
409.0
153.0
392.0
379.0
494.0
367.0
393.0
396.0
403.0
473.0
403.0
166.0
173.0
154.0
157.0
131.0
140.0
166.0
133.0
136.0
154.0
172.0
158.0
156.0
364.0
161.0
167.0
174.0
162.0
161.0
143.0
159.0
166.0
165.0
163.0
149.0
133.0
148.0
391.0
137.0
134.0
163.0
154.0
170.0
138.0
158.0
155.0
404.0
131.0
174.0
149.0
170.0
154.0
164.0
150.0
145.0
148.0
157.0
167.0
157.0
147.0
164.0
168.0
151.0
154.0
419.0
150.0
168.0
363.0
155.0
154.0
163.0
157.0
152.0
145.0
131.0
149.0
138.0
445.0
147.0
140.0
145.0
133.0
141.0
165.0
142.0
142.0
163.0
166.0
143.0
171.0
166.0
160.0
138.0
138.0
142.0
474.0
147.0
135.0
176.0
130.0
160.0
156.0
141.0
148.0
171.0
418.0
170.0
457.0
169.0
363.0
447.0
397.0
488.0
424.0
417.0
485.0
363.0
415.0
153.0
138.0
163.0
143.0
137.0
132.0
166.0
170.0
142.0
166.0
166.0
132.0
142.0
438.0
161.0
132.0
141.0
164.0
154.0
163.0
166.0
150.0
151.0
140.0
150.0
154.0
163.0
479.0
160.0
140.0
165.0
156.0
135.0
172.0
156.0
160.0
458.0
176.0
150.0
131.0
131.0
171.0
158.0
156.0
154.0
172.0
138.0
148.0
143.0
168.0
165.0
162.0
151.0
146.0
364.0
155.0
167.0
459.0
136.0
167.0
137.0
138.0
171.0
149.0
151.0
171.0
145.0
419.0
160.0
133.0
136.0
168.0
170.0
171.0
156.0
147.0
134.0
141.0
144.0
132.0
170.0
140.0
158.0
147.0
150.0
398.0
154.0
154.0
153.0
148.0
155.0
143.0
135.0
136.0
141.0
472.0
169.0
388.0
133.0
405.0
403.0
438.0
482.0
382.0
388.0
480.0
483.0
368.0
163.0
148.0
161.0
177.0
145.0
146.0
161.0
141.0
158.0
169.0
201.0
140.0
172.0
373.0
161.0
150.0
155.0
163.0
135.0
153.0
172.0
150.0
148.0
159.0
134.0
169.0
158.0
480.0
154.0
149.0
175.0
145.0
147.0
132.0
138.0
136.0
469.0
168.0
131.0
154.0
155.0
146.0
174.0
166.0
167.0
132.0
165.0
169.0
136.0
130.0
137.0
134.0
131.0
133.0
403.0
162.0
147.0
449.0
172.0
131.0
141.0
138.0
147.0
161.0
141.0
140.0
135.0
445.0
135.0
169.0
136.0
164.0
161.0
151.0
140.0
162.0
151.0
150.0
150.0
169.0
142.0
142.0
137.0
149.0
156.0
485.0
140.0
142.0
147.0
162.0
138.0
139.0
160.0
159.0
136.0
424.0
159.0
447.0
171.0
414.0
441.0
451.0
464.0
430.0
460.0
395.0
478.0
400.0
148.0
165.0
158.0
132.0
170.0
134.0
134.0
134.0
138.0
182.0
191.0
177.0
134.0
479.0
150.0
131.0
165.0
140.0
154.0
161.0
166.0
137.0
174.0
151.0
137.0
176.0
171.0
438.0
164.0
146.0
163.0
136.0
148.0
145.0
142.0
165.0
394.0
173.0
176.0
136.0
140.0
156.0
157.0
164.0
139.0
170.0
137.0
158.0
142.0
175.0
170.0
175.0
146.0
136.0
471.0
146.0
131.0
397.0
153.0
132.0
164.0
164.0
173.0
150.0
144.0
161.0
157.0
400.0
137.0
151.0
166.0
141.0
155.0
138.0
160.0
130.0
176.0
145.0
141.0
168.0
152.0
164.0
155.0
128.0
171.0
487.0
172.0
157.0
166.0
143.0
164.0
175.0
173.0
139.0
134.0
412.0
131.0
473.0
161.0
417.0
439.0
493.0
396.0
465.0
448.0
438.0
452.0
418.0
136.0
153.0
176.0
168.0
134.0
162.0
171.0
160.0
154.0
165.0
172.0
176.0
137.0
419.0
155.0
157.0
145.0
163.0
136.0
160.0
149.0
175.0
155.0
168.0
161.0
174.0
177.0
447.0
165.0
140.0
147.0
131.0
170.0
152.0
169.0
147.0
401.0
161.0
133.0
149.0
134.0
151.0
135.0
135.0
131.0
137.0
165.0
169.0
173.0
170.0
134.0
164.0
114.0
154.0
364.0
147.0
158.0
374.0
139.0
162.0
159.0
147.0
137.0
165.0
157.0
162.0
150.0
406.0
152.0
161.0
132.0
173.0
152.0
137.0
162.0
163.0
144.0
146.0
172.0
165.0
147.0
141.0
135.0
128.0
151.0
466.0
159.0
164.0
159.0
137.0
162.0
134.0
153.0
151.0
136.0
467.0
174.0
392.0
150.0
493.0
396.0
385.0
416.0
400.0
486.0
428.0
373.0
367.0
167.0
167.0
137.0
169.0
131.0
171.0
147.0
135.0
159.0
170.0
178.0
156.0
169.0
377.0
163.0
171.0
176.0
149.0
131.0
134.0
164.0
147.0
152.0
154.0
147.0
158.0
143.0
479.0
135.0
159.0
168.0
147.0
135.0
155.0
142.0
154.0
472.0
157.0
174.0
146.0
137.0
141.0
141.0
133.0
134.0
157.0
172.0
135.0
175.0
142.0
131.0
159.0
140.0
171.0
364.0
145.0
155.0
449.0
144.0
168.0
171.0
130.0
160.0
144.0
160.0
144.0
147.0
421.0
137.0
149.0
160.0
131.0
137.0
165.0
177.0
145.0
130.0
141.0
139.0
156.0
155.0
143.0
166.0
147.0
159.0
423.0
144.0
154.0
149.0
169.0
153.0
141.0
142.0
174.0
161.0
396.0
149.0
482.0
130.0
370.0
462.0
375.0
380.0
369.0
372.0
420.0
383.0
456.0
166.0
146.0
166.0
171.0
171.0
160.0
137.0
142.0
131.0
160.0
168.0
143.0
151.0
456.0
136.0
170.0
146.0
172.0
131.0
168.0
176.0
159.0
175.0
170.0
163.0
146.0
158.0
431.0
158.0
166.0
147.0
146.0
133.0
175.0
168.0
137.0
382.0
161.0
145.0
154.0
138.0
165.0
150.0
144.0
171.0
151.0
163.0
143.0
138.0
174.0
177.0
135.0
126.0
161.0
386.0
170.0
142.0
410.0
166.0
142.0
161.0
149.0
148.0
150.0
132.0
153.0
158.0
398.0
152.0
140.0
154.0
132.0
132.0
138.0
163.0
136.0
153.0
138.0
166.0
152.0
162.0
136.0
167.0
127.0
174.0
428.0
162.0
177.0
166.0
138.0
171.0
138.0
141.0
165.0
135.0
457.0
138.0
366.0
141.0
399.0
457.0
400.0
493.0
420.0
375.0
484.0
426.0
451.0
162.0
145.0
174.0
131.0
158.0
176.0
153.0
136.0
147.0
172.0
179.0
157.0
156.0
375.0
148.0
164.0
144.0
139.0
144.0
171.0
135.0
167.0
165.0
170.0
154.0
138.0
176.0
463.0
143.0
152.0
151.0
152.0
142.0
135.0
161.0
166.0
400.0
165.0
173.0
167.0
152.0
157.0
151.0
157.0
174.0
133.0
136.0
140.0
165.0
160.0
160.0
172.0
139.0
152.0
468.0
163.0
136.0
369.0
155.0
132.0
173.0
159.0
150.0
140.0
149.0
175.0
144.0
365.0
164.0
175.0
159.0
174.0
136.0
176.0
144.0
139.0
174.0
138.0
130.0
145.0
141.0
169.0
155.0
134.0
166.0
465.0
164.0
173.0
144.0
143.0
150.0
163.0
158.0
130.0
151.0
381.0
155.0
470.0
169.0
370.0
417.0
461.0
453.0
465.0
397.0
405.0
416.0
373.0
149.0
171.0
130.0
148.0
139.0
167.0
135.0
165.0
137.0
