15 6 108
34640.5
30512.5
32353.5
35341.5
32058.5
31970.5
32521.5
32153.5
34906.5
29596.5
32478.5
32706.5
35846.5
34134.5
33927.5
0.07949203942434788
0.06340604262752843
0.06929237578834462
0.05433832035183298
0.076973986090866
0.05773183581918584
0.07481826913118703
0.0602498484801262
0.07883295362943937
0.058719557363908784
0.07962277443884909
0.06272617275045293
0.07687130848039701
0.053877169767172994
0.05304734585636073
125.0
120.0
121.0
121.0
114.0
110.0
2557.0
22.0
1261.0
1300.0
67.0
529.0
483.0
1307.0
34.0
519.0
117.0
186.0
45.0
350.0
263.0
372.0
60.0
310.0
525.0
294.0
75.0
239.0
77.0
302.0
29.0
345.0
160.0
835.0
1387.0
590.0
329.0
1132.0
282.0
146.0
835.0
4997.0
5968.0
130.0
161.0
334.0
49.0
29.0
188.0
207.0
178.0
482.0
368.0
77.0
64.0
27.0
118.0
32.0
20.0
169.0
880.0
51.0
121.0
67.0
42.0
166.0
143.0
70.0
162.0
143.0
755.0
35.0
20.0
26.0
32.0
8.0
75.0
265.0
107.0
73.0
87.0
58.0
38.0
89.0
153.0
48.0
27.0
57.0
148.0
166.0
110.0
86.0
133.0
47.0
64.0
1621.0
55.0
57.0
71.0
24.0
152.0
289.0
30.0
261.0
118.0
245.0
76.0
133.0
825.0
221.0
69.0
1160.0
125.0
117.0
73.0
92.0
113.0
19.0
254.0
200.0
493.0
1314.0
35.0
514.0
119.0
188.0
45.0
336.0
252.0
379.0
59.0
318.0
535.0
269.0
74.0
237.0
75.0
283.0
27.0
364.0
168.0
821.0
1284.0
554.0
337.0
1112.0
297.0
158.0
829.0
5037.0
5706.0
121.0
165.0
309.0
50.0
28.0
186.0
224.0
177.0
526.0
338.0
79.0
64.0
27.0
127.0
32.0
20.0
164.0
891.0
49.0
127.0
61.0
44.0
162.0
153.0
69.0
164.0
150.0
739.0
36.0
21.0
24.0
30.0
8.0
72.0
262.0
113.0
73.0
84.0
54.0
40.0
82.0
143.0
46.0
26.0
56.0
150.0
167.0
103.0
81.0
129.0
45.0
66.0
1541.0
59.0
55.0
71.0
26.0
163.0
279.0
31.0
266.0
123.0
256.0
78.0
136.0
784.0
212.0
68.0
1256.0
125.0
124.0
72.0
86.0
116.0
20.0
268.0
195.0
491.0
1296.0
35.0
514.0
116.0
176.0
47.0
318.0
244.0
378.0
58.0
291.0
521.0
272.0
70.0
253.0
78.0
275.0
27.0
354.0
160.0
829.0
1303.0
568.0
341.0
1089.0
276.0
154.0
848.0
5142.0
5579.0
126.0
165.0
315.0
49.0
28.0
191.0
217.0
194.0
532.0
366.0
79.0
65.0
25.0
125.0
33.0
19.0
173.0
817.0
51.0
127.0
63.0
46.0
153.0
151.0
76.0
156.0
146.0
769.0
36.0
21.0
26.0
29.0
8.0
72.0
260.0
102.0
72.0
91.0
56.0
41.0
87.0
149.0
46.0
25.0
57.0
157.0
168.0
103.0
81.0
138.0
48.0
62.0
1544.0
55.0
54.0
65.0
26.0
155.0
277.0
30.0
287.0
119.0
255.0
82.0
128.0
753.0
222.0
71.0
1259.0
124.0
121.0
66.0
86.0
115.0
20.0
252.0
187.0
516.0
1244.0
34.0
522.0
119.0
184.0
46.0
333.0
258.0
378.0
60.0
296.0
510.0
294.0
76.0
240.0
81.0
278.0
29.0
362.0
173.0
811.0
1267.0
550.0
338.0
1085.0
291.0
152.0
853.0
5351.0
5701.0
131.0
167.0
325.0
47.0
29.0
178.0
224.0
181.0
496.0
361.0
73.0
63.0
25.0
119.0
32.0
19.0
171.0
891.0
49.0
130.0
65.0
46.0
156.0
146.0
73.0
154.0
139.0
754.0
37.0
21.0
26.0
31.0
8.0
70.0
272.0
106.0
72.0
88.0
56.0
40.0
86.0
151.0
49.0
26.0
58.0
151.0
168.0
110.0
87.0
133.0
44.0
67.0
1552.0
58.0
57.0
65.0
26.0
164.0
284.0
32.0
268.0
126.0
253.0
75.0
138.0
756.0
222.0
68.0
1202.0
134.0
118.0
73.0
93.0
111.0
20.0
246.0
201.0
480.0
1262.0
34.0
550.0
119.0
174.0
47.0
335.0
257.0
378.0
59.0
305.0
541.0
294.0
71.0
241.0
81.0
285.0
28.0
356.0
157.0
780.0
1277.0
573.0
348.0
1139.0
271.0
146.0
833.0
5459.0
5638.0
120.0
173.0
306.0
51.0
28.0
183.0
214.0
178.0
533.0
371.0
76.0
63.0
25.0
123.0
32.0
20.0
177.0
823.0
51.0
119.0
62.0
46.0
153.0
144.0
76.0
168.0
143.0
758.0
36.0
20.0
24.0
31.0
8.0
71.0
276.0
102.0
74.0
89.0
56.0
39.0
86.0
141.0
49.0
27.0
56.0
150.0
161.0
103.0
86.0
127.0
45.0
63.0
1612.0
55.0
55.0
65.0
26.0
167.0
281.0
32.0
286.0
120.0
257.0
77.0
141.0
801.0
211.0
67.0
1250.0
127.0
127.0
71.0
86.0
113.0
19.0
255.0
189.0
498.0
1325.0
35.0
523.0
118.0
193.0
47.0
346.0
265.0
375.0
58.0
316.0
538.0
279.0
73.0
247.0
78.0
277.0
28.0
357.0
156.0
765.0
1387.0
576.0
329.0
1131.0
273.0
159.0
797.0
5453.0
5670.0
122.0
161.0
318.0
48.0
29.0
178.0
224.0
181.0
530.0
351.0
78.0
67.0
25.0
122.0
31.0
20.0
171.0
900.0
52.0
119.0
64.0
43.0
156.0
154.0
76.0
163.0
147.0
802.0
37.0
21.0
25.0
29.0
8.0
73.0
256.0
113.0
68.0
88.0
59.0
40.0
82.0
147.0
49.0
27.0
58.0
164.0
173.0
102.0
82.0
135.0
45.0
66.0
1518.0
56.0
54.0
67.0
25.0
164.0
281.0
32.0
284.0
129.0
251.0
81.0
134.0
761.0
224.0
70.0
1176.0
125.0
116.0
71.0
91.0
122.0
19.0
250.0
192.0
473.0
1306.0
35.0
513.0
114.0
186.0
46.0
339.0
249.0
363.0
60.0
302.0
535.0
289.0
72.0
239.0
81.0
299.0
27.0
371.0
158.0
813.0
1269.0
582.0
356.0
1152.0
295.0
155.0
842.0
5325.0
5566.0
119.0
157.0
329.0
51.0
28.0
192.0
222.0
181.0
524.0
372.0
79.0
67.0
25.0
126.0
31.0
20.0
171.0
891.0
52.0
123.0
62.0
42.0
157.0
144.0
72.0
162.0
153.0
803.0
35.0
21.0
25.0
30.0
8.0
76.0
273.0
108.0
72.0
91.0
59.0
40.0
85.0
142.0
48.0
26.0
58.0
158.0
165.0
110.0
81.0
127.0
44.0
62.0
1561.0
58.0
58.0
66.0
26.0
158.0
297.0
32.0
283.0
130.0
249.0
79.0
139.0
793.0
214.0
70.0
1250.0
132.0
116.0
70.0
89.0
113.0
19.0
267.0
201.0
506.0
1332.0
34.0
522.0
114.0
190.0
45.0
326.0
244.0
362.0
60.0
319.0
550.0
270.0
69.0
246.0
82.0
274.0
28.0
374.0
167.0
785.0
1268.0
575.0
337.0
1090.0
294.0
157.0
799.0
5167.0
5461.0
122.0
166.0
326.0
49.0
27.0
191.0
216.0
179.0
527.0
360.0
78.0
62.0
25.0
127.0
33.0
19.0
166.0
895.0
48.0
121.0
64.0
46.0
153.0
141.0
73.0
162.0
153.0
798.0
35.0
21.0
24.0
31.0
8.0
75.0
255.0
108.0
72.0
85.0
59.0
39.0
85.0
153.0
48.0
27.0
55.0
151.0
163.0
111.0
86.0
128.0
47.0
65.0
1623.0
58.0
54.0
70.0
26.0
166.0
285.0
32.0
277.0
128.0
250.0
83.0
138.0
796.0
212.0
71.0
1225.0
124.0
125.0
70.0
94.0
122.0
20.0
270.0
194.0
508.0
1321.0
36.0
516.0
112.0
175.0
44.0
336.0
258.0
361.0
60.0
297.0
521.0
278.0
73.0
250.0
81.0
287.0
27.0
360.0
172.0
841.0
1273.0
601.0
351.0
1127.0
276.0
151.0
800.0
5463.0
5679.0
127.0
168.0
334.0
47.0
29.0
194.0
209.0
191.0
504.0
358.0
79.0
61.0
26.0
127.0
31.0
20.0
172.0
904.0
53.0
130.0
65.0
45.0
161.0
141.0
69.0
155.0
141.0
725.0
35.0
21.0
24.0
30.0
8.0
75.0
265.0
108.0
71.0
87.0
56.0
40.0
89.0
145.0
45.0
27.0
54.0
151.0
169.0
103.0
83.0
133.0
47.0
67.0
1519.0
59.0
59.0
65.0
26.0
155.0
287.0
32.0
281.0
124.0
245.0
76.0
138.0
832.0
210.0
65.0
1224.0
130.0
121.0
68.0
88.0
112.0
20.0
249.0
202.0
515.0
1331.0
36.0
534.0
111.0
186.0
48.0
343.0
255.0
395.0
58.0
295.0
515.0
281.0
73.0
241.0
80.0
282.0
27.0
366.0
167.0
787.0
1372.0
572.0
333.0
1144.0
296.0
152.0
821.0
5459.0
5549.0
121.0
165.0
315.0
49.0
29.0
183.0
218.0
189.0
519.0
375.0
76.0
66.0
25.0
123.0
31.0
20.0
172.0
830.0
52.0
119.0
66.0
44.0
163.0
142.0
75.0
162.0
148.0
764.0
36.0
20.0
24.0
31.0
8.0
70.0
256.0
108.0
68.0
90.0
57.0
39.0
81.0
146.0
45.0
26.0
54.0
150.0
166.0
103.0
83.0
133.0
46.0
66.0
1552.0
56.0
57.0
68.0
26.0
161.0
285.0
32.0
264.0
118.0
240.0
83.0
137.0
807.0
213.0
70.0
1263.0
124.0
115.0
67.0
89.0
116.0
20.0
247.0
191.0
477.0
1219.0
36.0
531.0
115.0
189.0
47.0
334.0
266.0
366.0
58.0
301.0
512.0
267.0
72.0
232.0
81.0
298.0
27.0
370.0
161.0
820.0
1353.0
546.0
344.0
1159.0
299.0
154.0
840.0
5314.0
5626.0
126.0
165.0
319.0
47.0
27.0
189.0
223.0
191.0
530.0
352.0
72.0
65.0
25.0
122.0
30.0
20.0
167.0
891.0
50.0
126.0
65.0
43.0
151.0
140.0
69.0
154.0
140.0
741.0
38.0
20.0
25.0
32.0
8.0
75.0
260.0
107.0
70.0
86.0
55.0
38.0
83.0
154.0
47.0
26.0
56.0
158.0
159.0
106.0
81.0
137.0
47.0
64.0
1622.0
59.0
56.0
65.0
26.0
155.0
289.0
30.0
266.0
129.0
243.0
79.0
134.0
783.0
218.0
71.0
1236.0
130.0
120.0
73.0
92.0
118.0
18.0
265.0
187.0
469.0
1307.0
33.0
523.0
120.0
179.0
44.0
318.0
260.0
388.0
56.0
300.0
549.0
286.0
75.0
243.0
80.0
280.0
27.0
356.0
173.0
809.0
1268.0
581.0
358.0
1092.0
294.0
145.0
871.0
5210.0
5799.0
120.0
161.0
317.0
51.0
28.0
192.0
214.0
183.0
490.0
375.0
76.0
67.0
26.0
122.0
32.0
18.0
168.0
881.0
50.0
130.0
66.0
43.0
167.0
154.0
73.0
159.0
145.0
758.0
35.0
21.0
24.0
31.0
8.0
75.0
260.0
108.0
71.0
85.0
54.0
37.0
81.0
148.0
45.0
26.0
54.0
152.0
161.0
110.0
86.0
127.0
46.0
62.0
1573.0
56.0
55.0
68.0
26.0
157.0
272.0
33.0
287.0
127.0
254.0
81.0
130.0
780.0
222.0
66.0
1232.0
129.0
123.0
73.0
93.0
111.0
20.0
252.0
201.0
476.0
1287.0
36.0
512.0
115.0
183.0
46.0
347.0
248.0
396.0
55.0
316.0
512.0
273.0
69.0
240.0
77.0
277.0
29.0
357.0
172.0
841.0
1321.0
589.0
346.0
1086.0
276.0
144.0
870.0
5207.0
5821.0
126.0
171.0
322.0
49.0
28.0
188.0
215.0
189.0
532.0
370.0
73.0
61.0
26.0
126.0
31.0
20.0
166.0
894.0
52.0
126.0
63.0
42.0
157.0
141.0
76.0
168.0
141.0
727.0
38.0
20.0
26.0
32.0
8.0
72.0
270.0
112.0
73.0
83.0
57.0
38.0
85.0
150.0
48.0
25.0
54.0
157.0
161.0
108.0
84.0
126.0
46.0
63.0
1558.0
59.0
59.0
69.0
24.0
155.0
270.0
33.0
267.0
123.0
260.0
79.0
137.0
793.0
216.0
69.0
1255.0
133.0
118.0
66.0
86.0
122.0
19.0
258.0
194.0
485.0
1275.0
34.0
513.0
116.0
193.0
48.0
326.0
260.0
364.0
57.0
297.0
522.0
280.0
74.0
231.0
78.0
295.0
28.0
345.0
173.0
806.0
1261.0
601.0
340.0
1086.0
283.0
150.0
792.0
5374.0
5872.0
119.0
164.0
322.0
48.0
28.0
193.0
219.0
184.0
496.0
373.0
73.0
64.0
25.0
125.0
30.0
20.0
167.0
817.0
51.0
130.0
62.0
44.0
158.0
147.0
75.0
157.0
150.0
748.0
35.0
21.0
25.0
31.0
8.0
72.0
273.0
106.0
72.0
90.0
56.0
38.0
83.0
140.0
46.0
26.0
55.0
150.0
165.0
109.0
79.0
138.0
44.0
67.0
1514.0
58.0
56.0
71.0
25.0
158.0
299.0
33.0
273.0
128.0
248.0
82.0
140.0
773.0
222.0
70.0
1177.0
134.0
124.0
67.0
92.0
114.0
20.0
249.0
191.0
471.0
1239.0
36.0
557.0
118.0
189.0
46.0
334.0
251.0
362.0
56.0
320.0
509.0
267.0
76.0
231.0
78.0
291.0
28.0
341.0
170.0
785.0
1382.0
558.0
361.0
1094.0
287.0
144.0
838.0
5273.0
5533.0
129.0
162.0
316.0
51.0
29.0
187.0
218.0
193.0
509.0
359.0
77.0
66.0
25.0
125.0
32.0
19.0
169.0
828.0
52.0
131.0
61.0
44.0
159.0
153.0
76.0
158.0
139.0
782.0
37.0
20.0
26.0
30.0
8.0
69.0
260.0
105.0
74.0
90.0
55.0
38.0
81.0
140.0
48.0
25.0
55.0
164.0
158.0
106.0
83.0
131.0
47.0
62.0
1611.0
58.0
54.0
66.0
25.0
154.0
272.0
33.0
288.0
120.0
246.0
82.0
141.0
827.0
208.0
70.0
1218.0
123.0
118.0
71.0
92.0
121.0
19.0
248.0
197.0
187.0
180.0
145.0
156.0
428.0
147.0
138.0
176.0
130.0
141.0
162.0
174.0
143.0
131.0
158.0
160.0
130.0
172.0
440.0
153.0
141.0
135.0
163.0
176.0
137.0
133.0
134.0
466.0
153.0
141.0
161.0
130.0
171.0
157.0
167.0
135.0
145.0
146.0
135.0
169.0
146.0
156.0
141.0
115.0
145.0
402.0
162.0
160.0
435.0
132.0
147.0
146.0
176.0
137.0
165.0
169.0
171.0
161.0
372.0
134.0
136.0
166.0
160.0
148.0
136.0
166.0
166.0
154.0
130.0
138.0
132.0
140.0
138.0
158.0
117.0
135.0
375.0
139.0
172.0
169.0
166.0
131.0
171.0
174.0
154.0
167.0
415.0
177.0
495.0
141.0
448.0
445.0
414.0
472.0
446.0
446.0
395.0
494.0
479.0
155.0
161.0
150.0
140.0
173.0
152.0
171.0
175.0
155.0
195.0
190.0
155.0
141.0
487.0
130.0
139.0
171.0
175.0
139.0
139.0
167.0
161.0
130.0
136.0
169.0
147.0
164.0
465.0
164.0
170.0
136.0
165.0
145.0
161.0
168.0
176.0
364.0
145.0
163.0
170.0
148.0
163.0
150.0
137.0
176.0
174.0
175.0
153.0
157.0
151.0
161.0
175.0
126.0
170.0
481.0
156.0
135.0
369.0
152.0
158.0
136.0
168.0
163.0
141.0
143.0
143.0
140.0
396.0
174.0
152.0
136.0
171.0
141.0
173.0
163.0
171.0
136.0
154.0
153.0
156.0
137.0
159.0
159.0
120.0
156.0
471.0
155.0
137.0
173.0
168.0
155.0
151.0
166.0
160.0
174.0
373.0
130.0
478.0
156.0
471.0
389.0
441.0
477.0
422.0
370.0
417.0
395.0
473.0
163.0
165.0
172.0
132.0
148.0
177.0
148.0
160.0
170.0
183.0
159.0
160.0
151.0
458.0
172.0
173.0
174.0
171.0
158.0
133.0
138.0
151.0
157.0
169.0
151.0
166.0
134.0
465.0
134.0
163.0
139.0
162.0
151.0
152.0
174.0
133.0
441.0
147.0
140.0
153.0
141.0
134.0
146.0
165.0
166.0
130.0
170.0
140.0
135.0
152.0
174.0
158.0
129.0
175.0
487.0
139.0
143.0
477.0
150.0
138.0
170.0
134.0
177.0
170.0
170.0
161.0
166.0
416.0
153.0
140.0
134.0
171.0
138.0
176.0
144.0
156.0
154.0
150.0
176.0
160.0
130.0
143.0
156.0
114.0
146.0
469.0
130.0
172.0
137.0
176.0
173.0
158.0
175.0
137.0
145.0
365.0
131.0
478.0
172.0
372.0
391.0
389.0
459.0
404.0
414.0
450.0
409.0
483.0
177.0
165.0
130.0
170.0
146.0
148.0
145.0
137.0
143.0
162.0
196.0
155.0
148.0
463.0
167.0
173.0
130.0
136.0
174.0
155.0
156.0
157.0
134.0
161.0
133.0
149.0
150.0
370.0
173.0
173.0
135.0
171.0
174.0
177.0
164.0
152.0
473.0
155.0
144.0
149.0
143.0
151.0
169.0
160.0
173.0
174.0
152.0
148.0
159.0
144.0
160.0
167.0
132.0
160.0
388.0
163.0
159.0
478.0
174.0
155.0
172.0
141.0
143.0
131.0
151.0
133.0
172.0
402.0
133.0
156.0
161.0
156.0
133.0
161.0
136.0
135.0
145.0
158.0
149.0
136.0
138.0
151.0
137.0
138.0
141.0
452.0
136.0
138.0
148.0
175.0
153.0
163.0
155.0
139.0
157.0
364.0
176.0
363.0
139.0
476.0
420.0
457.0
435.0
476.0
469.0
476.0
370.0
445.0
162.0
164.0
132.0
147.0
170.0
140.0
132.0
172.0
147.0
181.0
194.0
169.0
175.0
459.0
157.0
155.0
132.0
175.0
160.0
169.0
137.0
148.0
133.0
163.0
175.0
140.0
131.0
447.0
137.0
154.0
141.0
131.0
154.0
151.0
165.0
176.0
425.0
156.0
158.0
152.0
157.0
155.0
168.0
159.0
166.0
150.0
173.0
148.0
150.0
156.0
175.0
145.0
140.0
169.0
447.0
173.0
145.0
427.0
173.0
159.0
132.0
174.0
151.0
164.0
159.0
159.0
158.0
471.0
149.0
131.0
168.0
135.0
164.0
136.0
165.0
133.0
131.0
168.0
147.0
146.0
156.0
150.0
165.0
131.0
147.0
407.0
161.0
150.0
161.0
163.0
169.0
143.0
164.0
162.0
158.0
384.0
131.0
372.0
148.0
390.0
428.0
416.0
381.0
445.0
431.0
370.0
457.0
469.0
161.0
157.0
167.0
164.0
171.0
165.0
171.0
176.0
169.0
189.0
172.0
151.0
156.0
380.0
175.0
148.0
154.0
175.0
155.0
136.0
175.0
136.0
155.0
140.0
175.0
171.0
157.0
397.0
157.0
173.0
151.0
168.0
137.0
168.0
131.0
151.0
429.0
168.0
164.0
152.0
156.0
170.0
150.0
175.0
171.0
154.0
177.0
144.0
168.0
132.0
176.0
142.0
136.0
176.0
484.0
140.0
143.0
437.0
151.0
141.0
143.0
153.0
136.0
173.0
156.0
144.0
163.0
421.0
131.0
153.0
139.0
133.0
167.0
151.0
168.0
176.0
162.0
154.0
135.0
149.0
177.0
162.0
154.0
125.0
137.0
366.0
171.0
137.0
136.0
174.0
146.0
131.0
160.0
139.0
146.0
386.0
143.0
369.0
143.0
364.0
416.0
445.0
428.0
455.0
411.0
382.0
459.0
370.0
142.0
137.0
169.0
156.0
142.0
150.0
147.0
169.0
159.0
174.0
208.0
131.0
144.0
378.0
133.0
170.0
145.0
151.0
177.0
145.0
133.0
160.0
166.0
144.0
174.0
151.0
136.0
435.0
164.0
175.0
155.0
161.0
169.0
136.0
169.0
150.0
447.0
139.0
149.0
138.0
166.0
141.0
137.0
144.0
156.0
149.0
152.0
132.0
150.0
135.0
136.0
133.0
147.0
157.0
470.0
163.0
135.0
488.0
167.0
151.0
162.0
165.0
157.0
159.0
157.0
144.0
132.0
485.0
167.0
155.0
176.0
142.0
133.0
142.0
146.0
142.0
156.0
161.0
150.0
152.0
151.0
171.0
174.0
138.0
170.0
471.0
154.0
137.0
157.0
144.0
139.0
142.0
152.0
161.0
139.0
420.0
156.0
366.0
149.0
449.0
486.0
374.0
483.0
464.0
431.0
491.0
431.0
430.0
167.0
158.0
163.0
173.0
139.0
162.0
158.0
136.0
134.0
156.0
170.0
165.0
175.0
401.0
135.0
146.0
157.0
151.0
157.0
166.0
156.0
161.0
169.0
142.0
170.0
176.0
144.0
453.0
159.0
141.0
162.0
141.0
150.0
146.0
169.0
155.0
453.0
134.0
142.0
169.0
162.0
141.0
130.0
173.0
168.0
162.0
138.0
173.0
159.0
173.0
159.0
169.0
112.0
172.0
374.0
170.0
162.0
399.0
154.0
157.0
142.0
159.0
158.0
166.0
145.0
166.0
135.0
386.0
130.0
165.0
168.0
165.0
157.0
169.0
153.0
176.0
156.0
161.0
169.0
151.0
146.0
145.0
173.0
144.0
176.0
379.0
166.0
150.0
171.0
144.0
131.0
135.0
157.0
166.0
170.0
474.0
168.0
477.0
150.0
483.0
403.0
458.0
487.0
491.0
417.0
416.0
469.0
432.0
146.0
139.0
139.0
135.0
150.0
168.0
160.0
137.0
171.0
206.0
156.0
142.0
132.0
380.0
149.0
148.0
176.0
169.0
159.0
137.0
161.0
141.0
138.0
144.0
160.0
177.0
174.0
373.0
157.0
172.0
176.0
167.0
130.0
154.0
131.0
138.0
424.0
165.0
150.0
139.0
158.0
159.0
171.0
145.0
177.0
174.0
135.0
147.0
173.0
173.0
162.0
159.0
112.0
151.0
389.0
174.0
172.0
466.0
160.0
154.0
175.0
132.0
174.0
132.0
171.0
150.0
159.0
408.0
170.0
141.0
145.0
147.0
143.0
138.0
152.0
160.0
153.0
150.0
154.0
142.0
170.0
151.0
145.0
148.0
140.0
415.0
163.0
164.0
163.0
177.0
146.0
132.0
175.0
172.0
151.0
377.0
167.0
468.0
161.0
400.0
451.0
413.0
440.0
450.0
395.0
384.0
442.0
468.0
142.0
141.0
164.0
131.0
138.0
156.0
136.0
165.0
169.0
198.0
156.0
148.0
144.0
444.0
163.0
136.0
145.0
131.0
174.0
158.0
173.0
174.0
139.0
175.0
158.0
170.0
166.0
376.0
173.0
173.0
144.0
141.0
169.0
147.0
155.0
160.0
382.0
156.0
131.0
148.0
149.0
160.0
171.0
167.0
154.0
136.0
158.0
144.0
136.0
137.0
155.0
152.0
141.0
174.0
423.0
176.0
170.0
383.0
150.0
133.0
165.0
174.0
169.0
165.0
153.0
153.0
144.0
438.0
161.0
141.0
135.0
130.0
154.0
144.0
165.0
150.0
159.0
173.0
135.0
163.0
158.0
147.0
168.0
125.0
172.0
392.0
172.0
138.0
132.0
136.0
139.0
164.0
131.0
144.0
155.0
470.0
139.0
430.0
172.0
391.0
405.0
422.0
443.0
373.0
437.0
412.0
395.0
468.0
141.0
161.0
148.0
143.0
135.0
160.0
171.0
175.0
136.0
198.0
205.0
168.0
136.0
403.0
159.0
152.0
174.0
136.0
169.0
133.0
149.0
170.0
154.0
141.0
141.0
143.0
163.0
472.0
166.0
164.0
170.0
165.0
142.0
165.0
157.0
149.0
491.0
141.0
133.0
155.0
137.0
169.0
133.0
136.0
144.0
145.0
130.0
143.0
144.0
176.0
132.0
160.0
115.0
172.0
457.0
132.0
175.0
451.0
153.0
158.0
177.0
135.0
165.0
130.0
165.0
161.0
161.0
382.0
152.0
131.0
134.0
140.0
159.0
168.0
153.0
163.0
171.0
146.0
151.0
137.0
162.0
136.0
146.0
137.0
154.0
417.0
141.0
136.0
150.0
162.0
173.0
143.0
164.0
151.0
170.0
420.0
170.0
424.0
151.0
455.0
454.0
363.0
457.0
424.0
484.0
389.0
401.0
471.0
138.0
151.0
161.0
153.0
132.0
139.0
161.0
153.0
144.0
204.0
204.0
154.0
167.0
490.0
159.0
163.0
175.0
146.0
160.0
158.0
163.0
134.0
151.0
169.0
150.0
158.0
168.0
425.0
141.0
164.0
139.0
175.0
156.0
132.0
169.0
156.0
477.0
146.0
155.0
147.0
138.0
138.0
160.0
135.0
150.0
138.0
171.0
133.0
132.0
147.0
134.0
130.0
125.0
170.0
464.0
141.0
135.0
385.0
140.0
155.0
145.0
168.0
153.0
136.0
138.0
145.0
163.0
468.0
176.0
169.0
135.0
160.0
176.0
151.0
137.0
141.0
163.0
144.0
154.0
143.0
163.0
159.0
156.0
140.0
155.0
460.0
131.0
177.0
163.0
145.0
159.0
154.0
151.0
173.0
130.0
401.0
176.0
433.0
143.0
407.0
418.0
404.0
492.0
385.0
435.0
368.0
374.0
483.0
131.0
140.0
167.0
152.0
168.0
174.0
165.0
151.0
171.0
205.0
167.0
175.0
160.0
415.0
155.0
138.0
146.0
133.0
173.0
167.0
155.0
156.0
171.0
145.0
150.0
146.0
134.0
475.0
159.0
162.0
167.0
143.0
163.0
172.0
143.0
144.0
413.0
153.0
155.0
148.0
152.0
141.0
169.0
135.0
161.0
169.0
136.0
162.0
134.0
136.0
162.0
165.0
113.0
137.0
484.0
145.0
142.0
452.0
161.0
174.0
162.0
170.0
140.0
132.0
165.0
177.0
170.0
423.0
154.0
135.0
173.0
139.0
176.0
142.0
145.0
132.0
167.0
155.0
137.0
173.0
175.0
147.0
131.0
130.0
138.0
431.0
175.0
170.0
138.0
167.0
137.0
150.0
177.0
143.0
173.0
481.0
175.0
382.0
154.0
488.0
383.0
446.0
485.0
452.0
424.0
374.0
423.0
409.0
139.0
148.0
172.0
174.0
148.0
161.0
165.0
168.0
175.0
184.0
179.0
157.0
145.0
384.0
132.0
157.0
148.0
145.0
170.0
171.0
162.0
150.0
146.0
159.0
138.0
149.0
154.0
374.0
146.0
155.0
130.0
176.0
136.0
155.0
131.0
145.0
482.0
134.0
162.0
161.0
164.0
150.0
172.0
172.0
158.0
168.0
170.0
138.0
142.0
145.0
149.0
165.0
143.0
164.0
416.0
152.0
135.0
450.0
152.0
155.0
142.0
159.0
163.0
162.0
170.0
174.0
154.0
457.0
176.0
140.0
156.0
143.0
132.0
165.0
146.0
143.0
158.0
158.0
175.0
131.0
148.0
134.0
136.0
133.0
157.0
381.0
159.0
136.0
141.0
171.0
146.0
150.0
130.0
173.0
133.0
418.0
148.0
442.0
156.0
370.0
486.0
439.0
491.0
465.0
436.0
389.0
458.0
451.0
154.0
162.0
158.0
147.0
173.0
143.0
170.0
166.0
161.0
178.0
189.0
141.0
145.0
398.0
143.0
170.0
149.0
177.0
153.0
167.0
162.0
135.0
154.0
135.0
172.0
131.0
142.0
416.0
173.0
171.0
152.0
172.0
133.0
173.0
163.0
140.0
388.0
165.0
148.0
131.0
170.0
153.0
130.0
170.0
159.0
135.0
131.0
176.0
141.0
171.0
175.0
146.0
123.0
131.0
458.0
169.0
160.0
382.0
146.0
134.0
164.0
159.0
158.0
132.0
145.0
142.0
168.0
469.0
165.0
131.0
158.0
141.0
137.0
153.0
158.0
169.0
167.0
138.0
167.0
152.0
137.0
144.0
130.0
117.0
147.0
387.0
152.0
165.0
155.0
164.0
167.0
165.0
146.0
153.0
151.0
492.0
164.0
382.0
177.0
367.0
380.0
457.0
386.0
382.0
437.0
437.0
489.0
397.0
163.0
139.0
135.0
173.0
156.0
142.0
164.0
175.0
160.0
