15 6 108
32491.5
30031.5
34643.5
35822.5
33098.5
35943.5
30308.5
31203.5
31623.5
30353.5
34453.5
34313.5
30937.5
35415.5
30412.5
0.0763744874390864
0.05359547466367635
0.07601633209114143
0.061042732485507796
0.07981589781686914
0.06519737675903407
0.06920838182107605
0.06156303685999435
0.06895822395329537
0.06264136300345616
0.07659167534862552
0.05724393033457035
0.07301749206912435
0.05720521854790282
0.06152837680663992
116.0
110.0
115.0
107.0
120.0
126.0
2557.0
22.0
1261.0
1300.0
67.0
529.0
470.0
1218.0
35.0
526.0
114.0
175.0
47.0
349.0
263.0
366.0
60.0
303.0
553.0
272.0
76.0
254.0
77.0
291.0
27.0
370.0
158.0
845.0
1362.0
572.0
354.0
1139.0
297.0
155.0
836.0
5196.0
5750.0
119.0
164.0
319.0
50.0
27.0
180.0
217.0
193.0
499.0
342.0
73.0
61.0
25.0
116.0
33.0
20.0
176.0
853.0
51.0
130.0
61.0
42.0
155.0
143.0
76.0
163.0
141.0
788.0
38.0
20.0
24.0
31.0
8.0
72.0
255.0
107.0
74.0
83.0
56.0
41.0
82.0
152.0
48.0
26.0
58.0
163.0
160.0
102.0
79.0
135.0
47.0
64.0
1545.0
56.0
54.0
69.0
25.0
160.0
296.0
32.0
287.0
118.0
242.0
81.0
136.0
772.0
208.0
66.0
1287.0
132.0
118.0
68.0
87.0
118.0
19.0
254.0
191.0
483.0
1293.0
33.0
527.0
118.0
182.0
48.0
327.0
261.0
372.0
61.0
292.0
520.0
269.0
72.0
250.0
81.0
280.0
29.0
359.0
172.0
796.0
1384.0
580.0
330.0
1097.0
297.0
148.0
850.0
5042.0
5972.0
123.0
166.0
322.0
49.0
29.0
181.0
217.0
190.0
505.0
365.0
77.0
64.0
25.0
119.0
32.0
20.0
177.0
874.0
49.0
128.0
64.0
44.0
164.0
147.0
76.0
154.0
148.0
751.0
36.0
21.0
24.0
32.0
8.0
76.0
255.0
111.0
74.0
90.0
55.0
39.0
82.0
148.0
47.0
26.0
57.0
160.0
163.0
111.0
81.0
131.0
45.0
63.0
1502.0
55.0
55.0
71.0
26.0
167.0
271.0
32.0
283.0
121.0
244.0
77.0
129.0
761.0
206.0
66.0
1287.0
125.0
126.0
71.0
93.0
122.0
19.0
253.0
188.0
489.0
1269.0
34.0
514.0
117.0
191.0
48.0
330.0
270.0
385.0
59.0
309.0
541.0
273.0
74.0
238.0
80.0
277.0
28.0
345.0
163.0
779.0
1367.0
570.0
333.0
1175.0
298.0
146.0
863.0
5285.0
5513.0
125.0
162.0
325.0
51.0
29.0
184.0
216.0
179.0
518.0
362.0
75.0
62.0
26.0
121.0
31.0
19.0
173.0
854.0
52.0
131.0
65.0
46.0
153.0
148.0
73.0
158.0
153.0
758.0
35.0
20.0
24.0
31.0
8.0
72.0
270.0
110.0
70.0
89.0
55.0
41.0
86.0
142.0
47.0
27.0
56.0
161.0
159.0
106.0
85.0
127.0
47.0
66.0
1637.0
54.0
55.0
68.0
26.0
161.0
286.0
33.0
273.0
126.0
260.0
82.0
129.0
757.0
215.0
70.0
1236.0
124.0
123.0
69.0
87.0
112.0
18.0
249.0
204.0
505.0
1229.0
36.0
510.0
117.0
175.0
44.0
327.0
247.0
396.0
56.0
298.0
534.0
282.0
69.0
238.0
75.0
279.0
27.0
350.0
173.0
775.0
1292.0
558.0
359.0
1092.0
279.0
152.0
814.0
5274.0
5771.0
123.0
171.0
335.0
48.0
29.0
190.0
215.0
182.0
493.0
367.0
74.0
63.0
26.0
126.0
32.0
19.0
164.0
852.0
49.0
126.0
63.0
44.0
157.0
149.0
76.0
163.0
138.0
745.0
38.0
20.0
25.0
30.0
8.0
74.0
252.0
107.0
74.0
87.0
57.0
41.0
82.0
148.0
46.0
26.0
53.0
153.0
164.0
106.0
86.0
127.0
47.0
66.0
1627.0
57.0
55.0
68.0
24.0
157.0
288.0
32.0
276.0
120.0
247.0
79.0
137.0
782.0
212.0
70.0
1286.0
133.0
124.0
70.0
91.0
111.0
20.0
250.0
197.0
481.0
1292.0
35.0
506.0
118.0
190.0
45.0
324.0
256.0
400.0
58.0
295.0
551.0
283.0
70.0
229.0
79.0
297.0
29.0
353.0
165.0
842.0
1288.0
600.0
328.0
1121.0
292.0
157.0
865.0
5045.0
5618.0
125.0
165.0
313.0
47.0
27.0
181.0
218.0
187.0
482.0
341.0
74.0
64.0
25.0
116.0
33.0
19.0
173.0
856.0
49.0
122.0
64.0
45.0
161.0
155.0
70.0
152.0
142.0
741.0
36.0
21.0
26.0
30.0
8.0
73.0
274.0
103.0
73.0
89.0
54.0
40.0
88.0
150.0
46.0
26.0
54.0
155.0
173.0
111.0
80.0
137.0
45.0
66.0
1653.0
59.0
57.0
66.0
26.0
156.0
289.0
32.0
280.0
128.0
241.0
79.0
135.0
801.0
212.0
67.0
1205.0
131.0
127.0
72.0
86.0
112.0
19.0
268.0
187.0
516.0
1325.0
36.0
549.0
112.0
178.0
47.0
319.0
246.0
378.0
58.0
294.0
554.0
270.0
74.0
230.0
77.0
276.0
29.0
372.0
157.0
802.0
1306.0
587.0
343.0
1128.0
279.0
147.0
826.0
5390.0
5764.0
119.0
159.0
331.0
48.0
29.0
193.0
216.0
177.0
487.0
352.0
73.0
62.0
27.0
118.0
31.0
19.0
175.0
839.0
48.0
118.0
67.0
43.0
165.0
144.0
72.0
168.0
150.0
724.0
37.0
21.0
26.0
30.0
8.0
73.0
274.0
107.0
69.0
89.0
54.0
38.0
87.0
140.0
47.0
27.0
58.0
159.0
166.0
106.0
82.0
131.0
46.0
67.0
1660.0
55.0
54.0
70.0
24.0
155.0
272.0
33.0
284.0
121.0
256.0
76.0
130.0
800.0
208.0
65.0
1206.0
122.0
122.0
69.0
91.0
116.0
20.0
255.0
201.0
486.0
1337.0
35.0
543.0
113.0
191.0
47.0
325.0
268.0
361.0
59.0
289.0
528.0
289.0
70.0
251.0
76.0
302.0
29.0
349.0
170.0
788.0
1315.0
579.0
333.0
1187.0
273.0
157.0
875.0
4993.0
5856.0
120.0
168.0
308.0
47.0
27.0
179.0
220.0
180.0
491.0
349.0
78.0
63.0
25.0
126.0
31.0
19.0
179.0
858.0
50.0
121.0
66.0
42.0
155.0
142.0
75.0
162.0
140.0
755.0
36.0
20.0
25.0
32.0
8.0
70.0
255.0
103.0
73.0
85.0
58.0
41.0
83.0
154.0
46.0
27.0
57.0
153.0
159.0
106.0
83.0
128.0
47.0
65.0
1662.0
59.0
57.0
69.0
25.0
152.0
281.0
31.0
279.0
120.0
238.0
77.0
130.0
816.0
210.0
70.0
1231.0
126.0
123.0
73.0
92.0
117.0
20.0
253.0
198.0
475.0
1281.0
33.0
512.0
120.0
182.0
44.0
350.0
246.0
389.0
57.0
316.0
509.0
285.0
73.0
253.0
76.0
287.0
27.0
368.0
173.0
817.0
1381.0
556.0
334.0
1190.0
294.0
157.0
847.0
5122.0
5760.0
131.0
165.0
309.0
50.0
29.0
180.0
206.0
182.0
514.0
354.0
79.0
65.0
25.0
121.0
31.0
19.0
178.0
823.0
51.0
127.0
64.0
46.0
167.0
141.0
75.0
154.0
146.0
787.0
35.0
20.0
24.0
32.0
8.0
71.0
265.0
103.0
74.0
84.0
55.0
41.0
87.0
148.0
49.0
26.0
53.0
150.0
171.0
101.0
81.0
136.0
48.0
66.0
1523.0
58.0
55.0
70.0
25.0
161.0
298.0
32.0
272.0
124.0
254.0
81.0
138.0
805.0
206.0
65.0
1209.0
130.0
116.0
66.0
87.0
114.0
19.0
256.0
192.0
507.0
1223.0
36.0
545.0
109.0
181.0
48.0
322.0
258.0
372.0
56.0
295.0
520.0
266.0
73.0
236.0
77.0
287.0
29.0
348.0
169.0
815.0
1316.0
543.0
361.0
1165.0
287.0
146.0
849.0
5429.0
5687.0
124.0
166.0
327.0
51.0
27.0
177.0
222.0
187.0
528.0
357.0
75.0
61.0
25.0
116.0
32.0
19.0
176.0
846.0
51.0
131.0
67.0
43.0
157.0
155.0
71.0
158.0
143.0
731.0
36.0
19.0
25.0
31.0
8.0
73.0
257.0
112.0
74.0
86.0
59.0
40.0
84.0
143.0
46.0
26.0
55.0
154.0
175.0
102.0
86.0
139.0
46.0
64.0
1543.0
54.0
59.0
66.0
24.0
165.0
284.0
32.0
288.0
121.0
235.0
77.0
141.0
800.0
222.0
67.0
1248.0
125.0
121.0
66.0
94.0
120.0
19.0
253.0
188.0
476.0
1232.0
36.0
536.0
117.0
187.0
45.0
330.0
251.0
392.0
58.0
289.0
542.0
268.0
71.0
230.0
76.0
278.0
27.0
338.0
170.0
845.0
1270.0
590.0
350.0
1092.0
275.0
158.0
874.0
5518.0
5439.0
120.0
163.0
325.0
47.0
29.0
178.0
214.0
185.0
519.0
348.0
73.0
64.0
26.0
128.0
33.0
19.0
166.0
830.0
51.0
130.0
63.0
44.0
155.0
155.0
74.0
155.0
147.0
761.0
36.0
20.0
26.0
31.0
8.0
75.0
276.0
107.0
70.0
86.0
55.0
41.0
85.0
151.0
48.0
26.0
54.0
160.0
168.0
111.0
85.0
138.0
46.0
66.0
1513.0
54.0
58.0
66.0
24.0
167.0
276.0
31.0
281.0
118.0
251.0
78.0
131.0
761.0
217.0
65.0
1259.0
132.0
123.0
68.0
89.0
115.0
20.0
271.0
206.0
517.0
1333.0
36.0
529.0
109.0
177.0
44.0
318.0
254.0
400.0
58.0
291.0
504.0
287.0
76.0
231.0
75.0
291.0
28.0
348.0
168.0
776.0
1352.0
587.0
349.0
1159.0
295.0
154.0
814.0
5490.0
5596.0
127.0
171.0
326.0
49.0
27.0
187.0
216.0
188.0
482.0
343.0
74.0
61.0
26.0
126.0
32.0
19.0
168.0
820.0
50.0
124.0
67.0
46.0
163.0
154.0
73.0
164.0
150.0
730.0
38.0
21.0
26.0
31.0
8.0
76.0
265.0
109.0
70.0
85.0
59.0
39.0
81.0
143.0
49.0
25.0
53.0
155.0
172.0
109.0
85.0
131.0
48.0
63.0
1658.0
59.0
58.0
70.0
25.0
152.0
277.0
31.0
282.0
121.0
255.0
81.0
130.0
785.0
205.0
70.0
1216.0
124.0
116.0
68.0
87.0
119.0
18.0
271.0
206.0
496.0
1340.0
34.0
519.0
119.0
176.0
46.0
323.0
262.0
371.0
60.0
307.0
545.0
270.0
72.0
246.0
77.0
276.0
27.0
356.0
171.0
818.0
1301.0
573.0
344.0
1186.0
284.0
148.0
853.0
5479.0
5770.0
128.0
169.0
304.0
49.0
29.0
179.0
220.0
183.0
519.0
368.0
73.0
63.0
27.0
128.0
32.0
19.0
162.0
892.0
53.0
122.0
64.0
46.0
154.0
150.0
71.0
167.0
141.0
787.0
36.0
21.0
25.0
31.0
8.0
73.0
277.0
105.0
73.0
89.0
55.0
41.0
87.0
140.0
48.0
26.0
58.0
157.0
171.0
107.0
85.0
135.0
48.0
61.0
1546.0
58.0
56.0
71.0
25.0
163.0
279.0
32.0
267.0
129.0
252.0
81.0
129.0
801.0
219.0
69.0
1240.0
124.0
122.0
70.0
94.0
115.0
19.0
267.0
197.0
509.0
1264.0
35.0
548.0
119.0
184.0
44.0
344.0
257.0
368.0
57.0
290.0
519.0
291.0
70.0
253.0
80.0
289.0
29.0
364.0
157.0
764.0
1297.0
561.0
334.0
1175.0
280.0
157.0
806.0
5403.0
5480.0
129.0
170.0
313.0
49.0
27.0
176.0
206.0
195.0
497.0
368.0
74.0
64.0
26.0
119.0
31.0
19.0
168.0
883.0
52.0
127.0
64.0
43.0
156.0
140.0
73.0
167.0
147.0
757.0
37.0
20.0
25.0
31.0
8.0
73.0
261.0
109.0
73.0
83.0
54.0
39.0
81.0
140.0
45.0
27.0
57.0
151.0
162.0
106.0
82.0
134.0
48.0
66.0
1634.0
57.0
54.0
69.0
26.0
151.0
270.0
30.0
274.0
130.0
258.0
77.0
131.0
764.0
203.0
66.0
1212.0
131.0
119.0
68.0
86.0
113.0
18.0
256.0
206.0
473.0
1226.0
35.0
537.0
119.0
185.0
44.0
317.0
259.0
385.0
59.0
314.0
547.0
273.0
76.0
245.0
80.0
299.0
28.0
374.0
170.0
821.0
1378.0
546.0
353.0
1178.0
300.0
155.0
793.0
5225.0
5492.0
128.0
157.0
322.0
50.0
29.0
182.0
204.0
184.0
482.0
349.0
78.0
63.0
27.0
120.0
30.0
19.0
171.0
882.0
51.0
119.0
65.0
42.0
165.0
140.0
72.0
160.0
143.0
740.0
36.0
20.0
25.0
30.0
8.0
69.0
252.0
104.0
73.0
88.0
57.0
41.0
81.0
148.0
47.0
26.0
53.0
162.0
169.0
105.0
80.0
133.0
46.0
66.0
1618.0
55.0
56.0
65.0
26.0
167.0
274.0
33.0
286.0
119.0
259.0
81.0
127.0
794.0
206.0
70.0
1253.0
128.0
118.0
69.0
85.0
118.0
19.0
265.0
203.0
500.0
1237.0
34.0
505.0
117.0
181.0
44.0
345.0
245.0
375.0
58.0
295.0
512.0
285.0
70.0
250.0
82.0
301.0
28.0
341.0
173.0
841.0
1304.0
560.0
357.0
1185.0
290.0
156.0
797.0
5008.0
5800.0
126.0
160.0
316.0
50.0
28.0
183.0
211.0
189.0
522.0
348.0
77.0
67.0
27.0
124.0
33.0
20.0
167.0
901.0
52.0
128.0
64.0
45.0
155.0
153.0
76.0
155.0
141.0
751.0
35.0
19.0
25.0
30.0
8.0
74.0
263.0
113.0
69.0
86.0
58.0
38.0
81.0
147.0
48.0
26.0
53.0
161.0
172.0
102.0
82.0
138.0
48.0
64.0
1661.0
56.0
59.0
65.0
25.0
157.0
293.0
31.0
278.0
121.0
253.0
81.0
135.0
798.0
215.0
66.0
1275.0
125.0
127.0
70.0
91.0
118.0
20.0
254.0
189.0
181.0
172.0
134.0
162.0
490.0
160.0
133.0
158.0
172.0
159.0
172.0
155.0
130.0
150.0
146.0
142.0
165.0
173.0
402.0
152.0
152.0
160.0
163.0
163.0
139.0
137.0
161.0
432.0
160.0
162.0
163.0
159.0
154.0
161.0
148.0
164.0
148.0
148.0
146.0
158.0
155.0
167.0
167.0
128.0
154.0
423.0
167.0
142.0
425.0
173.0
132.0
166.0
156.0
176.0
131.0
171.0
154.0
169.0
415.0
140.0
168.0
133.0
149.0
131.0
162.0
160.0
153.0
176.0
168.0
163.0
146.0
167.0
163.0
167.0
117.0
149.0
489.0
162.0
163.0
173.0
176.0
171.0
173.0
165.0
163.0
161.0
414.0
157.0
441.0
146.0
417.0
415.0
475.0
434.0
455.0
371.0
438.0
390.0
400.0
165.0
149.0
161.0
168.0
131.0
172.0
155.0
169.0
152.0
180.0
183.0
130.0
170.0
364.0
166.0
151.0
150.0
175.0
148.0
138.0
143.0
130.0
142.0
166.0
175.0
168.0
131.0
473.0
148.0
143.0
139.0
148.0
167.0
160.0
166.0
158.0
472.0
170.0
177.0
150.0
153.0
162.0
162.0
137.0
140.0
138.0
131.0
165.0
145.0
167.0
161.0
157.0
150.0
165.0
461.0
171.0
166.0
406.0
130.0
141.0
139.0
176.0
143.0
161.0
145.0
162.0
167.0
373.0
138.0
171.0
142.0
157.0
142.0
170.0
163.0
148.0
164.0
143.0
144.0
167.0
145.0
162.0
167.0
151.0
136.0
443.0
154.0
174.0
154.0
132.0
154.0
172.0
137.0
140.0
169.0
439.0
172.0
466.0
165.0
434.0
434.0
413.0
410.0
407.0
410.0
434.0
391.0
398.0
152.0
166.0
149.0
170.0
157.0
144.0
164.0
148.0
161.0
188.0
187.0
142.0
161.0
366.0
174.0
165.0
143.0
150.0
171.0
158.0
140.0
166.0
167.0
156.0
163.0
137.0
139.0
453.0
134.0
173.0
160.0
177.0
172.0
136.0
144.0
176.0
414.0
136.0
131.0
171.0
164.0
155.0
154.0
167.0
144.0
136.0
175.0
135.0
171.0
144.0
130.0
160.0
119.0
144.0
372.0
153.0
161.0
480.0
148.0
170.0
145.0
138.0
138.0
170.0
159.0
144.0
174.0
399.0
138.0
164.0
163.0
170.0
162.0
177.0
169.0
149.0
136.0
152.0
154.0
135.0
148.0
134.0
141.0
128.0
164.0
418.0
164.0
165.0
160.0
152.0
145.0
164.0
154.0
173.0
163.0
445.0
150.0
372.0
136.0
422.0
411.0
384.0
386.0
449.0
365.0
395.0
406.0
415.0
143.0
165.0
161.0
130.0
148.0
140.0
174.0
174.0
162.0
202.0
191.0
147.0
171.0
422.0
173.0
145.0
153.0
158.0
160.0
175.0
134.0
152.0
154.0
135.0
141.0
152.0
138.0
469.0
140.0
145.0
168.0
169.0
141.0
165.0
150.0
162.0
414.0
151.0
166.0
166.0
168.0
159.0
163.0
141.0
156.0
153.0
156.0
136.0
148.0
171.0
172.0
167.0
127.0
140.0
428.0
140.0
172.0
368.0
159.0
153.0
162.0
154.0
131.0
176.0
168.0
161.0
168.0
368.0
169.0
154.0
155.0
159.0
155.0
130.0
134.0
161.0
166.0
161.0
133.0
157.0
159.0
133.0
167.0
143.0
172.0
373.0
131.0
154.0
137.0
175.0
156.0
174.0
160.0
169.0
157.0
459.0
175.0
432.0
160.0
407.0
489.0
410.0
376.0
441.0
363.0
426.0
468.0
454.0
147.0
174.0
157.0
145.0
164.0
157.0
171.0
164.0
175.0
170.0
187.0
169.0
152.0
428.0
131.0
170.0
131.0
145.0
168.0
174.0
167.0
161.0
153.0
162.0
162.0
160.0
147.0
450.0
174.0
166.0
141.0
154.0
170.0
157.0
147.0
168.0
400.0
141.0
175.0
170.0
156.0
133.0
142.0
159.0
166.0
153.0
177.0
167.0
151.0
155.0
164.0
174.0
125.0
131.0
440.0
147.0
156.0
375.0
134.0
134.0
154.0
146.0
138.0
173.0
149.0
155.0
172.0
435.0
169.0
164.0
174.0
148.0
144.0
166.0
140.0
145.0
151.0
163.0
142.0
158.0
132.0
174.0
174.0
144.0
158.0
450.0
163.0
145.0
161.0
174.0
168.0
167.0
144.0
174.0
162.0
447.0
159.0
473.0
159.0
446.0
463.0
365.0
453.0
476.0
393.0
432.0
366.0
453.0
140.0
144.0
149.0
166.0
149.0
140.0
152.0
174.0
147.0
155.0
157.0
155.0
152.0
400.0
166.0
165.0
135.0
166.0
176.0
168.0
153.0
131.0
173.0
131.0
141.0
166.0
131.0
428.0
165.0
157.0
148.0
144.0
132.0
141.0
156.0
173.0
421.0
169.0
166.0
144.0
136.0
158.0
145.0
149.0
168.0
157.0
170.0
153.0
132.0
133.0
149.0
145.0
127.0
154.0
491.0
134.0
133.0
451.0
157.0
163.0
155.0
160.0
132.0
173.0
132.0
160.0
153.0
377.0
147.0
145.0
156.0
173.0
131.0
175.0
145.0
137.0
166.0
174.0
149.0
147.0
140.0
151.0
146.0
124.0
170.0
376.0
167.0
171.0
163.0
176.0
164.0
150.0
155.0
147.0
164.0
482.0
147.0
389.0
147.0
407.0
434.0
466.0
459.0
397.0
457.0
429.0
383.0
398.0
154.0
161.0
141.0
134.0
167.0
145.0
131.0
153.0
154.0
165.0
204.0
158.0
176.0
463.0
150.0
156.0
163.0
165.0
177.0
159.0
136.0
160.0
163.0
172.0
149.0
138.0
145.0
452.0
144.0
162.0
174.0
173.0
145.0
152.0
151.0
131.0
470.0
144.0
154.0
156.0
134.0
154.0
156.0
133.0
140.0
152.0
141.0
146.0
132.0
151.0
142.0
168.0
126.0
132.0
412.0
166.0
148.0
471.0
147.0
165.0
140.0
151.0
169.0
143.0
149.0
136.0
149.0
452.0
139.0
158.0
157.0
160.0
139.0
134.0
144.0
131.0
177.0
138.0
137.0
167.0
152.0
144.0
156.0
115.0
166.0
412.0
145.0
132.0
167.0
166.0
165.0
164.0
137.0
163.0
172.0
369.0
169.0
449.0
158.0
371.0
436.0
421.0
448.0
454.0
403.0
363.0
376.0
440.0
133.0
137.0
153.0
134.0
163.0
162.0
154.0
141.0
168.0
193.0
186.0
149.0
162.0
389.0
141.0
174.0
175.0
158.0
175.0
165.0
151.0
170.0
155.0
136.0
135.0
152.0
161.0
479.0
159.0
163.0
141.0
160.0
146.0
136.0
170.0
176.0
386.0
173.0
144.0
163.0
154.0
172.0
144.0
149.0
172.0
170.0
145.0
139.0
156.0
134.0
158.0
140.0
142.0
160.0
455.0
136.0
162.0
384.0
130.0
130.0
176.0
145.0
135.0
142.0
163.0
167.0
176.0
393.0
175.0
160.0
152.0
173.0
150.0
159.0
146.0
172.0
168.0
151.0
133.0
139.0
167.0
139.0
176.0
151.0
172.0
431.0
151.0
134.0
152.0
140.0
149.0
173.0
169.0
138.0
141.0
376.0
130.0
379.0
164.0
489.0
451.0
400.0
474.0
470.0
418.0
383.0
424.0
435.0
146.0
177.0
137.0
173.0
150.0
153.0
169.0
159.0
149.0
205.0
200.0
137.0
132.0
489.0
170.0
172.0
132.0
138.0
135.0
169.0
171.0
172.0
172.0
134.0
146.0
151.0
154.0
381.0
165.0
156.0
135.0
136.0
169.0
146.0
159.0
131.0
364.0
153.0
142.0
140.0
144.0
165.0
164.0
131.0
143.0
167.0
151.0
133.0
171.0
138.0
135.0
154.0
141.0
130.0
382.0
166.0
147.0
400.0
162.0
171.0
168.0
134.0
145.0
176.0
174.0
152.0
173.0
405.0
165.0
134.0
167.0
169.0
170.0
154.0
148.0
146.0
136.0
154.0
150.0
168.0
170.0
147.0
151.0
151.0
155.0
479.0
130.0
163.0
149.0
173.0
156.0
163.0
138.0
166.0
163.0
416.0
153.0
484.0
164.0
375.0
419.0
478.0
372.0
460.0
433.0
367.0
449.0
383.0
163.0
169.0
174.0
139.0
162.0
167.0
130.0
146.0
173.0
204.0
187.0
161.0
141.0
480.0
144.0
146.0
148.0
156.0
141.0
132.0
157.0
143.0
172.0
156.0
148.0
160.0
131.0
492.0
176.0
160.0
166.0
140.0
131.0
162.0
131.0
146.0
385.0
159.0
146.0
142.0
172.0
173.0
168.0
167.0
166.0
152.0
173.0
177.0
176.0
176.0
140.0
146.0
120.0
152.0
405.0
142.0
146.0
462.0
156.0
164.0
166.0
163.0
140.0
154.0
131.0
163.0
156.0
474.0
135.0
162.0
151.0
154.0
169.0
147.0
169.0
136.0
168.0
139.0
136.0
164.0
142.0
147.0
141.0
149.0
149.0
396.0
173.0
150.0
144.0
154.0
155.0
160.0
152.0
177.0
163.0
436.0
149.0
438.0
177.0
384.0
390.0
458.0
468.0
388.0
413.0
364.0
416.0
478.0
135.0
138.0
148.0
172.0
144.0
146.0
130.0
175.0
132.0
183.0
176.0
152.0
154.0
445.0
165.0
147.0
151.0
131.0
134.0
172.0
159.0
151.0
153.0
134.0
175.0
175.0
139.0
406.0
147.0
135.0
156.0
172.0
137.0
152.0
158.0
155.0
475.0
141.0
141.0
159.0
165.0
174.0
150.0
147.0
147.0
157.0
163.0
171.0
169.0
159.0
137.0
150.0
137.0
150.0
446.0
132.0
157.0
418.0
162.0
137.0
162.0
176.0
155.0
135.0
137.0
161.0
140.0
469.0
137.0
151.0
162.0
155.0
167.0
174.0
137.0
175.0
142.0
132.0
158.0
170.0
146.0
135.0
162.0
147.0
176.0
470.0
152.0
159.0
174.0
144.0
151.0
156.0
140.0
143.0
164.0
481.0
171.0
374.0
132.0
409.0
492.0
477.0
475.0
369.0
371.0
442.0
424.0
427.0
154.0
145.0
142.0
138.0
145.0
175.0
140.0
139.0
158.0
190.0
170.0
170.0
147.0
427.0
163.0
151.0
164.0
153.0
158.0
151.0
161.0
144.0
137.0
164.0
149.0
145.0
135.0
464.0
172.0
163.0
162.0
176.0
144.0
161.0
175.0
143.0
434.0
176.0
134.0
171.0
165.0
139.0
164.0
165.0
162.0
170.0
161.0
143.0
167.0
143.0
152.0
143.0
118.0
154.0
468.0
166.0
168.0
480.0
152.0
173.0
131.0
145.0
158.0
157.0
157.0
165.0
148.0
438.0
134.0
169.0
141.0
153.0
171.0
130.0
149.0
157.0
131.0
163.0
148.0
145.0
162.0
175.0
160.0
133.0
151.0
494.0
146.0
135.0
165.0
150.0
154.0
162.0
152.0
137.0
143.0
366.0
173.0
379.0
156.0
468.0
414.0
424.0
381.0
366.0
442.0
458.0
369.0
411.0
167.0
141.0
162.0
135.0
142.0
170.0
131.0
151.0
165.0
175.0
159.0
151.0
171.0
478.0
143.0
167.0
152.0
174.0
131.0
132.0
151.0
154.0
161.0
154.0
177.0
150.0
165.0
398.0
158.0
141.0
144.0
142.0
153.0
171.0
133.0
171.0
484.0
163.0
145.0
164.0
150.0
146.0
149.0
131.0
168.0
163.0
142.0
162.0
145.0
170.0
143.0
166.0
145.0
141.0
364.0
152.0
157.0
410.0
147.0
143.0
150.0
139.0
162.0
175.0
165.0
160.0
160.0
489.0
153.0
134.0
166.0
177.0
172.0
155.0
141.0
133.0
134.0
145.0
139.0
134.0
148.0
176.0
154.0
113.0
130.0
459.0
176.0
175.0
165.0
145.0
155.0
165.0
155.0
148.0
150.0
375.0
134.0
460.0
175.0
386.0
376.0
468.0
365.0
380.0
429.0
430.0
419.0
370.0
132.0
154.0
134.0
150.0
173.0
158.0
136.0
175.0
142.0
197.0
200.0
146.0
132.0
402.0
176.0
148.0
137.0
136.0
151.0
160.0
176.0
164.0
130.0
141.0
136.0
145.0
139.0
462.0
151.0
167.0
147.0
144.0
163.0
164.0
176.0
136.0
491.0
166.0
148.0
142.0
133.0
138.0
165.0
145.0
169.0
153.0
154.0
149.0
135.0
163.0
140.0
146.0
136.0
135.0
372.0
137.0
134.0
383.0
162.0
156.0
161.0
147.0
175.0
143.0
165.0
160.0
175.0
370.0
148.0
154.0
145.0
159.0
175.0
165.0
154.0
151.0
135.0
168.0
173.0
170.0
170.0
163.0
161.0
115.0
169.0
450.0
160.0
163.0
156.0
143.0
132.0
167.0
167.0
137.0
159.0
489.0
147.0
420.0
133.0
494.0
443.0
414.0
443.0
383.0
428.0
382.0
452.0
428.0
157.0
141.0
171.0
133.0
143.0
157.0
135.0
146.0
138.0
197.0
168.0
163.0
131.0
429.0
175.0
156.0
175.0
146.0
130.0
146.0
137.0
145.0
135.0
175.0
158.0
171.0
153.0
471.0
136.0
130.0
144.0
168.0
146.0
143.0
170.0
130.0
457.0
169.0
137.0
157.0
158.0
135.0
160.0
157.0
171.0
175.0
134.0
146.0
169.0
168.0
135.0
167.0
113.0
169.0
458.0
161.0
169.0
453.0
162.0
168.0
135.0
154.0
173.0
169.0
132.0
144.0
130.0
465.0
163.0
159.0
158.0
158.0
152.0
158.0
142.0
158.0
141.0
148.0
133.0
147.0
150.0
155.0
131.0
129.0
142.0
398.0
134.0
173.0
132.0
143.0
143.0
172.0
151.0
160.0
149.0
415.0
158.0
492.0
135.0
485.0
368.0
370.0
404.0
363.0
424.0
396.0
433.0
420.0
175.0
162.0
145.0
175.0
133.0
131.0
174.0
159.0
135.0
