15 6 108
32796.5
33800.5
30664.5
30808.5
33432.5
35511.5
30314.5
32307.5
34112.5
34058.5
35231.5
33174.5
28867.5
29831.5
32638.5
0.07797772998316893
0.05540972159298347
0.07462618645068039
0.06472677029903624
0.06775174109999746
0.05830477235693224
0.07152804998726618
0.05389596342074792
0.07955870205932587
0.053430418504071264
0.07430211555415475
0.05777678225026646
0.07157688482959253
0.05918766740925255
0.07994649420252364
119.0
111.0
112.0
113.0
129.0
124.0
2557.0
22.0
1261.0
1300.0
67.0
529.0
509.0
1343.0
33.0
549.0
111.0
177.0
44.0
351.0
266.0
365.0
57.0
303.0
548.0
272.0
76.0
248.0
78.0
280.0
29.0
369.0
172.0
836.0
1364.0
587.0
352.0
1191.0
294.0
159.0
793.0
5088.0
5542.0
118.0
167.0
330.0
48.0
28.0
191.0
223.0
181.0
518.0
339.0
79.0
62.0
26.0
125.0
33.0
20.0
175.0
859.0
52.0
126.0
66.0
44.0
157.0
154.0
70.0
163.0
142.0
795.0
35.0
19.0
25.0
32.0
8.0
71.0
257.0
113.0
72.0
86.0
59.0
41.0
82.0
151.0
47.0
27.0
53.0
152.0
167.0
111.0
84.0
138.0
47.0
66.0
1521.0
57.0
59.0
69.0
24.0
163.0
281.0
32.0
268.0
124.0
248.0
81.0
132.0
792.0
225.0
67.0
1188.0
132.0
121.0
69.0
93.0
117.0
19.0
261.0
202.0
514.0
1252.0
35.0
514.0
112.0
175.0
48.0
349.0
255.0
370.0
55.0
317.0
520.0
272.0
72.0
240.0
76.0
290.0
29.0
343.0
161.0
844.0
1266.0
560.0
345.0
1197.0
296.0
150.0
808.0
5074.0
5970.0
122.0
158.0
312.0
50.0
29.0
192.0
225.0
193.0
520.0
364.0
74.0
65.0
26.0
121.0
33.0
19.0
175.0
844.0
49.0
121.0
62.0
44.0
155.0
154.0
70.0
157.0
141.0
758.0
37.0
21.0
26.0
31.0
8.0
73.0
277.0
105.0
72.0
87.0
57.0
39.0
81.0
147.0
45.0
27.0
57.0
148.0
166.0
111.0
82.0
139.0
46.0
61.0
1576.0
58.0
55.0
69.0
24.0
166.0
287.0
30.0
260.0
119.0
253.0
78.0
141.0
821.0
221.0
67.0
1248.0
124.0
126.0
69.0
86.0
110.0
20.0
272.0
194.0
511.0
1323.0
35.0
510.0
116.0
187.0
48.0
348.0
258.0
366.0
57.0
299.0
545.0
273.0
76.0
231.0
78.0
278.0
29.0
369.0
163.0
825.0
1309.0
570.0
354.0
1180.0
285.0
148.0
802.0
5165.0
5808.0
128.0
170.0
330.0
49.0
29.0
181.0
211.0
186.0
531.0
371.0
75.0
66.0
27.0
120.0
31.0
18.0
172.0
845.0
53.0
129.0
65.0
42.0
155.0
147.0
70.0
157.0
144.0
775.0
38.0
19.0
26.0
31.0
8.0
69.0
262.0
110.0
68.0
89.0
56.0
38.0
83.0
149.0
48.0
26.0
54.0
157.0
171.0
103.0
85.0
137.0
45.0
66.0
1522.0
55.0
57.0
65.0
26.0
158.0
283.0
32.0
267.0
118.0
241.0
82.0
129.0
758.0
209.0
71.0
1239.0
126.0
116.0
68.0
88.0
116.0
19.0
254.0
193.0
483.0
1219.0
34.0
515.0
115.0
174.0
48.0
337.0
257.0
395.0
60.0
310.0
511.0
282.0
71.0
241.0
75.0
298.0
28.0
348.0
159.0
843.0
1363.0
581.0
349.0
1184.0
288.0
148.0
819.0
5050.0
5945.0
121.0
161.0
324.0
49.0
28.0
189.0
209.0
187.0
493.0
349.0
72.0
67.0
26.0
117.0
31.0
19.0
176.0
847.0
49.0
130.0
64.0
42.0
155.0
151.0
74.0
152.0
145.0
728.0
36.0
20.0
24.0
30.0
8.0
74.0
273.0
103.0
70.0
86.0
55.0
40.0
89.0
143.0
47.0
27.0
55.0
149.0
169.0
110.0
80.0
128.0
48.0
65.0
1593.0
57.0
55.0
69.0
25.0
160.0
299.0
31.0
269.0
130.0
251.0
76.0
141.0
796.0
212.0
70.0
1228.0
128.0
118.0
66.0
93.0
116.0
20.0
260.0
195.0
492.0
1280.0
33.0
527.0
114.0
182.0
44.0
327.0
259.0
381.0
59.0
318.0
524.0
280.0
72.0
254.0
77.0
296.0
28.0
356.0
173.0
771.0
1277.0
545.0
337.0
1087.0
285.0
149.0
828.0
5000.0
5469.0
127.0
157.0
311.0
47.0
29.0
181.0
217.0
177.0
494.0
371.0
73.0
62.0
25.0
120.0
32.0
18.0
179.0
859.0
50.0
123.0
62.0
42.0
159.0
147.0
74.0
152.0
148.0
765.0
35.0
20.0
24.0
30.0
8.0
76.0
254.0
106.0
70.0
82.0
55.0
40.0
84.0
153.0
45.0
26.0
53.0
149.0
175.0
105.0
85.0
139.0
45.0
65.0
1569.0
55.0
56.0
71.0
25.0
160.0
291.0
31.0
272.0
123.0
244.0
79.0
139.0
795.0
225.0
66.0
1213.0
124.0
117.0
69.0
90.0
116.0
19.0
263.0
196.0
472.0
1292.0
35.0
511.0
119.0
178.0
44.0
341.0
255.0
364.0
61.0
302.0
522.0
285.0
70.0
236.0
78.0
288.0
27.0
360.0
157.0
816.0
1317.0
552.0
331.0
1110.0
293.0
153.0
796.0
5109.0
5747.0
121.0
173.0
319.0
49.0
27.0
191.0
214.0
183.0
491.0
342.0
79.0
67.0
27.0
121.0
33.0
18.0
168.0
884.0
48.0
120.0
63.0
44.0
165.0
141.0
75.0
159.0
146.0
784.0
36.0
19.0
26.0
30.0
8.0
73.0
256.0
106.0
74.0
87.0
56.0
39.0
84.0
147.0
49.0
27.0
58.0
163.0
170.0
103.0
85.0
135.0
44.0
65.0
1641.0
56.0
58.0
69.0
26.0
151.0
288.0
32.0
262.0
128.0
256.0
78.0
140.0
818.0
205.0
71.0
1224.0
130.0
116.0
73.0
91.0
120.0
19.0
267.0
198.0
516.0
1336.0
35.0
510.0
111.0
187.0
48.0
342.0
270.0
398.0
56.0
317.0
525.0
287.0
75.0
238.0
79.0
302.0
27.0
372.0
167.0
833.0
1341.0
548.0
361.0
1136.0
288.0
149.0
799.0
5477.0
5780.0
124.0
169.0
313.0
51.0
27.0
190.0
204.0
187.0
525.0
354.0
74.0
64.0
27.0
120.0
33.0
20.0
164.0
835.0
53.0
126.0
61.0
43.0
159.0
146.0
76.0
160.0
141.0
732.0
38.0
21.0
25.0
31.0
8.0
69.0
267.0
106.0
70.0
88.0
57.0
40.0
84.0
144.0
47.0
26.0
57.0
150.0
168.0
105.0
84.0
138.0
44.0
63.0
1559.0
59.0
59.0
65.0
24.0
151.0
292.0
31.0
275.0
120.0
243.0
75.0
131.0
752.0
225.0
68.0
1220.0
121.0
117.0
69.0
94.0
119.0
19.0
258.0
204.0
475.0
1236.0
36.0
518.0
112.0
185.0
45.0
329.0
265.0
366.0
57.0
311.0
546.0
274.0
69.0
246.0
74.0
300.0
28.0
351.0
166.0
807.0
1370.0
575.0
332.0
1110.0
292.0
158.0
849.0
4995.0
5581.0
121.0
167.0
318.0
48.0
27.0
176.0
205.0
196.0
489.0
349.0
78.0
67.0
26.0
125.0
33.0
20.0
170.0
869.0
50.0
125.0
64.0
44.0
156.0
143.0
76.0
160.0
150.0
796.0
35.0
21.0
26.0
31.0
8.0
73.0
253.0
105.0
74.0
87.0
58.0
38.0
87.0
140.0
49.0
27.0
53.0
163.0
160.0
110.0
82.0
136.0
46.0
65.0
1630.0
55.0
58.0
69.0
26.0
151.0
293.0
32.0
283.0
118.0
244.0
81.0
128.0
815.0
205.0
66.0
1200.0
125.0
119.0
70.0
94.0
112.0
19.0
250.0
191.0
490.0
1290.0
33.0
518.0
114.0
193.0
48.0
351.0
266.0
365.0
58.0
319.0
509.0
271.0
72.0
252.0
76.0
288.0
28.0
369.0
160.0
773.0
1389.0
601.0
329.0
1111.0
280.0
155.0
824.0
5353.0
5439.0
118.0
169.0
315.0
51.0
27.0
188.0
216.0
196.0
527.0
357.0
77.0
67.0
25.0
126.0
31.0
19.0
176.0
888.0
50.0
130.0
66.0
42.0
164.0
151.0
73.0
167.0
149.0
744.0
36.0
20.0
25.0
29.0
8.0
73.0
266.0
113.0
71.0
89.0
59.0
41.0
88.0
151.0
45.0
26.0
53.0
150.0
165.0
106.0
81.0
133.0
48.0
65.0
1648.0
59.0
57.0
65.0
25.0
160.0
287.0
33.0
266.0
121.0
250.0
79.0
128.0
778.0
217.0
65.0
1251.0
129.0
121.0
67.0
93.0
121.0
20.0
255.0
188.0
468.0
1314.0
34.0
535.0
119.0
193.0
48.0
347.0
270.0
376.0
59.0
315.0
522.0
275.0
76.0
248.0
82.0
274.0
29.0
343.0
159.0
832.0
1306.0
581.0
353.0
1159.0
283.0
158.0
867.0
5491.0
6016.0
122.0
168.0
327.0
51.0
29.0
177.0
224.0
194.0
499.0
338.0
72.0
65.0
25.0
121.0
31.0
18.0
175.0
904.0
51.0
128.0
66.0
42.0
157.0
144.0
70.0
156.0
138.0
738.0
37.0
21.0
25.0
30.0
8.0
73.0
277.0
103.0
73.0
87.0
58.0
40.0
86.0
150.0
45.0
26.0
56.0
149.0
166.0
104.0
87.0
135.0
45.0
61.0
1592.0
59.0
58.0
65.0
25.0
158.0
283.0
33.0
285.0
122.0
256.0
83.0
135.0
806.0
222.0
70.0
1224.0
128.0
120.0
73.0
88.0
120.0
20.0
259.0
205.0
502.0
1261.0
33.0
516.0
118.0
178.0
44.0
333.0
251.0
369.0
58.0
296.0
539.0
271.0
71.0
253.0
75.0
283.0
29.0
369.0
165.0
834.0
1344.0
553.0
355.0
1088.0
298.0
147.0
807.0
5002.0
5916.0
120.0
171.0
309.0
51.0
28.0
190.0
211.0
179.0
530.0
359.0
79.0
62.0
27.0
119.0
31.0
20.0
171.0
866.0
52.0
120.0
62.0
44.0
164.0
153.0
71.0
158.0
152.0
726.0
37.0
20.0
25.0
31.0
8.0
76.0
251.0
103.0
67.0
91.0
58.0
40.0
82.0
153.0
47.0
25.0
56.0
154.0
162.0
101.0
84.0
126.0
45.0
65.0
1599.0
54.0
59.0
68.0
26.0
167.0
290.0
33.0
275.0
122.0
244.0
76.0
132.0
792.0
209.0
70.0
1247.0
129.0
123.0
70.0
86.0
113.0
20.0
258.0
191.0
492.0
1337.0
35.0
526.0
114.0
184.0
48.0
347.0
255.0
364.0
61.0
291.0
507.0
281.0
70.0
239.0
76.0
292.0
27.0
352.0
162.0
767.0
1354.0
544.0
342.0
1195.0
290.0
156.0
791.0
5292.0
5596.0
121.0
170.0
328.0
47.0
28.0
187.0
221.0
180.0
522.0
356.0
78.0
62.0
25.0
128.0
32.0
19.0
173.0
889.0
53.0
121.0
66.0
46.0
157.0
142.0
71.0
155.0
151.0
733.0
35.0
21.0
25.0
32.0
8.0
72.0
274.0
109.0
67.0
85.0
57.0
40.0
83.0
143.0
47.0
25.0
58.0
150.0
161.0
111.0
79.0
131.0
46.0
64.0
1606.0
58.0
55.0
67.0
26.0
157.0
281.0
31.0
287.0
128.0
258.0
77.0
138.0
799.0
213.0
66.0
1288.0
128.0
125.0
70.0
91.0
116.0
20.0
267.0
191.0
475.0
1293.0
36.0
508.0
109.0
179.0
45.0
343.0
244.0
362.0
60.0
309.0
559.0
280.0
73.0
247.0
79.0
292.0
28.0
340.0
166.0
799.0
1344.0
599.0
349.0
1187.0
300.0
152.0
836.0
5189.0
5496.0
129.0
157.0
318.0
49.0
27.0
182.0
224.0
194.0
507.0
370.0
72.0
65.0
27.0
126.0
31.0
19.0
164.0
895.0
52.0
123.0
64.0
42.0
157.0
150.0
75.0
158.0
139.0
777.0
35.0
21.0
25.0
31.0
8.0
72.0
257.0
110.0
71.0
84.0
54.0
41.0
82.0
141.0
47.0
25.0
54.0
160.0
165.0
108.0
82.0
136.0
44.0
62.0
1609.0
56.0
58.0
66.0
25.0
157.0
270.0
32.0
283.0
124.0
243.0
82.0
139.0
782.0
218.0
71.0
1161.0
124.0
116.0
73.0
86.0
117.0
20.0
254.0
204.0
503.0
1341.0
33.0
539.0
120.0
180.0
45.0
326.0
252.0
396.0
59.0
298.0
550.0
288.0
69.0
235.0
76.0
291.0
28.0
364.0
158.0
771.0
1360.0
565.0
345.0
1197.0
278.0
154.0
834.0
5488.0
5748.0
127.0
170.0
322.0
49.0
27.0
185.0
226.0
182.0
493.0
356.0
76.0
65.0
27.0
128.0
31.0
20.0
172.0
816.0
50.0
124.0
62.0
45.0
163.0
152.0
69.0
156.0
150.0
764.0
37.0
21.0
26.0
31.0
8.0
75.0
255.0
104.0
70.0
83.0
58.0
41.0
85.0
148.0
47.0
27.0
58.0
151.0
170.0
108.0
80.0
128.0
47.0
62.0
1504.0
54.0
58.0
67.0
24.0
163.0
292.0
30.0
271.0
124.0
243.0
77.0
131.0
820.0
205.0
71.0
1204.0
134.0
125.0
69.0
94.0
115.0
19.0
248.0
196.0
474.0
1331.0
33.0
540.0
117.0
188.0
46.0
348.0
248.0
377.0
56.0
295.0
517.0
278.0
71.0
247.0
77.0
276.0
29.0
374.0
173.0
839.0
1280.0
566.0
349.0
1118.0
295.0
152.0
876.0
5039.0
5913.0
129.0
170.0
308.0
51.0
27.0
189.0
212.0
184.0
490.0
368.0
73.0
61.0
26.0
123.0
33.0
19.0
168.0
878.0
50.0
121.0
63.0
46.0
153.0
144.0
74.0
168.0
146.0
747.0
37.0
21.0
26.0
30.0
8.0
76.0
266.0
110.0
73.0
91.0
56.0
38.0
84.0
148.0
45.0
27.0
56.0
148.0
169.0
111.0
87.0
137.0
45.0
64.0
1538.0
59.0
58.0
66.0
24.0
166.0
271.0
32.0
282.0
119.0
256.0
81.0
133.0
817.0
207.0
64.0
1195.0
127.0
124.0
70.0
87.0
110.0
19.0
252.0
203.0
184.0
186.0
165.0
165.0
483.0
166.0
159.0
136.0
173.0
159.0
141.0
131.0
173.0
156.0
169.0
137.0
148.0
160.0
490.0
160.0
162.0
136.0
136.0
147.0
148.0
139.0
166.0
470.0
164.0
145.0
140.0
167.0
177.0
166.0
133.0
168.0
163.0
177.0
134.0
138.0
176.0
133.0
131.0
131.0
152.0
413.0
137.0
160.0
441.0
138.0
174.0
149.0
136.0
162.0
160.0
175.0
148.0
132.0
408.0
133.0
144.0
137.0
176.0
135.0
156.0
130.0
144.0
155.0
140.0
153.0
161.0
166.0
155.0
153.0
129.0
131.0
390.0
165.0
132.0
166.0
173.0
170.0
139.0
143.0
130.0
149.0
447.0
160.0
458.0
145.0
456.0
457.0
408.0
394.0
400.0
395.0
368.0
393.0
491.0
136.0
149.0
132.0
170.0
140.0
173.0
141.0
162.0
155.0
190.0
170.0
172.0
159.0
445.0
163.0
144.0
148.0
152.0
171.0
164.0
157.0
144.0
146.0
168.0
175.0
174.0
136.0
429.0
169.0
170.0
169.0
158.0
134.0
169.0
162.0
160.0
416.0
138.0
169.0
145.0
133.0
159.0
144.0
148.0
148.0
171.0
165.0
156.0
130.0
153.0
143.0
163.0
127.0
176.0
376.0
158.0
139.0
435.0
145.0
133.0
153.0
152.0
161.0
133.0
177.0
174.0
156.0
492.0
165.0
159.0
176.0
156.0
169.0
147.0
139.0
132.0
137.0
133.0
171.0
143.0
155.0
142.0
154.0
150.0
139.0
363.0
141.0
151.0
171.0
152.0
138.0
173.0
169.0
170.0
170.0
493.0
154.0
454.0
173.0
375.0
368.0
494.0
421.0
466.0
365.0
389.0
479.0
436.0
176.0
143.0
164.0
142.0
146.0
153.0
173.0
172.0
153.0
171.0
201.0
158.0
151.0
384.0
164.0
167.0
142.0
166.0
169.0
140.0
141.0
166.0
130.0
175.0
148.0
135.0
174.0
481.0
166.0
171.0
148.0
136.0
159.0
161.0
162.0
139.0
461.0
174.0
144.0
150.0
177.0
139.0
157.0
151.0
139.0
162.0
165.0
167.0
174.0
147.0
135.0
135.0
136.0
133.0
486.0
162.0
136.0
381.0
133.0
164.0
131.0
171.0
171.0
131.0
159.0
170.0
162.0
371.0
168.0
167.0
168.0
142.0
158.0
143.0
137.0
135.0
141.0
134.0
154.0
160.0
162.0
148.0
143.0
116.0
169.0
380.0
157.0
174.0
164.0
130.0
139.0
151.0
154.0
175.0
154.0
476.0
131.0
411.0
137.0
433.0
406.0
492.0
469.0
401.0
402.0
411.0
461.0
454.0
146.0
173.0
167.0
141.0
171.0
162.0
172.0
130.0
168.0
177.0
180.0
143.0
161.0
477.0
147.0
176.0
156.0
151.0
147.0
133.0
153.0
131.0
176.0
147.0
166.0
164.0
168.0
385.0
132.0
157.0
156.0
166.0
172.0
150.0
164.0
173.0
400.0
161.0
146.0
147.0
176.0
130.0
174.0
163.0
146.0
151.0
138.0
149.0
132.0
164.0
147.0
144.0
152.0
145.0
407.0
170.0
132.0
473.0
148.0
155.0
164.0
171.0
171.0
167.0
166.0
138.0
164.0
483.0
137.0
155.0
168.0
131.0
142.0
157.0
154.0
171.0
132.0
153.0
168.0
147.0
145.0
158.0
137.0
143.0
172.0
482.0
158.0
137.0
156.0
137.0
134.0
153.0
176.0
147.0
171.0
419.0
142.0
405.0
147.0
475.0
482.0
484.0
377.0
413.0
491.0
383.0
411.0
457.0
167.0
137.0
166.0
152.0
136.0
163.0
177.0
167.0
164.0
201.0
168.0
168.0
132.0
491.0
143.0
131.0
136.0
169.0
160.0
133.0
175.0
134.0
148.0
130.0
139.0
134.0
162.0
479.0
165.0
149.0
172.0
160.0
141.0
149.0
171.0
163.0
421.0
173.0
164.0
177.0
141.0
144.0
175.0
130.0
152.0
149.0
136.0
150.0
139.0
132.0
130.0
136.0
141.0
136.0
419.0
168.0
166.0
420.0
150.0
149.0
147.0
133.0
165.0
135.0
160.0
150.0
138.0
470.0
148.0
166.0
159.0
174.0
135.0
155.0
133.0
137.0
174.0
170.0
154.0
160.0
159.0
141.0
152.0
135.0
155.0
485.0
134.0
141.0
145.0
173.0
160.0
160.0
167.0
141.0
163.0
482.0
162.0
368.0
169.0
461.0
394.0
473.0
405.0
409.0
369.0
454.0
364.0
377.0
161.0
146.0
169.0
161.0
144.0
149.0
133.0
140.0
145.0
167.0
196.0
138.0
152.0
416.0
173.0
155.0
171.0
176.0
156.0
161.0
150.0
135.0
132.0
132.0
139.0
138.0
163.0
448.0
157.0
131.0
169.0
165.0
166.0
176.0
176.0
133.0
424.0
169.0
146.0
136.0
133.0
157.0
160.0
170.0
160.0
135.0
133.0
163.0
154.0
157.0
132.0
137.0
122.0
174.0
485.0
141.0
148.0
453.0
169.0
143.0
176.0
144.0
142.0
141.0
142.0
144.0
144.0
395.0
158.0
152.0
141.0
137.0
154.0
145.0
147.0
144.0
175.0
176.0
177.0
166.0
146.0
174.0
167.0
145.0
164.0
447.0
150.0
142.0
163.0
156.0
170.0
136.0
140.0
141.0
160.0
434.0
174.0
466.0
148.0
489.0
399.0
397.0
488.0
390.0
393.0
433.0
394.0
451.0
138.0
135.0
160.0
170.0
167.0
136.0
136.0
132.0
150.0
188.0
166.0
172.0
169.0
451.0
172.0
176.0
167.0
175.0
165.0
166.0
143.0
136.0
132.0
160.0
137.0
160.0
172.0
458.0
148.0
131.0
175.0
162.0
156.0
140.0
169.0
173.0
473.0
162.0
134.0
162.0
130.0
177.0
165.0
133.0
175.0
175.0
175.0
170.0
163.0
144.0
163.0
158.0
126.0
167.0
398.0
171.0
170.0
482.0
158.0
132.0
166.0
176.0
157.0
130.0
167.0
172.0
142.0
386.0
135.0
176.0
141.0
148.0
131.0
169.0
169.0
149.0
170.0
171.0
170.0
151.0
146.0
144.0
175.0
139.0
164.0
391.0
175.0
165.0
167.0
159.0
156.0
171.0
157.0
139.0
148.0
460.0
174.0
385.0
146.0
440.0
440.0
460.0
448.0
366.0
473.0
462.0
473.0
431.0
162.0
166.0
133.0
156.0
147.0
154.0
136.0
132.0
146.0
177.0
153.0
143.0
140.0
364.0
140.0
158.0
150.0
161.0
169.0
164.0
141.0
168.0
137.0
136.0
162.0
147.0
165.0
381.0
153.0
140.0
155.0
151.0
177.0
143.0
164.0
152.0
446.0
155.0
175.0
155.0
152.0
149.0
138.0
169.0
131.0
149.0
170.0
167.0
140.0
168.0
148.0
130.0
117.0
168.0
400.0
145.0
177.0
413.0
142.0
143.0
162.0
131.0
173.0
135.0
154.0
167.0
151.0
406.0
135.0
146.0
136.0
137.0
158.0
144.0
170.0
155.0
162.0
159.0
151.0
155.0
132.0
130.0
156.0
121.0
135.0
453.0
167.0
156.0
147.0
168.0
134.0
151.0
161.0
158.0
138.0
449.0
137.0
459.0
144.0
444.0
461.0
450.0
403.0
432.0
405.0
371.0
387.0
446.0
136.0
147.0
159.0
172.0
133.0
175.0
161.0
131.0
157.0
154.0
158.0
153.0
160.0
446.0
143.0
155.0
133.0
154.0
157.0
171.0
170.0
136.0
159.0
153.0
151.0
152.0
173.0
398.0
143.0
168.0
168.0
174.0
165.0
159.0
155.0
142.0
429.0
132.0
170.0
152.0
171.0
166.0
173.0
156.0
163.0
135.0
169.0
159.0
173.0
169.0
150.0
160.0
132.0
174.0
494.0
141.0
172.0
404.0
135.0
150.0
132.0
134.0
170.0
141.0
137.0
135.0
166.0
469.0
149.0
171.0
172.0
149.0
132.0
163.0
133.0
142.0
144.0
143.0
162.0
155.0
152.0
153.0
171.0
122.0
171.0
414.0
139.0
161.0
156.0
166.0
163.0
169.0
177.0
152.0
166.0
454.0
139.0
451.0
145.0
480.0
456.0
424.0
392.0
483.0
476.0
465.0
430.0
450.0
175.0
143.0
157.0
135.0
135.0
168.0
172.0
176.0
152.0
181.0
153.0
153.0
150.0
472.0
176.0
158.0
144.0
170.0
145.0
139.0
169.0
160.0
149.0
149.0
132.0
172.0
163.0
458.0
161.0
159.0
138.0
163.0
172.0
170.0
176.0
162.0
407.0
166.0
138.0
141.0
156.0
152.0
137.0
166.0
137.0
145.0
164.0
149.0
165.0
169.0
150.0
172.0
112.0
143.0
417.0
143.0
161.0
433.0
161.0
157.0
143.0
169.0
172.0
164.0
176.0
160.0
177.0
429.0
157.0
155.0
132.0
140.0
172.0
175.0
139.0
143.0
167.0
142.0
132.0
130.0
163.0
140.0
135.0
130.0
160.0
392.0
167.0
167.0
147.0
155.0
162.0
161.0
174.0
154.0
142.0
459.0
155.0
450.0
143.0
373.0
384.0
463.0
405.0
389.0
460.0
450.0
433.0
490.0
161.0
147.0
143.0
158.0
176.0
148.0
146.0
157.0
150.0
196.0
205.0
130.0
148.0
389.0
158.0
177.0
137.0
156.0
158.0
174.0
146.0
163.0
173.0
159.0
137.0
133.0
143.0
485.0
167.0
159.0
138.0
145.0
153.0
145.0
175.0
141.0
464.0
159.0
132.0
145.0
170.0
152.0
141.0
140.0
144.0
149.0
146.0
172.0
164.0
134.0
171.0
133.0
132.0
165.0
404.0
150.0
148.0
418.0
153.0
133.0
130.0
161.0
162.0
166.0
133.0
146.0
160.0
388.0
156.0
160.0
173.0
160.0
175.0
145.0
167.0
146.0
175.0
130.0
174.0
142.0
151.0
174.0
152.0
146.0
146.0
402.0
138.0
147.0
138.0
155.0
169.0
158.0
156.0
166.0
138.0
379.0
142.0
421.0
171.0
420.0
489.0
484.0
405.0
443.0
416.0
405.0
409.0
398.0
145.0
142.0
140.0
136.0
142.0
175.0
145.0
146.0
144.0
202.0
171.0
137.0
150.0
399.0
143.0
139.0
165.0
154.0
135.0
174.0
174.0
173.0
135.0
130.0
165.0
136.0
144.0
489.0
143.0
169.0
147.0
145.0
154.0
137.0
130.0
177.0
486.0
152.0
158.0
147.0
172.0
152.0
165.0
170.0
150.0
135.0
172.0
163.0
172.0
154.0
142.0
176.0
146.0
165.0
432.0
148.0
160.0
432.0
149.0
151.0
132.0
176.0
165.0
162.0
153.0
175.0
166.0
388.0
136.0
162.0
164.0
175.0
155.0
163.0
141.0
143.0
165.0
150.0
162.0
151.0
139.0
162.0
156.0
133.0
154.0
484.0
131.0
176.0
144.0
147.0
158.0
143.0
148.0
134.0
170.0
455.0
141.0
424.0
160.0
410.0
397.0
369.0
405.0
458.0
439.0
430.0
446.0
411.0
140.0
133.0
155.0
163.0
165.0
170.0
134.0
173.0
137.0
208.0
157.0
151.0
136.0
408.0
137.0
151.0
140.0
131.0
143.0
150.0
148.0
154.0
147.0
169.0
146.0
166.0
176.0
396.0
132.0
150.0
152.0
156.0
165.0
156.0
134.0
134.0
406.0
176.0
174.0
171.0
159.0
147.0
164.0
137.0
146.0
173.0
160.0
142.0
151.0
162.0
175.0
173.0
126.0
147.0
376.0
131.0
175.0
370.0
144.0
155.0
163.0
130.0
176.0
144.0
145.0
164.0
163.0
364.0
149.0
162.0
134.0
170.0
140.0
164.0
145.0
157.0
161.0
167.0
164.0
158.0
134.0
145.0
172.0
140.0
137.0
373.0
149.0
172.0
137.0
162.0
164.0
146.0
169.0
139.0
131.0
409.0
170.0
480.0
143.0
490.0
491.0
440.0
416.0
440.0
454.0
427.0
442.0
453.0
151.0
143.0
137.0
152.0
174.0
131.0
137.0
138.0
139.0
205.0
159.0
142.0
147.0
399.0
151.0
163.0
140.0
167.0
175.0
141.0
132.0
152.0
141.0
132.0
152.0
166.0
149.0
415.0
136.0
136.0
152.0
147.0
149.0
166.0
159.0
144.0
445.0
133.0
163.0
175.0
151.0
173.0
141.0
142.0
144.0
168.0
146.0
141.0
132.0
167.0
156.0
163.0
129.0
140.0
417.0
145.0
164.0
378.0
145.0
158.0
168.0
162.0
131.0
167.0
159.0
131.0
162.0
416.0
153.0
146.0
151.0
147.0
134.0
173.0
171.0
167.0
167.0
175.0
173.0
157.0
167.0
172.0
172.0
150.0
137.0
463.0
173.0
138.0
169.0
166.0
170.0
176.0
138.0
133.0
145.0
484.0
150.0
457.0
162.0
411.0
426.0
463.0
491.0
471.0
435.0
415.0
381.0
471.0
168.0
153.0
133.0
167.0
133.0
168.0
141.0
144.0
172.0
203.0
157.0
171.0
131.0
429.0
140.0
135.0
161.0
156.0
149.0
168.0
144.0
163.0
159.0
152.0
132.0
161.0
156.0
384.0
148.0
158.0
131.0
173.0
144.0
166.0
138.0
165.0
452.0
162.0
134.0
146.0
171.0
137.0
147.0
166.0
160.0
138.0
176.0
169.0
162.0
136.0
137.0
132.0
142.0
155.0
371.0
131.0
133.0
394.0
134.0
138.0
141.0
133.0
146.0
155.0
135.0
130.0
169.0
447.0
148.0
156.0
172.0
154.0
159.0
174.0
141.0
170.0
132.0
135.0
172.0
158.0
153.0
173.0
139.0
118.0
144.0
473.0
136.0
175.0
165.0
171.0
170.0
172.0
157.0
176.0
161.0
427.0
171.0
472.0
173.0
394.0
483.0
459.0
368.0
421.0
491.0
389.0
380.0
376.0
150.0
150.0
130.0
174.0
135.0
157.0
168.0
133.0
145.0
