15 6 108
33808.5
31895.5
31824.5
29164.5
34334.5
31655.5
32220.5
31653.5
35823.5
30351.5
34304.5
31476.5
31473.5
32391.5
33996.5
0.07961411380042252
0.06571737583387292
0.07243879452605964
0.059002791622593365
0.070702255903081
0.06507066657116402
0.06819169785372212
0.055989129423557965
0.07185335737252671
0.054681632398398225
0.0676722700998491
0.05997314701093699
0.0719083011600061
0.057589570857401226
0.07959489556640809
117.0
124.0
119.0
110.0
119.0
126.0
2557.0
22.0
1261.0
1300.0
67.0
529.0
483.0
1255.0
36.0
558.0
118.0
182.0
46.0
335.0
257.0
392.0
58.0
311.0
535.0
289.0
76.0
254.0
76.0
273.0
28.0
341.0
172.0
802.0
1300.0
553.0
359.0
1107.0
297.0
159.0
847.0
5398.0
5438.0
131.0
166.0
323.0
47.0
27.0
181.0
206.0
178.0
502.0
342.0
75.0
62.0
27.0
125.0
33.0
20.0
169.0
831.0
48.0
123.0
62.0
43.0
151.0
146.0
73.0
157.0
145.0
746.0
35.0
21.0
25.0
30.0
8.0
74.0
266.0
109.0
72.0
85.0
58.0
39.0
86.0
141.0
47.0
27.0
54.0
154.0
169.0
107.0
79.0
135.0
44.0
65.0
1656.0
54.0
56.0
70.0
26.0
157.0
292.0
32.0
263.0
125.0
239.0
79.0
129.0
827.0
218.0
71.0
1218.0
121.0
115.0
69.0
86.0
111.0
20.0
246.0
188.0
482.0
1254.0
36.0
519.0
111.0
193.0
46.0
331.0
269.0
371.0
56.0
289.0
547.0
284.0
75.0
231.0
79.0
292.0
29.0
340.0
162.0
765.0
1332.0
567.0
355.0
1134.0
284.0
155.0
797.0
5340.0
5988.0
119.0
159.0
322.0
51.0
28.0
194.0
208.0
181.0
499.0
359.0
75.0
67.0
27.0
123.0
33.0
20.0
169.0
837.0
52.0
127.0
63.0
43.0
157.0
151.0
72.0
163.0
141.0
764.0
36.0
20.0
26.0
29.0
8.0
69.0
269.0
107.0
69.0
90.0
56.0
38.0
88.0
144.0
47.0
27.0
54.0
155.0
163.0
106.0
83.0
126.0
47.0
63.0
1629.0
58.0
56.0
66.0
24.0
152.0
283.0
33.0
261.0
125.0
260.0
80.0
134.0
782.0
203.0
71.0
1274.0
129.0
123.0
69.0
87.0
112.0
19.0
247.0
202.0
508.0
1350.0
36.0
545.0
112.0
183.0
46.0
334.0
261.0
393.0
56.0
303.0
531.0
280.0
74.0
239.0
76.0
293.0
29.0
355.0
159.0
817.0
1278.0
578.0
338.0
1189.0
284.0
148.0
796.0
5112.0
6025.0
123.0
172.0
320.0
50.0
28.0
184.0
218.0
188.0
485.0
343.0
75.0
65.0
26.0
128.0
33.0
20.0
169.0
846.0
51.0
126.0
62.0
43.0
154.0
145.0
75.0
154.0
153.0
767.0
37.0
21.0
25.0
32.0
8.0
70.0
254.0
111.0
74.0
85.0
54.0
39.0
83.0
153.0
47.0
27.0
54.0
149.0
166.0
103.0
85.0
138.0
47.0
63.0
1623.0
59.0
55.0
69.0
25.0
162.0
276.0
32.0
275.0
129.0
252.0
77.0
130.0
823.0
218.0
69.0
1168.0
123.0
125.0
71.0
93.0
119.0
20.0
271.0
204.0
478.0
1343.0
36.0
557.0
112.0
179.0
45.0
351.0
251.0
368.0
61.0
290.0
507.0
289.0
70.0
235.0
76.0
292.0
27.0
352.0
157.0
815.0
1383.0
590.0
357.0
1190.0
301.0
147.0
825.0
5280.0
5584.0
124.0
167.0
318.0
51.0
28.0
176.0
209.0
191.0
521.0
374.0
78.0
62.0
26.0
118.0
33.0
19.0
164.0
904.0
48.0
127.0
61.0
42.0
158.0
148.0
69.0
168.0
141.0
766.0
38.0
20.0
24.0
29.0
8.0
74.0
258.0
111.0
68.0
89.0
55.0
38.0
81.0
142.0
49.0
27.0
53.0
161.0
174.0
108.0
86.0
135.0
46.0
66.0
1612.0
59.0
57.0
68.0
24.0
153.0
271.0
30.0
268.0
125.0
241.0
79.0
137.0
825.0
215.0
66.0
1247.0
122.0
125.0
71.0
85.0
120.0
19.0
249.0
193.0
505.0
1272.0
35.0
532.0
116.0
188.0
44.0
322.0
254.0
392.0
61.0
289.0
507.0
281.0
73.0
242.0
82.0
290.0
29.0
375.0
160.0
824.0
1258.0
588.0
338.0
1118.0
297.0
149.0
791.0
5098.0
5625.0
128.0
171.0
315.0
51.0
28.0
178.0
215.0
189.0
504.0
351.0
72.0
61.0
26.0
123.0
33.0
20.0
174.0
831.0
50.0
127.0
66.0
42.0
159.0
148.0
71.0
154.0
149.0
800.0
36.0
20.0
24.0
30.0
8.0
73.0
266.0
106.0
73.0
89.0
59.0
39.0
81.0
150.0
49.0
26.0
54.0
149.0
174.0
108.0
87.0
129.0
48.0
67.0
1534.0
58.0
55.0
65.0
25.0
152.0
298.0
32.0
278.0
124.0
254.0
78.0
135.0
797.0
210.0
69.0
1175.0
133.0
127.0
73.0
86.0
120.0
20.0
249.0
202.0
486.0
1284.0
34.0
556.0
109.0
181.0
48.0
338.0
247.0
396.0
60.0
297.0
523.0
285.0
76.0
238.0
76.0
294.0
28.0
370.0
163.0
765.0
1301.0
547.0
357.0
1182.0
275.0
150.0
804.0
5250.0
5514.0
131.0
157.0
312.0
49.0
27.0
193.0
209.0
195.0
527.0
345.0
73.0
61.0
25.0
120.0
33.0
20.0
167.0
900.0
48.0
119.0
63.0
43.0
152.0
153.0
70.0
156.0
147.0
787.0
37.0
20.0
25.0
32.0
8.0
73.0
271.0
104.0
72.0
86.0
57.0
41.0
81.0
141.0
49.0
26.0
54.0
156.0
159.0
105.0
83.0
137.0
45.0
63.0
1501.0
56.0
54.0
67.0
24.0
160.0
292.0
31.0
283.0
128.0
243.0
77.0
132.0
781.0
225.0
65.0
1174.0
130.0
126.0
67.0
88.0
116.0
20.0
264.0
203.0
506.0
1331.0
34.0
524.0
115.0
182.0
47.0
341.0
253.0
365.0
58.0
314.0
509.0
274.0
70.0
249.0
74.0
275.0
28.0
366.0
159.0
773.0
1388.0
595.0
348.0
1122.0
292.0
149.0
796.0
5226.0
5861.0
129.0
162.0
323.0
50.0
29.0
183.0
208.0
181.0
519.0
358.0
77.0
64.0
27.0
117.0
33.0
19.0
165.0
890.0
51.0
122.0
65.0
46.0
153.0
153.0
76.0
165.0
153.0
736.0
38.0
21.0
24.0
31.0
8.0
72.0
266.0
104.0
72.0
90.0
54.0
41.0
84.0
140.0
45.0
27.0
56.0
153.0
169.0
101.0
86.0
132.0
45.0
65.0
1604.0
54.0
56.0
65.0
26.0
151.0
270.0
32.0
266.0
121.0
245.0
81.0
135.0
792.0
222.0
70.0
1168.0
125.0
126.0
69.0
85.0
118.0
19.0
267.0
203.0
497.0
1244.0
34.0
539.0
116.0
184.0
48.0
347.0
266.0
377.0
58.0
294.0
519.0
284.0
75.0
239.0
78.0
275.0
29.0
359.0
166.0
823.0
1262.0
580.0
342.0
1106.0
289.0
147.0
849.0
5484.0
6029.0
123.0
161.0
328.0
48.0
29.0
181.0
220.0
192.0
498.0
342.0
74.0
62.0
25.0
124.0
32.0
19.0
165.0
868.0
49.0
119.0
67.0
43.0
160.0
151.0
75.0
154.0
143.0
788.0
37.0
20.0
26.0
31.0
8.0
74.0
252.0
108.0
69.0
87.0
54.0
38.0
82.0
152.0
49.0
25.0
57.0
163.0
171.0
106.0
80.0
129.0
47.0
65.0
1647.0
59.0
56.0
67.0
25.0
152.0
291.0
31.0
284.0
123.0
249.0
81.0
131.0
799.0
206.0
70.0
1196.0
132.0
118.0
73.0
88.0
122.0
20.0
272.0
198.0
488.0
1242.0
33.0
517.0
115.0
189.0
48.0
318.0
245.0
380.0
59.0
290.0
535.0
288.0
72.0
245.0
75.0
287.0
27.0
366.0
156.0
813.0
1387.0
556.0
327.0
1100.0
279.0
148.0
867.0
5355.0
5727.0
122.0
160.0
313.0
51.0
29.0
194.0
211.0
179.0
526.0
365.0
72.0
64.0
25.0
124.0
31.0
19.0
162.0
852.0
49.0
122.0
65.0
42.0
163.0
144.0
72.0
167.0
145.0
763.0
38.0
20.0
24.0
30.0
8.0
72.0
271.0
104.0
74.0
91.0
55.0
40.0
83.0
152.0
46.0
26.0
57.0
155.0
170.0
108.0
84.0
139.0
45.0
66.0
1516.0
59.0
59.0
71.0
24.0
162.0
275.0
33.0
273.0
124.0
238.0
78.0
135.0
778.0
206.0
71.0
1178.0
130.0
125.0
71.0
89.0
112.0
19.0
270.0
194.0
483.0
1323.0
33.0
534.0
119.0
176.0
46.0
327.0
264.0
367.0
57.0
294.0
507.0
284.0
75.0
235.0
79.0
278.0
28.0
368.0
161.0
798.0
1357.0
561.0
341.0
1121.0
293.0
151.0
834.0
5448.0
5711.0
125.0
170.0
309.0
47.0
29.0
179.0
212.0
185.0
525.0
365.0
72.0
67.0
26.0
119.0
32.0
19.0
168.0
856.0
50.0
121.0
66.0
43.0
167.0
142.0
76.0
160.0
152.0
737.0
35.0
21.0
24.0
29.0
8.0
70.0
265.0
108.0
68.0
91.0
58.0
38.0
84.0
141.0
46.0
26.0
53.0
154.0
173.0
107.0
86.0
128.0
45.0
66.0
1604.0
56.0
58.0
69.0
24.0
165.0
277.0
32.0
282.0
129.0
237.0
81.0
135.0
824.0
214.0
65.0
1260.0
124.0
125.0
71.0
91.0
112.0
19.0
267.0
187.0
489.0
1298.0
36.0
506.0
109.0
191.0
48.0
318.0
254.0
380.0
57.0
296.0
540.0
289.0
71.0
239.0
76.0
287.0
28.0
360.0
168.0
762.0
1265.0
585.0
349.0
1089.0
275.0
149.0
870.0
5233.0
5846.0
119.0
165.0
308.0
51.0
29.0
186.0
224.0
196.0
493.0
374.0
78.0
67.0
27.0
127.0
31.0
19.0
178.0
872.0
53.0
131.0
65.0
46.0
156.0
150.0
75.0
168.0
142.0
747.0
38.0
21.0
24.0
30.0
8.0
69.0
253.0
107.0
67.0
90.0
55.0
38.0
82.0
144.0
46.0
26.0
57.0
152.0
171.0
104.0
85.0
132.0
48.0
63.0
1565.0
55.0
56.0
69.0
24.0
167.0
291.0
31.0
287.0
118.0
256.0
76.0
130.0
816.0
207.0
70.0
1163.0
132.0
119.0
67.0
92.0
120.0
20.0
247.0
192.0
492.0
1324.0
35.0
543.0
110.0
175.0
47.0
348.0
257.0
388.0
59.0
303.0
556.0
266.0
72.0
252.0
79.0
282.0
28.0
338.0
158.0
822.0
1384.0
568.0
328.0
1095.0
300.0
156.0
876.0
5404.0
5528.0
127.0
164.0
318.0
47.0
28.0
180.0
218.0
184.0
531.0
371.0
77.0
64.0
27.0
117.0
33.0
19.0
165.0
881.0
52.0
121.0
66.0
42.0
159.0
153.0
76.0
154.0
143.0
797.0
36.0
20.0
26.0
32.0
8.0
71.0
273.0
111.0
72.0
89.0
58.0
39.0
83.0
142.0
49.0
26.0
53.0
162.0
175.0
111.0
86.0
131.0
46.0
65.0
1595.0
57.0
55.0
69.0
25.0
166.0
275.0
31.0
266.0
120.0
248.0
79.0
128.0
798.0
216.0
68.0
1245.0
132.0
124.0
72.0
88.0
110.0
20.0
247.0
187.0
514.0
1254.0
36.0
533.0
115.0
193.0
46.0
344.0
263.0
376.0
60.0
305.0
534.0
278.0
75.0
230.0
80.0
276.0
28.0
347.0
164.0
807.0
1291.0
561.0
344.0
1079.0
297.0
144.0
857.0
5421.0
5600.0
121.0
159.0
333.0
48.0
29.0
181.0
224.0
193.0
506.0
363.0
77.0
67.0
26.0
122.0
32.0
20.0
173.0
851.0
52.0
125.0
61.0
46.0
155.0
151.0
73.0
159.0
146.0
742.0
36.0
21.0
26.0
29.0
8.0
71.0
271.0
109.0
72.0
84.0
54.0
37.0
81.0
153.0
49.0
26.0
57.0
163.0
166.0
108.0
82.0
127.0
45.0
66.0
1581.0
57.0
59.0
69.0
24.0
157.0
295.0
32.0
283.0
120.0
247.0
82.0
131.0
805.0
203.0
69.0
1172.0
124.0
119.0
69.0
86.0
117.0
19.0
263.0
194.0
514.0
1307.0
35.0
552.0
119.0
192.0
44.0
317.0
258.0
392.0
60.0
319.0
505.0
268.0
76.0
241.0
79.0
282.0
28.0
372.0
162.0
820.0
1266.0
582.0
360.0
1162.0
279.0
157.0
807.0
4992.0
5616.0
124.0
160.0
314.0
51.0
28.0
179.0
210.0
189.0
512.0
370.0
78.0
64.0
25.0
119.0
31.0
20.0
167.0
870.0
50.0
124.0
66.0
45.0
157.0
149.0
74.0
163.0
150.0
780.0
38.0
20.0
25.0
31.0
8.0
75.0
254.0
104.0
71.0
86.0
59.0
37.0
82.0
139.0
47.0
26.0
58.0
158.0
173.0
104.0
87.0
132.0
46.0
62.0
1558.0
58.0
58.0
64.0
26.0
166.0
280.0
31.0
265.0
128.0
246.0
79.0
136.0
756.0
204.0
69.0
1166.0
125.0
125.0
67.0
88.0
110.0
20.0
272.0
206.0
511.0
1332.0
34.0
525.0
111.0
178.0
48.0
325.0
262.0
383.0
59.0
320.0
508.0
273.0
76.0
250.0
82.0
274.0
29.0
372.0
164.0
831.0
1303.0
551.0
354.0
1095.0
297.0
158.0
839.0
5144.0
5526.0
128.0
167.0
335.0
51.0
28.0
190.0
204.0
184.0
513.0
357.0
78.0
67.0
25.0
127.0
33.0
19.0
173.0
870.0
51.0
130.0
62.0
43.0
163.0
145.0
73.0
163.0
150.0
734.0
38.0
20.0
25.0
29.0
8.0
73.0
262.0
110.0
68.0
86.0
55.0
38.0
83.0
141.0
49.0
26.0
53.0
156.0
170.0
107.0
82.0
130.0
44.0
62.0
1581.0
54.0
55.0
68.0
26.0
154.0
282.0
31.0
284.0
125.0
237.0
82.0
135.0
830.0
225.0
65.0
1166.0
126.0
126.0
68.0
91.0
114.0
20.0
246.0
195.0
173.0
205.0
165.0
143.0
484.0
169.0
160.0
145.0
168.0
141.0
165.0
169.0
149.0
175.0
130.0
143.0
134.0
177.0
444.0
144.0
161.0
137.0
160.0
145.0
172.0
147.0
164.0
383.0
147.0
137.0
171.0
142.0
154.0
162.0
158.0
161.0
153.0
175.0
168.0
173.0
134.0
134.0
147.0
135.0
176.0
364.0
132.0
136.0
381.0
166.0
149.0
139.0
174.0
144.0
165.0
153.0
146.0
155.0
410.0
138.0
147.0
130.0
150.0
131.0
156.0
142.0
151.0
173.0
142.0
138.0
139.0
162.0
169.0
149.0
120.0
166.0
383.0
173.0
166.0
175.0
177.0
150.0
149.0
156.0
142.0
160.0
471.0
132.0
364.0
151.0
425.0
381.0
471.0
459.0
392.0
410.0
488.0
459.0
370.0
142.0
141.0
145.0
152.0
146.0
170.0
143.0
137.0
147.0
169.0
185.0
136.0
169.0
373.0
148.0
146.0
164.0
141.0
131.0
152.0
164.0
154.0
146.0
152.0
154.0
170.0
140.0
491.0
130.0
149.0
172.0
161.0
146.0
153.0
163.0
142.0
409.0
130.0
136.0
163.0
155.0
136.0
147.0
162.0
169.0
164.0
172.0
156.0
172.0
140.0
161.0
147.0
125.0
144.0
457.0
154.0
149.0
448.0
162.0
135.0
132.0
143.0
145.0
148.0
139.0
155.0
174.0
423.0
163.0
159.0
154.0
144.0
155.0
139.0
168.0
169.0
170.0
160.0
167.0
154.0
137.0
164.0
132.0
142.0
168.0
491.0
141.0
175.0
150.0
173.0
159.0
137.0
171.0
174.0
138.0
443.0
134.0
458.0
170.0
455.0
487.0
488.0
382.0
466.0
445.0
388.0
470.0
405.0
152.0
141.0
155.0
138.0
142.0
168.0
170.0
166.0
133.0
194.0
185.0
164.0
164.0
391.0
163.0
136.0
134.0
141.0
138.0
151.0
156.0
160.0
152.0
163.0
131.0
154.0
163.0
469.0
176.0
150.0
144.0
159.0
130.0
135.0
132.0
147.0
444.0
151.0
172.0
169.0
170.0
169.0
151.0
167.0
165.0
152.0
160.0
132.0
146.0
169.0
150.0
132.0
116.0
155.0
474.0
165.0
142.0
438.0
169.0
140.0
157.0
141.0
143.0
143.0
142.0
149.0
162.0
394.0
139.0
177.0
174.0
136.0
162.0
171.0
147.0
152.0
140.0
143.0
137.0
138.0
147.0
161.0
151.0
118.0
147.0
456.0
175.0
130.0
137.0
152.0
173.0
150.0
135.0
146.0
160.0
419.0
153.0
388.0
131.0
444.0
415.0
438.0
451.0
493.0
466.0
398.0
444.0
486.0
131.0
145.0
170.0
155.0
163.0
148.0
175.0
146.0
165.0
205.0
190.0
131.0
145.0
373.0
136.0
174.0
174.0
144.0
138.0
135.0
147.0
175.0
174.0
153.0
175.0
152.0
160.0
393.0
176.0
163.0
139.0
155.0
138.0
172.0
135.0
145.0
467.0
160.0
171.0
155.0
155.0
174.0
161.0
132.0
154.0
139.0
143.0
157.0
172.0
172.0
146.0
164.0
144.0
176.0
404.0
144.0
172.0
437.0
132.0
161.0
158.0
152.0
162.0
142.0
160.0
135.0
130.0
395.0
167.0
158.0
134.0
147.0
164.0
156.0
139.0
155.0
147.0
176.0
162.0
134.0
143.0
154.0
145.0
129.0
171.0
446.0
135.0
153.0
148.0
162.0
167.0
149.0
145.0
170.0
135.0
377.0
141.0
428.0
143.0
491.0
419.0
405.0
437.0
445.0
480.0
419.0
389.0
418.0
147.0
141.0
134.0
147.0
166.0
158.0
168.0
153.0
165.0
206.0
164.0
168.0
163.0
373.0
141.0
149.0
139.0
161.0
175.0
156.0
162.0
144.0
133.0
155.0
132.0
136.0
134.0
443.0
138.0
143.0
131.0
160.0
168.0
177.0
160.0
130.0
393.0
133.0
177.0
168.0
159.0
177.0
144.0
162.0
131.0
166.0
141.0
163.0
150.0
151.0
177.0
172.0
123.0
171.0
370.0
164.0
147.0
373.0
140.0
157.0
135.0
145.0
152.0
155.0
158.0
169.0
163.0
444.0
164.0
160.0
149.0
139.0
154.0
136.0
168.0
167.0
153.0
177.0
176.0
174.0
150.0
135.0
138.0
137.0
132.0
389.0
137.0
155.0
154.0
144.0
141.0
136.0
160.0
160.0
158.0
380.0
143.0
393.0
169.0
394.0
411.0
406.0
481.0
475.0
404.0
438.0
467.0
398.0
130.0
158.0
173.0
164.0
156.0
137.0
158.0
175.0
152.0
161.0
183.0
153.0
168.0
420.0
176.0
158.0
169.0
162.0
162.0
164.0
169.0
134.0
160.0
168.0
142.0
166.0
150.0
465.0
157.0
166.0
172.0
142.0
137.0
150.0
158.0
132.0
383.0
136.0
148.0
136.0
150.0
130.0
156.0
135.0
168.0
133.0
168.0
154.0
131.0
157.0
136.0
136.0
138.0
131.0
457.0
153.0
146.0
453.0
136.0
137.0
154.0
167.0
136.0
142.0
136.0
166.0
165.0
460.0
147.0
136.0
156.0
171.0
139.0
168.0
154.0
147.0
132.0
133.0
152.0
174.0
155.0
158.0
146.0
119.0
149.0
476.0
154.0
136.0
148.0
143.0
134.0
165.0
167.0
161.0
177.0
434.0
161.0
458.0
175.0
460.0
381.0
372.0
493.0
461.0
394.0
462.0
458.0
484.0
135.0
133.0
133.0
175.0
161.0
154.0
161.0
137.0
175.0
207.0
169.0
161.0
169.0
450.0
142.0
145.0
157.0
174.0
136.0
155.0
171.0
159.0
166.0
161.0
130.0
137.0
145.0
445.0
138.0
161.0
147.0
165.0
150.0
168.0
170.0
175.0
441.0
132.0
142.0
131.0
145.0
167.0
132.0
153.0
161.0
138.0
153.0
133.0
144.0
175.0
150.0
142.0
119.0
149.0
425.0
133.0
136.0
402.0
167.0
132.0
162.0
144.0
145.0
146.0
139.0
158.0
141.0
386.0
143.0
145.0
132.0
135.0
153.0
132.0
143.0
172.0
152.0
172.0
142.0
176.0
163.0
144.0
167.0
141.0
144.0
383.0
133.0
177.0
134.0
153.0
141.0
160.0
147.0
171.0
140.0
400.0
148.0
451.0
163.0
367.0
404.0
375.0
435.0
390.0
410.0
407.0
374.0
421.0
137.0
175.0
164.0
142.0
158.0
141.0
138.0
147.0
130.0
168.0
158.0
142.0
169.0
392.0
174.0
156.0
164.0
147.0
139.0
155.0
151.0
159.0
158.0
154.0
175.0
147.0
172.0
396.0
162.0
150.0
173.0
150.0
176.0
133.0
154.0
164.0
485.0
131.0
148.0
147.0
137.0
138.0
164.0
173.0
160.0
173.0
155.0
169.0
130.0
177.0
171.0
171.0
130.0
168.0
382.0
160.0
171.0
453.0
159.0
156.0
175.0
163.0
157.0
142.0
150.0
167.0
166.0
398.0
155.0
152.0
131.0
136.0
156.0
147.0
148.0
160.0
172.0
144.0
175.0
166.0
136.0
155.0
144.0
127.0
167.0
462.0
145.0
170.0
139.0
155.0
160.0
143.0
142.0
157.0
134.0
470.0
134.0
364.0
171.0
387.0
381.0
385.0
417.0
456.0
474.0
382.0
484.0
387.0
138.0
168.0
143.0
152.0
158.0
171.0
167.0
162.0
141.0
183.0
195.0
146.0
146.0
466.0
137.0
168.0
142.0
172.0
158.0
173.0
158.0
147.0
154.0
159.0
141.0
132.0
152.0
381.0
150.0
170.0
147.0
163.0
175.0
130.0
164.0
134.0
415.0
140.0
170.0
155.0
166.0
143.0
162.0
158.0
174.0
134.0
155.0
139.0
133.0
145.0
144.0
162.0
133.0
160.0
436.0
176.0
131.0
455.0
159.0
173.0
148.0
144.0
172.0
141.0
162.0
131.0
150.0
408.0
173.0
164.0
135.0
135.0
151.0
148.0
162.0
164.0
163.0
144.0
140.0
156.0
137.0
164.0
145.0
113.0
143.0
374.0
170.0
145.0
141.0
168.0
165.0
144.0
146.0
140.0
162.0
371.0
157.0
480.0
152.0
477.0
471.0
454.0
389.0
419.0
422.0
378.0
472.0
470.0
150.0
170.0
160.0
151.0
141.0
162.0
162.0
175.0
132.0
205.0
167.0
166.0
136.0
431.0
177.0
171.0
150.0
157.0
172.0
135.0
157.0
177.0
164.0
160.0
130.0
136.0
161.0
468.0
170.0
174.0
150.0
151.0
169.0
137.0
135.0
144.0
391.0
166.0
133.0
177.0
160.0
170.0
155.0
171.0
146.0
174.0
168.0
169.0
138.0
135.0
153.0
150.0
123.0
152.0
469.0
149.0
151.0
370.0
171.0
140.0
157.0
172.0
176.0
132.0
149.0
133.0
166.0
471.0
132.0
130.0
174.0
161.0
151.0
134.0
135.0
136.0
169.0
149.0
165.0
148.0
146.0
159.0
142.0
132.0
166.0
448.0
172.0
131.0
138.0
177.0
173.0
163.0
144.0
131.0
134.0
399.0
152.0
392.0
150.0
414.0
457.0
410.0
395.0
469.0
404.0
388.0
393.0
401.0
164.0
133.0
149.0
143.0
175.0
151.0
156.0
162.0
157.0
173.0
192.0
175.0
136.0
401.0
156.0
168.0
148.0
170.0
145.0
152.0
174.0
153.0
156.0
153.0
131.0
175.0
151.0
371.0
153.0
141.0
159.0
166.0
144.0
135.0
147.0
131.0
372.0
169.0
146.0
162.0
157.0
153.0
151.0
157.0
132.0
158.0
133.0
175.0
165.0
160.0
139.0
130.0
123.0
146.0
379.0
133.0
161.0
453.0
147.0
140.0
154.0
142.0
157.0
134.0
171.0
142.0
177.0
425.0
169.0
147.0
135.0
169.0
173.0
140.0
156.0
162.0
150.0
139.0
138.0
172.0
166.0
173.0
130.0
143.0
153.0
402.0
153.0
130.0
172.0
151.0
137.0
159.0
132.0
162.0
166.0
400.0
159.0
389.0
154.0
381.0
393.0
405.0
445.0
441.0
473.0
434.0
463.0
471.0
150.0
155.0
175.0
130.0
139.0
171.0
168.0
154.0
170.0
170.0
174.0
152.0
164.0
452.0
134.0
160.0
173.0
166.0
137.0
143.0
158.0
174.0
165.0
159.0
135.0
138.0
130.0
489.0
162.0
161.0
176.0
164.0
165.0
151.0
166.0
171.0
379.0
163.0
141.0
142.0
176.0
139.0
168.0
146.0
157.0
162.0
159.0
177.0
174.0
171.0
173.0
146.0
136.0
141.0
381.0
175.0
133.0
482.0
155.0
168.0
166.0
146.0
135.0
165.0
153.0
166.0
135.0
435.0
167.0
132.0
151.0
165.0
158.0
176.0
167.0
158.0
145.0
132.0
137.0
139.0
167.0
132.0
148.0
128.0
133.0
493.0
159.0
138.0
143.0
152.0
159.0
147.0
142.0
149.0
134.0
385.0
139.0
438.0
158.0
492.0
431.0
418.0
377.0
465.0
446.0
407.0
432.0
465.0
139.0
136.0
132.0
177.0
130.0
144.0
173.0
158.0
177.0
188.0
177.0
154.0
154.0
382.0
160.0
155.0
136.0
131.0
159.0
165.0
158.0
160.0
165.0
153.0
162.0
158.0
137.0
455.0
172.0
132.0
135.0
145.0
158.0
145.0
151.0
163.0
473.0
132.0
164.0
154.0
168.0
161.0
142.0
176.0
173.0
131.0
172.0
148.0
176.0
140.0
144.0
177.0
139.0
172.0
367.0
136.0
155.0
493.0
168.0
165.0
137.0
146.0
155.0
131.0
135.0
158.0
142.0
449.0
137.0
156.0
175.0
163.0
144.0
168.0
169.0
160.0
133.0
146.0
153.0
156.0
133.0
139.0
143.0
139.0
151.0
464.0
163.0
132.0
138.0
136.0
150.0
152.0
175.0
145.0
154.0
418.0
146.0
468.0
175.0
445.0
409.0
399.0
424.0
376.0
440.0
450.0
375.0
381.0
167.0
172.0
143.0
157.0
135.0
169.0
149.0
138.0
173.0
187.0
191.0
130.0
148.0
492.0
150.0
136.0
157.0
146.0
152.0
138.0
171.0
136.0
159.0
139.0
143.0
146.0
165.0
408.0
173.0
175.0
175.0
130.0
176.0
152.0
165.0
147.0
394.0
131.0
174.0
171.0
175.0
139.0
157.0
161.0
158.0
150.0
141.0
138.0
174.0
152.0
148.0
155.0
115.0
156.0
462.0
139.0
136.0
478.0
171.0
141.0
159.0
133.0
143.0
135.0
165.0
142.0
171.0
438.0
172.0
134.0
157.0
159.0
144.0
170.0
148.0
133.0
168.0
159.0
135.0
155.0
149.0
171.0
167.0
138.0
140.0
377.0
139.0
132.0
145.0
152.0
148.0
137.0
130.0
144.0
164.0
371.0
133.0
397.0
134.0
367.0
458.0
390.0
402.0
370.0
409.0
394.0
439.0
367.0
150.0
150.0
135.0
133.0
170.0
140.0
153.0
137.0
135.0
177.0
156.0
142.0
151.0
436.0
137.0
152.0
146.0
149.0
163.0
160.0
171.0
160.0
139.0
136.0
154.0
169.0
145.0
379.0
135.0
152.0
176.0
155.0
139.0
168.0
175.0
131.0
423.0
131.0
165.0
146.0
137.0
136.0
160.0
167.0
139.0
169.0
147.0
170.0
160.0
172.0
142.0
136.0
145.0
138.0
395.0
143.0
134.0
363.0
175.0
149.0
135.0
160.0
159.0
135.0
137.0
140.0
130.0
413.0
161.0
139.0
171.0
164.0
144.0
136.0
141.0
150.0
138.0
160.0
147.0
169.0
160.0
156.0
177.0
144.0
145.0
454.0
150.0
139.0
137.0
173.0
155.0
154.0
144.0
140.0
161.0
406.0
152.0
373.0
133.0
403.0
363.0
402.0
415.0
419.0
474.0
384.0
387.0
395.0
172.0
150.0
160.0
133.0
161.0
166.0
175.0
144.0
146.0
