20 6 108
34107.5
31969.5
35762.5
33760.5
33768.5
34714.5
33799.5
33030.5
32886.5
31234.5
33837.5
31482.5
31435.5
33548.5
31998.5
32870.5
33975.5
34903.5
31670.5
34887.5
0.05324074516999715
0.040271859258751264
0.0529098893209138
0.041152566383065504
0.05494359032235118
0.042082807207305575
0.05743149879814405
0.04518122149923026
0.05042277980757401
0.04843928709281748
0.05685742735355291
0.0486334432725093
0.05111073973840207
0.04797152724710443
0.05028564929433126
0.04552518094464164
0.05057375719279188
0.04337055602536371
0.050700030693655
0.06889544337749764
115.0
123.0
112.0
107.0
120.0
128.0
2557.0
22.0
1261.0
1300.0
67.0
529.0
496.0
1257.0
33.0
518.0
119.0
187.0
48.0
336.0
245.0
391.0
59.0
304.0
537.0
268.0
75.0
254.0
80.0
283.0
29.0
354.0
169.0
844.0
1322.0
582.0
348.0
1167.0
286.0
157.0
839.0
5032.0
5758.0
119.0
168.0
315.0
49.0
29.0
184.0
204.0
183.0
489.0
372.0
72.0
62.0
26.0
127.0
31.0
19.0
168.0
825.0
51.0
125.0
67.0
43.0
159.0
151.0
70.0
166.0
141.0
728.0
35.0
21.0
26.0
31.0
8.0
72.0
271.0
112.0
69.0
89.0
54.0
38.0
84.0
141.0
45.0
26.0
57.0
150.0
170.0
104.0
80.0
134.0
46.0
62.0
1622.0
58.0
54.0
65.0
24.0
167.0
275.0
31.0
287.0
121.0
255.0
83.0
138.0
783.0
209.0
68.0
1246.0
132.0
122.0
67.0
89.0
117.0
19.0
255.0
195.0
498.0
1297.0
34.0
542.0
109.0
188.0
48.0
320.0
267.0
381.0
59.0
297.0
546.0
291.0
75.0
244.0
81.0
286.0
29.0
344.0
171.0
816.0
1311.0
561.0
331.0
1135.0
288.0
145.0
804.0
5197.0
5725.0
125.0
173.0
311.0
48.0
28.0
177.0
209.0
184.0
522.0
344.0
74.0
64.0
25.0
124.0
32.0
20.0
177.0
836.0
50.0
120.0
66.0
44.0
160.0
154.0
70.0
154.0
147.0
798.0
36.0
20.0
25.0
31.0
8.0
73.0
268.0
108.0
70.0
88.0
59.0
40.0
81.0
140.0
45.0
27.0
54.0
150.0
158.0
107.0
87.0
137.0
45.0
62.0
1602.0
56.0
54.0
65.0
24.0
166.0
277.0
31.0
272.0
129.0
259.0
80.0
137.0
778.0
210.0
71.0
1268.0
130.0
116.0
71.0
90.0
111.0
19.0
270.0
188.0
501.0
1227.0
33.0
521.0
110.0
193.0
45.0
334.0
269.0
368.0
61.0
316.0
507.0
294.0
75.0
247.0
76.0
290.0
29.0
354.0
160.0
825.0
1391.0
590.0
356.0
1158.0
282.0
147.0
848.0
5437.0
6020.0
130.0
170.0
314.0
48.0
29.0
179.0
211.0
192.0
510.0
343.0
78.0
61.0
26.0
128.0
30.0
20.0
165.0
851.0
52.0
130.0
64.0
42.0
156.0
147.0
70.0
168.0
142.0
774.0
37.0
21.0
26.0
30.0
8.0
74.0
256.0
106.0
73.0
88.0
55.0
40.0
83.0
143.0
46.0
26.0
58.0
162.0
163.0
109.0
86.0
134.0
48.0
63.0
1620.0
54.0
57.0
69.0
26.0
151.0
291.0
31.0
266.0
118.0
246.0
81.0
131.0
798.0
222.0
67.0
1277.0
131.0
123.0
73.0
90.0
120.0
18.0
253.0
191.0
477.0
1319.0
33.0
548.0
109.0
187.0
46.0
324.0
263.0
382.0
60.0
295.0
534.0
289.0
76.0
235.0
77.0
298.0
27.0
339.0
171.0
810.0
1300.0
546.0
363.0
1144.0
291.0
158.0
868.0
5449.0
5558.0
122.0
164.0
306.0
49.0
28.0
176.0
226.0
182.0
494.0
374.0
74.0
63.0
27.0
118.0
32.0
19.0
164.0
860.0
51.0
121.0
64.0
44.0
164.0
143.0
75.0
164.0
143.0
758.0
37.0
19.0
25.0
31.0
8.0
73.0
265.0
110.0
74.0
87.0
57.0
38.0
86.0
146.0
45.0
27.0
55.0
161.0
175.0
104.0
86.0
131.0
48.0
64.0
1599.0
54.0
56.0
66.0
25.0
163.0
287.0
32.0
271.0
127.0
256.0
76.0
129.0
753.0
212.0
66.0
1224.0
132.0
123.0
73.0
90.0
118.0
19.0
262.0
201.0
500.0
1344.0
36.0
508.0
120.0
183.0
44.0
347.0
250.0
394.0
61.0
301.0
557.0
291.0
70.0
235.0
75.0
288.0
29.0
370.0
157.0
822.0
1374.0
582.0
363.0
1119.0
282.0
146.0
794.0
5472.0
5830.0
120.0
162.0
317.0
50.0
28.0
182.0
214.0
179.0
497.0
339.0
72.0
63.0
27.0
116.0
30.0
20.0
163.0
871.0
53.0
127.0
64.0
44.0
151.0
152.0
73.0
168.0
149.0
737.0
36.0
20.0
25.0
32.0
8.0
70.0
260.0
104.0
73.0
84.0
54.0
39.0
88.0
144.0
48.0
25.0
58.0
154.0
165.0
109.0
87.0
138.0
45.0
66.0
1654.0
57.0
59.0
65.0
25.0
164.0
273.0
33.0
264.0
118.0
259.0
78.0
129.0
789.0
218.0
65.0
1283.0
131.0
122.0
70.0
86.0
116.0
19.0
252.0
207.0
475.0
1329.0
34.0
534.0
119.0
190.0
45.0
351.0
253.0
387.0
57.0
295.0
535.0
268.0
73.0
245.0
81.0
296.0
29.0
375.0
160.0
812.0
1335.0
553.0
356.0
1163.0
298.0
158.0
852.0
5442.0
5958.0
121.0
166.0
329.0
49.0
27.0
178.0
204.0
192.0
517.0
350.0
79.0
67.0
26.0
125.0
33.0
20.0
169.0
863.0
53.0
127.0
67.0
45.0
161.0
151.0
70.0
157.0
147.0
764.0
36.0
20.0
25.0
32.0
8.0
70.0
273.0
111.0
71.0
91.0
55.0
39.0
85.0
145.0
47.0
26.0
58.0
153.0
170.0
109.0
83.0
137.0
48.0
61.0
1626.0
56.0
59.0
70.0
25.0
152.0
299.0
31.0
285.0
128.0
248.0
75.0
134.0
789.0
210.0
71.0
1236.0
125.0
120.0
67.0
89.0
113.0
20.0
251.0
202.0
513.0
1281.0
36.0
540.0
112.0
177.0
48.0
345.0
251.0
370.0
59.0
306.0
515.0
278.0
72.0
237.0
76.0
288.0
29.0
352.0
172.0
770.0
1341.0
551.0
341.0
1176.0
275.0
158.0
797.0
5318.0
6028.0
131.0
172.0
318.0
49.0
27.0
189.0
214.0
180.0
533.0
374.0
74.0
63.0
26.0
117.0
31.0
20.0
171.0
901.0
51.0
128.0
63.0
43.0
151.0
145.0
69.0
159.0
149.0
749.0
36.0
20.0
26.0
32.0
8.0
74.0
256.0
109.0
68.0
90.0
55.0
40.0
86.0
149.0
48.0
26.0
56.0
161.0
166.0
109.0
86.0
132.0
47.0
62.0
1509.0
56.0
58.0
65.0
26.0
152.0
296.0
32.0
268.0
123.0
256.0
76.0
137.0
816.0
213.0
67.0
1238.0
122.0
125.0
71.0
86.0
118.0
19.0
253.0
205.0
511.0
1275.0
34.0
551.0
116.0
192.0
48.0
319.0
267.0
381.0
60.0
301.0
527.0
276.0
71.0
230.0
82.0
287.0
28.0
340.0
172.0
797.0
1368.0
593.0
334.0
1141.0
292.0
156.0
796.0
5112.0
5582.0
123.0
169.0
320.0
51.0
27.0
182.0
223.0
193.0
483.0
354.0
73.0
61.0
27.0
117.0
30.0
19.0
171.0
892.0
51.0
126.0
61.0
43.0
163.0
140.0
70.0
164.0
148.0
725.0
35.0
20.0
25.0
30.0
8.0
76.0
265.0
106.0
74.0
86.0
54.0
37.0
81.0
142.0
49.0
25.0
55.0
160.0
166.0
103.0
87.0
139.0
47.0
65.0
1609.0
58.0
54.0
68.0
25.0
152.0
299.0
31.0
285.0
128.0
248.0
77.0
128.0
826.0
224.0
66.0
1225.0
132.0
115.0
73.0
90.0
118.0
20.0
253.0
200.0
507.0
1269.0
36.0
508.0
114.0
178.0
45.0
324.0
262.0
378.0
57.0
316.0
541.0
287.0
72.0
241.0
77.0
277.0
29.0
351.0
168.0
776.0
1301.0
548.0
362.0
1155.0
284.0
151.0
862.0
4970.0
5466.0
121.0
169.0
314.0
50.0
28.0
188.0
205.0
192.0
507.0
360.0
75.0
66.0
27.0
128.0
32.0
20.0
172.0
823.0
49.0
127.0
63.0
45.0
160.0
141.0
73.0
161.0
152.0
749.0
37.0
21.0
26.0
32.0
8.0
73.0
261.0
108.0
73.0
90.0
57.0
38.0
89.0
152.0
47.0
26.0
58.0
163.0
164.0
111.0
80.0
126.0
47.0
65.0
1638.0
57.0
58.0
67.0
26.0
167.0
286.0
31.0
281.0
127.0
241.0
79.0
129.0
783.0
224.0
71.0
1217.0
125.0
116.0
67.0
93.0
113.0
20.0
258.0
195.0
513.0
1270.0
34.0
531.0
110.0
191.0
48.0
317.0
249.0
388.0
58.0
305.0
536.0
290.0
72.0
240.0
82.0
300.0
27.0
342.0
159.0
763.0
1352.0
561.0
362.0
1120.0
281.0
146.0
850.0
5240.0
5673.0
126.0
170.0
311.0
48.0
28.0
181.0
224.0
179.0
525.0
350.0
78.0
61.0
26.0
120.0
30.0
20.0
175.0
828.0
52.0
130.0
67.0
44.0
156.0
155.0
72.0
152.0
142.0
789.0
35.0
21.0
26.0
32.0
8.0
73.0
274.0
112.0
68.0
83.0
59.0
39.0
85.0
148.0
45.0
27.0
56.0
159.0
160.0
110.0
87.0
137.0
48.0
66.0
1664.0
57.0
57.0
65.0
26.0
159.0
271.0
31.0
271.0
129.0
243.0
81.0
134.0
806.0
211.0
67.0
1264.0
123.0
127.0
73.0
91.0
122.0
19.0
257.0
197.0
469.0
1298.0
35.0
555.0
119.0
191.0
46.0
333.0
247.0
376.0
60.0
300.0
512.0
267.0
75.0
244.0
82.0
281.0
28.0
348.0
159.0
813.0
1362.0
559.0
328.0
1097.0
291.0
149.0
851.0
5483.0
5851.0
120.0
161.0
332.0
47.0
27.0
190.0
215.0
183.0
502.0
370.0
78.0
66.0
27.0
124.0
33.0
20.0
166.0
900.0
50.0
119.0
63.0
42.0
151.0
147.0
72.0
168.0
146.0
754.0
36.0
21.0
25.0
32.0
8.0
76.0
253.0
113.0
67.0
82.0
54.0
41.0
81.0
151.0
49.0
26.0
58.0
162.0
165.0
107.0
82.0
129.0
44.0
61.0
1539.0
59.0
54.0
70.0
25.0
152.0
274.0
32.0
272.0
129.0
237.0
80.0
135.0
773.0
222.0
69.0
1276.0
133.0
123.0
67.0
90.0
116.0
20.0
248.0
198.0
519.0
1292.0
35.0
514.0
112.0
175.0
48.0
316.0
267.0
361.0
61.0
298.0
546.0
290.0
71.0
230.0
78.0
296.0
27.0
348.0
162.0
816.0
1316.0
565.0
330.0
1081.0
289.0
157.0
802.0
5391.0
5648.0
121.0
166.0
321.0
49.0
28.0
175.0
216.0
180.0
491.0
358.0
75.0
67.0
26.0
120.0
31.0
19.0
179.0
888.0
52.0
120.0
65.0
43.0
163.0
148.0
70.0
158.0
142.0
737.0
38.0
21.0
25.0
29.0
8.0
75.0
274.0
104.0
71.0
83.0
57.0
39.0
87.0
150.0
46.0
26.0
53.0
163.0
172.0
104.0
81.0
136.0
44.0
64.0
1635.0
55.0
57.0
69.0
26.0
152.0
278.0
30.0
283.0
128.0
249.0
79.0
128.0
796.0
221.0
66.0
1255.0
131.0
118.0
72.0
92.0
112.0
20.0
265.0
203.0
512.0
1288.0
33.0
538.0
112.0
185.0
46.0
319.0
248.0
399.0
57.0
314.0
510.0
282.0
76.0
233.0
75.0
278.0
28.0
368.0
169.0
769.0
1280.0
564.0
339.0
1137.0
284.0
158.0
858.0
5203.0
5841.0
130.0
162.0
310.0
49.0
29.0
190.0
213.0
191.0
484.0
342.0
78.0
62.0
25.0
119.0
33.0
20.0
174.0
825.0
53.0
131.0
66.0
43.0
163.0
150.0
76.0
156.0
148.0
802.0
36.0
21.0
25.0
31.0
8.0
73.0
261.0
107.0
68.0
86.0
58.0
38.0
89.0
153.0
48.0
27.0
56.0
149.0
171.0
104.0
81.0
138.0
48.0
63.0
1600.0
54.0
56.0
70.0
26.0
151.0
274.0
31.0
288.0
120.0
236.0
81.0
129.0
787.0
209.0
71.0
1167.0
123.0
118.0
73.0
88.0
113.0
19.0
257.0
197.0
488.0
1265.0
36.0
560.0
120.0
178.0
46.0
325.0
268.0
368.0
61.0
317.0
545.0
278.0
75.0
248.0
76.0
273.0
29.0
358.0
163.0
767.0
1353.0
586.0
355.0
1198.0
273.0
159.0
854.0
4980.0
5891.0
119.0
158.0
306.0
51.0
28.0
188.0
213.0
179.0
486.0
362.0
75.0
63.0
26.0
127.0
30.0
20.0
174.0
837.0
50.0
121.0
67.0
46.0
167.0
149.0
70.0
157.0
151.0
794.0
35.0
20.0
26.0
30.0
8.0
74.0
252.0
111.0
74.0
84.0
54.0
41.0
89.0
140.0
46.0
25.0
58.0
160.0
159.0
102.0
87.0
133.0
44.0
63.0
1552.0
55.0
58.0
64.0
24.0
167.0
282.0
33.0
280.0
124.0
253.0
82.0
128.0
827.0
205.0
65.0
1188.0
132.0
126.0
69.0
89.0
119.0
20.0
267.0
191.0
489.0
1337.0
35.0
509.0
114.0
193.0
46.0
318.0
248.0
363.0
61.0
298.0
529.0
280.0
72.0
235.0
77.0
290.0
28.0
341.0
166.0
838.0
1292.0
567.0
329.0
1160.0
288.0
144.0
804.0
5041.0
5829.0
129.0
158.0
321.0
47.0
27.0
189.0
209.0
178.0
498.0
345.0
77.0
61.0
27.0
128.0
32.0
19.0
165.0
883.0
50.0
124.0
62.0
42.0
155.0
145.0
71.0
167.0
153.0
776.0
36.0
20.0
24.0
32.0
8.0
69.0
252.0
108.0
68.0
87.0
57.0
40.0
84.0
153.0
48.0
25.0
54.0
158.0
163.0
111.0
81.0
133.0
45.0
64.0
1654.0
54.0
55.0
66.0
25.0
165.0
282.0
31.0
287.0
126.0
246.0
76.0
135.0
755.0
210.0
69.0
1245.0
126.0
127.0
71.0
88.0
121.0
19.0
248.0
195.0
475.0
1332.0
34.0
510.0
115.0
184.0
45.0
351.0
250.0
371.0
61.0
316.0
558.0
290.0
70.0
231.0
77.0
300.0
28.0
366.0
159.0
789.0
1330.0
566.0
328.0
1121.0
292.0
153.0
810.0
5517.0
6000.0
130.0
166.0
325.0
49.0
27.0
185.0
226.0
192.0
510.0
361.0
73.0
65.0
25.0
120.0
32.0
19.0
164.0
826.0
53.0
124.0
65.0
43.0
157.0
151.0
70.0
165.0
144.0
763.0
35.0
20.0
26.0
30.0
8.0
76.0
265.0
104.0
73.0
87.0
55.0
39.0
81.0
151.0
49.0
27.0
58.0
164.0
174.0
110.0
83.0
127.0
44.0
63.0
1595.0
58.0
55.0
65.0
25.0
153.0
299.0
31.0
286.0
130.0
249.0
83.0
137.0
823.0
218.0
67.0
1269.0
134.0
118.0
68.0
93.0
121.0
20.0
259.0
191.0
475.0
1327.0
35.0
514.0
109.0
184.0
45.0
351.0
251.0
375.0
57.0
297.0
547.0
290.0
69.0
234.0
75.0
290.0
29.0
373.0
161.0
834.0
1382.0
562.0
360.0
1133.0
274.0
156.0
872.0
5411.0
5615.0
123.0
162.0
312.0
47.0
27.0
192.0
211.0
185.0
500.0
362.0
77.0
67.0
26.0
126.0
31.0
19.0
177.0
831.0
52.0
129.0
67.0
46.0
160.0
143.0
74.0
168.0
151.0
777.0
35.0
21.0
25.0
32.0
8.0
73.0
267.0
106.0
72.0
91.0
56.0
38.0
87.0
150.0
46.0
26.0
53.0
162.0
159.0
101.0
84.0
126.0
48.0
63.0
1659.0
55.0
55.0
71.0
25.0
161.0
272.0
33.0
279.0
118.0
240.0
78.0
137.0
790.0
207.0
68.0
1167.0
131.0
122.0
70.0
89.0
120.0
19.0
257.0
191.0
485.0
1304.0
34.0
541.0
115.0
183.0
46.0
351.0
263.0
382.0
57.0
320.0
530.0
290.0
73.0
231.0
79.0
296.0
28.0
370.0
166.0
825.0
1361.0
554.0
343.0
1101.0
275.0
154.0
869.0
5475.0
6031.0
128.0
162.0
305.0
51.0
27.0
193.0
220.0
188.0
516.0
341.0
79.0
64.0
27.0
117.0
32.0
19.0
162.0
841.0
49.0
123.0
62.0
43.0
158.0
155.0
74.0
152.0
152.0
757.0
35.0
21.0
26.0
31.0
8.0
70.0
267.0
107.0
74.0
83.0
57.0
38.0
87.0
143.0
48.0
25.0
53.0
158.0
166.0
103.0
79.0
134.0
44.0
61.0
1645.0
59.0
54.0
67.0
26.0
154.0
282.0
33.0
278.0
129.0
245.0
75.0
136.0
751.0
213.0
70.0
1219.0
126.0
123.0
72.0
93.0
118.0
19.0
266.0
190.0
486.0
1280.0
36.0
519.0
116.0
186.0
46.0
351.0
256.0
371.0
56.0
299.0
549.0
294.0
69.0
235.0
82.0
284.0
28.0
347.0
168.0
778.0
1264.0
598.0
337.0
1093.0
294.0
145.0
803.0
5043.0
5513.0
128.0
165.0
319.0
49.0
29.0
183.0
217.0
185.0
528.0
339.0
75.0
61.0
27.0
126.0
30.0
20.0
165.0
894.0
51.0
125.0
62.0
44.0
163.0
148.0
72.0
153.0
140.0
740.0
37.0
21.0
25.0
32.0
8.0
76.0
272.0
105.0
71.0
83.0
54.0
39.0
88.0
145.0
46.0
26.0
57.0
158.0
160.0
108.0
79.0
137.0
47.0
62.0
1596.0
58.0
58.0
66.0
25.0
155.0
279.0
32.0
281.0
129.0
236.0
79.0
135.0
799.0
221.0
67.0
1188.0
132.0
126.0
73.0
94.0
111.0
19.0
252.0
199.0
469.0
1239.0
34.0
508.0
114.0
184.0
46.0
330.0
260.0
377.0
57.0
318.0
539.0
292.0
72.0
246.0
79.0
291.0
27.0
345.0
160.0
807.0
1292.0
556.0
342.0
1188.0
275.0
153.0
825.0
5185.0
5588.0
119.0
166.0
320.0
49.0
27.0
181.0
216.0
195.0
483.0
348.0
79.0
63.0
25.0
121.0
33.0
18.0
164.0
880.0
51.0
119.0
64.0
42.0
161.0
144.0
69.0
168.0
142.0
727.0
35.0
21.0
26.0
31.0
8.0
73.0
256.0
102.0
71.0
88.0
55.0
40.0
81.0
147.0
47.0
26.0
57.0
158.0
172.0
111.0
83.0
136.0
44.0
64.0
1665.0
59.0
56.0
69.0
25.0
158.0
287.0
32.0
268.0
119.0
240.0
83.0
133.0
765.0
203.0
66.0
1244.0
129.0
116.0
70.0
90.0
112.0
20.0
246.0
198.0
205.0
170.0
155.0
143.0
393.0
174.0
172.0
133.0
140.0
153.0
161.0
170.0
159.0
157.0
144.0
170.0
171.0
134.0
393.0
175.0
144.0
169.0
135.0
173.0
138.0
159.0
177.0
386.0
170.0
158.0
144.0
143.0
132.0
158.0
136.0
156.0
162.0
163.0
174.0
172.0
153.0
162.0
170.0
142.0
132.0
437.0
134.0
144.0
411.0
164.0
137.0
171.0
149.0
136.0
177.0
171.0
138.0
174.0
370.0
172.0
137.0
134.0
134.0
149.0
147.0
175.0
131.0
165.0
133.0
139.0
147.0
133.0
150.0
133.0
148.0
135.0
478.0
139.0
155.0
164.0
161.0
143.0
172.0
162.0
157.0
157.0
434.0
169.0
454.0
160.0
400.0
403.0
491.0
373.0
483.0
418.0
445.0
400.0
370.0
155.0
175.0
131.0
150.0
169.0
177.0
169.0
140.0
133.0
203.0
166.0
162.0
153.0
405.0
153.0
136.0
158.0
170.0
133.0
169.0
148.0
152.0
151.0
153.0
151.0
165.0
165.0
413.0
162.0
159.0
132.0
145.0
169.0
164.0
174.0
133.0
494.0
135.0
139.0
160.0
166.0
137.0
166.0
169.0
165.0
163.0
157.0
131.0
153.0
167.0
165.0
169.0
120.0
171.0
378.0
134.0
167.0
475.0
150.0
160.0
168.0
158.0
142.0
160.0
165.0
174.0
172.0
412.0
165.0
175.0
149.0
165.0
140.0
138.0
170.0
130.0
140.0
142.0
143.0
160.0
171.0
174.0
168.0
145.0
168.0
400.0
148.0
153.0
138.0
174.0
154.0
164.0
150.0
160.0
147.0
483.0
151.0
485.0
169.0
485.0
446.0
416.0
451.0
407.0
398.0
438.0
457.0
417.0
141.0
133.0
165.0
145.0
171.0
137.0
152.0
169.0
150.0
177.0
197.0
153.0
161.0
416.0
151.0
132.0
141.0
133.0
138.0
155.0
136.0
177.0
164.0
142.0
148.0
153.0
174.0
473.0
154.0
147.0
150.0
165.0
156.0
135.0
148.0
135.0
487.0
135.0
171.0
176.0
133.0
176.0
166.0
162.0
156.0
164.0
151.0
163.0
169.0
173.0
163.0
168.0
147.0
175.0
411.0
142.0
174.0
455.0
173.0
161.0
136.0
147.0
174.0
158.0
146.0
166.0
170.0
389.0
130.0
157.0
176.0
175.0
142.0
162.0
145.0
173.0
140.0
174.0
160.0
176.0
159.0
142.0
137.0
128.0
157.0
428.0
144.0
154.0
139.0
154.0
176.0
160.0
171.0
159.0
173.0
364.0
130.0
384.0
170.0
399.0
384.0
493.0
418.0
415.0
374.0
491.0
371.0
447.0
175.0
174.0
167.0
160.0
164.0
161.0
167.0
161.0
169.0
183.0
197.0
166.0
134.0
455.0
130.0
150.0
172.0
170.0
162.0
162.0
134.0
161.0
138.0
175.0
164.0
162.0
154.0
401.0
177.0
146.0
136.0
145.0
130.0
132.0
140.0
152.0
486.0
156.0
169.0
132.0
169.0
167.0
162.0
146.0
146.0
166.0
144.0
175.0
164.0
164.0
138.0
154.0
124.0
136.0
423.0
140.0
132.0
422.0
134.0
148.0
165.0
162.0
131.0
172.0
149.0
142.0
171.0
439.0
154.0
163.0
147.0
158.0
147.0
173.0
141.0
155.0
152.0
147.0
157.0
164.0
135.0
151.0
164.0
150.0
144.0
434.0
141.0
164.0
152.0
169.0
149.0
156.0
145.0
166.0
157.0
375.0
171.0
462.0
131.0
477.0
395.0
434.0
401.0
400.0
437.0
386.0
387.0
489.0
161.0
164.0
164.0
144.0
176.0
130.0
132.0
149.0
158.0
161.0
192.0
144.0
142.0
439.0
134.0
145.0
169.0
157.0
168.0
173.0
165.0
140.0
145.0
148.0
139.0
158.0
138.0
416.0
176.0
163.0
155.0
131.0
162.0
176.0
171.0
164.0
406.0
163.0
138.0
162.0
158.0
137.0
167.0
148.0
148.0
133.0
130.0
135.0
149.0
168.0
170.0
130.0
149.0
147.0
440.0
165.0
163.0
485.0
138.0
131.0
145.0
175.0
153.0
146.0
165.0
161.0
139.0
479.0
135.0
150.0
142.0
147.0
146.0
167.0
171.0
142.0
159.0
162.0
139.0
165.0
137.0
139.0
173.0
115.0
160.0
389.0
170.0
159.0
143.0
153.0
174.0
148.0
155.0
134.0
149.0
375.0
154.0
370.0
169.0
481.0
383.0
391.0
442.0
389.0
428.0
374.0
474.0
452.0
140.0
140.0
165.0
171.0
174.0
172.0
133.0
145.0
154.0
183.0
159.0
175.0
155.0
441.0
156.0
142.0
156.0
148.0
157.0
150.0
171.0
160.0
167.0
157.0
134.0
155.0
152.0
438.0
143.0
176.0
174.0
134.0
133.0
144.0
163.0
145.0
419.0
131.0
141.0
166.0
150.0
150.0
149.0
159.0
176.0
141.0
147.0
149.0
144.0
161.0
144.0
175.0
151.0
151.0
482.0
169.0
139.0
458.0
131.0
169.0
145.0
172.0
160.0
138.0
147.0
168.0
133.0
427.0
175.0
175.0
135.0
165.0
145.0
148.0
154.0
157.0
132.0
158.0
130.0
177.0
158.0
163.0
162.0
112.0
131.0
433.0
162.0
130.0
148.0
151.0
142.0
164.0
157.0
133.0
159.0
382.0
163.0
390.0
154.0
471.0
412.0
457.0
364.0
397.0
399.0
491.0
372.0
427.0
176.0
146.0
137.0
174.0
176.0
156.0
155.0
139.0
143.0
169.0
165.0
146.0
133.0
368.0
170.0
170.0
141.0
131.0
160.0
141.0
171.0
133.0
153.0
138.0
131.0
151.0
168.0
417.0
142.0
138.0
145.0
175.0
161.0
135.0
158.0
146.0
455.0
134.0
147.0
164.0
173.0
176.0
138.0
149.0
132.0
174.0
136.0
177.0
160.0
171.0
150.0
133.0
143.0
147.0
366.0
138.0
160.0
473.0
169.0
167.0
135.0
166.0
136.0
133.0
158.0
174.0
130.0
491.0
158.0
145.0
139.0
168.0
172.0
176.0
155.0
150.0
151.0
134.0
175.0
158.0
140.0
168.0
158.0
114.0
149.0
490.0
159.0
166.0
138.0
149.0
168.0
172.0
153.0
163.0
168.0
456.0
169.0
434.0
173.0
430.0
363.0
466.0
430.0
380.0
485.0
413.0
451.0
466.0
158.0
146.0
157.0
134.0
143.0
155.0
156.0
169.0
162.0
207.0
164.0
150.0
169.0
369.0
162.0
155.0
161.0
157.0
133.0
176.0
166.0
170.0
157.0
135.0
160.0
130.0
138.0
385.0
148.0
140.0
137.0
144.0
177.0
172.0
159.0
149.0
373.0
156.0
150.0
159.0
147.0
140.0
132.0
166.0
170.0
147.0
160.0
140.0
153.0
131.0
171.0
161.0
117.0
148.0
491.0
163.0
155.0
481.0
143.0
161.0
138.0
175.0
163.0
166.0
135.0
159.0
173.0
393.0
158.0
162.0
175.0
164.0
175.0
154.0
158.0
166.0
154.0
132.0
172.0
158.0
147.0
132.0
152.0
135.0
173.0
440.0
156.0
153.0
174.0
136.0
136.0
130.0
160.0
175.0
132.0
404.0
148.0
435.0
154.0
439.0
429.0
417.0
410.0
466.0
452.0
391.0
424.0
402.0
176.0
148.0
162.0
169.0
130.0
155.0
135.0
175.0
139.0
171.0
170.0
141.0
139.0
438.0
136.0
160.0
153.0
164.0
172.0
165.0
136.0
142.0
152.0
134.0
132.0
145.0
145.0
409.0
143.0
157.0
143.0
153.0
140.0
156.0
137.0
132.0
424.0
159.0
137.0
175.0
136.0
143.0
158.0
169.0
165.0
162.0
159.0
151.0
163.0
152.0
166.0
133.0
126.0
143.0
469.0
152.0
175.0
426.0
168.0
138.0
130.0
135.0
158.0
135.0
174.0
135.0
140.0
452.0
177.0
132.0
168.0
175.0
167.0
142.0
130.0
154.0
170.0
173.0
169.0
140.0
149.0
151.0
177.0
142.0
166.0
423.0
151.0
172.0
149.0
171.0
133.0
160.0
152.0
133.0
170.0
367.0
151.0
407.0
155.0
482.0
491.0
446.0
381.0
494.0
372.0
457.0
407.0
417.0
163.0
135.0
171.0
176.0
169.0
145.0
155.0
145.0
160.0
175.0
155.0
149.0
167.0
462.0
151.0
141.0
159.0
167.0
139.0
157.0
158.0
162.0
146.0
133.0
166.0
161.0
173.0
395.0
162.0
136.0
154.0
174.0
139.0
177.0
152.0
153.0
383.0
162.0
172.0
155.0
161.0
173.0
130.0
146.0
167.0
137.0
148.0
170.0
154.0
134.0
153.0
175.0
137.0
138.0
423.0
134.0
161.0
396.0
156.0
145.0
175.0
148.0
150.0
135.0
171.0
149.0
131.0
430.0
152.0
146.0
135.0
131.0
176.0
146.0
141.0
165.0
136.0
137.0
140.0
142.0
149.0
168.0
135.0
140.0
140.0
469.0
133.0
169.0
169.0
169.0
131.0
165.0
167.0
137.0
171.0
367.0
170.0
476.0
150.0
412.0
451.0
471.0
435.0
432.0
486.0
493.0
390.0
454.0
159.0
149.0
139.0
153.0
154.0
176.0
175.0
177.0
139.0
203.0
192.0
154.0
134.0
427.0
165.0
144.0
157.0
149.0
152.0
144.0
162.0
173.0
176.0
143.0
145.0
162.0
173.0
410.0
136.0
157.0
166.0
169.0
176.0
153.0
142.0
145.0
492.0
153.0
141.0
136.0
157.0
162.0
139.0
137.0
130.0
148.0
152.0
156.0
133.0
161.0
156.0
148.0
124.0
156.0
409.0
164.0
158.0
491.0
133.0
170.0
141.0
158.0
133.0
160.0
164.0
145.0
135.0
428.0
165.0
143.0
154.0
174.0
151.0
150.0
151.0
176.0
158.0
140.0
140.0
134.0
146.0
156.0
134.0
112.0
174.0
438.0
150.0
174.0
141.0
163.0
177.0
161.0
174.0
165.0
153.0
494.0
137.0
432.0
175.0
408.0
432.0
477.0
428.0
379.0
479.0
377.0
426.0
462.0
148.0
154.0
140.0
133.0
159.0
136.0
156.0
160.0
176.0
155.0
165.0
141.0
145.0
374.0
161.0
144.0
166.0
143.0
154.0
150.0
139.0
173.0
155.0
131.0
159.0
164.0
177.0
462.0
166.0
159.0
140.0
143.0
141.0
136.0
163.0
156.0
395.0
144.0
172.0
168.0
172.0
163.0
171.0
154.0
145.0
135.0
176.0
152.0
137.0
155.0
162.0
159.0
124.0
171.0
487.0
132.0
173.0
456.0
170.0
158.0
168.0
146.0
152.0
164.0
144.0
162.0
173.0
486.0
156.0
140.0
147.0
154.0
138.0
146.0
147.0
154.0
172.0
170.0
160.0
150.0
140.0
138.0
149.0
143.0
152.0
455.0
158.0
158.0
162.0
147.0
168.0
155.0
149.0
150.0
170.0
377.0
172.0
472.0
131.0
408.0
471.0
459.0
425.0
462.0
385.0
386.0
443.0
412.0
171.0
173.0
135.0
153.0
162.0
166.0
130.0
132.0
174.0
158.0
157.0
177.0
159.0
427.0
148.0
132.0
153.0
142.0
159.0
160.0
149.0
167.0
173.0
132.0
135.0
165.0
173.0
465.0
133.0
146.0
144.0
176.0
135.0
168.0
152.0
149.0
469.0
131.0
155.0
174.0
145.0
156.0
137.0
132.0
160.0
148.0
170.0
153.0
157.0
169.0
160.0
137.0
119.0
163.0
394.0
170.0
141.0
446.0
149.0
157.0
166.0
143.0
166.0
146.0
149.0
147.0
143.0
455.0
145.0
145.0
159.0
162.0
147.0
162.0
154.0
155.0
169.0
149.0
136.0
160.0
154.0
139.0
141.0
132.0
156.0
366.0
140.0
156.0
158.0
162.0
162.0
143.0
167.0
131.0
174.0
366.0
150.0
389.0
161.0
382.0
399.0
378.0
438.0
450.0
480.0
463.0
472.0
430.0
145.0
142.0
161.0
176.0
154.0
170.0
137.0
177.0
156.0
208.0
185.0
141.0
139.0
420.0
143.0
155.0
136.0
166.0
141.0
156.0
159.0
131.0
176.0
138.0
176.0
141.0
133.0
475.0
164.0
177.0
157.0
169.0
144.0
150.0
143.0
138.0
486.0
134.0
152.0
165.0
174.0
176.0
154.0
170.0
149.0
138.0
157.0
174.0
143.0
140.0
152.0
170.0
114.0
135.0
482.0
141.0
172.0
418.0
138.0
139.0
158.0
132.0
175.0
151.0
165.0
159.0
141.0
426.0
145.0
154.0
150.0
138.0
135.0
170.0
151.0
150.0
130.0
141.0
160.0
150.0
131.0
174.0
164.0
135.0
150.0
458.0
143.0
141.0
156.0
158.0
144.0
175.0
131.0
145.0
169.0
483.0
153.0
384.0
177.0
373.0
394.0
409.0
412.0
400.0
492.0
430.0
381.0
443.0
131.0
154.0
133.0
164.0
150.0
169.0
147.0
157.0
172.0
176.0
207.0
174.0
151.0
421.0
174.0
143.0
140.0
154.0
159.0
161.0
131.0
147.0
139.0
157.0
137.0
173.0
165.0
386.0
170.0
139.0
149.0
132.0
158.0
167.0
131.0
162.0
453.0
154.0
166.0
144.0
176.0
158.0
172.0
147.0
174.0
159.0
164.0
148.0
132.0
171.0
136.0
157.0
131.0
130.0
432.0
147.0
148.0
493.0
169.0
150.0
148.0
173.0
138.0
165.0
176.0
138.0
133.0
457.0
132.0
163.0
149.0
138.0
155.0
166.0
167.0
141.0
140.0
144.0
144.0
138.0
172.0
164.0
160.0
121.0
152.0
447.0
161.0
131.0
132.0
139.0
169.0
150.0
152.0
170.0
141.0
431.0
149.0
428.0
130.0
393.0
456.0
450.0
450.0
366.0
442.0
368.0
386.0
402.0
135.0
157.0
138.0
154.0
154.0
166.0
156.0
150.0
130.0
156.0
161.0
165.0
169.0
428.0
159.0
174.0
136.0
167.0
144.0
149.0
175.0
165.0
175.0
130.0
166.0
159.0
164.0
430.0
145.0
156.0
145.0
168.0
132.0
165.0
163.0
161.0
366.0
158.0
157.0
157.0
152.0
165.0
147.0
163.0
131.0
153.0
166.0
145.0
151.0
153.0
169.0
131.0
132.0
151.0
375.0
158.0
134.0
374.0
155.0
151.0
170.0
166.0
132.0
172.0
176.0
171.0
173.0
460.0
169.0
130.0
148.0
176.0
151.0
137.0
142.0
154.0
149.0
174.0
147.0
132.0
152.0
134.0
174.0
113.0
160.0
370.0
161.0
167.0
138.0
147.0
161.0
146.0
142.0
130.0
163.0
492.0
143.0
375.0
153.0
365.0
419.0
426.0
459.0
417.0
447.0
396.0
431.0
440.0
134.0
131.0
176.0
136.0
132.0
157.0
144.0
154.0
155.0
174.0
196.0
172.0
139.0
484.0
143.0
160.0
151.0
166.0
133.0
140.0
157.0
131.0
159.0
151.0
147.0
155.0
139.0
421.0
168.0
169.0
141.0
157.0
153.0
172.0
155.0
150.0
480.0
135.0
136.0
145.0
171.0
131.0
155.0
144.0
165.0
165.0
174.0
143.0
134.0
137.0
139.0
169.0
142.0
141.0
486.0
177.0
139.0
384.0
137.0
168.0
161.0
175.0
174.0
168.0
138.0
177.0
141.0
379.0
144.0
153.0
175.0
160.0
164.0
163.0
160.0
166.0
170.0
168.0
159.0
131.0
149.0
144.0
149.0
134.0
170.0
443.0
148.0
132.0
142.0
139.0
164.0
173.0
166.0
147.0
153.0
435.0
170.0
428.0
153.0
382.0
389.0
429.0
446.0
388.0
430.0
461.0
428.0
478.0
169.0
151.0
156.0
170.0
141.0
166.0
136.0
134.0
172.0
193.0
164.0
171.0
166.0
469.0
159.0
136.0
149.0
170.0
176.0
159.0
139.0
162.0
165.0
154.0
177.0
149.0
140.0
472.0
171.0
151.0
134.0
151.0
139.0
168.0
135.0
149.0
475.0
174.0
169.0
148.0
171.0
145.0
166.0
175.0
153.0
166.0
132.0
145.0
159.0
165.0
157.0
158.0
142.0
148.0
424.0
166.0
151.0
399.0
171.0
169.0
156.0
154.0
172.0
173.0
161.0
140.0
167.0
418.0
171.0
150.0
175.0
138.0
158.0
162.0
152.0
151.0
173.0
177.0
161.0
133.0
173.0
139.0
155.0
128.0
175.0
415.0
130.0
149.0
162.0
149.0
166.0
144.0
147.0
147.0
162.0
459.0
170.0
433.0
132.0
366.0
387.0
429.0
465.0
408.0
447.0
491.0
458.0
438.0
172.0
172.0
149.0
146.0
146.0
162.0
131.0
156.0
173.0
196.0
181.0
142.0
176.0
465.0
175.0
161.0
133.0
164.0
157.0
169.0
149.0
163.0
141.0
142.0
170.0
153.0
144.0
396.0
142.0
167.0
166.0
130.0
166.0
165.0
154.0
159.0
403.0
149.0
133.0
163.0
145.0
152.0
173.0
173.0
164.0
148.0
148.0
177.0
139.0
169.0
170.0
176.0
143.0
130.0
434.0
150.0
176.0
380.0
140.0
143.0
141.0
150.0
159.0
144.0
135.0
137.0
144.0
433.0
155.0
161.0
151.0
172.0
152.0
150.0
160.0
133.0
147.0
163.0
161.0
150.0
137.0
176.0
171.0
119.0
135.0
438.0
169.0
154.0
163.0
134.0
168.0
135.0
170.0
148.0
132.0
407.0
165.0
422.0
138.0
377.0
481.0
389.0
441.0
379.0
370.0
398.0
458.0
367.0
141.0
133.0
133.0
158.0
173.0
171.0
133.0
136.0
144.0
193.0
182.0
158.0
131.0
396.0
168.0
141.0
165.0
163.0
144.0
158.0
158.0
132.0
153.0
142.0
150.0
167.0
153.0
451.0
134.0
156.0
158.0
132.0
153.0
134.0
150.0
132.0
372.0
131.0
161.0
156.0
164.0
151.0
164.0
140.0
165.0
138.0
145.0
143.0
170.0
148.0
140.0
165.0
137.0
174.0
417.0
137.0
136.0
424.0
160.0
152.0
171.0
140.0
132.0
166.0
133.0
132.0
176.0
440.0
161.0
140.0
167.0
161.0
142.0
164.0
167.0
170.0
146.0
156.0
167.0
151.0
142.0
170.0
177.0
147.0
164.0
493.0
174.0
161.0
174.0
177.0
172.0
159.0
169.0
176.0
134.0
433.0
153.0
406.0
148.0
461.0
377.0
467.0
393.0
439.0
374.0
488.0
424.0
395.0
174.0
153.0
166.0
174.0
140.0
144.0
136.0
131.0
156.0
