25 10 108
35062.5
35055.5
33175.5
35360.5
33331.5
29008.5
35068.5
34994.5
34252.5
31381.5
32746.5
35581.5
30687.5
33001.5
35557.5
33319.5
35129.5
35760.5
34412.5
34041.5
35378.5
32726.5
35020.5
34606.5
30632.5
0.02060992330008669
0.01647168220572063
0.022992489633052216
0.01878219155375021
0.02375456080293476
0.019821582790562994
0.02098377385035406
0.017434576205123925
0.022511275966490267
0.01739236325621508
0.02183092894639846
0.01719019040895889
0.023499459471340443
0.016747252714030124
0.02325590005904087
0.01782416582676675
0.023169722702863237
0.017597903404915464
0.022518686084911033
0.01817525798932939
0.023875996626763093
0.016910952309659114
0.02018083123111882
0.01969033326481141
0.02056799568403859
125
114
118
128
113
118
236
154
218
166
2557
22
1261
1300
67
529
573
798
614
869
494.0
1231.0
35.0
510.0
110.0
187.0
46.0
322.0
246.0
398.0
60.0
320.0
511.0
275.0
75.0
246.0
75.0
300.0
27.0
364.0
171.0
779.0
1278.0
564.0
330.0
1141.0
284.0
157.0
806.0
5362.0
5435.0
120.0
161.0
329.0
49.0
27.0
179.0
208.0
195.0
506.0
358.0
75.0
62.0
25.0
124.0
31.0
20.0
172.0
837.0
50.0
122.0
66.0
44.0
167.0
143.0
74.0
166.0
145.0
796.0
37.0
20.0
24.0
30.0
8.0
69.0
267.0
113.0
73.0
88.0
59.0
39.0
87.0
149.0
45.0
27.0
54.0
153.0
173.0
108.0
83.0
135.0
45.0
61.0
1656.0
54.0
57.0
65.0
26.0
158.0
280.0
32.0
280.0
128.0
250.0
79.0
133.0
817.0
209.0
64.0
1212.0
130.0
126.0
72.0
88.0
116.0
19.0
260.0
204.0
510.0
1306.0
34.0
544.0
110.0
185.0
44.0
329.0
268.0
371.0
59.0
319.0
509.0
269.0
75.0
247.0
81.0
302.0
28.0
355.0
165.0
770.0
1325.0
592.0
348.0
1193.0
278.0
147.0
790.0
5381.0
5515.0
121.0
159.0
335.0
50.0
29.0
182.0
211.0
189.0
496.0
347.0
77.0
63.0
26.0
116.0
31.0
19.0
166.0
882.0
52.0
120.0
63.0
45.0
166.0
140.0
70.0
168.0
153.0
765.0
35.0
21.0
26.0
30.0
8.0
70.0
254.0
103.0
71.0
84.0
58.0
38.0
83.0
149.0
48.0
27.0
58.0
152.0
160.0
104.0
85.0
135.0
44.0
63.0
1577.0
54.0
58.0
67.0
25.0
151.0
280.0
33.0
263.0
128.0
245.0
76.0
141.0
764.0
219.0
69.0
1178.0
134.0
127.0
70.0
87.0
119.0
18.0
267.0
192.0
477.0
1321.0
33.0
543.0
113.0
189.0
46.0
335.0
266.0
389.0
61.0
318.0
549.0
286.0
74.0
234.0
75.0
287.0
29.0
359.0
159.0
843.0
1271.0
554.0
351.0
1129.0
271.0
144.0
863.0
5096.0
5636.0
119.0
169.0
327.0
50.0
27.0
185.0
220.0
196.0
511.0
374.0
75.0
63.0
27.0
122.0
33.0
20.0
169.0
888.0
50.0
130.0
67.0
43.0
163.0
152.0
70.0
157.0
152.0
784.0
36.0
21.0
25.0
31.0
8.0
73.0
255.0
106.0
70.0
90.0
56.0
40.0
85.0
154.0
48.0
27.0
54.0
161.0
173.0
109.0
83.0
133.0
48.0
64.0
1609.0
58.0
55.0
66.0
26.0
155.0
294.0
31.0
286.0
119.0
243.0
78.0
138.0
805.0
222.0
65.0
1168.0
126.0
127.0
68.0
86.0
115.0
20.0
271.0
195.0
519.0
1336.0
34.0
544.0
117.0
192.0
46.0
333.0
254.0
397.0
61.0
289.0
526.0
288.0
69.0
230.0
81.0
277.0
27.0
345.0
159.0
798.0
1376.0
570.0
330.0
1195.0
271.0
156.0
856.0
5511.0
5520.0
122.0
165.0
305.0
47.0
28.0
191.0
217.0
184.0
491.0
365.0
79.0
62.0
27.0
122.0
31.0
20.0
176.0
835.0
49.0
122.0
67.0
42.0
165.0
142.0
72.0
162.0
142.0
761.0
35.0
20.0
26.0
30.0
8.0
69.0
266.0
111.0
68.0
87.0
59.0
38.0
82.0
150.0
47.0
25.0
55.0
156.0
160.0
103.0
79.0
129.0
47.0
63.0
1554.0
55.0
57.0
68.0
26.0
152.0
271.0
33.0
280.0
119.0
243.0
77.0
139.0
808.0
220.0
70.0
1170.0
122.0
120.0
70.0
91.0
112.0
18.0
267.0
196.0
501.0
1219.0
36.0
527.0
111.0
174.0
46.0
345.0
263.0
394.0
61.0
313.0
556.0
268.0
75.0
240.0
82.0
273.0
27.0
349.0
166.0
820.0
1374.0
557.0
359.0
1103.0
284.0
156.0
804.0
5132.0
5881.0
119.0
173.0
321.0
51.0
29.0
190.0
226.0
188.0
530.0
347.0
79.0
61.0
26.0
122.0
31.0
19.0
173.0
846.0
50.0
125.0
67.0
46.0
153.0
149.0
76.0
156.0
145.0
771.0
35.0
20.0
24.0
31.0
8.0
73.0
256.0
102.0
68.0
86.0
54.0
40.0
88.0
143.0
46.0
26.0
53.0
154.0
160.0
109.0
79.0
128.0
47.0
65.0
1522.0
55.0
54.0
65.0
25.0
167.0
284.0
33.0
286.0
123.0
243.0
82.0
140.0
796.0
215.0
65.0
1221.0
129.0
115.0
68.0
90.0
113.0
20.0
258.0
187.0
474.0
1281.0
35.0
548.0
113.0
192.0
45.0
321.0
266.0
365.0
56.0
295.0
539.0
272.0
72.0
235.0
75.0
275.0
29.0
355.0
170.0
828.0
1272.0
556.0
338.0
1162.0
272.0
158.0
791.0
5300.0
5876.0
125.0
162.0
310.0
51.0
29.0
193.0
206.0
192.0
494.0
374.0
73.0
64.0
26.0
125.0
31.0
19.0
171.0
876.0
49.0
127.0
66.0
46.0
161.0
145.0
72.0
166.0
148.0
746.0
36.0
20.0
26.0
32.0
8.0
72.0
268.0
105.0
69.0
86.0
55.0
37.0
87.0
140.0
46.0
27.0
55.0
151.0
165.0
105.0
82.0
129.0
45.0
67.0
1610.0
58.0
54.0
66.0
25.0
163.0
274.0
31.0
288.0
122.0
243.0
77.0
140.0
818.0
208.0
65.0
1228.0
134.0
123.0
71.0
93.0
114.0
19.0
249.0
194.0
484.0
1313.0
34.0
537.0
118.0
186.0
48.0
332.0
248.0
370.0
57.0
289.0
523.0
293.0
69.0
244.0
82.0
287.0
28.0
366.0
169.0
773.0
1301.0
564.0
328.0
1141.0
295.0
148.0
817.0
5191.0
5510.0
119.0
163.0
306.0
47.0
28.0
179.0
213.0
185.0
512.0
343.0
79.0
66.0
26.0
125.0
33.0
20.0
170.0
836.0
53.0
122.0
67.0
46.0
155.0
142.0
75.0
154.0
152.0
735.0
35.0
20.0
26.0
31.0
8.0
75.0
253.0
110.0
69.0
83.0
59.0
41.0
89.0
145.0
48.0
26.0
56.0
157.0
168.0
106.0
80.0
127.0
47.0
66.0
1609.0
56.0
59.0
70.0
26.0
159.0
280.0
32.0
283.0
120.0
247.0
81.0
135.0
784.0
221.0
66.0
1169.0
129.0
122.0
69.0
91.0
120.0
19.0
268.0
206.0
496.0
1337.0
33.0
509.0
115.0
179.0
44.0
321.0
251.0
385.0
57.0
296.0
515.0
283.0
74.0
240.0
76.0
285.0
27.0
360.0
166.0
795.0
1286.0
578.0
358.0
1181.0
297.0
144.0
871.0
5104.0
5969.0
128.0
170.0
331.0
47.0
28.0
193.0
207.0
192.0
533.0
357.0
77.0
62.0
27.0
121.0
32.0
19.0
178.0
841.0
51.0
123.0
64.0
45.0
155.0
147.0
71.0
155.0
140.0
803.0
36.0
19.0
25.0
32.0
8.0
75.0
274.0
113.0
73.0
82.0
59.0
40.0
81.0
152.0
47.0
26.0
55.0
161.0
170.0
108.0
86.0
132.0
48.0
65.0
1528.0
58.0
56.0
70.0
24.0
162.0
281.0
33.0
270.0
123.0
243.0
81.0
132.0
761.0
214.0
70.0
1246.0
131.0
121.0
73.0
90.0
112.0
20.0
266.0
191.0
501.0
1313.0
36.0
543.0
112.0
183.0
47.0
332.0
262.0
381.0
56.0
313.0
557.0
270.0
70.0
241.0
81.0
294.0
29.0
346.0
161.0
767.0
1262.0
589.0
330.0
1167.0
275.0
144.0
870.0
5262.0
5832.0
126.0
164.0
312.0
51.0
28.0
182.0
225.0
189.0
511.0
365.0
76.0
61.0
25.0
127.0
30.0
19.0
164.0
866.0
49.0
127.0
64.0
44.0
163.0
144.0
72.0
159.0
145.0
727.0
36.0
20.0
24.0
30.0
8.0
75.0
259.0
113.0
72.0
91.0
57.0
41.0
82.0
154.0
49.0
26.0
53.0
161.0
170.0
111.0
87.0
138.0
45.0
67.0
1606.0
54.0
59.0
71.0
26.0
151.0
288.0
32.0
265.0
121.0
243.0
83.0
133.0
814.0
222.0
66.0
1229.0
133.0
118.0
67.0
93.0
122.0
20.0
258.0
191.0
496.0
1291.0
33.0
517.0
112.0
191.0
45.0
329.0
246.0
375.0
58.0
294.0
507.0
293.0
73.0
251.0
78.0
277.0
28.0
363.0
166.0
810.0
1286.0
589.0
353.0
1141.0
283.0
147.0
863.0
5214.0
5763.0
131.0
173.0
324.0
47.0
29.0
188.0
205.0
184.0
484.0
353.0
77.0
64.0
26.0
116.0
33.0
19.0
171.0
904.0
52.0
120.0
67.0
43.0
164.0
154.0
71.0
163.0
138.0
786.0
37.0
21.0
26.0
31.0
8.0
70.0
256.0
113.0
68.0
89.0
57.0
41.0
87.0
147.0
48.0
27.0
56.0
164.0
171.0
104.0
79.0
134.0
45.0
61.0
1537.0
56.0
54.0
71.0
26.0
156.0
272.0
33.0
272.0
121.0
260.0
77.0
130.0
812.0
221.0
67.0
1222.0
124.0
121.0
68.0
90.0
121.0
18.0
249.0
192.0
517.0
1332.0
33.0
558.0
115.0
184.0
44.0
333.0
250.0
364.0
56.0
310.0
543.0
281.0
75.0
250.0
74.0
300.0
28.0
349.0
157.0
817.0
1374.0
552.0
333.0
1144.0
275.0
145.0
861.0
5162.0
6029.0
126.0
173.0
333.0
47.0
27.0
178.0
215.0
182.0
519.0
338.0
75.0
64.0
25.0
122.0
31.0
20.0
172.0
877.0
53.0
124.0
67.0
44.0
165.0
148.0
71.0
156.0
146.0
767.0
38.0
20.0
24.0
32.0
8.0
73.0
261.0
104.0
69.0
89.0
59.0
38.0
81.0
141.0
47.0
27.0
58.0
156.0
163.0
109.0
83.0
126.0
45.0
62.0
1657.0
59.0
59.0
69.0
24.0
152.0
290.0
31.0
281.0
127.0
257.0
76.0
135.0
752.0
213.0
71.0
1213.0
127.0
116.0
70.0
91.0
118.0
20.0
254.0
189.0
507.0
1286.0
36.0
537.0
110.0
178.0
46.0
345.0
264.0
379.0
61.0
312.0
525.0
284.0
72.0
241.0
80.0
291.0
28.0
366.0
165.0
791.0
1266.0
542.0
356.0
1092.0
272.0
144.0
811.0
5155.0
5526.0
120.0
157.0
312.0
48.0
28.0
186.0
214.0
190.0
530.0
350.0
74.0
65.0
27.0
119.0
30.0
20.0
176.0
884.0
48.0
126.0
65.0
44.0
160.0
152.0
69.0
165.0
142.0
791.0
36.0
21.0
24.0
30.0
8.0
75.0
259.0
106.0
69.0
83.0
57.0
38.0
85.0
142.0
49.0
25.0
57.0
158.0
169.0
108.0
85.0
130.0
48.0
67.0
1561.0
54.0
55.0
69.0
26.0
156.0
282.0
31.0
260.0
128.0
257.0
82.0
133.0
825.0
216.0
66.0
1174.0
126.0
116.0
71.0
88.0
115.0
20.0
264.0
188.0
489.0
1297.0
34.0
549.0
112.0
177.0
44.0
322.0
270.0
376.0
60.0
296.0
526.0
293.0
70.0
235.0
81.0
299.0
28.0
366.0
162.0
830.0
1272.0
574.0
354.0
1169.0
291.0
156.0
841.0
5440.0
5700.0
121.0
171.0
330.0
50.0
28.0
192.0
215.0
192.0
512.0
352.0
73.0
65.0
27.0
120.0
31.0
20.0
165.0
897.0
53.0
128.0
66.0
42.0
161.0
142.0
71.0
155.0
149.0
797.0
36.0
21.0
24.0
29.0
8.0
74.0
257.0
111.0
70.0
86.0
54.0
41.0
88.0
147.0
46.0
27.0
56.0
152.0
165.0
109.0
83.0
126.0
47.0
62.0
1660.0
59.0
59.0
65.0
25.0
164.0
277.0
30.0
273.0
129.0
243.0
77.0
132.0
804.0
225.0
70.0
1230.0
122.0
125.0
67.0
86.0
117.0
20.0
271.0
189.0
475.0
1288.0
34.0
513.0
117.0
192.0
46.0
327.0
248.0
401.0
58.0
290.0
556.0
280.0
74.0
238.0
81.0
288.0
27.0
354.0
163.0
835.0
1349.0
581.0
358.0
1121.0
296.0
151.0
822.0
5281.0
5976.0
121.0
161.0
331.0
51.0
27.0
182.0
207.0
191.0
490.0
352.0
73.0
65.0
25.0
122.0
31.0
19.0
175.0
820.0
51.0
127.0
63.0
43.0
157.0
148.0
72.0
168.0
146.0
787.0
38.0
20.0
26.0
31.0
8.0
73.0
271.0
108.0
74.0
85.0
55.0
41.0
81.0
141.0
48.0
27.0
57.0
156.0
167.0
104.0
85.0
133.0
46.0
63.0
1556.0
59.0
55.0
66.0
26.0
154.0
291.0
31.0
273.0
119.0
254.0
83.0
132.0
776.0
224.0
68.0
1251.0
125.0
119.0
72.0
88.0
112.0
19.0
257.0
193.0
507.0
1335.0
35.0
529.0
112.0
185.0
48.0
342.0
253.0
387.0
57.0
292.0
557.0
295.0
75.0
253.0
77.0
290.0
28.0
353.0
164.0
842.0
1389.0
593.0
350.0
1166.0
286.0
144.0
836.0
5459.0
5872.0
125.0
171.0
326.0
51.0
29.0
184.0
218.0
189.0
520.0
368.0
74.0
65.0
27.0
125.0
32.0
20.0
163.0
875.0
50.0
124.0
66.0
46.0
152.0
150.0
75.0
162.0
145.0
741.0
37.0
19.0
24.0
30.0
8.0
76.0
253.0
102.0
67.0
91.0
55.0
40.0
82.0
152.0
49.0
26.0
57.0
156.0
174.0
103.0
80.0
127.0
47.0
66.0
1663.0
56.0
55.0
71.0
26.0
161.0
273.0
32.0
267.0
122.0
236.0
78.0
138.0
755.0
221.0
69.0
1262.0
134.0
122.0
67.0
87.0
122.0
20.0
253.0
190.0
499.0
1218.0
33.0
531.0
112.0
192.0
44.0
334.0
264.0
373.0
59.0
301.0
535.0
289.0
71.0
238.0
79.0
298.0
28.0
364.0
171.0
836.0
1333.0
579.0
339.0
1149.0
278.0
150.0
858.0
5426.0
5549.0
129.0
164.0
329.0
47.0
27.0
190.0
211.0
180.0
501.0
357.0
77.0
65.0
25.0
117.0
32.0
20.0
175.0
834.0
53.0
124.0
65.0
43.0
158.0
155.0
76.0
165.0
146.0
802.0
35.0
20.0
26.0
30.0
8.0
73.0
260.0
113.0
70.0
86.0
55.0
40.0
81.0
141.0
46.0
25.0
55.0
162.0
175.0
102.0
84.0
133.0
45.0
64.0
1529.0
54.0
57.0
67.0
26.0
152.0
274.0
31.0
273.0
121.0
244.0
82.0
139.0
825.0
207.0
66.0
1206.0
127.0
126.0
70.0
86.0
119.0
20.0
264.0
197.0
514.0
1294.0
34.0
530.0
109.0
184.0
44.0
341.0
259.0
401.0
61.0
296.0
527.0
294.0
75.0
236.0
76.0
301.0
28.0
341.0
159.0
814.0
1380.0
581.0
362.0
1083.0
299.0
146.0
823.0
5020.0
5767.0
127.0
168.0
331.0
49.0
27.0
186.0
219.0
191.0
493.0
373.0
79.0
66.0
25.0
125.0
32.0
19.0
172.0
899.0
48.0
130.0
67.0
42.0
164.0
155.0
76.0
152.0
149.0
770.0
37.0
21.0
26.0
31.0
8.0
75.0
263.0
102.0
70.0
87.0
54.0
38.0
82.0
144.0
48.0
27.0
57.0
164.0
173.0
109.0
83.0
138.0
44.0
64.0
1556.0
58.0
55.0
70.0
25.0
152.0
274.0
32.0
261.0
126.0
258.0
83.0
139.0
802.0
210.0
65.0
1225.0
124.0
121.0
71.0
86.0
120.0
20.0
265.0
190.0
478.0
1267.0
34.0
560.0
110.0
190.0
45.0
345.0
262.0
367.0
58.0
311.0
513.0
280.0
74.0
251.0
78.0
289.0
29.0
341.0
162.0
839.0
1384.0
569.0
345.0
1086.0
294.0
155.0
850.0
5293.0
5955.0
124.0
159.0
320.0
47.0
29.0
193.0
208.0
181.0
508.0
352.0
74.0
63.0
26.0
119.0
32.0
20.0
165.0
820.0
49.0
120.0
64.0
45.0
161.0
153.0
72.0
157.0
150.0
746.0
36.0
21.0
26.0
30.0
8.0
72.0
276.0
107.0
69.0
90.0
54.0
39.0
83.0
146.0
49.0
26.0
57.0
155.0
168.0
109.0
80.0
129.0
48.0
66.0
1634.0
55.0
54.0
68.0
26.0
161.0
280.0
31.0
280.0
119.0
250.0
80.0
135.0
783.0
218.0
71.0
1227.0
122.0
121.0
71.0
89.0
121.0
19.0
256.0
199.0
479.0
1236.0
35.0
532.0
114.0
179.0
46.0
325.0
251.0
366.0
55.0
296.0
525.0
273.0
72.0
232.0
75.0
284.0
29.0
362.0
161.0
809.0
1323.0
545.0
358.0
1158.0
277.0
153.0
825.0
5389.0
5895.0
123.0
157.0
332.0
48.0
28.0
194.0
214.0
181.0
509.0
344.0
77.0
66.0
27.0
127.0
30.0
18.0
177.0
822.0
50.0
129.0
63.0
45.0
158.0
146.0
69.0
158.0
147.0
795.0
35.0
21.0
25.0
31.0
8.0
70.0
253.0
112.0
68.0
88.0
59.0
40.0
85.0
144.0
47.0
25.0
57.0
150.0
167.0
108.0
80.0
136.0
47.0
65.0
1646.0
54.0
56.0
69.0
24.0
160.0
297.0
31.0
282.0
130.0
243.0
77.0
130.0
769.0
223.0
67.0
1199.0
130.0
121.0
70.0
86.0
115.0
20.0
267.0
188.0
512.0
1264.0
34.0
540.0
120.0
186.0
46.0
332.0
255.0
371.0
56.0
313.0
554.0
290.0
76.0
233.0
78.0
297.0
27.0
342.0
164.0
812.0
1293.0
594.0
337.0
1145.0
299.0
155.0
810.0
5214.0
5788.0
121.0
159.0
333.0
49.0
29.0
189.0
226.0
186.0
519.0
340.0
76.0
62.0
27.0
116.0
32.0
19.0
174.0
869.0
50.0
119.0
62.0
46.0
163.0
148.0
73.0
165.0
141.0
800.0
37.0
20.0
26.0
30.0
8.0
73.0
277.0
111.0
73.0
86.0
57.0
39.0
82.0
140.0
45.0
26.0
56.0
163.0
169.0
108.0
86.0
138.0
48.0
65.0
1615.0
58.0
59.0
71.0
25.0
166.0
283.0
31.0
265.0
127.0
236.0
79.0
132.0
774.0
215.0
64.0
1230.0
127.0
115.0
66.0
86.0
119.0
20.0
252.0
188.0
474.0
1343.0
34.0
554.0
111.0
183.0
47.0
334.0
265.0
365.0
56.0
313.0
516.0
292.0
70.0
252.0
81.0
286.0
27.0
369.0
166.0
821.0
1318.0
544.0
328.0
1140.0
277.0
147.0
826.0
5024.0
5695.0
124.0
157.0
311.0
47.0
29.0
176.0
206.0
179.0
511.0
348.0
73.0
64.0
26.0
116.0
31.0
20.0
164.0
903.0
51.0
130.0
64.0
42.0
156.0
144.0
70.0
167.0
149.0
732.0
37.0
20.0
25.0
32.0
8.0
71.0
266.0
109.0
72.0
90.0
56.0
39.0
88.0
147.0
45.0
25.0
54.0
151.0
175.0
110.0
87.0
133.0
45.0
61.0
1524.0
59.0
58.0
68.0
24.0
158.0
283.0
30.0
270.0
130.0
236.0
78.0
132.0
825.0
204.0
66.0
1242.0
126.0
122.0
69.0
93.0
113.0
20.0
252.0
193.0
513.0
1309.0
36.0
544.0
117.0
180.0
48.0
327.0
247.0
393.0
61.0
299.0
550.0
279.0
69.0
240.0
75.0
296.0
27.0
338.0
168.0
817.0
1304.0
595.0
357.0
1196.0
288.0
156.0
832.0
5339.0
5442.0
120.0
161.0
308.0
51.0
27.0
177.0
215.0
186.0
530.0
340.0
75.0
64.0
27.0
121.0
31.0
19.0
169.0
884.0
48.0
123.0
64.0
44.0
154.0
154.0
69.0
155.0
153.0
791.0
35.0
20.0
26.0
32.0
8.0
74.0
264.0
105.0
67.0
91.0
54.0
39.0
81.0
143.0
47.0
26.0
56.0
152.0
173.0
103.0
82.0
131.0
47.0
67.0
1503.0
54.0
58.0
66.0
25.0
162.0
295.0
32.0
279.0
128.0
238.0
81.0
137.0
794.0
206.0
66.0
1240.0
129.0
120.0
73.0
94.0
112.0
19.0
251.0
189.0
511.0
1302.0
34.0
526.0
116.0
183.0
44.0
331.0
260.0
396.0
61.0
314.0
544.0
278.0
69.0
242.0
79.0
273.0
28.0
356.0
162.0
806.0
1362.0
544.0
338.0
1128.0
299.0
151.0
792.0
5194.0
5690.0
130.0
172.0
335.0
50.0
29.0
180.0
214.0
177.0
490.0
349.0
79.0
63.0
27.0
120.0
33.0
20.0
176.0
870.0
51.0
130.0
66.0
43.0
166.0
142.0
73.0
153.0
149.0
790.0
35.0
21.0
26.0
32.0
8.0
73.0
253.0
113.0
70.0
90.0
54.0
41.0
86.0
152.0
46.0
25.0
55.0
158.0
167.0
105.0
79.0
128.0
46.0
62.0
1657.0
59.0
54.0
71.0
26.0
162.0
287.0
32.0
280.0
119.0
251.0
81.0
140.0
761.0
203.0
70.0
1244.0
131.0
123.0
66.0
90.0
114.0
20.0
260.0
191.0
507.0
1312.0
35.0
560.0
116.0
181.0
48.0
325.0
251.0
378.0
60.0
315.0
548.0
293.0
76.0
234.0
80.0
285.0
28.0
363.0
162.0
765.0
1364.0
570.0
345.0
1122.0
278.0
144.0
828.0
5189.0
5522.0
120.0
165.0
318.0
50.0
27.0
192.0
222.0
188.0
518.0
346.0
73.0
62.0
27.0
122.0
33.0
19.0
169.0
841.0
53.0
122.0
64.0
45.0
163.0
155.0
74.0
152.0
148.0
776.0
36.0
19.0
26.0
32.0
8.0
71.0
257.0
108.0
68.0
87.0
58.0
39.0
87.0
149.0
49.0
27.0
56.0
157.0
163.0
101.0
87.0
135.0
44.0
66.0
1654.0
56.0
57.0
69.0
24.0
153.0
291.0
33.0
273.0
119.0
244.0
83.0
140.0
813.0
224.0
67.0
1275.0
128.0
125.0
68.0
87.0
121.0
19.0
255.0
196.0
499.0
1271.0
35.0
551.0
110.0
183.0
47.0
336.0
247.0
362.0
57.0
291.0
529.0
281.0
72.0
230.0
76.0
302.0
27.0
358.0
167.0
789.0
1282.0
583.0
357.0
1133.0
299.0
158.0
863.0
5331.0
5999.0
123.0
163.0
326.0
49.0
27.0
191.0
211.0
196.0
518.0
365.0
78.0
67.0
26.0
128.0
31.0
19.0
165.0
884.0
49.0
122.0
63.0
44.0
153.0
145.0
69.0
157.0
144.0
770.0
36.0
20.0
24.0
30.0
8.0
71.0
253.0
104.0
71.0
85.0
58.0
39.0
81.0
143.0
46.0
27.0
57.0
154.0
165.0
107.0
80.0
128.0
48.0
61.0
1597.0
56.0
58.0
65.0
24.0
162.0
292.0
32.0
288.0
128.0
239.0
82.0
131.0
768.0
221.0
67.0
1262.0
129.0
118.0
67.0
93.0
116.0
20.0
248.0
196.0
175.0
185.0
147.0
176.0
389.0
174.0
170.0
177.0
158.0
171.0
144.0
151.0
156.0
137.0
134.0
131.0
136.0
140.0
492.0
177.0
168.0
134.0
174.0
162.0
145.0
142.0
142.0
404.0
162.0
148.0
130.0
141.0
158.0
170.0
165.0
154.0
146.0
158.0
135.0
166.0
164.0
160.0
162.0
120.0
166.0
392.0
138.0
164.0
403.0
154.0
130.0
146.0
154.0
154.0
162.0
145.0
134.0
138.0
422.0
160.0
159.0
136.0
149.0
171.0
148.0
162.0
168.0
162.0
163.0
159.0
152.0
135.0
141.0
139.0
118.0
164.0
403.0
152.0
166.0
141.0
170.0
152.0
149.0
135.0
158.0
143.0
468.0
137.0
459.0
163.0
450.0
409.0
491.0
409.0
458.0
399.0
363.0
378.0
492.0
172.0
145.0
150.0
172.0
156.0
155.0
171.0
175.0
154.0
155.0
200.0
159.0
140.0
384.0
162.0
159.0
149.0
163.0
172.0
147.0
154.0
168.0
172.0
144.0
173.0
158.0
150.0
394.0
144.0
160.0
133.0
159.0
175.0
164.0
172.0
175.0
452.0
132.0
137.0
157.0
175.0
174.0
154.0
171.0
142.0
172.0
138.0
169.0
164.0
145.0
168.0
163.0
140.0
146.0
422.0
171.0
163.0
447.0
152.0
146.0
171.0
131.0
148.0
156.0
133.0
147.0
143.0
387.0
132.0
175.0
164.0
149.0
147.0
155.0
165.0
158.0
131.0
153.0
147.0
149.0
176.0
132.0
150.0
112.0
134.0
394.0
167.0
155.0
175.0
138.0
142.0
137.0
171.0
130.0
173.0
446.0
171.0
395.0
149.0
459.0
407.0
442.0
428.0
390.0
365.0
429.0
372.0
402.0
142.0
167.0
140.0
155.0
155.0
147.0
136.0
167.0
135.0
203.0
155.0
156.0
174.0
450.0
145.0
177.0
148.0
175.0
149.0
141.0
152.0
147.0
152.0
169.0
142.0
133.0
159.0
454.0
136.0
140.0
145.0
153.0
168.0
148.0
138.0
161.0
398.0
176.0
145.0
147.0
145.0
166.0
138.0
173.0
170.0
153.0
177.0
173.0
155.0
151.0
166.0
168.0
131.0
144.0
401.0
147.0
164.0
450.0
157.0
176.0
174.0
141.0
156.0
140.0
158.0
147.0
140.0
379.0
155.0
152.0
150.0
154.0
150.0
162.0
172.0
167.0
175.0
154.0
148.0
144.0
159.0
159.0
169.0
127.0
131.0
462.0
140.0
147.0
164.0
155.0
133.0
138.0
162.0
170.0
138.0
429.0
168.0
452.0
173.0
436.0
391.0
465.0
490.0
489.0
400.0
447.0
460.0
376.0
157.0
159.0
150.0
142.0
136.0
172.0
160.0
136.0
167.0
155.0
164.0
157.0
153.0
380.0
142.0
174.0
165.0
160.0
175.0
131.0
166.0
166.0
150.0
155.0
169.0
164.0
157.0
471.0
176.0
140.0
136.0
134.0
133.0
138.0
175.0
147.0
463.0
147.0
143.0
172.0
133.0
161.0
168.0
174.0
152.0
165.0
158.0
173.0
155.0
174.0
131.0
154.0
112.0
131.0
438.0
131.0
151.0
440.0
131.0
142.0
168.0
134.0
149.0
166.0
174.0
159.0
162.0
489.0
150.0
148.0
130.0
162.0
167.0
165.0
142.0
137.0
146.0
134.0
130.0
148.0
160.0
150.0
174.0
127.0
148.0
418.0
168.0
177.0
168.0
157.0
142.0
175.0
147.0
157.0
167.0
427.0
168.0
366.0
142.0
475.0
411.0
373.0
398.0
397.0
425.0
458.0
427.0
399.0
134.0
166.0
168.0
161.0
166.0
161.0
162.0
139.0
176.0
202.0
171.0
171.0
145.0
414.0
150.0
159.0
155.0
139.0
152.0
152.0
155.0
156.0
143.0
166.0
134.0
174.0
164.0
444.0
148.0
165.0
134.0
134.0
176.0
167.0
168.0
167.0
473.0
156.0
165.0
141.0
141.0
131.0
131.0
135.0
133.0
167.0
171.0
156.0
153.0
138.0
160.0
148.0
117.0
130.0
407.0
172.0
150.0
391.0
142.0
155.0
153.0
142.0
152.0
169.0
161.0
141.0
145.0
479.0
131.0
175.0
133.0
130.0
175.0
152.0
155.0
163.0
172.0
132.0
143.0
141.0
168.0
177.0
153.0
143.0
171.0
418.0
133.0
152.0
160.0
160.0
133.0
136.0
153.0
155.0
168.0
428.0
137.0
447.0
140.0
470.0
455.0
384.0
392.0
464.0
401.0
439.0
409.0
460.0
148.0
155.0
156.0
163.0
152.0
172.0
143.0
161.0
144.0
180.0
159.0
138.0
146.0
462.0
161.0
147.0
171.0
138.0
131.0
159.0
170.0
157.0
171.0
162.0
157.0
152.0
142.0
377.0
169.0
168.0
164.0
174.0
174.0
141.0
176.0
140.0
471.0
150.0
146.0
135.0
141.0
140.0
144.0
169.0
157.0
159.0
168.0
156.0
175.0
161.0
177.0
157.0
137.0
140.0
405.0
146.0
160.0
451.0
171.0
149.0
158.0
148.0
168.0
135.0
166.0
143.0
139.0
466.0
164.0
177.0
135.0
161.0
172.0
146.0
151.0
169.0
171.0
139.0
166.0
174.0
170.0
173.0
147.0
124.0
167.0
467.0
139.0
175.0
142.0
159.0
149.0
152.0
136.0
163.0
159.0
471.0
174.0
430.0
139.0
440.0
430.0
409.0
388.0
485.0
467.0
488.0
439.0
454.0
140.0
131.0
135.0
140.0
158.0
167.0
166.0
164.0
137.0
165.0
197.0
151.0
138.0
456.0
169.0
172.0
150.0
130.0
133.0
166.0
149.0
173.0
149.0
159.0
177.0
137.0
146.0
379.0
171.0
173.0
174.0
156.0
138.0
160.0
171.0
131.0
376.0
158.0
163.0
141.0
136.0
157.0
136.0
138.0
154.0
153.0
168.0
167.0
132.0
166.0
134.0
150.0
115.0
143.0
462.0
138.0
157.0
431.0
155.0
157.0
153.0
155.0
172.0
169.0
170.0
134.0
155.0
435.0
140.0
163.0
163.0
149.0
158.0
159.0
172.0
147.0
171.0
135.0
166.0
137.0
136.0
145.0
154.0
134.0
166.0
445.0
158.0
149.0
141.0
153.0
177.0
143.0
153.0
130.0
136.0
434.0
172.0
445.0
136.0
491.0
461.0
486.0
398.0
409.0
376.0
404.0
436.0
447.0
146.0
174.0
171.0
154.0
149.0
147.0
140.0
161.0
144.0
196.0
197.0
166.0
154.0
446.0
138.0
149.0
138.0
174.0
157.0
132.0
158.0
132.0
137.0
133.0
154.0
142.0
173.0
402.0
166.0
150.0
147.0
157.0
152.0
176.0
133.0
150.0
398.0
153.0
136.0
161.0
152.0
175.0
169.0
163.0
162.0
154.0
171.0
168.0
148.0
173.0
151.0
151.0
149.0
146.0
452.0
162.0
148.0
389.0
142.0
139.0
149.0
130.0
147.0
141.0
146.0
155.0
136.0
484.0
164.0
163.0
142.0
141.0
138.0
137.0
163.0
130.0
158.0
143.0
139.0
160.0
153.0
131.0
145.0
119.0
155.0
385.0
148.0
146.0
141.0
151.0
176.0
137.0
155.0
173.0
154.0
457.0
162.0
444.0
162.0
386.0
430.0
490.0
454.0
436.0
411.0
472.0
365.0
425.0
171.0
137.0
159.0
167.0
153.0
149.0
137.0
154.0
164.0
176.0
182.0
161.0
134.0
403.0
171.0
177.0
145.0
147.0
157.0
159.0
164.0
157.0
140.0
175.0
134.0
165.0
161.0
450.0
134.0
145.0
132.0
149.0
169.0
176.0
130.0
153.0
487.0
164.0
142.0
133.0
158.0
167.0
135.0
130.0
131.0
145.0
174.0
170.0
166.0
152.0
142.0
160.0
127.0
156.0
386.0
137.0
162.0
426.0
157.0
134.0
155.0
153.0
164.0
133.0
157.0
165.0
161.0
469.0
134.0
165.0
148.0
150.0
130.0
137.0
164.0
175.0
147.0
166.0
145.0
158.0
158.0
165.0
139.0
115.0
141.0
374.0
173.0
148.0
145.0
141.0
131.0
145.0
132.0
136.0
163.0
410.0
131.0
383.0
145.0
381.0
473.0
478.0
467.0
435.0
448.0
397.0
454.0
468.0
155.0
135.0
148.0
151.0
148.0
160.0
131.0
149.0
155.0
184.0
195.0
148.0
167.0
372.0
171.0
148.0
140.0
157.0
145.0
140.0
173.0
133.0
141.0
169.0
168.0
161.0
138.0
416.0
177.0
140.0
135.0
138.0
140.0
162.0
166.0
152.0
432.0
136.0
146.0
162.0
142.0
169.0
134.0
162.0
169.0
164.0
138.0
147.0
169.0
139.0
164.0
139.0
144.0
137.0
381.0
161.0
146.0
405.0
166.0
151.0
150.0
130.0
170.0
153.0
145.0
133.0
148.0
379.0
145.0
138.0
169.0
141.0
137.0
160.0
142.0
133.0
175.0
132.0
145.0
173.0
174.0
130.0
171.0
112.0
139.0
403.0
147.0
146.0
158.0
145.0
147.0
138.0
141.0
176.0
156.0
434.0
133.0
460.0
149.0
462.0
486.0
397.0
384.0
378.0
461.0
397.0
460.0
380.0
163.0
157.0
132.0
168.0
172.0
134.0
153.0
132.0
153.0
166.0
197.0
135.0
153.0
479.0
146.0
160.0
158.0
151.0
166.0
175.0
175.0
156.0
151.0
138.0
154.0
175.0
139.0
441.0
147.0
176.0
134.0
166.0
151.0
132.0
148.0
152.0
411.0
137.0
140.0
174.0
132.0
131.0
174.0
140.0
166.0
152.0
163.0
177.0
163.0
140.0
169.0
169.0
146.0
143.0
418.0
137.0
138.0
424.0
170.0
167.0
140.0
158.0
176.0
165.0
161.0
173.0
169.0
426.0
149.0
136.0
156.0
131.0
140.0
157.0
173.0
152.0
133.0
147.0
134.0
130.0
163.0
134.0
131.0
117.0
175.0
377.0
161.0
130.0
177.0
133.0
142.0
134.0
147.0
132.0
144.0
394.0
164.0
486.0
139.0
381.0
420.0
448.0
487.0
482.0
411.0
395.0
438.0
467.0
174.0
140.0
169.0
158.0
167.0
147.0
158.0
146.0
174.0
164.0
205.0
133.0
135.0
462.0
162.0
168.0
168.0
167.0
133.0
145.0
135.0
160.0
169.0
177.0
143.0
157.0
165.0
367.0
173.0
143.0
150.0
162.0
168.0
154.0
174.0
148.0
389.0
150.0
164.0
176.0
168.0
144.0
155.0
141.0
164.0
163.0
162.0
157.0
151.0
154.0
157.0
154.0
125.0
173.0
434.0
147.0
142.0
433.0
147.0
137.0
145.0
148.0
165.0
170.0
134.0
139.0
139.0
392.0
142.0
144.0
156.0
132.0
136.0
132.0
138.0
154.0
136.0
168.0
176.0
177.0
140.0
153.0
146.0
126.0
133.0
427.0
159.0
169.0
135.0
152.0
136.0
173.0
141.0
145.0
157.0
449.0
138.0
378.0
137.0
454.0
419.0
371.0
400.0
444.0
483.0
468.0
379.0
436.0
165.0
142.0
161.0
133.0
177.0
143.0
139.0
172.0
132.0
179.0
203.0
171.0
138.0
386.0
154.0
146.0
147.0
144.0
164.0
161.0
154.0
157.0
138.0
161.0
143.0
153.0
139.0
414.0
165.0
173.0
141.0
137.0
137.0
177.0
134.0
169.0
461.0
134.0
142.0
138.0
139.0
174.0
170.0
143.0
140.0
166.0
130.0
148.0
161.0
160.0
171.0
139.0
134.0
171.0
419.0
168.0
160.0
439.0
159.0
138.0
163.0
150.0
174.0
167.0
136.0
144.0
177.0
468.0
152.0
152.0
133.0
173.0
163.0
148.0
152.0
165.0
163.0
144.0
140.0
152.0
140.0
140.0
157.0
146.0
171.0
480.0
176.0
137.0
151.0
176.0
132.0
151.0
154.0
155.0
143.0
392.0
160.0
403.0
152.0
433.0
401.0
457.0
422.0
474.0
476.0
401.0
420.0
418.0
160.0
141.0
174.0
131.0
149.0
132.0
140.0
133.0
135.0
180.0
194.0
159.0
176.0
444.0
134.0
170.0
155.0
134.0
176.0
173.0
175.0
155.0
130.0
138.0
150.0
151.0
163.0
415.0
145.0
162.0
133.0
148.0
161.0
130.0
132.0
176.0
475.0
168.0
137.0
158.0
136.0
141.0
161.0
154.0
163.0
141.0
155.0
169.0
163.0
140.0
151.0
161.0
134.0
150.0
440.0
176.0
144.0
388.0
158.0
137.0
130.0
159.0
149.0
139.0
134.0
154.0
162.0
406.0
152.0
145.0
164.0
131.0
172.0
163.0
155.0
132.0
153.0
171.0
150.0
176.0
163.0
166.0
168.0
114.0
144.0
476.0
158.0
169.0
154.0
168.0
143.0
149.0
136.0
165.0
141.0
426.0
175.0
456.0
141.0
449.0
434.0
384.0
387.0
419.0
444.0
383.0
391.0
494.0
151.0
148.0
130.0
164.0
175.0
173.0
172.0
131.0
147.0
191.0
207.0
166.0
170.0
376.0
154.0
162.0
143.0
168.0
132.0
147.0
131.0
133.0
145.0
161.0
161.0
135.0
171.0
460.0
165.0
134.0
156.0
131.0
135.0
132.0
169.0
170.0
434.0
157.0
147.0
150.0
145.0
145.0
139.0
156.0
150.0
146.0
155.0
143.0
150.0
140.0
137.0
133.0
145.0
139.0
477.0
162.0
169.0
464.0
136.0
148.0
176.0
162.0
151.0
150.0
150.0
131.0
164.0
487.0
149.0
136.0
163.0
153.0
135.0
136.0
142.0
138.0
158.0
165.0
138.0
166.0
175.0
154.0
165.0
130.0
160.0
397.0
135.0
142.0
154.0
130.0
149.0
168.0
146.0
146.0
172.0
425.0
164.0
486.0
173.0
489.0
398.0
458.0
389.0
418.0
383.0
378.0
467.0
413.0
131.0
134.0
169.0
157.0
163.0
177.0
166.0
154.0
159.0
186.0
190.0
159.0
156.0
435.0
143.0
174.0
140.0
144.0
132.0
134.0
169.0
146.0
174.0
167.0
162.0
130.0
131.0
478.0
145.0
148.0
132.0
139.0
165.0
137.0
159.0
153.0
489.0
138.0
135.0
173.0
166.0
142.0
158.0
141.0
146.0
153.0
150.0
167.0
142.0
133.0
135.0
145.0
113.0
145.0
463.0
166.0
134.0
430.0
143.0
155.0
177.0
160.0
175.0
154.0
137.0
146.0
139.0
385.0
156.0
145.0
157.0
153.0
175.0
150.0
141.0
149.0
166.0
169.0
165.0
176.0
160.0
130.0
156.0
145.0
140.0
363.0
167.0
139.0
170.0
143.0
175.0
159.0
133.0
168.0
134.0
430.0
135.0
375.0
131.0
456.0
476.0
368.0
485.0
481.0
364.0
377.0
430.0
448.0
143.0
176.0
144.0
140.0
170.0
171.0
132.0
154.0
164.0
155.0
199.0
171.0
139.0
408.0
133.0
149.0
131.0
151.0
167.0
145.0
170.0
156.0
141.0
137.0
167.0
164.0
171.0
494.0
162.0
154.0
166.0
148.0
171.0
146.0
150.0
171.0
485.0
142.0
150.0
175.0
156.0
142.0
145.0
159.0
149.0
144.0
159.0
168.0
174.0
148.0
136.0
152.0
116.0
131.0
459.0
131.0
172.0
381.0
138.0
152.0
162.0
163.0
171.0
147.0
138.0
167.0
163.0
431.0
145.0
143.0
173.0
177.0
144.0
131.0
133.0
172.0
164.0
165.0
157.0
169.0
153.0
140.0
175.0
130.0
137.0
427.0
138.0
172.0
145.0
176.0
157.0
146.0
167.0
133.0
143.0
397.0
152.0
395.0
131.0
419.0
373.0
493.0
489.0
400.0
391.0
482.0
437.0
382.0
148.0
176.0
134.0
138.0
132.0
168.0
176.0
138.0
166.0
162.0
158.0
168.0
173.0
402.0
176.0
152.0
167.0
168.0
175.0
138.0
162.0
138.0
160.0
135.0
164.0
172.0
147.0
462.0
140.0
137.0
168.0
156.0
165.0
146.0
143.0
163.0
447.0
171.0
163.0
161.0
142.0
133.0
171.0
176.0
140.0
138.0
144.0
137.0
155.0
158.0
155.0
137.0
131.0
135.0
374.0
172.0
150.0
441.0
143.0
138.0
176.0
141.0
151.0
148.0
139.0
172.0
151.0
369.0
131.0
149.0
155.0
148.0
158.0
152.0
164.0
139.0
152.0
135.0
162.0
158.0
131.0
130.0
141.0
141.0
142.0
399.0
148.0
146.0
175.0
140.0
145.0
165.0
169.0
148.0
168.0
448.0
145.0
473.0
134.0
372.0
459.0
415.0
464.0
489.0
413.0
427.0
469.0
408.0
163.0
163.0
146.0
150.0
148.0
132.0
130.0
154.0
136.0
205.0
202.0
175.0
162.0
493.0
151.0
153.0
176.0
136.0
170.0
155.0
167.0
137.0
169.0
150.0
132.0
138.0
162.0
436.0
169.0
158.0
140.0
132.0
164.0
130.0
166.0
145.0
477.0
165.0
152.0
158.0
133.0
138.0
155.0
154.0
162.0
165.0
137.0
174.0
148.0
166.0
144.0
131.0
131.0
132.0
431.0
134.0
134.0
367.0
154.0
154.0
171.0
136.0
132.0
134.0
138.0
140.0
161.0
418.0
176.0
161.0
175.0
141.0
170.0
136.0
159.0
166.0
168.0
154.0
147.0
157.0
169.0
176.0
157.0
127.0
153.0
433.0
142.0
173.0
167.0
166.0
151.0
170.0
138.0
173.0
147.0
365.0
154.0
381.0
175.0
489.0
420.0
408.0
444.0
392.0
376.0
473.0
364.0
476.0
154.0
176.0
156.0
146.0
177.0
144.0
173.0
160.0
139.0
203.0
179.0
135.0
130.0
381.0
167.0
165.0
136.0
161.0
144.0
160.0
135.0
163.0
173.0
165.0
140.0
130.0
147.0
436.0
147.0
154.0
137.0
173.0
138.0
132.0
166.0
143.0
423.0
164.0
146.0
141.0
139.0
147.0
170.0
167.0
152.0
153.0
171.0
136.0
176.0
157.0
132.0
154.0
123.0
154.0
376.0
161.0
158.0
488.0
173.0
172.0
135.0
139.0
131.0
156.0
169.0
147.0
159.0
489.0
164.0
134.0
164.0
151.0
150.0
151.0
150.0
156.0
171.0
141.0
134.0
139.0
163.0
172.0
173.0
136.0
141.0
416.0
151.0
144.0
138.0
134.0
173.0
135.0
164.0
143.0
142.0
419.0
152.0
479.0
145.0
366.0
396.0
472.0
467.0
364.0
384.0
446.0
446.0
485.0
169.0
148.0
131.0
174.0
139.0
149.0
143.0
163.0
138.0
203.0
166.0
148.0
174.0
439.0
169.0
169.0
158.0
131.0
134.0
165.0
170.0
146.0
166.0
166.0
154.0
143.0
140.0
437.0
133.0
168.0
144.0
176.0
130.0
133.0
148.0
161.0
385.0
175.0
167.0
175.0
145.0
170.0
142.0
148.0
138.0
140.0
135.0
174.0
138.0
134.0
152.0
167.0
140.0
169.0
429.0
161.0
176.0
407.0
156.0
140.0
138.0
170.0
162.0
169.0
135.0
133.0
133.0
432.0
144.0
130.0
139.0
152.0
175.0
171.0
159.0
174.0
163.0
134.0
134.0
135.0
172.0
134.0
131.0
132.0
161.0
405.0
169.0
168.0
138.0
177.0
146.0
134.0
176.0
138.0
154.0
381.0
171.0
421.0
141.0
375.0
389.0
382.0
433.0
472.0
413.0
480.0
368.0
430.0
163.0
131.0
136.0
148.0
144.0
132.0
136.0
174.0
142.0
162.0
192.0
158.0
166.0
468.0
135.0
171.0
150.0
139.0
132.0
162.0
135.0
172.0
141.0
170.0
150.0
161.0
132.0
434.0
132.0
165.0
161.0
171.0
173.0
139.0
159.0
162.0
368.0
130.0
175.0
170.0
136.0
163.0
175.0
135.0
153.0
151.0
151.0
143.0
176.0
173.0
130.0
170.0
146.0
150.0
461.0
162.0
157.0
363.0
144.0
162.0
154.0
159.0
138.0
158.0
154.0
156.0
175.0
402.0
173.0
157.0
150.0
141.0
169.0
161.0
138.0
164.0
141.0
145.0
174.0
160.0
160.0
151.0
165.0
121.0
137.0
472.0
165.0
155.0
141.0
148.0
138.0
145.0
154.0
162.0
173.0
446.0
143.0
423.0
160.0
421.0
482.0
411.0
405.0
466.0
366.0
474.0
461.0
452.0
133.0
173.0
145.0
149.0
172.0
152.0
139.0
134.0
148.0
164.0
185.0
167.0
136.0
402.0
172.0
138.0
176.0
153.0
164.0
169.0
154.0
137.0
142.0
168.0
137.0
158.0
143.0
429.0
151.0
155.0
177.0
153.0
144.0
155.0
150.0
162.0
485.0
174.0
170.0
174.0
132.0
155.0
175.0
174.0
131.0
176.0
132.0
130.0
133.0
159.0
138.0
152.0
119.0
144.0
437.0
134.0
134.0
444.0
170.0
139.0
173.0
135.0
134.0
157.0
152.0
161.0
140.0
469.0
151.0
147.0
175.0
177.0
175.0
137.0
177.0
176.0
170.0
132.0
163.0
143.0
140.0
137.0
150.0
143.0
171.0
436.0
152.0
153.0
148.0
149.0
153.0
130.0
152.0
153.0
137.0
464.0
147.0
443.0
171.0
466.0
483.0
446.0
414.0
472.0
384.0
404.0
393.0
371.0
161.0
173.0
144.0
157.0
135.0
142.0
148.0
152.0
168.0
153.0
158.0
142.0
130.0
384.0
159.0
175.0
141.0
168.0
142.0
169.0
134.0
177.0
165.0
173.0
148.0
142.0
165.0
468.0
132.0
166.0
164.0
176.0
164.0
151.0
168.0
139.0
466.0
159.0
163.0
142.0
175.0
169.0
168.0
142.0
143.0
165.0
159.0
152.0
158.0
165.0
153.0
130.0
117.0
143.0
430.0
143.0
162.0
378.0
147.0
159.0
147.0
138.0
177.0
162.0
156.0
148.0
160.0
457.0
160.0
135.0
163.0
152.0
176.0
163.0
139.0
151.0
169.0
144.0
174.0
172.0
139.0
141.0
173.0
133.0
145.0
402.0
131.0
142.0
146.0
171.0
148.0
171.0
140.0
165.0
135.0
465.0
172.0
489.0
169.0
418.0
416.0
388.0
445.0
424.0
404.0
416.0
384.0
423.0
165.0
165.0
132.0
131.0
173.0
173.0
164.0
138.0
170.0
197.0
182.0
134.0
164.0
436.0
167.0
158.0
134.0
165.0
164.0
138.0
167.0
146.0
172.0
173.0
144.0
154.0
150.0
392.0
140.0
146.0
176.0
133.0
153.0
142.0
153.0
164.0
485.0
162.0
134.0
165.0
147.0
176.0
156.0
148.0
176.0
133.0
146.0
165.0
176.0
175.0
133.0
154.0
134.0
142.0
368.0
160.0
175.0
418.0
177.0
172.0
165.0
133.0
140.0
167.0
130.0
174.0
175.0
404.0
166.0
139.0
150.0
162.0
130.0
176.0
132.0
162.0
134.0
164.0
163.0
166.0
142.0
145.0
177.0
140.0
174.0
425.0
131.0
148.0
151.0
154.0
132.0
141.0
169.0
167.0
171.0
409.0
163.0
385.0
141.0
388.0
407.0
417.0
386.0
431.0
411.0
425.0
402.0
485.0
172.0
167.0
150.0
133.0
172.0
149.0
131.0
155.0
130.0
