25 6 108
34589.5
33964.5
29967.5
29582.5
29038.5
34270.5
31842.5
32828.5
30107.5
32325.5
32770.5
30040.5
29630.5
30176.5
34494.5
31580.5
35450.5
29020.5
34629.5
31493.5
33889.5
36183.5
30031.5
32238.5
34971.5
0.043204455174557586
0.03570662481482468
0.04070105694398834
0.0390660883406934
0.04703801919831063
0.034163923411527304
0.04192670701184042
0.03346955880732707
0.04670895946003176
0.03608343396174432
0.04088641981705992
0.034337399298021265
0.043164246930924015
0.03782215623618469
0.04318200466327285
0.03632956736222011
0.04686689226058444
0.03950928006248072
0.04389052656854687
0.03481312553474655
0.04395428775795874
0.03756061328901744
0.04010887042519325
0.0391029705028316
0.04040281216611197
119.0
119.0
114.0
108.0
107.0
118.0
2557.0
22.0
1261.0
1300.0
67.0
529.0
468.0
1218.0
34.0
545.0
112.0
187.0
47.0
338.0
251.0
391.0
56.0
320.0
545.0
279.0
73.0
240.0
76.0
278.0
29.0
374.0
157.0
843.0
1300.0
589.0
357.0
1134.0
279.0
147.0
826.0
5109.0
5683.0
127.0
157.0
316.0
50.0
27.0
191.0
213.0
192.0
520.0
360.0
73.0
63.0
25.0
117.0
32.0
20.0
176.0
834.0
53.0
127.0
62.0
46.0
155.0
144.0
70.0
162.0
153.0
767.0
37.0
20.0
26.0
31.0
8.0
75.0
251.0
106.0
67.0
83.0
58.0
40.0
81.0
141.0
45.0
27.0
56.0
160.0
164.0
106.0
80.0
128.0
45.0
65.0
1586.0
58.0
59.0
68.0
26.0
151.0
292.0
33.0
272.0
118.0
251.0
78.0
132.0
784.0
209.0
71.0
1219.0
124.0
118.0
68.0
91.0
113.0
20.0
270.0
195.0
475.0
1344.0
34.0
545.0
115.0
180.0
44.0
348.0
259.0
379.0
58.0
294.0
522.0
268.0
74.0
237.0
81.0
289.0
28.0
372.0
169.0
798.0
1321.0
596.0
355.0
1150.0
293.0
155.0
815.0
5494.0
5782.0
122.0
163.0
303.0
48.0
27.0
179.0
224.0
182.0
514.0
349.0
79.0
65.0
27.0
117.0
33.0
19.0
163.0
828.0
53.0
125.0
61.0
44.0
158.0
152.0
73.0
154.0
141.0
789.0
35.0
21.0
24.0
30.0
8.0
69.0
257.0
106.0
69.0
90.0
59.0
40.0
83.0
149.0
49.0
25.0
54.0
159.0
167.0
109.0
83.0
133.0
44.0
66.0
1514.0
56.0
56.0
67.0
26.0
156.0
294.0
31.0
272.0
118.0
241.0
79.0
132.0
783.0
216.0
68.0
1192.0
132.0
116.0
69.0
93.0
119.0
20.0
250.0
190.0
511.0
1331.0
36.0
540.0
112.0
178.0
47.0
318.0
247.0
382.0
58.0
304.0
529.0
275.0
76.0
254.0
76.0
300.0
29.0
339.0
165.0
780.0
1380.0
548.0
344.0
1155.0
287.0
145.0
841.0
5057.0
5498.0
130.0
163.0
314.0
50.0
27.0
176.0
210.0
187.0
503.0
370.0
74.0
63.0
26.0
122.0
31.0
20.0
178.0
865.0
52.0
130.0
61.0
45.0
166.0
154.0
73.0
157.0
151.0
776.0
37.0
20.0
26.0
31.0
8.0
70.0
273.0
105.0
68.0
88.0
54.0
39.0
89.0
154.0
48.0
27.0
54.0
148.0
163.0
106.0
79.0
129.0
46.0
67.0
1564.0
54.0
54.0
70.0
24.0
166.0
296.0
32.0
276.0
125.0
239.0
83.0
130.0
761.0
221.0
66.0
1208.0
130.0
118.0
72.0
94.0
119.0
19.0
258.0
196.0
504.0
1301.0
35.0
548.0
112.0
179.0
45.0
320.0
263.0
395.0
60.0
309.0
539.0
274.0
72.0
250.0
82.0
294.0
29.0
363.0
167.0
787.0
1387.0
590.0
329.0
1091.0
278.0
151.0
855.0
5202.0
6014.0
119.0
158.0
329.0
51.0
29.0
193.0
215.0
188.0
531.0
357.0
75.0
64.0
25.0
128.0
33.0
19.0
165.0
829.0
51.0
130.0
61.0
44.0
158.0
155.0
70.0
167.0
139.0
782.0
35.0
19.0
25.0
30.0
8.0
71.0
265.0
108.0
71.0
88.0
58.0
40.0
82.0
146.0
49.0
26.0
58.0
156.0
172.0
103.0
86.0
130.0
48.0
66.0
1615.0
59.0
56.0
65.0
26.0
167.0
294.0
31.0
287.0
120.0
252.0
79.0
130.0
781.0
224.0
71.0
1285.0
129.0
124.0
71.0
94.0
111.0
19.0
265.0
205.0
491.0
1253.0
34.0
548.0
115.0
179.0
48.0
346.0
257.0
372.0
61.0
309.0
533.0
276.0
75.0
245.0
77.0
299.0
27.0
366.0
162.0
794.0
1360.0
571.0
338.0
1134.0
299.0
148.0
799.0
5457.0
5576.0
130.0
162.0
303.0
47.0
28.0
187.0
212.0
185.0
519.0
351.0
79.0
63.0
25.0
124.0
30.0
19.0
171.0
896.0
53.0
128.0
61.0
45.0
165.0
151.0
76.0
157.0
142.0
788.0
36.0
20.0
26.0
30.0
8.0
74.0
273.0
109.0
71.0
87.0
58.0
40.0
87.0
150.0
47.0
27.0
56.0
154.0
162.0
110.0
81.0
137.0
46.0
62.0
1502.0
58.0
59.0
69.0
24.0
166.0
275.0
32.0
280.0
123.0
259.0
79.0
128.0
788.0
217.0
65.0
1218.0
124.0
127.0
68.0
91.0
114.0
20.0
269.0
201.0
516.0
1316.0
35.0
516.0
115.0
189.0
46.0
320.0
244.0
373.0
61.0
300.0
542.0
295.0
71.0
230.0
76.0
296.0
27.0
360.0
157.0
817.0
1318.0
601.0
337.0
1081.0
277.0
151.0
876.0
5256.0
5857.0
131.0
166.0
323.0
47.0
28.0
191.0
208.0
191.0
516.0
345.0
74.0
65.0
26.0
119.0
31.0
20.0
177.0
862.0
50.0
118.0
62.0
45.0
161.0
147.0
71.0
160.0
144.0
798.0
36.0
21.0
25.0
31.0
8.0
71.0
273.0
107.0
72.0
90.0
58.0
38.0
89.0
139.0
48.0
27.0
54.0
163.0
175.0
104.0
81.0
128.0
46.0
61.0
1555.0
54.0
58.0
70.0
26.0
161.0
288.0
33.0
275.0
122.0
243.0
76.0
137.0
776.0
223.0
70.0
1192.0
126.0
126.0
73.0
87.0
112.0
20.0
265.0
203.0
481.0
1325.0
33.0
524.0
120.0
184.0
44.0
332.0
260.0
362.0
61.0
301.0
555.0
288.0
69.0
251.0
79.0
281.0
27.0
357.0
172.0
808.0
1348.0
565.0
337.0
1117.0
298.0
145.0
822.0
5235.0
5570.0
131.0
171.0
311.0
50.0
27.0
184.0
206.0
179.0
514.0
375.0
75.0
67.0
27.0
127.0
31.0
19.0
178.0
854.0
53.0
131.0
64.0
46.0
155.0
141.0
75.0
152.0
144.0
772.0
37.0
21.0
25.0
30.0
8.0
76.0
254.0
105.0
68.0
89.0
55.0
40.0
89.0
150.0
45.0
25.0
53.0
164.0
170.0
108.0
84.0
135.0
46.0
62.0
1595.0
58.0
54.0
68.0
26.0
159.0
293.0
32.0
270.0
119.0
248.0
82.0
133.0
832.0
204.0
65.0
1248.0
134.0
123.0
69.0
89.0
118.0
19.0
253.0
202.0
469.0
1338.0
33.0
527.0
120.0
193.0
45.0
330.0
248.0
374.0
60.0
289.0
541.0
277.0
72.0
246.0
77.0
290.0
28.0
344.0
164.0
796.0
1359.0
551.0
333.0
1126.0
272.0
157.0
799.0
5315.0
5447.0
122.0
160.0
311.0
51.0
27.0
193.0
207.0
181.0
525.0
342.0
79.0
62.0
26.0
117.0
32.0
20.0
173.0
869.0
51.0
120.0
66.0
43.0
161.0
140.0
71.0
164.0
143.0
802.0
38.0
20.0
24.0
32.0
8.0
72.0
251.0
104.0
70.0
86.0
54.0
40.0
89.0
148.0
47.0
26.0
54.0
160.0
167.0
103.0
83.0
134.0
48.0
62.0
1667.0
59.0
55.0
66.0
26.0
152.0
294.0
32.0
265.0
125.0
260.0
83.0
129.0
769.0
204.0
66.0
1259.0
129.0
126.0
68.0
89.0
115.0
20.0
262.0
206.0
499.0
1331.0
33.0
548.0
114.0
180.0
45.0
347.0
258.0
367.0
58.0
301.0
537.0
285.0
70.0
254.0
81.0
293.0
27.0
356.0
159.0
802.0
1319.0
593.0
332.0
1117.0
282.0
145.0
799.0
5274.0
6038.0
119.0
160.0
315.0
51.0
27.0
178.0
224.0
188.0
494.0
369.0
78.0
65.0
27.0
126.0
31.0
20.0
169.0
882.0
49.0
124.0
63.0
45.0
154.0
141.0
72.0
156.0
145.0
770.0
38.0
20.0
25.0
31.0
8.0
73.0
275.0
106.0
73.0
87.0
58.0
39.0
86.0
152.0
45.0
26.0
58.0
154.0
168.0
103.0
85.0
138.0
44.0
67.0
1508.0
57.0
59.0
68.0
25.0
155.0
274.0
30.0
272.0
129.0
241.0
78.0
132.0
791.0
214.0
64.0
1264.0
128.0
126.0
71.0
90.0
116.0
20.0
246.0
195.0
510.0
1337.0
35.0
531.0
119.0
175.0
47.0
330.0
247.0
374.0
57.0
317.0
506.0
270.0
76.0
239.0
80.0
292.0
29.0
344.0
165.0
816.0
1285.0
592.0
332.0
1087.0
291.0
153.0
805.0
5343.0
5860.0
125.0
171.0
315.0
49.0
28.0
186.0
217.0
178.0
506.0
375.0
73.0
64.0
27.0
127.0
31.0
20.0
173.0
823.0
52.0
118.0
62.0
44.0
157.0
145.0
74.0
167.0
147.0
762.0
37.0
20.0
25.0
29.0
8.0
71.0
261.0
106.0
74.0
83.0
54.0
38.0
88.0
146.0
47.0
27.0
54.0
151.0
162.0
108.0
82.0
131.0
48.0
66.0
1604.0
59.0
56.0
66.0
24.0
163.0
297.0
31.0
275.0
117.0
248.0
80.0
137.0
802.0
221.0
69.0
1288.0
122.0
123.0
69.0
85.0
120.0
20.0
255.0
198.0
515.0
1289.0
33.0
527.0
110.0
189.0
47.0
320.0
254.0
376.0
59.0
296.0
525.0
269.0
75.0
241.0
79.0
272.0
28.0
357.0
168.0
841.0
1256.0
581.0
363.0
1137.0
293.0
144.0
812.0
5078.0
5792.0
129.0
164.0
330.0
50.0
29.0
182.0
204.0
190.0
514.0
350.0
78.0
64.0
27.0
117.0
33.0
20.0
175.0
847.0
49.0
124.0
65.0
43.0
166.0
153.0
75.0
152.0
150.0
771.0
36.0
20.0
25.0
32.0
8.0
70.0
262.0
107.0
69.0
89.0
58.0
40.0
87.0
142.0
48.0
25.0
57.0
159.0
169.0
106.0
86.0
131.0
46.0
67.0
1570.0
59.0
57.0
69.0
25.0
154.0
299.0
31.0
260.0
123.0
251.0
78.0
138.0
825.0
217.0
65.0
1224.0
124.0
120.0
71.0
93.0
112.0
19.0
262.0
193.0
491.0
1218.0
34.0
559.0
120.0
192.0
44.0
319.0
252.0
366.0
61.0
316.0
507.0
295.0
70.0
232.0
75.0
279.0
27.0
338.0
158.0
806.0
1333.0
594.0
341.0
1196.0
298.0
146.0
813.0
5486.0
5823.0
120.0
165.0
325.0
48.0
29.0
191.0
205.0
194.0
497.0
347.0
75.0
66.0
25.0
128.0
31.0
19.0
176.0
893.0
50.0
124.0
65.0
46.0
157.0
152.0
76.0
154.0
140.0
783.0
38.0
21.0
24.0
29.0
8.0
69.0
263.0
113.0
69.0
84.0
58.0
39.0
87.0
140.0
46.0
26.0
56.0
151.0
159.0
108.0
87.0
132.0
46.0
64.0
1658.0
56.0
58.0
67.0
26.0
154.0
296.0
32.0
276.0
122.0
260.0
75.0
135.0
770.0
223.0
65.0
1237.0
132.0
117.0
73.0
94.0
116.0
19.0
261.0
196.0
478.0
1269.0
35.0
514.0
113.0
183.0
47.0
323.0
254.0
383.0
56.0
312.0
506.0
286.0
73.0
229.0
81.0
290.0
29.0
370.0
167.0
842.0
1324.0
601.0
354.0
1096.0
272.0
156.0
875.0
5223.0
5760.0
119.0
166.0
316.0
47.0
27.0
180.0
226.0
184.0
532.0
345.0
74.0
67.0
26.0
118.0
33.0
19.0
171.0
883.0
49.0
123.0
61.0
42.0
157.0
147.0
71.0
161.0
138.0
774.0
36.0
21.0
26.0
31.0
8.0
73.0
262.0
109.0
73.0
91.0
56.0
38.0
82.0
145.0
46.0
25.0
57.0
154.0
167.0
110.0
81.0
132.0
44.0
64.0
1515.0
55.0
59.0
68.0
24.0
156.0
298.0
33.0
270.0
120.0
243.0
80.0
137.0
813.0
206.0
67.0
1285.0
131.0
120.0
69.0
88.0
120.0
20.0
253.0
190.0
498.0
1325.0
33.0
553.0
111.0
180.0
46.0
329.0
245.0
375.0
56.0
310.0
512.0
271.0
70.0
252.0
80.0
302.0
27.0
347.0
167.0
823.0
1320.0
553.0
345.0
1139.0
295.0
152.0
819.0
5496.0
5998.0
121.0
163.0
308.0
51.0
28.0
180.0
214.0
189.0
512.0
375.0
76.0
61.0
25.0
127.0
33.0
19.0
163.0
899.0
52.0
126.0
66.0
43.0
152.0
153.0
73.0
166.0
147.0
780.0
38.0
20.0
24.0
30.0
8.0
75.0
258.0
103.0
72.0
83.0
57.0
41.0
85.0
154.0
45.0
26.0
57.0
163.0
174.0
109.0
87.0
128.0
48.0
66.0
1583.0
56.0
58.0
70.0
26.0
153.0
273.0
30.0
270.0
120.0
239.0
80.0
141.0
752.0
213.0
65.0
1170.0
128.0
116.0
72.0
86.0
117.0
18.0
262.0
191.0
484.0
1225.0
36.0
531.0
111.0
175.0
47.0
336.0
249.0
388.0
61.0
302.0
557.0
269.0
70.0
235.0
78.0
284.0
27.0
345.0
167.0
801.0
1321.0
561.0
327.0
1084.0
289.0
146.0
822.0
5362.0
5753.0
122.0
159.0
304.0
51.0
27.0
188.0
224.0
181.0
489.0
368.0
75.0
66.0
26.0
127.0
31.0
20.0
162.0
826.0
52.0
124.0
63.0
45.0
153.0
145.0
75.0
161.0
151.0
785.0
37.0
21.0
26.0
32.0
8.0
75.0
255.0
106.0
72.0
83.0
59.0
40.0
85.0
147.0
45.0
26.0
57.0
148.0
169.0
102.0
85.0
128.0
44.0
65.0
1531.0
57.0
54.0
69.0
25.0
155.0
280.0
32.0
283.0
126.0
256.0
78.0
141.0
797.0
221.0
69.0
1211.0
122.0
120.0
69.0
89.0
116.0
19.0
265.0
197.0
510.0
1325.0
33.0
554.0
117.0
177.0
45.0
349.0
266.0
374.0
59.0
306.0
549.0
292.0
74.0
237.0
82.0
287.0
28.0
359.0
163.0
785.0
1382.0
570.0
346.0
1105.0
298.0
144.0
840.0
5114.0
6022.0
127.0
166.0
334.0
46.0
27.0
176.0
226.0
178.0
531.0
363.0
78.0
63.0
25.0
122.0
31.0
18.0
167.0
818.0
53.0
125.0
62.0
45.0
154.0
152.0
75.0
161.0
145.0
776.0
35.0
21.0
26.0
31.0
8.0
70.0
264.0
109.0
71.0
90.0
58.0
41.0
81.0
141.0
45.0
26.0
55.0
156.0
172.0
105.0
79.0
129.0
45.0
61.0
1510.0
57.0
56.0
69.0
25.0
155.0
287.0
32.0
273.0
118.0
251.0
78.0
141.0
808.0
218.0
70.0
1271.0
127.0
118.0
68.0
92.0
110.0
19.0
258.0
194.0
513.0
1339.0
33.0
516.0
114.0
176.0
45.0
341.0
245.0
386.0
60.0
314.0
554.0
295.0
71.0
245.0
81.0
298.0
28.0
366.0
158.0
768.0
1273.0
585.0
356.0
1159.0
297.0
148.0
813.0
5240.0
5936.0
120.0
173.0
327.0
48.0
27.0
186.0
207.0
192.0
519.0
354.0
78.0
64.0
25.0
116.0
32.0
20.0
168.0
880.0
51.0
120.0
65.0
46.0
159.0
154.0
71.0
165.0
141.0
765.0
38.0
21.0
25.0
31.0
8.0
70.0
265.0
107.0
71.0
89.0
56.0
39.0
87.0
150.0
45.0
25.0
57.0
149.0
173.0
111.0
85.0
130.0
44.0
62.0
1536.0
59.0
57.0
65.0
25.0
154.0
294.0
33.0
284.0
123.0
236.0
81.0
129.0
789.0
207.0
71.0
1246.0
134.0
125.0
70.0
87.0
120.0
19.0
246.0
195.0
500.0
1316.0
33.0
510.0
116.0
187.0
47.0
347.0
256.0
364.0
61.0
296.0
518.0
284.0
75.0
245.0
80.0
286.0
29.0
340.0
163.0
843.0
1304.0
553.0
336.0
1157.0
293.0
151.0
838.0
5105.0
5489.0
126.0
167.0
331.0
51.0
29.0
193.0
205.0
187.0
505.0
367.0
74.0
62.0
26.0
117.0
33.0
19.0
165.0
856.0
49.0
125.0
65.0
43.0
152.0
146.0
71.0
164.0
148.0
743.0
37.0
21.0
26.0
31.0
8.0
73.0
256.0
110.0
69.0
84.0
59.0
39.0
85.0
154.0
45.0
26.0
53.0
162.0
167.0
102.0
80.0
126.0
45.0
65.0
1556.0
55.0
58.0
70.0
25.0
160.0
273.0
33.0
266.0
125.0
239.0
78.0
130.0
791.0
214.0
71.0
1231.0
133.0
123.0
67.0
92.0
112.0
20.0
248.0
187.0
509.0
1305.0
35.0
532.0
120.0
183.0
44.0
348.0
261.0
397.0
59.0
297.0
533.0
295.0
74.0
247.0
74.0
301.0
28.0
347.0
163.0
765.0
1309.0
563.0
353.0
1108.0
278.0
152.0
849.0
5142.0
6038.0
119.0
164.0
312.0
50.0
28.0
189.0
212.0
179.0
530.0
370.0
73.0
63.0
27.0
125.0
31.0
20.0
163.0
898.0
51.0
124.0
65.0
42.0
155.0
148.0
74.0
154.0
150.0
751.0
38.0
20.0
24.0
32.0
8.0
76.0
257.0
104.0
69.0
85.0
57.0
39.0
86.0
151.0
46.0
25.0
54.0
152.0
170.0
110.0
80.0
131.0
45.0
62.0
1582.0
57.0
56.0
69.0
26.0
152.0
295.0
32.0
268.0
122.0
242.0
78.0
141.0
825.0
214.0
69.0
1282.0
130.0
127.0
73.0
89.0
119.0
20.0
251.0
189.0
504.0
1298.0
34.0
559.0
119.0
188.0
44.0
335.0
244.0
379.0
59.0
292.0
534.0
285.0
75.0
236.0
80.0
288.0
27.0
369.0
169.0
844.0
1327.0
562.0
332.0
1133.0
272.0
151.0
869.0
5380.0
5545.0
130.0
157.0
319.0
48.0
27.0
183.0
212.0
191.0
511.0
350.0
73.0
67.0
27.0
119.0
31.0
19.0
170.0
844.0
52.0
131.0
62.0
45.0
153.0
142.0
73.0
152.0
149.0
740.0
37.0
19.0
24.0
30.0
8.0
70.0
258.0
105.0
73.0
89.0
56.0
38.0
84.0
148.0
46.0
27.0
54.0
156.0
169.0
108.0
81.0
138.0
46.0
62.0
1518.0
56.0
58.0
70.0
25.0
154.0
298.0
32.0
285.0
120.0
254.0
80.0
140.0
797.0
221.0
70.0
1256.0
131.0
121.0
69.0
85.0
111.0
19.0
252.0
190.0
490.0
1334.0
34.0
510.0
114.0
181.0
46.0
348.0
256.0
380.0
56.0
300.0
508.0
269.0
69.0
250.0
76.0
275.0
27.0
348.0
170.0
801.0
1292.0
572.0
327.0
1080.0
294.0
144.0
826.0
5477.0
5630.0
119.0
159.0
313.0
48.0
28.0
180.0
210.0
196.0
498.0
374.0
75.0
63.0
25.0
124.0
31.0
19.0
178.0
886.0
51.0
127.0
61.0
44.0
165.0
155.0
75.0
164.0
142.0
766.0
36.0
21.0
26.0
30.0
8.0
69.0
268.0
107.0
71.0
84.0
58.0
40.0
88.0
145.0
45.0
25.0
55.0
151.0
160.0
101.0
82.0
132.0
44.0
65.0
1662.0
58.0
57.0
67.0
25.0
155.0
284.0
32.0
274.0
124.0
240.0
81.0
130.0
798.0
210.0
68.0
1236.0
126.0
117.0
69.0
89.0
114.0
20.0
257.0
189.0
494.0
1259.0
34.0
540.0
119.0
186.0
47.0
332.0
270.0
384.0
59.0
290.0
535.0
273.0
76.0
235.0
82.0
298.0
29.0
370.0
171.0
789.0
1285.0
580.0
339.0
1143.0
285.0
149.0
852.0
5434.0
5965.0
127.0
157.0
317.0
47.0
27.0
178.0
213.0
192.0
499.0
348.0
74.0
65.0
27.0
118.0
31.0
20.0
163.0
837.0
53.0
124.0
66.0
43.0
162.0
149.0
74.0
167.0
142.0
755.0
37.0
19.0
26.0
31.0
8.0
71.0
269.0
108.0
72.0
88.0
59.0
37.0
89.0
145.0
48.0
27.0
54.0
159.0
160.0
104.0
85.0
129.0
46.0
61.0
1588.0
57.0
55.0
65.0
25.0
159.0
283.0
30.0
275.0
123.0
260.0
82.0
129.0
786.0
207.0
70.0
1274.0
125.0
127.0
73.0
93.0
112.0
19.0
268.0
198.0
493.0
1296.0
33.0
521.0
115.0
193.0
45.0
321.0
267.0
377.0
56.0
313.0
530.0
269.0
70.0
254.0
82.0
301.0
28.0
353.0
159.0
827.0
1386.0
583.0
363.0
1092.0
284.0
153.0
822.0
5247.0
5782.0
129.0
162.0
322.0
47.0
27.0
191.0
207.0
192.0
518.0
361.0
76.0
65.0
25.0
125.0
31.0
19.0
164.0
861.0
53.0
120.0
65.0
43.0
157.0
145.0
69.0
159.0
150.0
740.0
36.0
20.0
25.0
32.0
8.0
70.0
274.0
103.0
73.0
89.0
58.0
40.0
86.0
144.0
49.0
27.0
58.0
159.0
170.0
102.0
79.0
129.0
45.0
63.0
1641.0
55.0
54.0
65.0
26.0
154.0
294.0
32.0
279.0
130.0
243.0
83.0
135.0
785.0
212.0
70.0
1277.0
126.0
124.0
68.0
86.0
112.0
20.0
248.0
200.0
498.0
1249.0
36.0
535.0
116.0
186.0
44.0
324.0
264.0
379.0
60.0
293.0
529.0
291.0
70.0
249.0
81.0
289.0
28.0
352.0
158.0
791.0
1343.0
572.0
340.0
1161.0
291.0
158.0
832.0
5182.0
5869.0
119.0
162.0
324.0
50.0
28.0
185.0
220.0
193.0
516.0
371.0
74.0
63.0
25.0
120.0
32.0
19.0
170.0
855.0
48.0
128.0
64.0
43.0
157.0
142.0
74.0
166.0
147.0
770.0
37.0
21.0
26.0
32.0
8.0
70.0
260.0
105.0
72.0
86.0
54.0
40.0
86.0
141.0
47.0
26.0
58.0
162.0
159.0
103.0
79.0
132.0
46.0
64.0
1659.0
57.0
58.0
67.0
25.0
162.0
274.0
33.0
260.0
118.0
255.0
83.0
135.0
769.0
222.0
71.0
1260.0
129.0
124.0
70.0
90.0
116.0
19.0
271.0
202.0
487.0
1303.0
36.0
525.0
112.0
181.0
48.0
321.0
269.0
380.0
61.0
320.0
552.0
270.0
69.0
229.0
78.0
282.0
28.0
365.0
160.0
779.0
1279.0
565.0
341.0
1169.0
280.0
155.0
865.0
5176.0
5739.0
127.0
165.0
312.0
48.0
27.0
176.0
208.0
188.0
490.0
358.0
75.0
63.0
25.0
118.0
31.0
19.0
176.0
834.0
53.0
131.0
61.0
42.0
165.0
148.0
69.0
166.0
153.0
789.0
37.0
21.0
24.0
30.0
8.0
72.0
268.0
105.0
73.0
87.0
58.0
41.0
85.0
140.0
47.0
27.0
55.0
148.0
167.0
100.0
80.0
127.0
45.0
64.0
1585.0
59.0
56.0
65.0
26.0
164.0
282.0
31.0
267.0
125.0
243.0
77.0
137.0
820.0
207.0
65.0
1187.0
128.0
125.0
69.0
86.0
116.0
19.0
266.0
191.0
196.0
174.0
149.0
130.0
476.0
159.0
140.0
156.0
150.0
148.0
166.0
143.0
149.0
163.0
138.0
144.0
148.0
164.0
452.0
152.0
132.0
148.0
130.0
133.0
153.0
135.0
167.0
396.0
134.0
142.0
138.0
135.0
143.0
136.0
160.0
139.0
154.0
136.0
131.0
144.0
143.0
139.0
132.0
145.0
171.0
411.0
167.0
153.0
397.0
167.0
137.0
172.0
152.0
162.0
139.0
175.0
177.0
161.0
441.0
171.0
149.0
141.0
171.0
165.0
134.0
143.0
145.0
155.0
166.0
135.0
143.0
136.0
145.0
133.0
135.0
174.0
460.0
176.0
141.0
167.0
173.0
176.0
156.0
152.0
166.0
144.0
409.0
137.0
427.0
134.0
370.0
387.0
458.0
447.0
452.0
427.0
481.0
393.0
493.0
139.0
139.0
157.0
152.0
142.0
160.0
162.0
170.0
155.0
184.0
184.0
139.0
132.0
398.0
134.0
176.0
174.0
153.0
161.0
155.0
169.0
146.0
140.0
170.0
133.0
168.0
176.0
448.0
169.0
149.0
137.0
132.0
168.0
141.0
176.0
152.0
452.0
150.0
135.0
150.0
168.0
145.0
165.0
147.0
142.0
145.0
167.0
171.0
136.0
177.0
173.0
159.0
139.0
176.0
426.0
138.0
151.0
464.0
155.0
146.0
133.0
144.0
151.0
162.0
173.0
139.0
163.0
413.0
157.0
166.0
140.0
171.0
164.0
139.0
134.0
149.0
172.0
174.0
142.0
169.0
159.0
153.0
141.0
118.0
139.0
451.0
143.0
161.0
161.0
175.0
167.0
167.0
167.0
138.0
133.0
449.0
143.0
382.0
147.0
420.0
456.0
443.0
375.0
439.0
413.0
455.0
432.0
478.0
148.0
170.0
149.0
157.0
167.0
171.0
144.0
143.0
142.0
181.0
176.0
141.0
172.0
482.0
166.0
142.0
135.0
146.0
131.0
147.0
149.0
165.0
143.0
172.0
168.0
163.0
148.0
467.0
149.0
149.0
168.0
132.0
156.0
154.0
149.0
170.0
434.0
157.0
161.0
160.0
146.0
147.0
158.0
136.0
157.0
142.0
153.0
145.0
144.0
171.0
164.0
161.0
146.0
143.0
479.0
131.0
132.0
418.0
169.0
148.0
146.0
173.0
171.0
175.0
172.0
131.0
176.0
406.0
154.0
160.0
138.0
144.0
134.0
158.0
160.0
161.0
166.0
158.0
149.0
159.0
131.0
148.0
147.0
140.0
165.0
417.0
132.0
173.0
147.0
164.0
153.0
173.0
138.0
169.0
141.0
381.0
134.0
369.0
174.0
426.0
441.0
421.0
415.0
444.0
448.0
393.0
494.0
393.0
159.0
149.0
165.0
172.0
169.0
131.0
150.0
131.0
132.0
165.0
185.0
150.0
173.0
370.0
147.0
145.0
156.0
154.0
151.0
163.0
149.0
162.0
153.0
154.0
141.0
163.0
176.0
388.0
131.0
160.0
140.0
139.0
163.0
177.0
175.0
167.0
431.0
148.0
177.0
142.0
133.0
135.0
159.0
135.0
152.0
141.0
159.0
134.0
145.0
135.0
150.0
135.0
112.0
150.0
456.0
144.0
174.0
413.0
135.0
164.0
158.0
155.0
141.0
166.0
155.0
146.0
132.0
472.0
156.0
143.0
138.0
139.0
169.0
156.0
175.0
133.0
170.0
149.0
132.0
173.0
175.0
152.0
174.0
117.0
155.0
492.0
171.0
140.0
159.0
156.0
171.0
176.0
151.0
174.0
171.0
484.0
167.0
369.0
136.0
399.0
425.0
471.0
436.0
439.0
430.0
385.0
439.0
482.0
141.0
170.0
156.0
167.0
169.0
174.0
176.0
167.0
145.0
168.0
204.0
135.0
130.0
406.0
162.0
160.0
167.0
176.0
137.0
146.0
175.0
140.0
162.0
133.0
145.0
140.0
155.0
372.0
167.0
156.0
174.0
159.0
164.0
131.0
151.0
166.0
462.0
145.0
136.0
137.0
173.0
145.0
171.0
140.0
135.0
167.0
162.0
140.0
147.0
168.0
166.0
142.0
132.0
149.0
365.0
164.0
130.0
461.0
168.0
137.0
143.0
141.0
152.0
154.0
157.0
146.0
174.0
363.0
144.0
172.0
133.0
148.0
151.0
134.0
138.0
175.0
155.0
168.0
136.0
131.0
171.0
159.0
154.0
128.0
151.0
422.0
164.0
140.0
166.0
157.0
164.0
177.0
177.0
153.0
173.0
371.0
166.0
386.0
149.0
439.0
394.0
373.0
479.0
434.0
375.0
425.0
385.0
363.0
176.0
135.0
172.0
176.0
148.0
149.0
158.0
175.0
164.0
178.0
153.0
174.0
153.0
464.0
162.0
150.0
159.0
146.0
165.0
172.0
144.0
162.0
132.0
148.0
176.0
158.0
153.0
431.0
147.0
136.0
151.0
132.0
156.0
130.0
163.0
158.0
452.0
177.0
136.0
144.0
154.0
161.0
137.0
154.0
140.0
134.0
157.0
167.0
133.0
151.0
161.0
160.0
136.0
166.0
366.0
136.0
172.0
389.0
134.0
176.0
159.0
151.0
143.0
167.0
143.0
148.0
164.0
473.0
164.0
171.0
154.0
134.0
165.0
147.0
169.0
169.0
152.0
130.0
139.0
169.0
166.0
173.0
170.0
145.0
131.0
490.0
131.0
136.0
169.0
161.0
155.0
139.0
151.0
151.0
133.0
471.0
148.0
449.0
169.0
370.0
370.0
373.0
472.0
375.0
427.0
464.0
450.0
475.0
164.0
156.0
158.0
163.0
138.0
146.0
152.0
170.0
137.0
173.0
186.0
143.0
147.0
450.0
165.0
132.0
131.0
159.0
160.0
154.0
168.0
156.0
134.0
172.0
138.0
140.0
141.0
375.0
144.0
176.0
153.0
155.0
165.0
139.0
155.0
164.0
370.0
162.0
135.0
169.0
142.0
154.0
162.0
177.0
150.0
162.0
135.0
169.0
157.0
173.0
166.0
173.0
135.0
137.0
380.0
138.0
176.0
396.0
149.0
167.0
162.0
171.0
170.0
166.0
133.0
168.0
171.0
423.0
130.0
132.0
133.0
153.0
163.0
143.0
168.0
177.0
152.0
174.0
172.0
141.0
166.0
159.0
154.0
142.0
139.0
453.0
157.0
167.0
137.0
151.0
175.0
163.0
153.0
174.0
146.0
395.0
146.0
436.0
176.0
423.0
467.0
462.0
473.0
384.0
406.0
471.0
449.0
409.0
131.0
141.0
160.0
140.0
135.0
140.0
162.0
138.0
132.0
179.0
176.0
162.0
156.0
404.0
164.0
136.0
144.0
145.0
133.0
150.0
166.0
166.0
136.0
142.0
167.0
139.0
155.0
441.0
171.0
151.0
150.0
144.0
136.0
175.0
160.0
172.0
410.0
148.0
135.0
170.0
169.0
174.0
152.0
162.0
161.0
151.0
146.0
177.0
171.0
158.0
132.0
147.0
132.0
173.0
489.0
144.0
147.0
449.0
143.0
173.0
149.0
155.0
142.0
137.0
157.0
172.0
138.0
433.0
172.0
168.0
142.0
162.0
174.0
143.0
164.0
148.0
174.0
154.0
156.0
166.0
152.0
165.0
156.0
139.0
132.0
415.0
166.0
165.0
144.0
146.0
154.0
153.0
162.0
153.0
159.0
400.0
153.0
389.0
137.0
405.0
391.0
385.0
424.0
476.0
478.0
444.0
463.0
390.0
143.0
132.0
160.0
148.0
147.0
131.0
157.0
149.0
162.0
185.0
154.0
153.0
139.0
390.0
158.0
172.0
155.0
154.0
161.0
174.0
160.0
141.0
144.0
148.0
140.0
176.0
149.0
453.0
163.0
165.0
140.0
135.0
149.0
153.0
166.0
137.0
387.0
175.0
143.0
175.0
170.0
162.0
165.0
177.0
170.0
173.0
131.0
166.0
149.0
162.0
163.0
137.0
146.0
157.0
457.0
161.0
165.0
433.0
154.0
154.0
146.0
136.0
135.0
158.0
141.0
177.0
155.0
446.0
146.0
134.0
142.0
131.0
157.0
155.0
171.0
141.0
163.0
161.0
174.0
164.0
158.0
165.0
161.0
143.0
151.0
468.0
138.0
166.0
171.0
167.0
147.0
161.0
133.0
164.0
144.0
445.0
146.0
410.0
139.0
439.0
416.0
370.0
373.0
418.0
474.0
453.0
458.0
440.0
141.0
137.0
154.0
143.0
166.0
132.0
146.0
140.0
159.0
180.0
187.0
176.0
146.0
403.0
134.0
143.0
174.0
177.0
171.0
154.0
144.0
175.0
141.0
168.0
156.0
147.0
161.0
370.0
133.0
138.0
145.0
164.0
148.0
156.0
147.0
165.0
404.0
151.0
174.0
149.0
172.0
135.0
154.0
133.0
133.0
136.0
165.0
143.0
134.0
162.0
156.0
169.0
119.0
159.0
450.0
137.0
176.0
409.0
159.0
168.0
151.0
154.0
174.0
155.0
172.0
141.0
173.0
385.0
167.0
140.0
148.0
167.0
151.0
172.0
142.0
141.0
148.0
161.0
170.0
143.0
141.0
170.0
136.0
121.0
172.0
436.0
152.0
146.0
140.0
136.0
165.0
151.0
146.0
155.0
145.0
367.0
166.0
476.0
171.0
382.0
398.0
489.0
471.0
376.0
438.0
458.0
445.0
367.0
156.0
161.0
158.0
151.0
133.0
161.0
167.0
156.0
156.0
165.0
154.0
171.0
160.0
416.0
147.0
155.0
166.0
145.0
142.0
143.0
163.0
137.0
158.0
169.0
169.0
154.0
175.0
409.0
133.0
136.0
134.0
142.0
138.0
132.0
149.0
150.0
438.0
150.0
158.0
153.0
130.0
145.0
152.0
175.0
171.0
152.0
165.0
145.0
164.0
138.0
174.0
143.0
128.0
171.0
421.0
168.0
171.0
474.0
152.0
163.0
162.0
136.0
146.0
170.0
155.0
171.0
142.0
398.0
157.0
147.0
174.0
163.0
135.0
156.0
136.0
152.0
134.0
130.0
157.0
160.0
161.0
147.0
141.0
144.0
135.0
462.0
145.0
174.0
159.0
175.0
151.0
149.0
150.0
136.0
159.0
471.0
132.0
391.0
139.0
401.0
366.0
444.0
462.0
436.0
392.0
454.0
489.0
461.0
156.0
137.0
142.0
172.0
169.0
139.0
146.0
152.0
171.0
168.0
205.0
149.0
150.0
470.0
166.0
162.0
135.0
171.0
136.0
135.0
162.0
133.0
156.0
131.0
153.0
134.0
137.0
384.0
158.0
148.0
170.0
158.0
172.0
140.0
148.0
170.0
454.0
170.0
130.0
152.0
134.0
166.0
147.0
151.0
142.0
141.0
154.0
157.0
159.0
143.0
151.0
156.0
123.0
141.0
434.0
136.0
154.0
412.0
163.0
140.0
165.0
133.0
137.0
136.0
161.0
164.0
136.0
443.0
149.0
142.0
174.0
158.0
168.0
136.0
141.0
149.0
131.0
167.0
147.0
131.0
149.0
150.0
175.0
142.0
135.0
401.0
157.0
142.0
131.0
164.0
169.0
172.0
172.0
174.0
131.0
455.0
156.0
400.0
162.0
427.0
383.0
377.0
406.0
378.0
388.0
470.0
415.0
437.0
136.0
163.0
131.0
157.0
171.0
149.0
139.0
176.0
135.0
177.0
190.0
175.0
164.0
469.0
144.0
167.0
146.0
166.0
169.0
169.0
130.0
151.0
157.0
176.0
155.0
159.0
137.0
447.0
172.0
167.0
134.0
132.0
162.0
168.0
159.0
148.0
464.0
143.0
148.0
136.0
151.0
152.0
172.0
161.0
157.0
167.0
154.0
169.0
175.0
172.0
155.0
133.0
130.0
164.0
391.0
156.0
133.0
433.0
159.0
133.0
151.0
146.0
155.0
166.0
131.0
149.0
136.0
381.0
159.0
172.0
159.0
156.0
167.0
155.0
163.0
153.0
136.0
135.0
131.0
135.0
151.0
131.0
139.0
150.0
170.0
410.0
136.0
162.0
152.0
130.0
157.0
153.0
167.0
132.0
141.0
402.0
138.0
382.0
164.0
485.0
374.0
481.0
434.0
364.0
469.0
396.0
416.0
388.0
174.0
151.0
172.0
173.0
171.0
144.0
141.0
169.0
174.0
169.0
182.0
161.0
138.0
431.0
173.0
133.0
152.0
161.0
148.0
168.0
134.0
132.0
141.0
137.0
150.0
157.0
154.0
440.0
154.0
151.0
157.0
134.0
176.0
159.0
135.0
155.0
363.0
130.0
177.0
171.0
168.0
138.0
159.0
157.0
161.0
166.0
175.0
130.0
142.0
131.0
145.0
175.0
119.0
141.0
437.0
151.0
171.0
463.0
136.0
156.0
164.0
137.0
149.0
176.0
134.0
151.0
175.0
386.0
166.0
161.0
131.0
173.0
140.0
131.0
130.0
136.0
173.0
156.0
171.0
147.0
147.0
175.0
173.0
141.0
165.0
365.0
131.0
156.0
131.0
167.0
162.0
144.0
151.0
152.0
137.0
485.0
145.0
462.0
151.0
485.0
445.0
469.0
430.0
413.0
490.0
413.0
387.0
444.0
168.0
165.0
136.0
132.0
132.0
140.0
175.0
154.0
142.0
189.0
196.0
143.0
145.0
405.0
150.0
143.0
142.0
152.0
155.0
146.0
147.0
137.0
167.0
158.0
175.0
174.0
165.0
382.0
149.0
134.0
169.0
170.0
154.0
137.0
168.0
159.0
472.0
144.0
158.0
169.0
170.0
149.0
147.0
147.0
145.0
146.0
134.0
170.0
166.0
137.0
137.0
167.0
152.0
133.0
450.0
162.0
153.0
419.0
153.0
155.0
166.0
141.0
144.0
175.0
171.0
148.0
134.0
409.0
177.0
153.0
163.0
144.0
164.0
141.0
170.0
148.0
143.0
131.0
142.0
138.0
173.0
143.0
171.0
147.0
147.0
434.0
164.0
141.0
165.0
151.0
145.0
135.0
158.0
130.0
130.0
415.0
171.0
478.0
159.0
491.0
366.0
443.0
405.0
447.0
433.0
486.0
423.0
455.0
147.0
157.0
164.0
139.0
156.0
146.0
141.0
141.0
158.0
164.0
153.0
165.0
148.0
472.0
138.0
164.0
135.0
162.0
166.0
169.0
176.0
161.0
174.0
162.0
174.0
133.0
132.0
416.0
168.0
172.0
171.0
144.0
142.0
144.0
130.0
155.0
453.0
152.0
170.0
146.0
176.0
140.0
143.0
135.0
159.0
130.0
160.0
143.0
163.0
151.0
146.0
130.0
136.0
147.0
477.0
131.0
164.0
448.0
150.0
131.0
146.0
132.0
163.0
165.0
148.0
144.0
160.0
401.0
174.0
142.0
170.0
153.0
155.0
177.0
153.0
154.0
162.0
172.0
147.0
164.0
142.0
150.0
163.0
139.0
153.0
375.0
174.0
165.0
165.0
154.0
150.0
161.0
157.0
166.0
169.0
376.0
151.0
436.0
160.0
375.0
364.0
464.0
395.0
451.0
409.0
411.0
382.0
403.0
137.0
168.0
156.0
173.0
159.0
149.0
153.0
155.0
134.0
169.0
194.0
168.0
137.0
371.0
163.0
134.0
135.0
168.0
168.0
167.0
165.0
166.0
174.0
173.0
177.0
146.0
148.0
428.0
130.0
143.0
166.0
175.0
148.0
148.0
144.0
158.0
487.0
173.0
153.0
133.0
130.0
166.0
151.0
139.0
145.0
168.0
139.0
162.0
175.0
138.0
146.0
154.0
138.0
140.0
457.0
130.0
169.0
447.0
143.0
133.0
175.0
169.0
140.0
173.0
175.0
153.0
130.0
385.0
136.0
131.0
173.0
153.0
148.0
150.0
133.0
170.0
138.0
147.0
148.0
140.0
133.0
132.0
162.0
118.0
177.0
465.0
170.0
167.0
165.0
148.0
134.0
174.0
176.0
134.0
139.0
436.0
132.0
372.0
167.0
461.0
396.0
407.0
481.0
451.0
409.0
404.0
493.0
447.0
161.0
143.0
164.0
171.0
163.0
159.0
173.0
167.0
149.0
191.0
170.0
166.0
157.0
416.0
153.0
173.0
156.0
132.0
157.0
132.0
169.0
136.0
172.0
176.0
173.0
167.0
171.0
365.0
146.0
153.0
143.0
136.0
135.0
174.0
134.0
132.0
466.0
138.0
154.0
146.0
169.0
158.0
158.0
152.0
140.0
151.0
135.0
137.0
141.0
155.0
169.0
144.0
147.0
157.0
376.0
174.0
164.0
444.0
176.0
147.0
157.0
173.0
138.0
161.0
163.0
156.0
140.0
412.0
149.0
166.0
162.0
166.0
170.0
147.0
135.0
145.0
134.0
137.0
170.0
169.0
136.0
133.0
153.0
146.0
158.0
389.0
135.0
135.0
158.0
144.0
151.0
174.0
151.0
146.0
151.0
372.0
170.0
363.0
176.0
429.0
382.0
405.0
460.0
471.0
378.0
495.0
435.0
429.0
149.0
173.0
150.0
140.0
143.0
170.0
151.0
164.0
160.0
180.0
153.0
140.0
143.0
418.0
134.0
137.0
174.0
144.0
168.0
167.0
154.0
164.0
173.0
135.0
155.0
150.0
158.0
487.0
167.0
158.0
146.0
175.0
165.0
168.0
162.0
157.0
367.0
157.0
152.0
151.0
141.0
160.0
158.0
139.0
161.0
155.0
158.0
161.0
177.0
172.0
143.0
156.0
143.0
161.0
438.0
166.0
150.0
403.0
133.0
140.0
171.0
140.0
133.0
141.0
143.0
152.0
176.0
486.0
152.0
148.0
153.0
170.0
163.0
146.0
169.0
131.0
142.0
136.0
175.0
137.0
174.0
166.0
164.0
131.0
136.0
386.0
174.0
168.0
149.0
161.0
148.0
144.0
163.0
167.0
168.0
418.0
147.0
370.0
162.0
385.0
475.0
470.0
380.0
367.0
464.0
465.0
395.0
453.0
156.0
157.0
177.0
144.0
173.0
131.0
135.0
173.0
172.0
202.0
200.0
144.0
140.0
443.0
152.0
141.0
144.0
177.0
159.0
176.0
167.0
134.0
154.0
167.0
174.0
159.0
132.0
395.0
132.0
154.0
146.0
133.0
151.0
173.0
157.0
161.0
398.0
136.0
177.0
141.0
161.0
163.0
149.0
174.0
138.0
159.0
152.0
151.0
166.0
142.0
171.0
167.0
122.0
149.0
489.0
170.0
152.0
456.0
147.0
168.0
147.0
148.0
177.0
171.0
159.0
170.0
139.0
440.0
174.0
166.0
173.0
175.0
161.0
155.0
144.0
170.0
154.0
148.0
135.0
159.0
164.0
156.0
165.0
148.0
168.0
370.0
162.0
174.0
157.0
134.0
130.0
176.0
141.0
149.0
170.0
423.0
177.0
448.0
143.0
379.0
479.0
469.0
463.0
422.0
392.0
416.0
406.0
455.0
169.0
164.0
134.0
157.0
165.0
148.0
153.0
156.0
139.0
162.0
205.0
131.0
134.0
462.0
139.0
175.0
142.0
162.0
166.0
170.0
134.0
176.0
157.0
173.0
153.0
137.0
142.0
489.0
135.0
142.0
165.0
149.0
156.0
153.0
152.0
141.0
451.0
160.0
131.0
133.0
142.0
175.0
131.0
146.0
133.0
155.0
169.0
162.0
152.0
144.0
138.0
157.0
131.0
174.0
454.0
135.0
174.0
458.0
144.0
152.0
177.0
169.0
162.0
136.0
141.0
153.0
138.0
425.0
135.0
153.0
137.0
160.0
149.0
152.0
155.0
146.0
136.0
134.0
171.0
165.0
168.0
142.0
153.0
135.0
136.0
471.0
145.0
143.0
163.0
143.0
148.0
159.0
168.0
159.0
155.0
392.0
132.0
416.0
143.0
368.0
467.0
416.0
381.0
421.0
492.0
451.0
487.0
440.0
172.0
165.0
166.0
150.0
153.0
148.0
158.0
138.0
172.0
160.0
196.0
146.0
169.0
412.0
131.0
159.0
139.0
167.0
148.0
131.0
135.0
161.0
152.0
153.0
177.0
173.0
175.0
407.0
160.0
139.0
173.0
160.0
146.0
150.0
170.0
150.0
421.0
139.0
136.0
170.0
168.0
152.0
149.0
148.0
151.0
142.0
137.0
135.0
170.0
132.0
150.0
171.0
151.0
146.0
427.0
131.0
173.0
440.0
168.0
173.0
168.0
148.0
165.0
177.0
145.0
159.0
164.0
479.0
162.0
169.0
175.0
145.0
160.0
147.0
170.0
163.0
136.0
168.0
153.0
137.0
132.0
157.0
144.0
149.0
176.0
378.0
151.0
155.0
138.0
175.0
154.0
145.0
134.0
134.0
163.0
490.0
167.0
382.0
164.0
396.0
458.0
489.0
443.0
400.0
378.0
400.0
447.0
435.0
145.0
146.0
131.0
134.0
171.0
170.0
159.0
136.0
161.0
161.0
171.0
146.0
132.0
409.0
170.0
140.0
157.0
159.0
157.0
158.0
149.0
139.0
142.0
140.0
130.0
162.0
157.0
419.0
154.0
152.0
152.0
139.0
164.0
159.0
147.0
147.0
472.0
164.0
140.0
136.0
141.0
176.0
146.0
138.0
134.0
173.0
131.0
161.0
149.0
160.0
173.0
157.0
143.0
139.0
403.0
155.0
143.0
422.0
171.0
144.0
174.0
170.0
162.0
163.0
162.0
164.0
136.0
444.0
132.0
137.0
165.0
136.0
170.0
148.0
144.0
135.0
146.0
148.0
134.0
131.0
131.0
135.0
154.0
117.0
176.0
450.0
163.0
134.0
131.0
175.0
143.0
141.0
166.0
176.0
157.0
491.0
159.0
489.0
151.0
418.0
476.0
393.0
481.0
465.0
381.0
422.0
377.0
426.0
171.0
134.0
144.0
171.0
164.0
138.0
171.0
175.0
172.0
161.0
187.0
158.0
171.0
364.0
172.0
139.0
133.0
175.0
174.0
153.0
154.0
164.0
140.0
142.0
134.0
177.0
174.0
386.0
156.0
143.0
135.0
161.0
134.0
169.0
154.0
172.0
487.0
130.0
153.0
132.0
160.0
141.0
130.0
164.0
174.0
155.0
149.0
168.0
130.0
142.0
148.0
147.0
117.0
154.0
451.0
152.0
153.0
417.0
130.0
163.0
168.0
130.0
154.0
137.0
142.0
166.0
161.0
468.0
163.0
169.0
147.0
165.0
131.0
142.0
172.0
167.0
144.0
148.0
158.0
134.0
141.0
163.0
164.0
117.0
158.0
457.0
161.0
131.0
140.0
141.0
162.0
174.0
139.0
163.0
166.0
407.0
167.0
409.0
134.0
395.0
368.0
453.0
403.0
428.0
473.0
405.0
477.0
471.0
151.0
144.0
166.0
156.0
144.0
146.0
151.0
168.0
165.0
183.0
158.0
159.0
135.0
487.0
138.0
155.0
137.0
141.0
131.0
152.0
163.0
140.0
130.0
164.0
149.0
153.0
152.0
474.0
147.0
142.0
152.0
150.0
156.0
167.0
177.0
174.0
369.0
147.0
133.0
157.0
151.0
133.0
150.0
148.0
140.0
159.0
175.0
142.0
153.0
141.0
154.0
156.0
114.0
134.0
479.0
151.0
131.0
472.0
161.0
145.0
165.0
149.0
160.0
160.0
176.0
131.0
163.0
392.0
134.0
131.0
159.0
173.0
138.0
172.0
174.0
175.0
136.0
172.0
177.0
163.0
176.0
175.0
173.0
122.0
144.0
455.0
169.0
144.0
148.0
173.0
165.0
146.0
148.0
158.0
176.0
484.0
160.0
469.0
130.0
429.0
372.0
428.0
485.0
406.0
398.0
396.0
388.0
396.0
149.0
166.0
140.0
146.0
156.0
137.0
170.0
169.0
163.0
