25 6 108
30160.5
30632.5
33991.5
35262.5
32853.5
32364.5
32653.5
30569.5
28980.5
33352.5
31419.5
32062.5
33587.5
29745.5
33481.5
32486.5
31395.5
35357.5
33230.5
35381.5
31825.5
33351.5
32465.5
31662.5
35850.5
0.0200020386777521
0.019472104151583423
0.0225528236611802
0.017767209470805935
0.02334713050714041
0.017618828584512358
0.02217427132373911
0.019161437184589444
0.020308262453646926
0.019352968441037958
0.020350251849212252
0.017258846319018587
0.02236564607205975
0.017583700867070645
0.021323615315021787
0.016993893874987454
0.020402817451483944
0.01858732125274477
0.02317813084251237
0.018103883753981156
0.022302804562612338
0.01747036636516648
0.021365151943022645
0.017814591327534244
0.0205076167882317
127
119
127
114
124
118
2557
22
1261
1300
67
529
482.0
1334.0
34.0
517.0
109.0
183.0
47.0
330.0
262.0
395.0
58.0
295.0
528.0
274.0
70.0
235.0
76.0
277.0
29.0
338.0
165.0
842.0
1318.0
570.0
330.0
1133.0
301.0
154.0
814.0
5079.0
5713.0
119.0
162.0
308.0
50.0
27.0
183.0
206.0
192.0
494.0
357.0
73.0
63.0
26.0
122.0
33.0
19.0
164.0
847.0
53.0
123.0
65.0
45.0
166.0
146.0
72.0
168.0
153.0
786.0
35.0
20.0
25.0
30.0
8.0
76.0
250.0
110.0
74.0
85.0
58.0
39.0
87.0
153.0
48.0
25.0
54.0
162.0
165.0
104.0
86.0
133.0
48.0
64.0
1622.0
56.0
55.0
69.0
24.0
158.0
291.0
32.0
274.0
119.0
249.0
83.0
137.0
785.0
215.0
66.0
1247.0
126.0
125.0
73.0
86.0
112.0
19.0
259.0
192.0
503.0
1217.0
33.0
506.0
119.0
176.0
48.0
350.0
246.0
387.0
60.0
307.0
540.0
282.0
75.0
247.0
78.0
297.0
27.0
350.0
163.0
781.0
1345.0
573.0
329.0
1141.0
274.0
148.0
863.0
5219.0
5512.0
127.0
161.0
336.0
47.0
28.0
193.0
214.0
184.0
514.0
340.0
79.0
65.0
25.0
119.0
33.0
18.0
179.0
826.0
49.0
123.0
63.0
43.0
161.0
142.0
71.0
152.0
153.0
728.0
35.0
21.0
25.0
32.0
8.0
69.0
263.0
107.0
73.0
88.0
58.0
40.0
81.0
147.0
48.0
25.0
53.0
160.0
159.0
110.0
87.0
133.0
45.0
62.0
1557.0
54.0
55.0
71.0
26.0
152.0
278.0
32.0
267.0
120.0
251.0
79.0
129.0
776.0
215.0
65.0
1288.0
134.0
117.0
70.0
94.0
113.0
19.0
255.0
191.0
491.0
1256.0
34.0
520.0
109.0
191.0
44.0
331.0
251.0
365.0
61.0
298.0
508.0
273.0
72.0
233.0
80.0
276.0
27.0
351.0
171.0
809.0
1376.0
595.0
352.0
1126.0
296.0
148.0
801.0
4973.0
5706.0
128.0
157.0
316.0
49.0
28.0
178.0
207.0
183.0
505.0
367.0
79.0
63.0
25.0
121.0
31.0
20.0
172.0
871.0
52.0
121.0
67.0
46.0
159.0
142.0
69.0
156.0
139.0
732.0
35.0
20.0
25.0
31.0
8.0
75.0
271.0
112.0
68.0
83.0
55.0
41.0
84.0
143.0
47.0
27.0
58.0
148.0
170.0
102.0
82.0
139.0
46.0
66.0
1641.0
54.0
54.0
66.0
25.0
158.0
289.0
33.0
273.0
117.0
250.0
82.0
139.0
826.0
218.0
70.0
1229.0
131.0
127.0
73.0
89.0
115.0
20.0
266.0
187.0
477.0
1264.0
34.0
547.0
114.0
190.0
46.0
343.0
260.0
370.0
61.0
319.0
519.0
280.0
74.0
252.0
79.0
281.0
27.0
355.0
166.0
825.0
1264.0
577.0
336.0
1150.0
284.0
152.0
803.0
5432.0
5755.0
123.0
159.0
322.0
50.0
28.0
190.0
209.0
193.0
509.0
367.0
73.0
64.0
25.0
125.0
30.0
19.0
171.0
841.0
50.0
127.0
67.0
43.0
152.0
144.0
71.0
168.0
148.0
800.0
37.0
20.0
25.0
32.0
8.0
69.0
264.0
106.0
73.0
83.0
55.0
40.0
84.0
143.0
45.0
25.0
57.0
158.0
164.0
110.0
82.0
131.0
47.0
65.0
1525.0
58.0
56.0
65.0
24.0
153.0
297.0
30.0
270.0
119.0
242.0
77.0
140.0
801.0
215.0
66.0
1229.0
132.0
125.0
69.0
86.0
122.0
20.0
265.0
194.0
470.0
1235.0
35.0
559.0
111.0
183.0
48.0
318.0
270.0
397.0
60.0
303.0
543.0
291.0
75.0
241.0
78.0
294.0
29.0
370.0
172.0
791.0
1374.0
568.0
348.0
1165.0
276.0
154.0
794.0
5119.0
5678.0
119.0
169.0
308.0
50.0
27.0
192.0
215.0
182.0
510.0
365.0
76.0
62.0
27.0
116.0
32.0
19.0
163.0
868.0
51.0
128.0
61.0
43.0
159.0
146.0
69.0
167.0
147.0
753.0
38.0
20.0
25.0
30.0
8.0
71.0
263.0
110.0
69.0
83.0
54.0
39.0
84.0
154.0
47.0
26.0
56.0
163.0
175.0
103.0
83.0
128.0
48.0
61.0
1508.0
59.0
56.0
65.0
26.0
151.0
281.0
32.0
281.0
128.0
236.0
83.0
133.0
768.0
221.0
69.0
1198.0
130.0
116.0
67.0
89.0
120.0
20.0
254.0
196.0
519.0
1286.0
34.0
511.0
111.0
191.0
44.0
345.0
265.0
388.0
59.0
320.0
532.0
286.0
72.0
235.0
75.0
284.0
29.0
367.0
169.0
814.0
1270.0
563.0
327.0
1141.0
273.0
151.0
804.0
5325.0
6012.0
129.0
170.0
304.0
49.0
27.0
192.0
213.0
191.0
520.0
356.0
77.0
62.0
25.0
119.0
33.0
20.0
178.0
873.0
51.0
122.0
61.0
44.0
162.0
154.0
70.0
152.0
142.0
761.0
37.0
21.0
25.0
31.0
8.0
73.0
254.0
112.0
72.0
91.0
57.0
39.0
89.0
150.0
48.0
26.0
55.0
151.0
161.0
108.0
83.0
134.0
44.0
61.0
1591.0
56.0
54.0
69.0
25.0
159.0
296.0
31.0
269.0
117.0
257.0
78.0
136.0
816.0
221.0
68.0
1250.0
134.0
123.0
71.0
91.0
115.0
20.0
256.0
192.0
468.0
1316.0
36.0
535.0
110.0
189.0
46.0
346.0
248.0
393.0
59.0
313.0
541.0
285.0
76.0
239.0
79.0
288.0
29.0
373.0
159.0
808.0
1260.0
598.0
359.0
1180.0
289.0
152.0
815.0
5153.0
5454.0
126.0
157.0
303.0
46.0
27.0
188.0
210.0
196.0
488.0
356.0
76.0
64.0
27.0
128.0
33.0
20.0
166.0
859.0
53.0
119.0
61.0
43.0
163.0
142.0
74.0
163.0
143.0
779.0
37.0
21.0
26.0
29.0
8.0
76.0
265.0
106.0
69.0
84.0
59.0
40.0
84.0
148.0
47.0
26.0
56.0
162.0
175.0
104.0
81.0
134.0
46.0
66.0
1550.0
58.0
59.0
66.0
24.0
157.0
273.0
32.0
269.0
126.0
257.0
81.0
135.0
791.0
204.0
71.0
1217.0
131.0
122.0
71.0
93.0
121.0
19.0
265.0
195.0
505.0
1273.0
33.0
558.0
112.0
174.0
48.0
330.0
249.0
399.0
57.0
294.0
544.0
279.0
75.0
246.0
82.0
286.0
29.0
371.0
164.0
828.0
1361.0
582.0
337.0
1155.0
285.0
145.0
804.0
5448.0
5520.0
125.0
164.0
308.0
46.0
28.0
183.0
225.0
192.0
489.0
373.0
76.0
65.0
27.0
128.0
33.0
20.0
171.0
870.0
52.0
123.0
65.0
43.0
166.0
150.0
75.0
158.0
145.0
776.0
36.0
21.0
25.0
30.0
8.0
72.0
263.0
110.0
70.0
89.0
59.0
37.0
85.0
142.0
46.0
27.0
57.0
161.0
162.0
101.0
82.0
133.0
47.0
66.0
1522.0
59.0
57.0
67.0
26.0
154.0
272.0
30.0
260.0
123.0
240.0
76.0
133.0
824.0
203.0
67.0
1255.0
134.0
121.0
72.0
93.0
112.0
20.0
255.0
195.0
501.0
1301.0
36.0
552.0
119.0
190.0
44.0
330.0
258.0
369.0
60.0
304.0
507.0
282.0
72.0
241.0
78.0
302.0
29.0
351.0
163.0
781.0
1324.0
588.0
348.0
1086.0
301.0
148.0
828.0
5031.0
5685.0
122.0
159.0
305.0
48.0
29.0
185.0
221.0
178.0
494.0
355.0
72.0
66.0
26.0
119.0
33.0
20.0
177.0
886.0
51.0
121.0
65.0
42.0
160.0
150.0
71.0
157.0
143.0
792.0
35.0
20.0
26.0
31.0
8.0
72.0
250.0
105.0
72.0
83.0
55.0
41.0
82.0
150.0
46.0
27.0
57.0
148.0
159.0
108.0
80.0
134.0
47.0
64.0
1615.0
56.0
57.0
71.0
26.0
157.0
288.0
33.0
277.0
119.0
254.0
75.0
134.0
826.0
220.0
67.0
1265.0
123.0
115.0
73.0
91.0
112.0
19.0
255.0
191.0
471.0
1232.0
33.0
517.0
116.0
177.0
47.0
346.0
255.0
391.0
60.0
311.0
542.0
269.0
73.0
254.0
76.0
283.0
28.0
349.0
165.0
835.0
1368.0
587.0
335.0
1118.0
293.0
153.0
854.0
5382.0
5894.0
119.0
166.0
323.0
49.0
28.0
181.0
207.0
187.0
524.0
339.0
72.0
67.0
27.0
118.0
30.0
20.0
164.0
874.0
48.0
120.0
61.0
46.0
155.0
149.0
72.0
152.0
146.0
759.0
36.0
21.0
25.0
32.0
8.0
75.0
255.0
110.0
69.0
86.0
54.0
41.0
88.0
140.0
48.0
26.0
56.0
152.0
162.0
110.0
80.0
127.0
45.0
62.0
1601.0
57.0
58.0
71.0
25.0
160.0
298.0
33.0
270.0
127.0
248.0
78.0
138.0
822.0
208.0
66.0
1203.0
131.0
126.0
73.0
86.0
122.0
19.0
256.0
206.0
504.0
1218.0
34.0
535.0
116.0
186.0
46.0
340.0
259.0
393.0
60.0
309.0
556.0
293.0
70.0
230.0
78.0
286.0
28.0
366.0
170.0
834.0
1336.0
601.0
339.0
1184.0
280.0
157.0
837.0
5258.0
5652.0
123.0
164.0
328.0
47.0
28.0
178.0
205.0
185.0
509.0
350.0
77.0
63.0
27.0
128.0
31.0
20.0
167.0
844.0
52.0
119.0
66.0
42.0
158.0
140.0
69.0
163.0
146.0
754.0
38.0
21.0
25.0
32.0
8.0
71.0
253.0
108.0
70.0
89.0
57.0
40.0
81.0
143.0
49.0
27.0
55.0
149.0
173.0
104.0
86.0
131.0
48.0
61.0
1635.0
55.0
58.0
70.0
24.0
166.0
279.0
30.0
267.0
130.0
247.0
76.0
131.0
813.0
209.0
71.0
1221.0
134.0
116.0
68.0
85.0
120.0
20.0
265.0
187.0
468.0
1249.0
34.0
517.0
113.0
181.0
47.0
349.0
247.0
367.0
59.0
307.0
524.0
281.0
71.0
248.0
79.0
302.0
29.0
361.0
171.0
781.0
1336.0
600.0
360.0
1080.0
284.0
153.0
874.0
4989.0
5997.0
131.0
170.0
326.0
50.0
28.0
179.0
217.0
192.0
486.0
351.0
73.0
66.0
27.0
121.0
33.0
19.0
177.0
823.0
53.0
129.0
63.0
45.0
152.0
149.0
75.0
167.0
141.0
782.0
35.0
20.0
26.0
32.0
8.0
71.0
250.0
104.0
68.0
85.0
55.0
41.0
83.0
140.0
48.0
27.0
53.0
155.0
167.0
109.0
86.0
126.0
48.0
67.0
1622.0
59.0
55.0
66.0
26.0
155.0
284.0
33.0
263.0
123.0
246.0
77.0
130.0
831.0
219.0
67.0
1227.0
126.0
119.0
73.0
91.0
122.0
20.0
270.0
192.0
482.0
1301.0
36.0
539.0
109.0
191.0
47.0
342.0
250.0
363.0
58.0
306.0
508.0
266.0
73.0
250.0
76.0
302.0
27.0
364.0
173.0
796.0
1380.0
549.0
347.0
1088.0
299.0
157.0
853.0
5508.0
5699.0
131.0
160.0
307.0
51.0
28.0
192.0
216.0
180.0
528.0
359.0
75.0
67.0
25.0
116.0
31.0
20.0
179.0
824.0
50.0
126.0
63.0
44.0
167.0
149.0
75.0
167.0
141.0
724.0
37.0
20.0
24.0
30.0
8.0
74.0
273.0
111.0
73.0
88.0
54.0
41.0
81.0
154.0
48.0
26.0
55.0
151.0
170.0
107.0
87.0
130.0
48.0
64.0
1610.0
54.0
58.0
71.0
25.0
155.0
282.0
33.0
266.0
130.0
238.0
83.0
137.0
774.0
222.0
68.0
1161.0
123.0
122.0
69.0
87.0
118.0
20.0
254.0
207.0
503.0
1290.0
35.0
552.0
111.0
174.0
45.0
339.0
269.0
371.0
59.0
292.0
505.0
281.0
73.0
230.0
81.0
281.0
27.0
366.0
158.0
809.0
1330.0
548.0
336.0
1173.0
295.0
144.0
864.0
5032.0
5518.0
124.0
167.0
320.0
50.0
27.0
186.0
209.0
189.0
512.0
365.0
78.0
61.0
25.0
126.0
33.0
20.0
173.0
847.0
53.0
127.0
61.0
46.0
155.0
154.0
73.0
166.0
143.0
775.0
35.0
20.0
25.0
31.0
8.0
75.0
273.0
109.0
67.0
89.0
56.0
39.0
82.0
150.0
46.0
26.0
55.0
157.0
158.0
106.0
85.0
138.0
46.0
63.0
1582.0
57.0
55.0
66.0
25.0
162.0
289.0
31.0
264.0
117.0
238.0
82.0
140.0
788.0
220.0
68.0
1268.0
123.0
126.0
68.0
90.0
114.0
19.0
271.0
198.0
514.0
1263.0
35.0
506.0
117.0
182.0
45.0
317.0
260.0
399.0
58.0
320.0
556.0
288.0
72.0
236.0
75.0
286.0
27.0
366.0
159.0
813.0
1389.0
559.0
340.0
1115.0
299.0
145.0
865.0
5230.0
5536.0
126.0
161.0
333.0
49.0
27.0
190.0
209.0
192.0
516.0
365.0
77.0
65.0
26.0
119.0
31.0
20.0
174.0
862.0
49.0
129.0
66.0
44.0
153.0
151.0
72.0
159.0
143.0
734.0
35.0
20.0
26.0
30.0
8.0
73.0
263.0
108.0
74.0
87.0
54.0
39.0
88.0
149.0
47.0
25.0
58.0
156.0
165.0
104.0
79.0
139.0
48.0
67.0
1584.0
58.0
59.0
66.0
26.0
158.0
272.0
31.0
283.0
125.0
239.0
79.0
128.0
827.0
218.0
69.0
1278.0
127.0
120.0
68.0
94.0
116.0
19.0
250.0
189.0
475.0
1228.0
35.0
552.0
117.0
177.0
46.0
316.0
270.0
379.0
61.0
311.0
516.0
285.0
70.0
246.0
76.0
283.0
27.0
374.0
163.0
775.0
1305.0
577.0
335.0
1099.0
279.0
144.0
841.0
5213.0
5471.0
129.0
167.0
314.0
49.0
29.0
183.0
220.0
182.0
513.0
361.0
76.0
64.0
27.0
118.0
31.0
19.0
171.0
853.0
51.0
125.0
65.0
46.0
153.0
144.0
70.0
155.0
142.0
758.0
38.0
20.0
25.0
30.0
8.0
74.0
251.0
109.0
72.0
91.0
58.0
40.0
84.0
142.0
47.0
27.0
56.0
152.0
175.0
109.0
84.0
138.0
45.0
64.0
1508.0
54.0
56.0
65.0
26.0
156.0
297.0
30.0
264.0
125.0
245.0
79.0
140.0
792.0
206.0
67.0
1188.0
123.0
123.0
72.0
92.0
112.0
20.0
245.0
191.0
492.0
1249.0
33.0
539.0
111.0
181.0
46.0
351.0
261.0
390.0
58.0
320.0
551.0
288.0
72.0
235.0
76.0
285.0
29.0
370.0
157.0
832.0
1392.0
600.0
351.0
1114.0
292.0
144.0
856.0
5413.0
5959.0
127.0
170.0
335.0
48.0
27.0
179.0
223.0
181.0
498.0
366.0
72.0
64.0
26.0
117.0
31.0
19.0
164.0
834.0
53.0
129.0
61.0
43.0
151.0
149.0
74.0
162.0
148.0
769.0
37.0
21.0
24.0
32.0
8.0
76.0
260.0
105.0
70.0
83.0
56.0
39.0
83.0
144.0
49.0
27.0
56.0
156.0
173.0
101.0
81.0
135.0
48.0
61.0
1534.0
58.0
55.0
67.0
25.0
159.0
288.0
31.0
266.0
120.0
245.0
80.0
137.0
760.0
206.0
65.0
1206.0
132.0
119.0
70.0
91.0
111.0
20.0
245.0
190.0
512.0
1277.0
34.0
504.0
115.0
185.0
45.0
327.0
254.0
389.0
57.0
306.0
554.0
289.0
70.0
240.0
75.0
276.0
27.0
350.0
172.0
823.0
1370.0
557.0
340.0
1124.0
292.0
146.0
795.0
5458.0
5928.0
121.0
169.0
319.0
47.0
28.0
189.0
215.0
183.0
509.0
342.0
75.0
64.0
27.0
118.0
31.0
19.0
177.0
867.0
53.0
124.0
63.0
46.0
162.0
144.0
70.0
154.0
148.0
772.0
38.0
21.0
24.0
31.0
8.0
75.0
258.0
107.0
68.0
84.0
59.0
40.0
81.0
154.0
47.0
27.0
57.0
157.0
164.0
103.0
87.0
127.0
45.0
67.0
1639.0
56.0
59.0
71.0
25.0
166.0
283.0
32.0
262.0
128.0
259.0
78.0
135.0
801.0
214.0
69.0
1165.0
128.0
117.0
73.0
91.0
118.0
19.0
263.0
193.0
493.0
1274.0
33.0
515.0
117.0
179.0
48.0
327.0
267.0
387.0
58.0
307.0
533.0
292.0
75.0
230.0
77.0
292.0
27.0
372.0
171.0
762.0
1305.0
543.0
334.0
1155.0
285.0
154.0
822.0
5165.0
5832.0
124.0
171.0
323.0
48.0
28.0
187.0
226.0
185.0
506.0
358.0
75.0
67.0
27.0
124.0
33.0
20.0
179.0
845.0
53.0
119.0
63.0
44.0
162.0
141.0
69.0
158.0
144.0
751.0
37.0
21.0
25.0
29.0
8.0
72.0
272.0
110.0
74.0
91.0
54.0
38.0
82.0
142.0
48.0
27.0
57.0
163.0
168.0
104.0
81.0
128.0
47.0
64.0
1587.0
55.0
55.0
68.0
25.0
152.0
276.0
31.0
268.0
118.0
251.0
77.0
129.0
804.0
204.0
69.0
1280.0
132.0
127.0
68.0
92.0
118.0
19.0
247.0
201.0
468.0
1301.0
36.0
520.0
112.0
190.0
45.0
328.0
256.0
389.0
61.0
297.0
526.0
267.0
70.0
253.0
82.0
279.0
29.0
360.0
171.0
832.0
1291.0
599.0
348.0
1169.0
290.0
149.0
806.0
5166.0
5505.0
129.0
159.0
318.0
51.0
29.0
181.0
210.0
180.0
526.0
369.0
78.0
62.0
26.0
126.0
31.0
19.0
176.0
857.0
50.0
127.0
66.0
44.0
155.0
151.0
75.0
153.0
152.0
771.0
36.0
21.0
24.0
31.0
8.0
73.0
264.0
103.0
69.0
85.0
55.0
41.0
87.0
148.0
46.0
26.0
53.0
159.0
170.0
103.0
81.0
139.0
44.0
61.0
1569.0
54.0
57.0
67.0
26.0
155.0
282.0
32.0
277.0
122.0
257.0
77.0
141.0
832.0
216.0
69.0
1284.0
122.0
124.0
70.0
88.0
116.0
20.0
249.0
189.0
519.0
1255.0
35.0
560.0
109.0
177.0
47.0
338.0
251.0
401.0
59.0
320.0
556.0
266.0
70.0
233.0
80.0
274.0
29.0
361.0
158.0
772.0
1294.0
569.0
353.0
1109.0
278.0
151.0
844.0
5516.0
5516.0
129.0
162.0
309.0
51.0
28.0
184.0
224.0
181.0
505.0
349.0
76.0
61.0
27.0
122.0
32.0
19.0
168.0
859.0
49.0
119.0
62.0
45.0
158.0
148.0
69.0
156.0
152.0
781.0
35.0
19.0
25.0
30.0
8.0
73.0
277.0
107.0
69.0
86.0
54.0
39.0
82.0
152.0
45.0
25.0
55.0
148.0
163.0
110.0
84.0
134.0
48.0
66.0
1648.0
59.0
59.0
67.0
25.0
163.0
298.0
33.0
264.0
127.0
245.0
80.0
130.0
797.0
204.0
69.0
1278.0
134.0
117.0
73.0
88.0
121.0
19.0
264.0
197.0
494.0
1343.0
36.0
508.0
116.0
176.0
47.0
318.0
262.0
386.0
56.0
307.0
546.0
284.0
75.0
232.0
76.0
283.0
28.0
354.0
157.0
834.0
1355.0
591.0
332.0
1178.0
278.0
149.0
831.0
5155.0
5925.0
120.0
159.0
314.0
48.0
27.0
178.0
217.0
181.0
526.0
362.0
73.0
67.0
27.0
121.0
30.0
19.0
164.0
855.0
53.0
125.0
67.0
44.0
154.0
142.0
69.0
158.0
140.0
781.0
37.0
20.0
25.0
32.0
8.0
69.0
260.0
106.0
69.0
91.0
54.0
41.0
84.0
153.0
46.0
27.0
53.0
149.0
169.0
103.0
84.0
134.0
47.0
64.0
1595.0
56.0
57.0
68.0
26.0
164.0
290.0
32.0
272.0
118.0
235.0
75.0
137.0
793.0
215.0
69.0
1285.0
129.0
121.0
68.0
86.0
121.0
20.0
247.0
192.0
513.0
1286.0
34.0
508.0
118.0
175.0
44.0
330.0
269.0
368.0
57.0
311.0
523.0
272.0
74.0
236.0
77.0
288.0
27.0
354.0
166.0
840.0
1259.0
559.0
329.0
1116.0
295.0
158.0
802.0
5272.0
5554.0
124.0
173.0
322.0
47.0
29.0
191.0
211.0
181.0
502.0
339.0
76.0
66.0
25.0
118.0
32.0
20.0
163.0
824.0
50.0
127.0
67.0
43.0
165.0
140.0
76.0
166.0
153.0
750.0
36.0
21.0
26.0
31.0
8.0
75.0
273.0
112.0
73.0
83.0
54.0
38.0
86.0
143.0
49.0
26.0
58.0
162.0
174.0
111.0
86.0
131.0
48.0
66.0
1529.0
55.0
59.0
70.0
25.0
160.0
295.0
31.0
276.0
119.0
242.0
80.0
131.0
795.0
222.0
68.0
1221.0
125.0
116.0
71.0
87.0
122.0
20.0
258.0
188.0
515.0
1298.0
36.0
514.0
118.0
185.0
45.0
326.0
257.0
365.0
58.0
314.0
543.0
291.0
75.0
241.0
74.0
299.0
29.0
355.0
157.0
825.0
1353.0
560.0
334.0
1121.0
287.0
147.0
828.0
5360.0
5666.0
121.0
167.0
329.0
48.0
27.0
183.0
209.0
192.0
491.0
375.0
76.0
66.0
26.0
122.0
32.0
19.0
179.0
828.0
50.0
121.0
63.0
43.0
164.0
149.0
76.0
159.0
142.0
781.0
37.0
20.0
24.0
32.0
8.0
75.0
277.0
111.0
67.0
89.0
55.0
40.0
84.0
141.0
47.0
26.0
58.0
158.0
160.0
111.0
87.0
139.0
46.0
67.0
1517.0
54.0
56.0
65.0
26.0
157.0
271.0
32.0
287.0
124.0
253.0
80.0
129.0
817.0
212.0
68.0
1176.0
125.0
127.0
69.0
93.0
113.0
20.0
264.0
196.0
518.0
1291.0
33.0
522.0
115.0
176.0
48.0
348.0
249.0
389.0
59.0
302.0
542.0
271.0
72.0
230.0
79.0
299.0
29.0
373.0
170.0
771.0
1310.0
562.0
343.0
1186.0
296.0
152.0
847.0
5208.0
5758.0
119.0
168.0
336.0
48.0
28.0
188.0
222.0
177.0
523.0
344.0
75.0
64.0
25.0
119.0
31.0
19.0
177.0
852.0
50.0
120.0
65.0
42.0
158.0
142.0
72.0
154.0
139.0
774.0
37.0
20.0
24.0
31.0
8.0
73.0
262.0
109.0
68.0
85.0
54.0
38.0
87.0
144.0
47.0
25.0
56.0
151.0
175.0
111.0
85.0
135.0
45.0
65.0
1649.0
57.0
54.0
65.0
24.0
164.0
278.0
31.0
262.0
119.0
246.0
76.0
130.0
825.0
225.0
67.0
1205.0
128.0
117.0
68.0
94.0
120.0
20.0
248.0
196.0
161.0
196.0
163.0
173.0
485.0
139.0
163.0
158.0
173.0
136.0
151.0
157.0
168.0
155.0
160.0
170.0
177.0
152.0
482.0
148.0
156.0
130.0
166.0
139.0
169.0
173.0
161.0
420.0
132.0
144.0
154.0
146.0
150.0
160.0
155.0
172.0
139.0
139.0
165.0
134.0
136.0
146.0
175.0
141.0
157.0
472.0
142.0
165.0
402.0
143.0
156.0
142.0
142.0
153.0
147.0
158.0
151.0
135.0
377.0
151.0
145.0
170.0
152.0
163.0
142.0
147.0
162.0
141.0
152.0
160.0
168.0
147.0
173.0
170.0
119.0
157.0
410.0
169.0
175.0
136.0
156.0
147.0
130.0
145.0
135.0
149.0
467.0
159.0
479.0
165.0
389.0
374.0
412.0
400.0
492.0
440.0
487.0
488.0
452.0
166.0
162.0
133.0
176.0
174.0
135.0
153.0
175.0
135.0
171.0
155.0
162.0
132.0
370.0
133.0
176.0
173.0
159.0
168.0
152.0
175.0
138.0
147.0
144.0
145.0
151.0
137.0
478.0
171.0
168.0
138.0
158.0
163.0
150.0
162.0
164.0
438.0
131.0
160.0
150.0
160.0
146.0
161.0
174.0
134.0
138.0
168.0
139.0
155.0
176.0
157.0
159.0
124.0
175.0
397.0
159.0
138.0
427.0
174.0
133.0
169.0
141.0
142.0
137.0
140.0
131.0
163.0
473.0
170.0
158.0
162.0
135.0
147.0
173.0
133.0
167.0
134.0
148.0
162.0
158.0
149.0
135.0
175.0
127.0
175.0
423.0
132.0
141.0
146.0
137.0
159.0
160.0
162.0
167.0
145.0
455.0
130.0
431.0
177.0
431.0
441.0
413.0
439.0
482.0
465.0
412.0
424.0
372.0
155.0
140.0
130.0
140.0
132.0
162.0
134.0
167.0
141.0
183.0
162.0
137.0
159.0
478.0
138.0
168.0
134.0
132.0
175.0
141.0
165.0
163.0
158.0
149.0
155.0
156.0
146.0
385.0
146.0
166.0
143.0
140.0
135.0
151.0
167.0
143.0
461.0
137.0
152.0
168.0
135.0
165.0
148.0
146.0
151.0
171.0
136.0
131.0
162.0
172.0
166.0
153.0
140.0
139.0
385.0
156.0
165.0
491.0
162.0
163.0
176.0
175.0
167.0
148.0
145.0
175.0
144.0
396.0
134.0
168.0
160.0
149.0
160.0
143.0
148.0
162.0
155.0
138.0
137.0
175.0
159.0
144.0
169.0
149.0
140.0
420.0
161.0
157.0
138.0
140.0
147.0
169.0
152.0
162.0
157.0
428.0
172.0
481.0
160.0
474.0
436.0
460.0
431.0
428.0
441.0
374.0
397.0
379.0
143.0
162.0
151.0
154.0
137.0
156.0
145.0
164.0
142.0
192.0
192.0
155.0
142.0
444.0
174.0
146.0
140.0
154.0
138.0
142.0
149.0
160.0
138.0
132.0
176.0
174.0
135.0
375.0
173.0
170.0
133.0
160.0
146.0
138.0
148.0
173.0
372.0
136.0
177.0
174.0
173.0
140.0
142.0
132.0
146.0
141.0
134.0
159.0
158.0
174.0
151.0
137.0
143.0
169.0
379.0
137.0
135.0
404.0
174.0
141.0
143.0
132.0
145.0
143.0
141.0
146.0
131.0
457.0
144.0
171.0
162.0
148.0
176.0
133.0
131.0
148.0
146.0
176.0
145.0
159.0
156.0
146.0
141.0
133.0
168.0
424.0
135.0
168.0
137.0
163.0
157.0
134.0
159.0
130.0
157.0
382.0
165.0
470.0
160.0
468.0
412.0
482.0
484.0
466.0
425.0
407.0
378.0
408.0
136.0
156.0
147.0
173.0
136.0
136.0
170.0
158.0
163.0
198.0
190.0
130.0
144.0
480.0
141.0
174.0
163.0
170.0
173.0
156.0
155.0
140.0
138.0
151.0
132.0
163.0
147.0
457.0
135.0
133.0
151.0
149.0
137.0
156.0
167.0
165.0
493.0
161.0
158.0
151.0
158.0
159.0
168.0
140.0
141.0
163.0
141.0
138.0
158.0
159.0
154.0
172.0
138.0
138.0
485.0
148.0
167.0
386.0
151.0
163.0
174.0
145.0
149.0
165.0
177.0
151.0
153.0
364.0
175.0
145.0
145.0
138.0
137.0
172.0
149.0
142.0
162.0
176.0
158.0
151.0
138.0
142.0
137.0
146.0
133.0
410.0
175.0
164.0
142.0
158.0
166.0
139.0
165.0
142.0
141.0
390.0
168.0
451.0
143.0
405.0
435.0
435.0
488.0
462.0
489.0
390.0
491.0
426.0
174.0
160.0
153.0
159.0
167.0
160.0
164.0
140.0
141.0
180.0
187.0
135.0
172.0
459.0
164.0
160.0
163.0
131.0
163.0
148.0
172.0
156.0
143.0
132.0
153.0
172.0
176.0
388.0
139.0
155.0
176.0
163.0
149.0
160.0
170.0
167.0
446.0
160.0
169.0
138.0
157.0
151.0
141.0
162.0
153.0
168.0
133.0
154.0
170.0
176.0
155.0
161.0
124.0
153.0
451.0
143.0
143.0
366.0
130.0
155.0
134.0
146.0
152.0
143.0
135.0
138.0
171.0
408.0
149.0
135.0
142.0
133.0
176.0
138.0
148.0
136.0
158.0
156.0
145.0
146.0
158.0
156.0
177.0
119.0
140.0
475.0
130.0
130.0
162.0
164.0
148.0
171.0
153.0
162.0
160.0
383.0
143.0
424.0
154.0
493.0
460.0
487.0
431.0
448.0
424.0
471.0
452.0
458.0
139.0
143.0
149.0
162.0
144.0
147.0
149.0
175.0
160.0
155.0
201.0
175.0
141.0
495.0
156.0
147.0
145.0
134.0
142.0
169.0
167.0
131.0
134.0
166.0
168.0
136.0
148.0
492.0
157.0
164.0
135.0
144.0
136.0
171.0
135.0
141.0
468.0
141.0
162.0
170.0
168.0
158.0
149.0
167.0
172.0
131.0
164.0
146.0
141.0
165.0
143.0
150.0
142.0
155.0
459.0
135.0
169.0
458.0
152.0
155.0
176.0
152.0
164.0
147.0
161.0
165.0
162.0
478.0
171.0
142.0
171.0
160.0
167.0
137.0
166.0
130.0
152.0
142.0
147.0
141.0
131.0
151.0
147.0
142.0
132.0
487.0
130.0
171.0
158.0
173.0
161.0
137.0
176.0
170.0
131.0
372.0
131.0
371.0
145.0
438.0
477.0
464.0
444.0
489.0
487.0
425.0
456.0
376.0
136.0
150.0
163.0
162.0
140.0
160.0
149.0
143.0
171.0
178.0
172.0
144.0
177.0
375.0
163.0
139.0
132.0
130.0
159.0
144.0
175.0
157.0
163.0
156.0
138.0
147.0
168.0
425.0
157.0
154.0
136.0
153.0
131.0
155.0
143.0
156.0
445.0
150.0
177.0
141.0
139.0
162.0
162.0
139.0
155.0
167.0
167.0
149.0
149.0
147.0
160.0
161.0
118.0
167.0
433.0
142.0
166.0
369.0
131.0
168.0
146.0
150.0
159.0
157.0
167.0
175.0
154.0
485.0
168.0
161.0
133.0
156.0
147.0
150.0
171.0
167.0
174.0
167.0
175.0
134.0
152.0
165.0
147.0
131.0
176.0
479.0
134.0
149.0
164.0
135.0
133.0
158.0
170.0
159.0
170.0
471.0
131.0
417.0
139.0
386.0
447.0
485.0
411.0
488.0
442.0
364.0
404.0
475.0
158.0
134.0
165.0
135.0
148.0
143.0
164.0
173.0
165.0
200.0
191.0
177.0
168.0
399.0
155.0
156.0
139.0
166.0
144.0
163.0
171.0
131.0
176.0
177.0
172.0
159.0
176.0
492.0
156.0
134.0
151.0
166.0
136.0
133.0
161.0
170.0
450.0
158.0
168.0
174.0
151.0
152.0
146.0
147.0
174.0
162.0
147.0
151.0
149.0
170.0
162.0
167.0
132.0
148.0
364.0
148.0
161.0
479.0
170.0
131.0
168.0
166.0
143.0
153.0
174.0
145.0
164.0
407.0
159.0
164.0
149.0
148.0
141.0
146.0
136.0
140.0
165.0
174.0
142.0
137.0
135.0
138.0
151.0
144.0
167.0
428.0
148.0
166.0
177.0
166.0
149.0
147.0
150.0
159.0
173.0
441.0
162.0
477.0
130.0
388.0
483.0
383.0
435.0
488.0
484.0
482.0
472.0
443.0
135.0
134.0
146.0
164.0
174.0
148.0
149.0
157.0
158.0
200.0
191.0
172.0
147.0
382.0
174.0
137.0
152.0
166.0
135.0
145.0
173.0
131.0
137.0
164.0
135.0
175.0
132.0
400.0
154.0
153.0
151.0
134.0
161.0
166.0
160.0
147.0
382.0
157.0
138.0
135.0
155.0
156.0
158.0
131.0
138.0
169.0
142.0
152.0
157.0
167.0
166.0
158.0
130.0
160.0
483.0
174.0
140.0
449.0
176.0
175.0
166.0
148.0
164.0
157.0
148.0
134.0
158.0
425.0
135.0
142.0
166.0
161.0
148.0
137.0
143.0
169.0
150.0
156.0
138.0
150.0
148.0
170.0
154.0
116.0
134.0
476.0
162.0
156.0
136.0
149.0
144.0
155.0
163.0
168.0
161.0
434.0
132.0
465.0
158.0
458.0
473.0
408.0
374.0
453.0
442.0
475.0
365.0
432.0
134.0
130.0
130.0
132.0
141.0
167.0
138.0
141.0
176.0
176.0
153.0
132.0
145.0
490.0
143.0
157.0
137.0
173.0
133.0
174.0
169.0
139.0
157.0
131.0
155.0
145.0
153.0
488.0
175.0
151.0
165.0
167.0
163.0
172.0
140.0
153.0
429.0
175.0
146.0
138.0
141.0
155.0
138.0
163.0
140.0
162.0
136.0
164.0
144.0
174.0
135.0
141.0
143.0
143.0
421.0
159.0
136.0
378.0
143.0
153.0
176.0
149.0
157.0
173.0
174.0
174.0
167.0
478.0
144.0
150.0
173.0
174.0
152.0
173.0
162.0
158.0
167.0
159.0
151.0
160.0
136.0
136.0
167.0
134.0
148.0
457.0
163.0
132.0
167.0
143.0
144.0
163.0
152.0
170.0
141.0
463.0
132.0
482.0
170.0
425.0
478.0
487.0
446.0
415.0
400.0
478.0
465.0
452.0
135.0
154.0
167.0
135.0
133.0
168.0
155.0
157.0
135.0
199.0
202.0
141.0
151.0
480.0
146.0
147.0
136.0
160.0
164.0
168.0
153.0
163.0
142.0
161.0
142.0
176.0
155.0
398.0
170.0
145.0
130.0
166.0
170.0
169.0
140.0
133.0
427.0
149.0
160.0
160.0
171.0
165.0
142.0
152.0
146.0
162.0
170.0
157.0
131.0
147.0
169.0
138.0
127.0
145.0
491.0
177.0
163.0
463.0
157.0
140.0
148.0
167.0
167.0
159.0
170.0
166.0
168.0
447.0
137.0
154.0
175.0
164.0
161.0
144.0
135.0
155.0
159.0
177.0
145.0
175.0
135.0
148.0
155.0
140.0
135.0
482.0
165.0
139.0
142.0
143.0
137.0
168.0
165.0
152.0
169.0
481.0
158.0
412.0
138.0
374.0
481.0
475.0
392.0
434.0
363.0
383.0
428.0
437.0
162.0
172.0
170.0
155.0
167.0
171.0
162.0
173.0
166.0
197.0
182.0
138.0
144.0
410.0
156.0
158.0
172.0
142.0
166.0
142.0
166.0
152.0
130.0
174.0
177.0
147.0
167.0
434.0
153.0
167.0
160.0
143.0
175.0
134.0
163.0
169.0
416.0
170.0
154.0
133.0
164.0
156.0
136.0
137.0
133.0
161.0
158.0
138.0
152.0
166.0
161.0
148.0
144.0
166.0
448.0
177.0
169.0
397.0
177.0
174.0
146.0
156.0
156.0
171.0
139.0
136.0
171.0
486.0
171.0
139.0
131.0
141.0
141.0
177.0
159.0
159.0
138.0
164.0
133.0
135.0
145.0
147.0
154.0
151.0
148.0
470.0
155.0
146.0
146.0
174.0
168.0
162.0
176.0
162.0
152.0
375.0
139.0
391.0
155.0
420.0
369.0
451.0
463.0
401.0
472.0
385.0
486.0
405.0
135.0
177.0
146.0
134.0
132.0
140.0
168.0
168.0
130.0
159.0
196.0
146.0
158.0
382.0
143.0
161.0
149.0
146.0
152.0
143.0
140.0
150.0
157.0
155.0
150.0
130.0
134.0
483.0
175.0
153.0
149.0
149.0
172.0
170.0
169.0
170.0
421.0
143.0
132.0
164.0
154.0
135.0
166.0
168.0
143.0
174.0
135.0
155.0
173.0
161.0
176.0
147.0
133.0
162.0
396.0
132.0
157.0
477.0
174.0
162.0
153.0
162.0
143.0
148.0
150.0
162.0
156.0
402.0
137.0
148.0
143.0
167.0
156.0
140.0
154.0
169.0
143.0
165.0
140.0
171.0
154.0
164.0
141.0
150.0
131.0
456.0
156.0
150.0
161.0
173.0
137.0
133.0
139.0
170.0
139.0
382.0
139.0
467.0
162.0
425.0
384.0
396.0
442.0
380.0
394.0
476.0
415.0
364.0
139.0
146.0
139.0
139.0
153.0
161.0
175.0
143.0
159.0
162.0
199.0
168.0
131.0
475.0
139.0
153.0
146.0
154.0
170.0
132.0
162.0
159.0
131.0
159.0
141.0
152.0
166.0
381.0
155.0
153.0
156.0
146.0
169.0
177.0
170.0
174.0
484.0
159.0
164.0
147.0
171.0
161.0
147.0
133.0
163.0
150.0
155.0
145.0
140.0
158.0
148.0
173.0
150.0
157.0
448.0
138.0
159.0
444.0
161.0
149.0
171.0
162.0
150.0
145.0
168.0
145.0
170.0
435.0
141.0
172.0
160.0
171.0
154.0
164.0
164.0
166.0
174.0
151.0
142.0
172.0
158.0
155.0
176.0
113.0
139.0
396.0
142.0
172.0
148.0
140.0
167.0
166.0
165.0
131.0
148.0
487.0
131.0
433.0
132.0
424.0
461.0
467.0
460.0
401.0
486.0
477.0
434.0
402.0
165.0
173.0
158.0
160.0
148.0
141.0
150.0
144.0
138.0
169.0
203.0
165.0
135.0
468.0
173.0
147.0
132.0
145.0
137.0
165.0
139.0
142.0
142.0
139.0
136.0
170.0
160.0
484.0
166.0
161.0
169.0
168.0
149.0
172.0
148.0
130.0
368.0
135.0
157.0
133.0
172.0
156.0
148.0
132.0
148.0
175.0
153.0
161.0
167.0
155.0
146.0
171.0
129.0
164.0
434.0
144.0
130.0
458.0
130.0
170.0
146.0
163.0
160.0
146.0
177.0
162.0
164.0
432.0
137.0
139.0
174.0
147.0
177.0
132.0
169.0
153.0
140.0
145.0
143.0
152.0
156.0
166.0
135.0
113.0
163.0
460.0
174.0
153.0
152.0
144.0
132.0
133.0
145.0
163.0
155.0
458.0
175.0
466.0
148.0
476.0
365.0
367.0
384.0
468.0
412.0
366.0
391.0
374.0
164.0
160.0
167.0
176.0
131.0
148.0
153.0
157.0
151.0
189.0
201.0
156.0
158.0
454.0
136.0
149.0
138.0
150.0
136.0
165.0
159.0
174.0
148.0
169.0
132.0
171.0
159.0
450.0
162.0
176.0
173.0
144.0
158.0
166.0
173.0
167.0
433.0
131.0
137.0
155.0
131.0
156.0
167.0
154.0
176.0
143.0
144.0
164.0
161.0
170.0
162.0
135.0
140.0
137.0
437.0
150.0
151.0
437.0
170.0
174.0
170.0
161.0
140.0
130.0
159.0
165.0
146.0
491.0
157.0
159.0
164.0
160.0
144.0
136.0
155.0
156.0
142.0
166.0
163.0
163.0
150.0
134.0
155.0
130.0
170.0
462.0
132.0
170.0
160.0
161.0
141.0
143.0
159.0
139.0
170.0
441.0
139.0
472.0
140.0
367.0
408.0
412.0
423.0
410.0
384.0
463.0
365.0
376.0
164.0
136.0
142.0
135.0
158.0
152.0
161.0
152.0
139.0
175.0
198.0
158.0
170.0
419.0
148.0
136.0
136.0
130.0
155.0
173.0
173.0
150.0
155.0
131.0
143.0
172.0
163.0
479.0
131.0
158.0
164.0
171.0
163.0
165.0
136.0
163.0
378.0
158.0
142.0
168.0
172.0
136.0
141.0
147.0
158.0
172.0
165.0
165.0
148.0
173.0
153.0
147.0
116.0
143.0
465.0
153.0
158.0
384.0
151.0
141.0
151.0
156.0
140.0
170.0
140.0
148.0
142.0
400.0
152.0
144.0
142.0
139.0
156.0
148.0
156.0
140.0
142.0
168.0
134.0
135.0
165.0
136.0
176.0
150.0
142.0
411.0
149.0
158.0
168.0
156.0
170.0
142.0
154.0
144.0
160.0
411.0
151.0
396.0
170.0
461.0
377.0
457.0
467.0
422.0
489.0
492.0
430.0
431.0
159.0
169.0
134.0
135.0
158.0
145.0
169.0
138.0
160.0
207.0
176.0
134.0
139.0
484.0
169.0
159.0
155.0
148.0
145.0
134.0
144.0
175.0
176.0
133.0
131.0
146.0
167.0
429.0
148.0
143.0
165.0
131.0
146.0
148.0
171.0
153.0
465.0
159.0
177.0
143.0
171.0
168.0
170.0
146.0
154.0
156.0
152.0
172.0
150.0
138.0
141.0
134.0
149.0
160.0
376.0
150.0
143.0
364.0
154.0
150.0
144.0
133.0
152.0
173.0
155.0
166.0
150.0
481.0
135.0
160.0
132.0
135.0
145.0
172.0
142.0
148.0
143.0
145.0
161.0
158.0
147.0
173.0
159.0
147.0
140.0
490.0
156.0
136.0
153.0
176.0
131.0
154.0
168.0
164.0
171.0
462.0
143.0
393.0
142.0
487.0
492.0
438.0
461.0
389.0
461.0
450.0
412.0
490.0
155.0
156.0
157.0
137.0
143.0
168.0
147.0
147.0
150.0
157.0
158.0
163.0
151.0
481.0
168.0
138.0
138.0
135.0
165.0
158.0
139.0
173.0
173.0
137.0
169.0
136.0
154.0
472.0
168.0
131.0
155.0
155.0
141.0
138.0
140.0
177.0
401.0
177.0
164.0
177.0
159.0
168.0
154.0
173.0
155.0
173.0
141.0
138.0
149.0
164.0
176.0
177.0
147.0
174.0
419.0
136.0
164.0
447.0
130.0
130.0
157.0
146.0
143.0
144.0
168.0
166.0
176.0
435.0
148.0
157.0
164.0
164.0
138.0
154.0
177.0
167.0
146.0
160.0
134.0
152.0
167.0
161.0
132.0
112.0
156.0
420.0
173.0
149.0
170.0
132.0
162.0
156.0
131.0
154.0
167.0
402.0
164.0
427.0
135.0
400.0
479.0
456.0
452.0
367.0
425.0
388.0
471.0
449.0
140.0
140.0
136.0
147.0
146.0
163.0
159.0
144.0
152.0
183.0
157.0
162.0
132.0
491.0
142.0
133.0
163.0
174.0
156.0
146.0
177.0
137.0
144.0
165.0
174.0
156.0
169.0
493.0
141.0
157.0
168.0
139.0
162.0
146.0
160.0
151.0
419.0
142.0
133.0
133.0
158.0
153.0
167.0
161.0
147.0
163.0
143.0
131.0
133.0
156.0
166.0
134.0
139.0
146.0
392.0
159.0
134.0
409.0
167.0
143.0
140.0
133.0
170.0
150.0
134.0
142.0
174.0
462.0
141.0
152.0
175.0
138.0
177.0
156.0
157.0
141.0
156.0
142.0
160.0
167.0
139.0
130.0
175.0
117.0
153.0
401.0
176.0
161.0
170.0
152.0
135.0
139.0
158.0
167.0
152.0
468.0
134.0
481.0
169.0
448.0
411.0
396.0
440.0
374.0
420.0
386.0
376.0
420.0
163.0
149.0
135.0
158.0
139.0
152.0
150.0
174.0
142.0
154.0
193.0
169.0
138.0
418.0
166.0
165.0
158.0
162.0
147.0
136.0
138.0
166.0
145.0
174.0
142.0
142.0
158.0
364.0
174.0
173.0
169.0
151.0
157.0
164.0
172.0
161.0
471.0
168.0
173.0
173.0
154.0
148.0
139.0
144.0
176.0
170.0
167.0
160.0
132.0
149.0
172.0
164.0
119.0
135.0
488.0
174.0
171.0
488.0
148.0
169.0
140.0
156.0
151.0
164.0
147.0
155.0
138.0
381.0
173.0
158.0
177.0
152.0
173.0
176.0
135.0
151.0
163.0
159.0
161.0
142.0
168.0
154.0
158.0
127.0
172.0
470.0
152.0
147.0
132.0
160.0
166.0
138.0
146.0
133.0
149.0
485.0
130.0
372.0
155.0
391.0
367.0
381.0
450.0
493.0
489.0
401.0
483.0
483.0
171.0
170.0
176.0
169.0
147.0
149.0
168.0
150.0
152.0
183.0
167.0
157.0
140.0
433.0
146.0
151.0
137.0
161.0
155.0
131.0
174.0
150.0
161.0
134.0
172.0
151.0
172.0
485.0
145.0
164.0
135.0
161.0
158.0
172.0
172.0
145.0
413.0
147.0
136.0
164.0
136.0
166.0
130.0
147.0
167.0
162.0
138.0
173.0
171.0
170.0
152.0
143.0
127.0
158.0
452.0
131.0
177.0
412.0
134.0
167.0
156.0
156.0
174.0
174.0
131.0
148.0
160.0
435.0
137.0
159.0
174.0
162.0
152.0
162.0
132.0
138.0
164.0
134.0
143.0
159.0
157.0
152.0
140.0
125.0
137.0
427.0
171.0
150.0
131.0
156.0
165.0
139.0
152.0
131.0
167.0
409.0
132.0
408.0
138.0
388.0
394.0
403.0
363.0
415.0
390.0
413.0
370.0
373.0
136.0
165.0
136.0
152.0
165.0
161.0
164.0
136.0
173.0
154.0
157.0
166.0
155.0
428.0
170.0
171.0
165.0
146.0
169.0
174.0
161.0
134.0
157.0
168.0
173.0
158.0
173.0
435.0
157.0
167.0
154.0
166.0
162.0
159.0
138.0
145.0
469.0
175.0
148.0
135.0
173.0
137.0
145.0
163.0
147.0
156.0
153.0
165.0
154.0
164.0
152.0
134.0
136.0
147.0
448.0
172.0
163.0
449.0
161.0
154.0
174.0
164.0
141.0
157.0
142.0
162.0
151.0
489.0
163.0
144.0
156.0
134.0
149.0
165.0
141.0
135.0
140.0
132.0
145.0
173.0
166.0
151.0
175.0
140.0
171.0
400.0
150.0
172.0
130.0
163.0
140.0
147.0
139.0
175.0
172.0
449.0
149.0
494.0
176.0
375.0
405.0
367.0
376.0
410.0
392.0
473.0
452.0
366.0
139.0
139.0
139.0
163.0
176.0
170.0
167.0
135.0
137.0
178.0
194.0
139.0
153.0
366.0
176.0
175.0
153.0
139.0
158.0
167.0
172.0
162.0
151.0
151.0
136.0
130.0
173.0
459.0
144.0
155.0
141.0
168.0
143.0
140.0
158.0
163.0
440.0
147.0
150.0
139.0
155.0
130.0
165.0
142.0
164.0
132.0
145.0
170.0
160.0
136.0
147.0
158.0
120.0
130.0
450.0
168.0
159.0
436.0
152.0
155.0
139.0
131.0
166.0
132.0
175.0
144.0
140.0
466.0
156.0
156.0
161.0
146.0
171.0
152.0
145.0
157.0
161.0
144.0
139.0
151.0
158.0
155.0
162.0
132.0
139.0
411.0
133.0
175.0
173.0
155.0
147.0
161.0
162.0
165.0
171.0
453.0
161.0
454.0
154.0
382.0
484.0
387.0
393.0
436.0
416.0
363.0
474.0
452.0
139.0
154.0
157.0
175.0
137.0
137.0
134.0
163.0
150.0
