25 8 108
32459.5
33075.5
33347.5
30539.5
30775.5
29602.5
36193.5
29125.5
32239.5
35928.5
29762.5
33111.5
33487.5
32307.5
29518.5
34904.5
29555.5
28914.5
35967.5
30066.5
32905.5
35902.5
32110.5
34526.5
34113.5
0.021917091963740802
0.017403776923424385
0.022629266943134586
0.016918888664619703
0.022107867678287776
0.017365974841313175
0.020365522586131207
0.017395134475895
0.02183862852418675
0.018843879224237314
0.02063195195969022
0.018725561055149772
0.02194420392698782
0.01854945506257447
0.022008130525717866
0.018080872053235417
0.02072682203860633
0.017303834565154698
0.02185275345879973
0.018629719637499886
0.023041435893457536
0.01689269114934444
0.021483888414995957
0.01741406517870227
0.021210338239457015
120
107
118
114
114
109
207
219
2557
22
1261
1300
67
529
760
921
479.0
1257.0
35.0
537.0
119.0
190.0
46.0
343.0
248.0
391.0
58.0
302.0
536.0
267.0
75.0
248.0
78.0
284.0
28.0
360.0
170.0
764.0
1343.0
585.0
336.0
1124.0
290.0
145.0
855.0
5073.0
5751.0
129.0
164.0
327.0
48.0
27.0
194.0
220.0
186.0
504.0
362.0
76.0
62.0
25.0
120.0
30.0
19.0
175.0
822.0
51.0
129.0
62.0
43.0
166.0
148.0
70.0
153.0
138.0
764.0
37.0
19.0
24.0
31.0
8.0
72.0
267.0
106.0
68.0
85.0
55.0
38.0
82.0
144.0
48.0
25.0
53.0
152.0
167.0
104.0
81.0
134.0
44.0
65.0
1589.0
57.0
57.0
64.0
26.0
166.0
282.0
33.0
276.0
127.0
260.0
75.0
139.0
830.0
208.0
67.0
1212.0
123.0
118.0
68.0
90.0
116.0
18.0
257.0
199.0
486.0
1295.0
34.0
514.0
116.0
181.0
46.0
319.0
266.0
371.0
56.0
303.0
523.0
283.0
75.0
251.0
75.0
281.0
29.0
354.0
169.0
782.0
1263.0
575.0
338.0
1152.0
275.0
148.0
820.0
5055.0
5941.0
124.0
164.0
307.0
49.0
27.0
190.0
223.0
194.0
493.0
354.0
76.0
61.0
27.0
124.0
32.0
20.0
172.0
840.0
49.0
122.0
61.0
44.0
158.0
142.0
72.0
155.0
139.0
739.0
35.0
20.0
26.0
30.0
8.0
70.0
252.0
106.0
69.0
83.0
57.0
38.0
88.0
146.0
46.0
26.0
57.0
154.0
159.0
108.0
82.0
137.0
44.0
63.0
1547.0
58.0
57.0
70.0
25.0
157.0
279.0
33.0
264.0
121.0
246.0
80.0
141.0
785.0
217.0
70.0
1260.0
125.0
124.0
72.0
89.0
119.0
20.0
257.0
202.0
476.0
1332.0
35.0
526.0
120.0
188.0
48.0
319.0
249.0
369.0
60.0
315.0
536.0
276.0
76.0
242.0
81.0
276.0
29.0
369.0
163.0
806.0
1285.0
562.0
362.0
1103.0
272.0
153.0
822.0
5092.0
5946.0
125.0
166.0
308.0
49.0
27.0
186.0
223.0
187.0
521.0
342.0
73.0
64.0
27.0
118.0
32.0
19.0
163.0
879.0
50.0
128.0
61.0
44.0
158.0
152.0
69.0
167.0
145.0
779.0
38.0
21.0
25.0
32.0
8.0
75.0
254.0
106.0
68.0
90.0
58.0
38.0
83.0
153.0
48.0
25.0
55.0
151.0
163.0
107.0
80.0
137.0
45.0
65.0
1626.0
56.0
54.0
67.0
26.0
162.0
289.0
33.0
285.0
124.0
258.0
78.0
134.0
807.0
216.0
70.0
1270.0
124.0
121.0
70.0
93.0
113.0
19.0
267.0
204.0
474.0
1335.0
33.0
534.0
119.0
184.0
44.0
348.0
267.0
384.0
58.0
292.0
518.0
288.0
74.0
241.0
79.0
291.0
27.0
352.0
173.0
838.0
1259.0
560.0
335.0
1090.0
293.0
154.0
853.0
5474.0
5858.0
124.0
165.0
307.0
49.0
29.0
179.0
223.0
191.0
505.0
369.0
78.0
67.0
25.0
128.0
31.0
19.0
177.0
871.0
49.0
120.0
62.0
45.0
163.0
154.0
75.0
166.0
139.0
739.0
37.0
21.0
25.0
29.0
8.0
75.0
261.0
104.0
70.0
87.0
59.0
40.0
86.0
144.0
48.0
26.0
56.0
155.0
168.0
109.0
84.0
136.0
46.0
64.0
1596.0
57.0
59.0
65.0
24.0
165.0
283.0
31.0
282.0
117.0
253.0
76.0
128.0
782.0
205.0
66.0
1279.0
132.0
115.0
71.0
88.0
114.0
19.0
246.0
198.0
511.0
1303.0
34.0
506.0
109.0
175.0
46.0
333.0
268.0
397.0
58.0
318.0
512.0
272.0
76.0
248.0
80.0
286.0
27.0
343.0
171.0
824.0
1340.0
581.0
362.0
1098.0
293.0
146.0
828.0
5096.0
5901.0
126.0
161.0
304.0
48.0
27.0
187.0
212.0
177.0
530.0
353.0
72.0
61.0
26.0
126.0
32.0
20.0
178.0
896.0
52.0
119.0
67.0
43.0
158.0
148.0
73.0
162.0
147.0
746.0
38.0
21.0
26.0
31.0
8.0
71.0
270.0
108.0
70.0
83.0
59.0
39.0
89.0
153.0
45.0
25.0
56.0
160.0
172.0
110.0
82.0
135.0
48.0
67.0
1647.0
57.0
59.0
70.0
26.0
167.0
282.0
30.0
265.0
130.0
259.0
79.0
132.0
785.0
213.0
67.0
1244.0
129.0
125.0
66.0
85.0
112.0
20.0
260.0
200.0
495.0
1293.0
33.0
506.0
115.0
176.0
46.0
347.0
267.0
374.0
60.0
297.0
534.0
292.0
76.0
245.0
76.0
280.0
28.0
344.0
165.0
820.0
1331.0
572.0
344.0
1153.0
276.0
149.0
844.0
5135.0
5757.0
129.0
159.0
307.0
50.0
27.0
186.0
218.0
195.0
524.0
360.0
77.0
62.0
26.0
127.0
32.0
20.0
168.0
890.0
50.0
122.0
66.0
42.0
156.0
152.0
74.0
155.0
153.0
729.0
35.0
20.0
24.0
29.0
8.0
75.0
254.0
111.0
72.0
91.0
55.0
40.0
88.0
150.0
45.0
27.0
54.0
158.0
172.0
103.0
84.0
135.0
44.0
63.0
1580.0
54.0
57.0
66.0
25.0
167.0
294.0
30.0
274.0
121.0
238.0
81.0
133.0
814.0
223.0
70.0
1173.0
132.0
125.0
67.0
89.0
114.0
18.0
267.0
200.0
508.0
1312.0
34.0
514.0
120.0
191.0
45.0
325.0
269.0
376.0
59.0
317.0
529.0
285.0
71.0
246.0
82.0
282.0
28.0
370.0
172.0
798.0
1362.0
551.0
328.0
1188.0
291.0
158.0
840.0
5380.0
5511.0
125.0
173.0
329.0
46.0
29.0
177.0
208.0
194.0
511.0
351.0
78.0
67.0
25.0
126.0
33.0
19.0
165.0
838.0
49.0
123.0
63.0
45.0
152.0
141.0
76.0
153.0
146.0
754.0
38.0
20.0
25.0
32.0
8.0
69.0
276.0
103.0
74.0
86.0
54.0
41.0
83.0
151.0
47.0
27.0
57.0
154.0
166.0
105.0
79.0
127.0
44.0
64.0
1607.0
55.0
57.0
70.0
25.0
163.0
288.0
31.0
281.0
128.0
253.0
83.0
137.0
809.0
223.0
68.0
1277.0
121.0
123.0
71.0
86.0
114.0
19.0
251.0
206.0
482.0
1312.0
34.0
524.0
114.0
185.0
47.0
344.0
250.0
368.0
58.0
319.0
545.0
282.0
71.0
230.0
81.0
284.0
28.0
359.0
167.0
797.0
1278.0
578.0
343.0
1125.0
300.0
158.0
848.0
5338.0
5606.0
128.0
163.0
332.0
48.0
29.0
188.0
207.0
178.0
525.0
364.0
75.0
61.0
27.0
126.0
30.0
19.0
177.0
832.0
49.0
128.0
63.0
46.0
162.0
144.0
75.0
161.0
145.0
801.0
38.0
21.0
24.0
31.0
8.0
69.0
261.0
105.0
73.0
91.0
57.0
39.0
89.0
141.0
49.0
27.0
54.0
153.0
172.0
103.0
84.0
132.0
44.0
67.0
1604.0
55.0
56.0
66.0
25.0
157.0
298.0
33.0
280.0
125.0
241.0
82.0
133.0
751.0
224.0
65.0
1253.0
125.0
117.0
67.0
90.0
117.0
20.0
266.0
202.0
468.0
1284.0
36.0
514.0
109.0
180.0
48.0
350.0
245.0
376.0
57.0
289.0
534.0
266.0
71.0
235.0
82.0
273.0
28.0
356.0
171.0
820.0
1296.0
565.0
332.0
1113.0
298.0
157.0
812.0
5289.0
5763.0
124.0
172.0
308.0
51.0
27.0
187.0
224.0
188.0
522.0
373.0
74.0
64.0
25.0
123.0
31.0
20.0
169.0
826.0
52.0
121.0
62.0
42.0
161.0
148.0
69.0
157.0
145.0
781.0
38.0
20.0
26.0
31.0
8.0
76.0
265.0
113.0
73.0
84.0
56.0
38.0
84.0
141.0
47.0
26.0
57.0
152.0
168.0
107.0
85.0
126.0
48.0
64.0
1556.0
59.0
58.0
71.0
24.0
162.0
277.0
31.0
266.0
121.0
250.0
82.0
141.0
833.0
210.0
66.0
1192.0
130.0
118.0
73.0
89.0
115.0
19.0
256.0
190.0
497.0
1218.0
34.0
529.0
114.0
186.0
45.0
330.0
262.0
380.0
58.0
300.0
557.0
283.0
76.0
240.0
77.0
299.0
27.0
349.0
161.0
788.0
1385.0
598.0
356.0
1158.0
280.0
154.0
842.0
5331.0
5970.0
126.0
167.0
323.0
47.0
29.0
184.0
224.0
190.0
504.0
345.0
79.0
63.0
25.0
122.0
31.0
20.0
166.0
873.0
53.0
121.0
65.0
44.0
167.0
146.0
70.0
167.0
143.0
761.0
35.0
21.0
24.0
32.0
8.0
69.0
271.0
109.0
70.0
88.0
58.0
40.0
85.0
140.0
49.0
25.0
55.0
151.0
165.0
101.0
81.0
132.0
45.0
63.0
1608.0
56.0
56.0
68.0
24.0
162.0
279.0
33.0
270.0
128.0
245.0
75.0
130.0
771.0
221.0
71.0
1227.0
134.0
126.0
69.0
85.0
118.0
20.0
247.0
189.0
468.0
1255.0
36.0
542.0
118.0
193.0
45.0
323.0
262.0
389.0
59.0
294.0
551.0
287.0
76.0
248.0
82.0
297.0
27.0
340.0
170.0
775.0
1309.0
562.0
363.0
1119.0
298.0
158.0
855.0
5038.0
5586.0
129.0
172.0
306.0
48.0
27.0
186.0
219.0
180.0
531.0
366.0
76.0
63.0
26.0
117.0
32.0
19.0
179.0
823.0
50.0
121.0
66.0
43.0
165.0
150.0
70.0
156.0
143.0
726.0
38.0
21.0
25.0
30.0
8.0
74.0
276.0
103.0
74.0
83.0
55.0
40.0
88.0
145.0
45.0
26.0
56.0
160.0
167.0
104.0
85.0
128.0
45.0
64.0
1554.0
57.0
56.0
71.0
26.0
151.0
281.0
33.0
284.0
124.0
259.0
76.0
131.0
807.0
205.0
65.0
1192.0
131.0
116.0
73.0
92.0
118.0
19.0
258.0
197.0
505.0
1318.0
34.0
542.0
109.0
178.0
48.0
347.0
263.0
386.0
57.0
316.0
523.0
278.0
74.0
232.0
79.0
294.0
28.0
367.0
165.0
771.0
1341.0
549.0
340.0
1195.0
284.0
157.0
851.0
5366.0
5777.0
124.0
156.0
317.0
51.0
27.0
180.0
208.0
193.0
496.0
355.0
74.0
66.0
27.0
123.0
31.0
20.0
173.0
849.0
48.0
123.0
63.0
46.0
155.0
153.0
73.0
157.0
150.0
749.0
35.0
20.0
26.0
30.0
8.0
75.0
250.0
102.0
71.0
83.0
58.0
38.0
83.0
150.0
45.0
25.0
56.0
154.0
175.0
107.0
82.0
129.0
45.0
61.0
1598.0
57.0
57.0
68.0
26.0
164.0
283.0
32.0
273.0
121.0
259.0
76.0
131.0
830.0
213.0
67.0
1207.0
130.0
115.0
70.0
93.0
116.0
19.0
272.0
196.0
481.0
1320.0
35.0
536.0
115.0
189.0
46.0
319.0
264.0
387.0
56.0
316.0
512.0
284.0
76.0
252.0
76.0
297.0
29.0
341.0
156.0
810.0
1363.0
555.0
353.0
1193.0
298.0
148.0
822.0
5225.0
5583.0
119.0
167.0
323.0
50.0
29.0
186.0
217.0
185.0
529.0
350.0
73.0
61.0
27.0
117.0
32.0
19.0
166.0
826.0
49.0
131.0
64.0
46.0
155.0
146.0
76.0
158.0
148.0
777.0
37.0
21.0
25.0
32.0
8.0
72.0
263.0
105.0
73.0
87.0
55.0
41.0
89.0
143.0
48.0
26.0
58.0
152.0
168.0
100.0
84.0
127.0
45.0
62.0
1620.0
57.0
58.0
71.0
25.0
162.0
286.0
33.0
268.0
122.0
258.0
81.0
130.0
807.0
214.0
67.0
1172.0
133.0
123.0
73.0
93.0
118.0
19.0
252.0
199.0
468.0
1270.0
35.0
553.0
117.0
187.0
47.0
327.0
245.0
399.0
56.0
303.0
552.0
291.0
72.0
242.0
81.0
284.0
27.0
352.0
171.0
794.0
1344.0
581.0
359.0
1147.0
284.0
159.0
807.0
5099.0
5606.0
126.0
160.0
314.0
47.0
28.0
177.0
216.0
193.0
496.0
342.0
77.0
65.0
26.0
122.0
32.0
20.0
167.0
887.0
52.0
131.0
66.0
42.0
161.0
146.0
70.0
159.0
147.0
730.0
37.0
20.0
26.0
32.0
8.0
69.0
267.0
106.0
68.0
90.0
58.0
40.0
85.0
152.0
45.0
27.0
55.0
150.0
167.0
109.0
84.0
137.0
46.0
67.0
1548.0
56.0
58.0
71.0
24.0
162.0
274.0
32.0
282.0
120.0
240.0
82.0
129.0
819.0
216.0
70.0
1178.0
124.0
127.0
73.0
93.0
120.0
20.0
268.0
196.0
518.0
1247.0
36.0
534.0
116.0
186.0
44.0
328.0
267.0
382.0
61.0
307.0
514.0
289.0
72.0
247.0
77.0
279.0
29.0
348.0
167.0
769.0
1256.0
553.0
355.0
1156.0
295.0
153.0
827.0
5445.0
5674.0
129.0
171.0
323.0
48.0
28.0
183.0
217.0
194.0
495.0
344.0
77.0
64.0
26.0
116.0
32.0
20.0
171.0
869.0
48.0
126.0
64.0
43.0
163.0
155.0
70.0
158.0
148.0
775.0
37.0
20.0
26.0
29.0
8.0
75.0
263.0
111.0
71.0
85.0
54.0
39.0
84.0
152.0
47.0
27.0
55.0
159.0
173.0
103.0
79.0
136.0
46.0
67.0
1639.0
54.0
54.0
66.0
24.0
156.0
281.0
33.0
287.0
119.0
256.0
79.0
137.0
758.0
205.0
68.0
1284.0
125.0
119.0
73.0
91.0
113.0
20.0
262.0
187.0
490.0
1304.0
36.0
553.0
116.0
181.0
47.0
321.0
251.0
371.0
58.0
305.0
518.0
269.0
72.0
239.0
79.0
297.0
28.0
365.0
170.0
791.0
1274.0
554.0
358.0
1174.0
297.0
151.0
812.0
5367.0
5951.0
119.0
164.0
328.0
47.0
27.0
189.0
226.0
191.0
529.0
352.0
76.0
61.0
25.0
123.0
31.0
19.0
171.0
827.0
49.0
122.0
65.0
45.0
152.0
154.0
71.0
153.0
152.0
747.0
36.0
20.0
24.0
31.0
8.0
72.0
267.0
104.0
74.0
85.0
54.0
41.0
83.0
148.0
46.0
26.0
53.0
158.0
162.0
111.0
84.0
131.0
46.0
67.0
1535.0
58.0
56.0
66.0
26.0
167.0
292.0
31.0
281.0
124.0
252.0
83.0
134.0
794.0
216.0
70.0
1165.0
128.0
121.0
73.0
87.0
118.0
19.0
256.0
200.0
472.0
1327.0
36.0
560.0
117.0
182.0
45.0
327.0
261.0
389.0
59.0
289.0
542.0
269.0
75.0
233.0
78.0
302.0
28.0
341.0
172.0
762.0
1347.0
577.0
338.0
1176.0
287.0
147.0
839.0
5014.0
6006.0
122.0
158.0
314.0
47.0
27.0
192.0
226.0
189.0
534.0
363.0
75.0
64.0
25.0
128.0
33.0
19.0
172.0
820.0
52.0
119.0
61.0
46.0
163.0
147.0
72.0
165.0
143.0
730.0
35.0
21.0
26.0
31.0
8.0
75.0
262.0
113.0
73.0
83.0
58.0
38.0
88.0
154.0
45.0
27.0
53.0
149.0
164.0
105.0
79.0
138.0
48.0
64.0
1632.0
54.0
55.0
70.0
26.0
156.0
296.0
32.0
280.0
129.0
248.0
81.0
129.0
776.0
209.0
69.0
1245.0
128.0
125.0
71.0
86.0
115.0
19.0
269.0
204.0
502.0
1264.0
33.0
507.0
117.0
177.0
47.0
342.0
270.0
398.0
61.0
306.0
519.0
281.0
71.0
246.0
75.0
293.0
28.0
353.0
160.0
834.0
1351.0
551.0
340.0
1174.0
293.0
150.0
870.0
5326.0
5568.0
127.0
162.0
327.0
51.0
29.0
180.0
226.0
191.0
514.0
344.0
75.0
64.0
27.0
124.0
31.0
19.0
166.0
861.0
51.0
128.0
64.0
45.0
155.0
143.0
69.0
158.0
141.0
749.0
37.0
21.0
24.0
30.0
8.0
74.0
261.0
111.0
69.0
84.0
56.0
40.0
88.0
143.0
49.0
26.0
58.0
150.0
160.0
101.0
81.0
134.0
46.0
67.0
1547.0
54.0
59.0
67.0
26.0
164.0
288.0
32.0
281.0
123.0
249.0
80.0
133.0
805.0
223.0
70.0
1265.0
132.0
124.0
68.0
90.0
120.0
19.0
246.0
199.0
497.0
1271.0
33.0
535.0
119.0
192.0
44.0
334.0
262.0
400.0
56.0
293.0
506.0
273.0
76.0
245.0
76.0
293.0
28.0
354.0
173.0
795.0
1389.0
553.0
352.0
1106.0
291.0
146.0
862.0
5004.0
6000.0
130.0
172.0
333.0
50.0
27.0
186.0
219.0
187.0
493.0
362.0
75.0
61.0
26.0
123.0
33.0
20.0
173.0
887.0
50.0
124.0
63.0
43.0
154.0
150.0
76.0
162.0
151.0
738.0
37.0
21.0
24.0
31.0
8.0
76.0
268.0
105.0
70.0
88.0
55.0
39.0
85.0
149.0
47.0
27.0
57.0
157.0
164.0
106.0
87.0
134.0
44.0
63.0
1654.0
56.0
59.0
71.0
26.0
157.0
284.0
31.0
261.0
123.0
250.0
82.0
128.0
771.0
213.0
65.0
1277.0
125.0
116.0
73.0
90.0
118.0
20.0
253.0
200.0
507.0
1309.0
33.0
521.0
110.0
179.0
44.0
338.0
263.0
384.0
61.0
299.0
525.0
269.0
71.0
238.0
77.0
291.0
28.0
361.0
167.0
840.0
1286.0
593.0
360.0
1080.0
291.0
159.0
853.0
5157.0
5668.0
128.0
162.0
324.0
51.0
28.0
194.0
212.0
189.0
492.0
349.0
75.0
61.0
26.0
124.0
30.0
19.0
165.0
874.0
50.0
128.0
66.0
43.0
153.0
147.0
69.0
166.0
141.0
793.0
36.0
19.0
24.0
30.0
8.0
73.0
268.0
113.0
68.0
91.0
59.0
41.0
89.0
146.0
47.0
27.0
56.0
154.0
168.0
108.0
87.0
132.0
45.0
67.0
1530.0
55.0
56.0
69.0
26.0
154.0
288.0
33.0
273.0
120.0
249.0
82.0
137.0
795.0
212.0
67.0
1237.0
129.0
125.0
66.0
94.0
117.0
20.0
257.0
194.0
468.0
1290.0
35.0
554.0
118.0
192.0
45.0
347.0
251.0
370.0
61.0
300.0
525.0
281.0
73.0
249.0
78.0
298.0
28.0
352.0
158.0
840.0
1300.0
590.0
338.0
1085.0
288.0
147.0
791.0
5212.0
5447.0
129.0
168.0
317.0
47.0
27.0
192.0
223.0
181.0
492.0
374.0
77.0
61.0
25.0
119.0
31.0
19.0
177.0
829.0
51.0
124.0
66.0
44.0
167.0
146.0
74.0
162.0
146.0
753.0
35.0
21.0
26.0
29.0
8.0
71.0
251.0
105.0
73.0
89.0
58.0
38.0
87.0
154.0
48.0
27.0
55.0
158.0
162.0
101.0
80.0
137.0
45.0
61.0
1557.0
56.0
54.0
71.0
25.0
164.0
273.0
31.0
287.0
121.0
259.0
83.0
132.0
753.0
205.0
67.0
1280.0
125.0
116.0
70.0
91.0
112.0
20.0
252.0
197.0
480.0
1252.0
36.0
558.0
116.0
178.0
47.0
316.0
254.0
379.0
55.0
297.0
531.0
295.0
75.0
238.0
75.0
296.0
29.0
354.0
163.0
796.0
1333.0
546.0
343.0
1094.0
273.0
144.0
806.0
5244.0
5743.0
122.0
163.0
328.0
50.0
28.0
184.0
205.0
194.0
484.0
366.0
74.0
64.0
25.0
124.0
33.0
19.0
171.0
903.0
51.0
120.0
67.0
45.0
154.0
147.0
75.0
163.0
144.0
744.0
35.0
21.0
24.0
32.0
8.0
75.0
262.0
112.0
74.0
87.0
58.0
38.0
81.0
147.0
45.0
25.0
57.0
154.0
163.0
108.0
79.0
130.0
46.0
64.0
1596.0
56.0
55.0
70.0
25.0
155.0
292.0
32.0
272.0
121.0
239.0
80.0
138.0
770.0
223.0
70.0
1231.0
123.0
121.0
73.0
89.0
111.0
19.0
247.0
203.0
494.0
1224.0
35.0
515.0
110.0
180.0
48.0
317.0
267.0
381.0
61.0
311.0
522.0
292.0
73.0
241.0
76.0
293.0
27.0
361.0
168.0
823.0
1299.0
542.0
354.0
1195.0
299.0
148.0
862.0
5197.0
5564.0
121.0
168.0
309.0
51.0
28.0
191.0
212.0
195.0
511.0
354.0
79.0
64.0
27.0
121.0
32.0
19.0
173.0
881.0
50.0
122.0
61.0
45.0
166.0
143.0
76.0
155.0
152.0
738.0
35.0
20.0
26.0
30.0
8.0
74.0
265.0
102.0
68.0
90.0
59.0
40.0
81.0
141.0
49.0
26.0
54.0
159.0
167.0
101.0
83.0
134.0
44.0
63.0
1547.0
55.0
59.0
67.0
26.0
152.0
271.0
33.0
285.0
128.0
244.0
81.0
134.0
819.0
223.0
67.0
1250.0
130.0
124.0
71.0
91.0
111.0
19.0
261.0
187.0
518.0
1290.0
34.0
521.0
113.0
175.0
46.0
320.0
266.0
373.0
58.0
314.0
511.0
285.0
69.0
239.0
81.0
276.0
27.0
370.0
157.0
780.0
1270.0
553.0
337.0
1175.0
290.0
148.0
875.0
5406.0
5835.0
120.0
163.0
335.0
50.0
27.0
194.0
218.0
180.0
504.0
375.0
76.0
65.0
25.0
118.0
32.0
19.0
171.0
849.0
50.0
128.0
62.0
43.0
153.0
153.0
75.0
157.0
140.0
730.0
38.0
21.0
26.0
32.0
8.0
73.0
258.0
104.0
69.0
86.0
57.0
40.0
84.0
140.0
45.0
26.0
57.0
148.0
173.0
111.0
82.0
132.0
48.0
62.0
1652.0
59.0
54.0
69.0
25.0
162.0
293.0
32.0
288.0
123.0
242.0
78.0
128.0
788.0
215.0
67.0
1178.0
128.0
120.0
69.0
92.0
110.0
19.0
254.0
202.0
511.0
1303.0
36.0
559.0
120.0
184.0
45.0
347.0
260.0
377.0
61.0
316.0
512.0
272.0
74.0
238.0
80.0
299.0
29.0
343.0
165.0
795.0
1319.0
553.0
332.0
1186.0
294.0
159.0
817.0
5223.0
5455.0
122.0
163.0
327.0
50.0
29.0
180.0
220.0
185.0
525.0
345.0
72.0
65.0
27.0
121.0
32.0
20.0
163.0
830.0
48.0
129.0
65.0
42.0
159.0
154.0
74.0
156.0
141.0
736.0
38.0
21.0
25.0
31.0
8.0
73.0
269.0
106.0
69.0
85.0
55.0
40.0
86.0
144.0
47.0
27.0
54.0
163.0
170.0
108.0
79.0
132.0
47.0
63.0
1599.0
54.0
58.0
65.0
24.0
157.0
287.0
32.0
276.0
124.0
241.0
80.0
132.0
756.0
210.0
66.0
1220.0
124.0
126.0
67.0
90.0
114.0
19.0
261.0
201.0
171.0
204.0
146.0
174.0
400.0
133.0
143.0
156.0
132.0
151.0
152.0
150.0
134.0
133.0
137.0
148.0
150.0
141.0
366.0
152.0
143.0
149.0
163.0
171.0
167.0
168.0
155.0
440.0
155.0
163.0
161.0
167.0
166.0
151.0
140.0
168.0
147.0
143.0
143.0
151.0
146.0
163.0
168.0
142.0
139.0
469.0
157.0
168.0
408.0
132.0
139.0
171.0
158.0
138.0
148.0
135.0
144.0
144.0
390.0
161.0
164.0
156.0
132.0
165.0
165.0
147.0
144.0
140.0
166.0
169.0
141.0
158.0
168.0
151.0
132.0
158.0
466.0
130.0
136.0
157.0
155.0
168.0
134.0
156.0
149.0
136.0
459.0
162.0
377.0
176.0
446.0
380.0
374.0
378.0
461.0
386.0
367.0
404.0
466.0
155.0
131.0
134.0
149.0
150.0
144.0
145.0
146.0
176.0
197.0
193.0
171.0
164.0
389.0
131.0
134.0
162.0
159.0
132.0
166.0
167.0
152.0
146.0
177.0
176.0
139.0
135.0
489.0
146.0
169.0
145.0
134.0
157.0
150.0
144.0
167.0
403.0
175.0
150.0
162.0
161.0
152.0
154.0
153.0
132.0
175.0
172.0
150.0
152.0
171.0
166.0
166.0
123.0
177.0
464.0
156.0
160.0
484.0
130.0
177.0
176.0
161.0
144.0
173.0
173.0
176.0
132.0
397.0
176.0
149.0
175.0
150.0
161.0
143.0
168.0
137.0
162.0
169.0
162.0
135.0
167.0
159.0
164.0
128.0
140.0
466.0
171.0
160.0
156.0
148.0
151.0
140.0
172.0
154.0
160.0
412.0
155.0
434.0
167.0
427.0
382.0
454.0
451.0
374.0
457.0
367.0
447.0
452.0
153.0
142.0
152.0
131.0
160.0
136.0
154.0
161.0
145.0
171.0
161.0
161.0
161.0
375.0
174.0
136.0
156.0
170.0
160.0
172.0
146.0
169.0
148.0
132.0
176.0
144.0
148.0
466.0
171.0
173.0
133.0
154.0
168.0
140.0
154.0
174.0
452.0
155.0
149.0
174.0
158.0
161.0
152.0
141.0
176.0
172.0
141.0
149.0
150.0
159.0
138.0
145.0
138.0
149.0
447.0
148.0
162.0
397.0
159.0
145.0
130.0
150.0
165.0
166.0
168.0
135.0
169.0
431.0
167.0
169.0
173.0
130.0
168.0
143.0
156.0
135.0
135.0
130.0
175.0
169.0
166.0
142.0
135.0
148.0
167.0
460.0
170.0
173.0
175.0
134.0
130.0
138.0
147.0
156.0
148.0
392.0
133.0
493.0
167.0
415.0
441.0
494.0
392.0
382.0
365.0
397.0
441.0
398.0
169.0
136.0
135.0
150.0
174.0
169.0
170.0
150.0
156.0
166.0
171.0
131.0
159.0
483.0
172.0
156.0
131.0
163.0
148.0
150.0
137.0
148.0
156.0
139.0
176.0
171.0
171.0
376.0
136.0
142.0
165.0
172.0
152.0
148.0
157.0
154.0
368.0
174.0
176.0
135.0
168.0
143.0
172.0
133.0
132.0
150.0
170.0
150.0
156.0
164.0
143.0
160.0
115.0
151.0
448.0
155.0
160.0
411.0
136.0
136.0
150.0
155.0
160.0
152.0
159.0
148.0
163.0
444.0
150.0
167.0
159.0
163.0
175.0
142.0
151.0
151.0
167.0
175.0
141.0
155.0
149.0
177.0
145.0
150.0
174.0
365.0
153.0
133.0
159.0
146.0
160.0
131.0
134.0
175.0
174.0
462.0
157.0
400.0
167.0
440.0
396.0
398.0
375.0
437.0
432.0
434.0
427.0
448.0
131.0
153.0
162.0
150.0
157.0
151.0
131.0
141.0
144.0
182.0
205.0
155.0
165.0
460.0
173.0
139.0
162.0
137.0
172.0
171.0
169.0
166.0
160.0
159.0
175.0
175.0
150.0
437.0
160.0
158.0
161.0
139.0
138.0
162.0
159.0
154.0
367.0
155.0
158.0
141.0
171.0
138.0
168.0
167.0
147.0
155.0
170.0
159.0
168.0
148.0
167.0
143.0
141.0
135.0
373.0
142.0
168.0
377.0
170.0
142.0
159.0
177.0
141.0
168.0
145.0
175.0
170.0
376.0
143.0
147.0
159.0
159.0
173.0
169.0
148.0
167.0
160.0
171.0
143.0
173.0
153.0
161.0
157.0
146.0
171.0
391.0
154.0
152.0
154.0
166.0
146.0
169.0
151.0
148.0
165.0
401.0
171.0
423.0
135.0
410.0
486.0
445.0
421.0
476.0
480.0
382.0
488.0
457.0
142.0
177.0
152.0
148.0
170.0
165.0
146.0
170.0
164.0
186.0
174.0
159.0
159.0
455.0
138.0
137.0
146.0
160.0
147.0
162.0
176.0
134.0
152.0
151.0
138.0
163.0
167.0
427.0
171.0
157.0
148.0
172.0
171.0
144.0
163.0
132.0
427.0
142.0
170.0
132.0
134.0
154.0
171.0
156.0
137.0
154.0
149.0
167.0
143.0
164.0
158.0
141.0
116.0
159.0
363.0
151.0
147.0
449.0
144.0
174.0
139.0
147.0
160.0
172.0
161.0
149.0
167.0
449.0
136.0
159.0
133.0
161.0
164.0
170.0
138.0
159.0
135.0
161.0
154.0
133.0
155.0
172.0
161.0
129.0
161.0
445.0
141.0
154.0
153.0
143.0
130.0
163.0
171.0
160.0
141.0
439.0
169.0
388.0
156.0
454.0
382.0
369.0
458.0
424.0
466.0
399.0
398.0
452.0
175.0
149.0
166.0
135.0
137.0
159.0
139.0
133.0
144.0
184.0
192.0
165.0
167.0
379.0
173.0
142.0
141.0
149.0
172.0
132.0
140.0
165.0
152.0
152.0
177.0
165.0
169.0
458.0
149.0
141.0
145.0
135.0
139.0
130.0
171.0
169.0
441.0
162.0
157.0
139.0
162.0
169.0
156.0
149.0
137.0
154.0
151.0
139.0
148.0
157.0
176.0
166.0
141.0
153.0
373.0
135.0
170.0
468.0
138.0
146.0
140.0
175.0
141.0
175.0
175.0
156.0
154.0
491.0
136.0
135.0
159.0
142.0
173.0
164.0
171.0
166.0
168.0
158.0
137.0
138.0
165.0
130.0
132.0
134.0
173.0
384.0
157.0
158.0
135.0
141.0
174.0
168.0
170.0
155.0
140.0
467.0
146.0
386.0
168.0
383.0
428.0
407.0
373.0
372.0
365.0
429.0
422.0
398.0
166.0
148.0
131.0
132.0
159.0
156.0
150.0
158.0
156.0
199.0
171.0
169.0
172.0
377.0
134.0
143.0
156.0
171.0
142.0
172.0
140.0
175.0
171.0
173.0
146.0
136.0
134.0
472.0
158.0
153.0
139.0
155.0
144.0
164.0
139.0
164.0
453.0
132.0
162.0
154.0
134.0
130.0
151.0
158.0
157.0
151.0
134.0
156.0
160.0
168.0
164.0
140.0
132.0
130.0
413.0
162.0
167.0
456.0
168.0
139.0
141.0
176.0
161.0
146.0
160.0
151.0
147.0
420.0
156.0
149.0
139.0
146.0
139.0
156.0
141.0
160.0
148.0
146.0
142.0
137.0
176.0
135.0
168.0
127.0
169.0
430.0
132.0
173.0
176.0
161.0
172.0
143.0
135.0
146.0
160.0
454.0
144.0
399.0
149.0
433.0
403.0
440.0
455.0
448.0
406.0
475.0
470.0
454.0
169.0
176.0
149.0
146.0
163.0
154.0
138.0
168.0
134.0
192.0
165.0
130.0
158.0
371.0
177.0
162.0
155.0
134.0
157.0
171.0
167.0
173.0
170.0
162.0
175.0
160.0
165.0
425.0
143.0
164.0
157.0
155.0
147.0
159.0
147.0
138.0
437.0
162.0
147.0
160.0
172.0
130.0
146.0
150.0
146.0
155.0
148.0
156.0
149.0
167.0
143.0
149.0
112.0
132.0
417.0
169.0
134.0
466.0
143.0
149.0
159.0
153.0
166.0
174.0
166.0
164.0
151.0
419.0
155.0
147.0
149.0
171.0
135.0
174.0
154.0
160.0
157.0
137.0
151.0
159.0
168.0
140.0
142.0
119.0
172.0
426.0
156.0
139.0
145.0
148.0
141.0
160.0
144.0
134.0
176.0
466.0
166.0
477.0
133.0
468.0
407.0
410.0
406.0
403.0
427.0
386.0
365.0
399.0
166.0
160.0
136.0
138.0
153.0
145.0
148.0
150.0
171.0
207.0
153.0
151.0
168.0
492.0
173.0
174.0
140.0
174.0
164.0
133.0
156.0
171.0
138.0
168.0
176.0
154.0
163.0
442.0
132.0
162.0
173.0
131.0
130.0
139.0
158.0
136.0
427.0
142.0
148.0
163.0
149.0
154.0
145.0
156.0
172.0
148.0
162.0
163.0
158.0
137.0
173.0
172.0
126.0
166.0
477.0
170.0
143.0
467.0
136.0
146.0
163.0
158.0
151.0
166.0
161.0
166.0
162.0
375.0
156.0
152.0
147.0
130.0
154.0
134.0
144.0
173.0
152.0
161.0
146.0
130.0
163.0
148.0
152.0
135.0
170.0
475.0
173.0
144.0
148.0
146.0
170.0
131.0
169.0
148.0
163.0
435.0
164.0
477.0
151.0
404.0
459.0
446.0
411.0
470.0
412.0
486.0
453.0
413.0
162.0
135.0
170.0
160.0
142.0
134.0
165.0
159.0
170.0
194.0
166.0
151.0
145.0
422.0
137.0
134.0
162.0
167.0
131.0
159.0
155.0
164.0
166.0
166.0
172.0
167.0
169.0
365.0
165.0
151.0
156.0
144.0
145.0
150.0
160.0
135.0
364.0
143.0
136.0
165.0
161.0
149.0
153.0
157.0
154.0
160.0
133.0
131.0
130.0
171.0
160.0
154.0
117.0
143.0
453.0
140.0
143.0
399.0
141.0
131.0
159.0
142.0
173.0
152.0
152.0
160.0
145.0
452.0
142.0
168.0
159.0
174.0
167.0
134.0
156.0
177.0
145.0
161.0
166.0
143.0
155.0
135.0
137.0
151.0
174.0
393.0
138.0
138.0
175.0
170.0
155.0
169.0
158.0
141.0
142.0
403.0
174.0
376.0
136.0
416.0
412.0
393.0
393.0
431.0
407.0
429.0
376.0
370.0
158.0
155.0
135.0
149.0
156.0
147.0
133.0
136.0
138.0
154.0
179.0
175.0
153.0
451.0
163.0
173.0
159.0
157.0
132.0
164.0
168.0
161.0
152.0
138.0
147.0
174.0
159.0
375.0
160.0
166.0
134.0
139.0
136.0
156.0
143.0
130.0
414.0
173.0
145.0
149.0
154.0
177.0
168.0
165.0
146.0
144.0
147.0
149.0
143.0
164.0
139.0
143.0
114.0
158.0
422.0
164.0
146.0
376.0
157.0
161.0
161.0
150.0
146.0
176.0
144.0
150.0
138.0
469.0
176.0
153.0
170.0
158.0
150.0
139.0
164.0
157.0
150.0
168.0
137.0
132.0
155.0
156.0
166.0
118.0
177.0
444.0
150.0
163.0
137.0
167.0
159.0
156.0
164.0
156.0
131.0
376.0
153.0
383.0
132.0
454.0
413.0
410.0
367.0
484.0
487.0
451.0
458.0
418.0
164.0
164.0
149.0
141.0
138.0
143.0
145.0
138.0
167.0
207.0
182.0
159.0
168.0
487.0
148.0
158.0
168.0
164.0
142.0
150.0
165.0
137.0
175.0
164.0
144.0
143.0
147.0
364.0
177.0
143.0
168.0
137.0
164.0
139.0
159.0
134.0
403.0
154.0
157.0
172.0
132.0
153.0
138.0
176.0
132.0
150.0
146.0
132.0
142.0
132.0
154.0
131.0
117.0
142.0
410.0
138.0
161.0
436.0
169.0
175.0
131.0
172.0
177.0
161.0
176.0
168.0
175.0
417.0
173.0
145.0
169.0
156.0
147.0
153.0
158.0
142.0
175.0
131.0
139.0
158.0
142.0
139.0
143.0
121.0
152.0
466.0
159.0
155.0
133.0
136.0
156.0
148.0
156.0
143.0
168.0
462.0
161.0
478.0
168.0
465.0
424.0
397.0
445.0
389.0
468.0
492.0
416.0
485.0
144.0
157.0
150.0
154.0
146.0
155.0
156.0
158.0
162.0
181.0
179.0
160.0
148.0
429.0
144.0
149.0
159.0
141.0
170.0
147.0
132.0
141.0
147.0
155.0
144.0
148.0
137.0
444.0
149.0
154.0
135.0
155.0
144.0
170.0
172.0
158.0
491.0
175.0
144.0
132.0
153.0
167.0
166.0
154.0
144.0
171.0
174.0
163.0
147.0
158.0
146.0
149.0
117.0
150.0
374.0
171.0
144.0
398.0
170.0
150.0
169.0
149.0
161.0
161.0
175.0
164.0
144.0
388.0
177.0
136.0
133.0
167.0
167.0
152.0
162.0
159.0
165.0
134.0
133.0
155.0
159.0
142.0
159.0
151.0
134.0
453.0
141.0
167.0
145.0
133.0
173.0
137.0
164.0
157.0
173.0
364.0
163.0
375.0
165.0
400.0
394.0
411.0
435.0
413.0
398.0
492.0
433.0
462.0
155.0
165.0
153.0
168.0
143.0
138.0
161.0
139.0
166.0
204.0
179.0
139.0
167.0
437.0
171.0
134.0
150.0
165.0
142.0
150.0
172.0
131.0
142.0
154.0
132.0
164.0
176.0
471.0
175.0
149.0
138.0
134.0
171.0
136.0
168.0
134.0
363.0
152.0
163.0
148.0
145.0
172.0
146.0
172.0
138.0
135.0
132.0
157.0
148.0
146.0
133.0
174.0
125.0
161.0
407.0
136.0
165.0
370.0
165.0
153.0
163.0
152.0
154.0
141.0
169.0
147.0
169.0
440.0
161.0
147.0
160.0
135.0
162.0
131.0
164.0
160.0
157.0
166.0
134.0
167.0
164.0
160.0
144.0
141.0
168.0
413.0
152.0
137.0
142.0
176.0
176.0
141.0
164.0
155.0
137.0
402.0
176.0
403.0
140.0
394.0
477.0
407.0
447.0
369.0
379.0
446.0
434.0
381.0
141.0
143.0
159.0
174.0
166.0
161.0
175.0
142.0
161.0
191.0
188.0
144.0
156.0
487.0
177.0
151.0
136.0
163.0
167.0
169.0
166.0
164.0
130.0
165.0
154.0
130.0
162.0
389.0
165.0
169.0
137.0
136.0
132.0
134.0
158.0
141.0
436.0
146.0
162.0
139.0
141.0
148.0
174.0
133.0
142.0
143.0
169.0
174.0
153.0
169.0
169.0
174.0
121.0
140.0
370.0
156.0
145.0
401.0
132.0
169.0
131.0
161.0
174.0
147.0
135.0
150.0
175.0
482.0
150.0
152.0
140.0
155.0
153.0
154.0
176.0
165.0
136.0
140.0
168.0
136.0
146.0
155.0
172.0
121.0
149.0
399.0
162.0
176.0
147.0
148.0
171.0
153.0
147.0
131.0
168.0
452.0
142.0
404.0
138.0
399.0
430.0
466.0
371.0
444.0
427.0
411.0
431.0
421.0
158.0
171.0
134.0
132.0
162.0
138.0
147.0
130.0
171.0
171.0
158.0
134.0
157.0
461.0
162.0
136.0
160.0
167.0
165.0
176.0
157.0
156.0
161.0
165.0
142.0
174.0
170.0
375.0
175.0
160.0
176.0
136.0
145.0
147.0
136.0
142.0
440.0
132.0
171.0
133.0
145.0
169.0
132.0
172.0
145.0
141.0
171.0
131.0
162.0
166.0
147.0
145.0
150.0
169.0
418.0
171.0
175.0
435.0
175.0
131.0
165.0
145.0
174.0
162.0
161.0
164.0
143.0
369.0
160.0
141.0
171.0
173.0
133.0
134.0
139.0
143.0
172.0
132.0
146.0
170.0
167.0
169.0
148.0
149.0
159.0
452.0
154.0
147.0
146.0
144.0
132.0
171.0
153.0
170.0
162.0
478.0
144.0
374.0
144.0
405.0
434.0
462.0
389.0
462.0
441.0
439.0
471.0
368.0
133.0
167.0
173.0
166.0
148.0
168.0
140.0
138.0
158.0
185.0
185.0
135.0
132.0
476.0
158.0
158.0
130.0
130.0
165.0
151.0
164.0
157.0
170.0
164.0
159.0
155.0
154.0
421.0
133.0
165.0
139.0
177.0
160.0
154.0
176.0
147.0
413.0
160.0
150.0
163.0
148.0
175.0
154.0
142.0
135.0
130.0
148.0
156.0
172.0
135.0
150.0
137.0
141.0
150.0
374.0
159.0
146.0
422.0
171.0
159.0
170.0
138.0
142.0
172.0
172.0
164.0
172.0
461.0
169.0
147.0
147.0
148.0
146.0
137.0
163.0
139.0
159.0
158.0
132.0
162.0
132.0
171.0
147.0
139.0
176.0
489.0
136.0
136.0
170.0
149.0
145.0
163.0
133.0
154.0
130.0
438.0
140.0
418.0
159.0
435.0
421.0
377.0
443.0
412.0
399.0
441.0
481.0
440.0
137.0
159.0
161.0
150.0
140.0
157.0
176.0
169.0
156.0
188.0
190.0
141.0
156.0
402.0
146.0
172.0
138.0
159.0
138.0
171.0
158.0
137.0
141.0
175.0
131.0
139.0
154.0
385.0
130.0
162.0
153.0
150.0
145.0
142.0
137.0
170.0
431.0
132.0
133.0
153.0
152.0
137.0
149.0
163.0
155.0
134.0
150.0
140.0
146.0
153.0
158.0
165.0
116.0
131.0
419.0
166.0
138.0
378.0
168.0
157.0
170.0
173.0
138.0
133.0
147.0
171.0
177.0
434.0
173.0
162.0
147.0
158.0
138.0
146.0
161.0
136.0
139.0
167.0
157.0
158.0
138.0
146.0
172.0
123.0
157.0
457.0
131.0
148.0
158.0
158.0
131.0
168.0
137.0
171.0
149.0
396.0
158.0
369.0
156.0
468.0
476.0
421.0
492.0
401.0
381.0
398.0
474.0
374.0
166.0
157.0
170.0
169.0
135.0
160.0
173.0
163.0
173.0
182.0
186.0
171.0
171.0
442.0
134.0
153.0
171.0
144.0
131.0
134.0
174.0
160.0
167.0
156.0
163.0
177.0
131.0
473.0
146.0
145.0
132.0
130.0
166.0
164.0
174.0
161.0
364.0
136.0
145.0
149.0
168.0
151.0
175.0
130.0
167.0
148.0
172.0
160.0
131.0
133.0
161.0
140.0
134.0
166.0
451.0
151.0
146.0
445.0
133.0
164.0
168.0
136.0
155.0
144.0
159.0
165.0
159.0
469.0
160.0
171.0
131.0
131.0
140.0
135.0
156.0
142.0
130.0
154.0
163.0
169.0
144.0
142.0
147.0
138.0
141.0
484.0
165.0
170.0
160.0
146.0
165.0
161.0
138.0
163.0
143.0
412.0
137.0
401.0
146.0
484.0
400.0
393.0
476.0
421.0
475.0
478.0
395.0
471.0
154.0
172.0
169.0
132.0
155.0
137.0
136.0
176.0
135.0
202.0
192.0
172.0
132.0
478.0
138.0
161.0
138.0
147.0
153.0
160.0
136.0
144.0
165.0
164.0
139.0
176.0
176.0
467.0
165.0
171.0
161.0
164.0
137.0
168.0
131.0
171.0
402.0
145.0
147.0
145.0
176.0
173.0
170.0
153.0
135.0
165.0
160.0
176.0
140.0
171.0
138.0
157.0
142.0
176.0
386.0
130.0
137.0
394.0
153.0
154.0
167.0
176.0
168.0
166.0
142.0
176.0
137.0
421.0
146.0
159.0
153.0
146.0
176.0
156.0
162.0
148.0
173.0
140.0
176.0
140.0
170.0
147.0
159.0
141.0
141.0
468.0
140.0
157.0
131.0
159.0
172.0
150.0
142.0
173.0
154.0
446.0
132.0
428.0
159.0
426.0
390.0
386.0
418.0
407.0
370.0
482.0
413.0
386.0
167.0
150.0
139.0
147.0
148.0
153.0
177.0
166.0
145.0
186.0
166.0
151.0
142.0
386.0
163.0
163.0
145.0
141.0
134.0
169.0
140.0
130.0
174.0
146.0
165.0
155.0
135.0
391.0
156.0
154.0
148.0
147.0
160.0
147.0
176.0
166.0
402.0
145.0
167.0
152.0
169.0
158.0
176.0
164.0
149.0
150.0
173.0
171.0
159.0
145.0
166.0
168.0
132.0
158.0
391.0
132.0
157.0
436.0
135.0
156.0
162.0
149.0
172.0
146.0
163.0
172.0
141.0
392.0
174.0
153.0
150.0
170.0
137.0
147.0
173.0
162.0
165.0
151.0
155.0
175.0
163.0
154.0
139.0
150.0
138.0
483.0
167.0
143.0
166.0
157.0
134.0
159.0
132.0
138.0
148.0
426.0
168.0
463.0
159.0
487.0
478.0
384.0
459.0
375.0
468.0
485.0
492.0
473.0
162.0
171.0
139.0
149.0
164.0
133.0
137.0
158.0
155.0
161.0
190.0
154.0
138.0
402.0
144.0
149.0
143.0
130.0
140.0
134.0
139.0
165.0
176.0
160.0
157.0
134.0
155.0
444.0
174.0
166.0
176.0
174.0
145.0
172.0
158.0
140.0
465.0
139.0
168.0
134.0
156.0
136.0
135.0
172.0
136.0
176.0
141.0
162.0
150.0
160.0
134.0
155.0
144.0
155.0
373.0
157.0
169.0
443.0
135.0
135.0
173.0
169.0
136.0
130.0
134.0
146.0
131.0
473.0
157.0
137.0
155.0
168.0
142.0
141.0
134.0
149.0
173.0
145.0
132.0
177.0
157.0
153.0
156.0
119.0
174.0
478.0
175.0
153.0
146.0
165.0
169.0
158.0
169.0
160.0
162.0
413.0
136.0
454.0
176.0
406.0
483.0
382.0
389.0
388.0
418.0
442.0
481.0
471.0
142.0
157.0
136.0
163.0
147.0
158.0
159.0
154.0
166.0
182.0
179.0
165.0
143.0
384.0
155.0
148.0
175.0
139.0
145.0
163.0
175.0
135.0
160.0
145.0
140.0
153.0
171.0
463.0
174.0
175.0
161.0
167.0
175.0
159.0
160.0
130.0
432.0
166.0
143.0
133.0
172.0
147.0
131.0
146.0
163.0
141.0
140.0
137.0
149.0
138.0
168.0
130.0
147.0
152.0
412.0
134.0
134.0
445.0
142.0
138.0
151.0
168.0
168.0
167.0
143.0
169.0
132.0
365.0
147.0
151.0
176.0
157.0
166.0
146.0
167.0
169.0
140.0
134.0
152.0
130.0
157.0
166.0
150.0
140.0
158.0
413.0
146.0
154.0
168.0
131.0
141.0
141.0
173.0
149.0
165.0
397.0
159.0
399.0
158.0
462.0
410.0
482.0
383.0
480.0
413.0
434.0
423.0
432.0
151.0
158.0
132.0
151.0
163.0
171.0
158.0
162.0
165.0
166.0
206.0
139.0
170.0
415.0
152.0
176.0
130.0
167.0
140.0
156.0
175.0
163.0
176.0
137.0
160.0
138.0
171.0
374.0
160.0
141.0
165.0
148.0
157.0
151.0
147.0
151.0
418.0
133.0
144.0
141.0
146.0
141.0
153.0
150.0
154.0
158.0
168.0
157.0
166.0
165.0
174.0
131.0
129.0
153.0
453.0
137.0
156.0
380.0
139.0
152.0
131.0
172.0
170.0
136.0
169.0
136.0
132.0
425.0
141.0
160.0
165.0
138.0
151.0
149.0
153.0
143.0
145.0
162.0
173.0
154.0
131.0
131.0
135.0
151.0
169.0
469.0
162.0
163.0
138.0
152.0
169.0
157.0
131.0
139.0
132.0
396.0
135.0
366.0
154.0
425.0
375.0
435.0
463.0
471.0
433.0
450.0
424.0
439.0
159.0
130.0
168.0
155.0
134.0
137.0
173.0
167.0
136.0
