50 6 108
34735.5
29981.5
32844.5
29897.5
32087.5
31700.5
33843.5
34935.5
30430.5
36215.5
31998.5
30498.5
30245.5
30605.5
31193.5
28696.5
32354.5
32628.5
35723.5
34457.5
29898.5
34074.5
35012.5
33964.5
30978.5
33990.5
30288.5
30433.5
32955.5
34070.5
31615.5
32575.5
34123.5
32635.5
35161.5
29906.5
29653.5
32078.5
35277.5
33919.5
34078.5
33761.5
32748.5
29473.5
29169.5
29276.5
31260.5
34974.5
34059.5
34753.5
0.021679330058632377
0.017330821921039997
0.020279085825403075
0.019981817140365902
0.022317535214560775
0.0178058553662489
0.02035395968374675
0.017717484460033187
0.020622314208585082
0.017422267041277095
0.022534135446783624
0.019266788900996305
0.020742743646045413
0.017868600080643213
0.023059951245368436
0.018438267247414594
0.023273345815812363
0.016697274909536593
0.020399777001240415
0.01993722391845192
0.021757860697132876
0.018022472516066507
0.02214052259833406
0.01741239856638595
0.021071744437313068
0.01641067207162426
0.021456151666580117
0.01811465884346966
0.02275480676627698
0.0186531722694632
0.02208694290862322
0.018417598056105045
0.02336930313485611
0.01669977305244358
0.022828641684706896
0.017477258015551635
0.020087706296630276
0.017497634882587338
0.02172205570652054
0.01721054377229385
0.020968286942303467
0.019819178407780223
0.022450051282393024
0.019549238357494773
0.023755539264981487
0.01637773127129733
0.02089031580303915
0.016578870732738962
0.02054639403064709
0.02614389683217344
111
129
112
110
110
125
2557
22
1261
1300
67
529
478.0
1221.0
34.0
506.0
111.0
189.0
48.0
332.0
244.0
362.0
61.0
295.0
542.0
275.0
75.0
253.0
75.0
280.0
29.0
348.0
158.0
763.0
1390.0
599.0
346.0
1151.0
273.0
155.0
859.0
5195.0
5897.0
124.0
165.0
331.0
50.0
29.0
186.0
224.0
192.0
526.0
345.0
77.0
66.0
27.0
122.0
32.0
19.0
169.0
826.0
49.0
124.0
64.0
42.0
155.0
147.0
75.0
161.0
148.0
754.0
36.0
21.0
24.0
29.0
8.0
70.0
258.0
110.0
72.0
88.0
58.0
41.0
85.0
145.0
46.0
27.0
56.0
161.0
168.0
102.0
86.0
135.0
45.0
62.0
1561.0
58.0
57.0
66.0
24.0
151.0
285.0
31.0
278.0
126.0
236.0
76.0
133.0
782.0
216.0
67.0
1169.0
122.0
117.0
69.0
88.0
115.0
19.0
269.0
200.0
516.0
1322.0
35.0
522.0
110.0
193.0
48.0
318.0
245.0
365.0
58.0
301.0
523.0
283.0
72.0
248.0
81.0
298.0
27.0
361.0
158.0
808.0
1390.0
555.0
349.0
1116.0
290.0
144.0
829.0
5281.0
5979.0
125.0
159.0
305.0
47.0
27.0
180.0
207.0
189.0
489.0
368.0
79.0
63.0
26.0
117.0
31.0
20.0
167.0
841.0
53.0
128.0
63.0
44.0
155.0
143.0
71.0
155.0
149.0
740.0
38.0
20.0
26.0
30.0
8.0
72.0
261.0
112.0
72.0
83.0
57.0
39.0
82.0
154.0
46.0
26.0
57.0
149.0
162.0
107.0
86.0
135.0
44.0
63.0
1502.0
59.0
54.0
66.0
26.0
163.0
295.0
32.0
274.0
130.0
257.0
80.0
131.0
809.0
208.0
68.0
1221.0
126.0
127.0
69.0
85.0
113.0
20.0
269.0
187.0
468.0
1330.0
34.0
546.0
117.0
179.0
47.0
331.0
246.0
401.0
59.0
311.0
545.0
270.0
75.0
244.0
76.0
277.0
29.0
352.0
165.0
808.0
1338.0
593.0
363.0
1110.0
273.0
156.0
874.0
5337.0
5815.0
124.0
160.0
310.0
49.0
29.0
180.0
216.0
182.0
496.0
374.0
72.0
66.0
26.0
119.0
31.0
20.0
174.0
880.0
51.0
122.0
63.0
46.0
156.0
145.0
72.0
168.0
152.0
762.0
37.0
21.0
25.0
32.0
8.0
73.0
269.0
108.0
69.0
91.0
59.0
38.0
85.0
148.0
47.0
27.0
54.0
159.0
159.0
104.0
81.0
137.0
44.0
66.0
1558.0
54.0
58.0
66.0
25.0
165.0
289.0
33.0
265.0
128.0
257.0
76.0
133.0
766.0
204.0
70.0
1218.0
133.0
126.0
73.0
86.0
113.0
19.0
247.0
203.0
478.0
1298.0
35.0
556.0
118.0
191.0
47.0
348.0
255.0
378.0
58.0
304.0
513.0
288.0
73.0
234.0
79.0
301.0
28.0
358.0
158.0
826.0
1352.0
568.0
357.0
1113.0
297.0
147.0
811.0
5203.0
5658.0
129.0
158.0
320.0
48.0
29.0
194.0
213.0
181.0
512.0
357.0
78.0
66.0
25.0
120.0
32.0
19.0
171.0
862.0
51.0
123.0
64.0
43.0
156.0
148.0
71.0
159.0
139.0
791.0
37.0
21.0
26.0
30.0
8.0
69.0
274.0
103.0
73.0
86.0
57.0
39.0
86.0
142.0
46.0
27.0
57.0
157.0
164.0
110.0
87.0
137.0
45.0
61.0
1621.0
55.0
56.0
67.0
24.0
158.0
280.0
33.0
268.0
129.0
246.0
83.0
127.0
775.0
214.0
71.0
1279.0
127.0
125.0
67.0
93.0
122.0
20.0
256.0
195.0
475.0
1252.0
36.0
532.0
115.0
178.0
47.0
318.0
268.0
382.0
60.0
305.0
521.0
287.0
74.0
253.0
82.0
296.0
28.0
373.0
158.0
777.0
1328.0
570.0
363.0
1178.0
282.0
153.0
800.0
5254.0
5971.0
126.0
172.0
304.0
48.0
28.0
179.0
225.0
195.0
507.0
346.0
77.0
65.0
25.0
127.0
31.0
19.0
179.0
882.0
50.0
125.0
65.0
45.0
154.0
145.0
72.0
164.0
148.0
758.0
36.0
20.0
26.0
30.0
8.0
73.0
261.0
111.0
70.0
90.0
55.0
41.0
83.0
143.0
45.0
27.0
54.0
154.0
172.0
106.0
86.0
129.0
47.0
66.0
1623.0
54.0
55.0
70.0
25.0
155.0
284.0
33.0
274.0
118.0
248.0
78.0
132.0
796.0
214.0
65.0
1183.0
123.0
116.0
72.0
86.0
118.0
20.0
260.0
206.0
470.0
1299.0
34.0
531.0
119.0
193.0
48.0
344.0
266.0
400.0
58.0
316.0
552.0
268.0
71.0
230.0
76.0
276.0
29.0
372.0
171.0
766.0
1383.0
560.0
343.0
1195.0
288.0
155.0
834.0
5282.0
5914.0
124.0
157.0
305.0
49.0
27.0
188.0
210.0
193.0
485.0
362.0
74.0
66.0
27.0
116.0
33.0
20.0
171.0
838.0
50.0
127.0
65.0
46.0
163.0
148.0
75.0
168.0
153.0
748.0
37.0
20.0
25.0
31.0
8.0
70.0
257.0
109.0
73.0
89.0
56.0
40.0
82.0
145.0
46.0
26.0
58.0
160.0
173.0
106.0
87.0
128.0
44.0
62.0
1622.0
54.0
55.0
71.0
26.0
153.0
289.0
30.0
266.0
130.0
242.0
76.0
133.0
777.0
216.0
69.0
1228.0
125.0
122.0
68.0
86.0
120.0
19.0
255.0
189.0
492.0
1332.0
33.0
514.0
110.0
178.0
47.0
337.0
267.0
366.0
56.0
317.0
554.0
281.0
74.0
253.0
77.0
297.0
27.0
349.0
157.0
818.0
1338.0
582.0
342.0
1173.0
285.0
155.0
807.0
5028.0
5708.0
120.0
170.0
325.0
47.0
27.0
185.0
208.0
193.0
507.0
346.0
72.0
65.0
27.0
127.0
31.0
19.0
173.0
868.0
52.0
119.0
64.0
45.0
151.0
146.0
70.0
160.0
148.0
798.0
38.0
20.0
24.0
30.0
8.0
74.0
276.0
106.0
73.0
87.0
57.0
38.0
82.0
149.0
46.0
25.0
57.0
164.0
172.0
110.0
80.0
128.0
44.0
65.0
1617.0
54.0
54.0
71.0
26.0
160.0
274.0
31.0
282.0
121.0
260.0
75.0
140.0
788.0
217.0
66.0
1211.0
122.0
125.0
66.0
86.0
121.0
19.0
246.0
198.0
473.0
1348.0
36.0
509.0
116.0
177.0
48.0
347.0
268.0
390.0
57.0
320.0
536.0
283.0
75.0
235.0
81.0
293.0
27.0
371.0
162.0
778.0
1309.0
587.0
339.0
1198.0
272.0
155.0
846.0
5181.0
5933.0
128.0
159.0
322.0
48.0
28.0
184.0
206.0
190.0
511.0
342.0
72.0
64.0
26.0
122.0
33.0
20.0
162.0
871.0
53.0
130.0
65.0
44.0
165.0
150.0
76.0
165.0
150.0
763.0
37.0
21.0
26.0
30.0
8.0
74.0
267.0
104.0
74.0
91.0
59.0
39.0
83.0
149.0
46.0
26.0
54.0
163.0
167.0
106.0
79.0
126.0
45.0
66.0
1588.0
59.0
59.0
66.0
25.0
167.0
294.0
33.0
265.0
128.0
253.0
77.0
139.0
785.0
218.0
67.0
1258.0
121.0
124.0
72.0
89.0
116.0
20.0
246.0
190.0
516.0
1280.0
35.0
537.0
116.0
180.0
48.0
345.0
265.0
401.0
57.0
315.0
506.0
269.0
72.0
236.0
81.0
274.0
27.0
343.0
167.0
779.0
1387.0
572.0
353.0
1119.0
282.0
146.0
871.0
5030.0
5467.0
126.0
173.0
330.0
51.0
29.0
193.0
209.0
189.0
487.0
356.0
75.0
67.0
26.0
126.0
30.0
20.0
163.0
837.0
48.0
128.0
64.0
44.0
164.0
154.0
71.0
156.0
140.0
748.0
35.0
20.0
26.0
29.0
8.0
72.0
258.0
112.0
74.0
87.0
55.0
40.0
86.0
147.0
47.0
25.0
58.0
153.0
161.0
108.0
79.0
136.0
47.0
65.0
1641.0
58.0
55.0
71.0
26.0
164.0
290.0
32.0
287.0
120.0
259.0
83.0
138.0
781.0
222.0
65.0
1189.0
131.0
115.0
73.0
88.0
110.0
20.0
260.0
204.0
508.0
1312.0
34.0
529.0
114.0
182.0
48.0
348.0
269.0
379.0
59.0
301.0
558.0
292.0
72.0
246.0
77.0
284.0
27.0
341.0
170.0
826.0
1293.0
592.0
329.0
1102.0
291.0
148.0
856.0
5263.0
5941.0
124.0
162.0
322.0
49.0
27.0
182.0
205.0
190.0
520.0
371.0
78.0
64.0
25.0
116.0
31.0
20.0
174.0
860.0
49.0
128.0
67.0
45.0
153.0
152.0
74.0
159.0
145.0
752.0
35.0
21.0
24.0
30.0
8.0
75.0
257.0
106.0
74.0
85.0
55.0
38.0
89.0
146.0
45.0
26.0
57.0
153.0
159.0
109.0
82.0
129.0
45.0
61.0
1657.0
58.0
59.0
68.0
25.0
164.0
296.0
31.0
288.0
122.0
259.0
80.0
130.0
780.0
208.0
71.0
1184.0
128.0
115.0
72.0
92.0
116.0
20.0
259.0
190.0
484.0
1225.0
34.0
513.0
113.0
186.0
48.0
331.0
266.0
369.0
61.0
297.0
544.0
271.0
69.0
231.0
78.0
276.0
28.0
375.0
164.0
774.0
1390.0
584.0
361.0
1133.0
286.0
155.0
822.0
5184.0
5964.0
118.0
158.0
312.0
46.0
29.0
175.0
222.0
182.0
522.0
348.0
79.0
62.0
27.0
122.0
30.0
19.0
177.0
881.0
50.0
120.0
64.0
45.0
155.0
146.0
70.0
152.0
145.0
781.0
37.0
20.0
26.0
31.0
8.0
72.0
263.0
110.0
74.0
91.0
58.0
40.0
82.0
146.0
48.0
27.0
55.0
161.0
165.0
103.0
80.0
132.0
44.0
61.0
1584.0
54.0
57.0
71.0
25.0
164.0
298.0
31.0
279.0
119.0
244.0
83.0
132.0
787.0
215.0
67.0
1262.0
133.0
122.0
67.0
93.0
113.0
19.0
258.0
195.0
480.0
1303.0
34.0
555.0
109.0
193.0
45.0
348.0
264.0
371.0
60.0
309.0
524.0
266.0
70.0
237.0
77.0
298.0
27.0
361.0
160.0
810.0
1286.0
554.0
357.0
1140.0
299.0
148.0
829.0
5332.0
5991.0
130.0
166.0
336.0
47.0
29.0
194.0
212.0
183.0
489.0
370.0
77.0
61.0
27.0
125.0
31.0
20.0
163.0
889.0
50.0
124.0
65.0
46.0
157.0
152.0
71.0
153.0
142.0
762.0
36.0
21.0
25.0
32.0
8.0
69.0
270.0
105.0
68.0
85.0
59.0
41.0
89.0
150.0
49.0
27.0
53.0
161.0
161.0
111.0
87.0
130.0
45.0
63.0
1521.0
56.0
56.0
65.0
24.0
167.0
280.0
32.0
261.0
128.0
252.0
80.0
139.0
802.0
215.0
69.0
1252.0
133.0
125.0
70.0
88.0
117.0
20.0
265.0
196.0
513.0
1247.0
36.0
534.0
117.0
182.0
48.0
331.0
262.0
391.0
55.0
314.0
548.0
277.0
72.0
235.0
75.0
301.0
29.0
357.0
161.0
813.0
1371.0
566.0
361.0
1084.0
301.0
148.0
833.0
5050.0
5590.0
131.0
166.0
313.0
51.0
29.0
177.0
218.0
185.0
491.0
355.0
74.0
66.0
26.0
118.0
31.0
20.0
166.0
869.0
52.0
131.0
66.0
42.0
154.0
155.0
71.0
163.0
145.0
750.0
37.0
21.0
24.0
32.0
8.0
74.0
276.0
113.0
72.0
89.0
57.0
38.0
81.0
142.0
45.0
26.0
57.0
153.0
169.0
105.0
80.0
130.0
46.0
61.0
1642.0
55.0
58.0
67.0
26.0
156.0
289.0
30.0
266.0
126.0
245.0
75.0
128.0
811.0
216.0
67.0
1161.0
122.0
120.0
66.0
93.0
113.0
18.0
269.0
188.0
490.0
1330.0
36.0
557.0
120.0
176.0
48.0
342.0
269.0
397.0
61.0
289.0
548.0
278.0
69.0
230.0
77.0
288.0
27.0
367.0
173.0
839.0
1359.0
561.0
353.0
1183.0
284.0
152.0
824.0
5154.0
5812.0
130.0
171.0
324.0
47.0
29.0
187.0
214.0
177.0
493.0
352.0
75.0
66.0
27.0
121.0
33.0
19.0
171.0
884.0
50.0
122.0
66.0
42.0
152.0
146.0
72.0
168.0
145.0
730.0
35.0
20.0
26.0
31.0
8.0
73.0
253.0
104.0
70.0
91.0
58.0
40.0
89.0
147.0
45.0
25.0
54.0
163.0
161.0
102.0
82.0
126.0
45.0
65.0
1530.0
59.0
59.0
65.0
25.0
160.0
271.0
33.0
274.0
128.0
257.0
76.0
133.0
815.0
207.0
69.0
1209.0
129.0
116.0
69.0
90.0
116.0
20.0
246.0
189.0
516.0
1341.0
36.0
533.0
119.0
186.0
47.0
323.0
250.0
387.0
57.0
294.0
552.0
292.0
71.0
245.0
81.0
285.0
28.0
375.0
164.0
820.0
1261.0
561.0
329.0
1193.0
282.0
158.0
791.0
4988.0
5976.0
125.0
156.0
315.0
51.0
29.0
194.0
205.0
195.0
483.0
369.0
74.0
61.0
27.0
127.0
33.0
20.0
166.0
832.0
51.0
128.0
64.0
43.0
167.0
141.0
71.0
160.0
139.0
773.0
38.0
20.0
25.0
32.0
8.0
71.0
254.0
113.0
74.0
83.0
57.0
39.0
88.0
151.0
49.0
25.0
55.0
151.0
161.0
100.0
86.0
134.0
44.0
67.0
1560.0
54.0
58.0
68.0
26.0
159.0
272.0
30.0
287.0
119.0
248.0
79.0
138.0
769.0
221.0
64.0
1264.0
132.0
125.0
67.0
86.0
118.0
19.0
262.0
205.0
486.0
1226.0
36.0
551.0
120.0
188.0
48.0
346.0
268.0
392.0
56.0
297.0
505.0
284.0
70.0
253.0
82.0
286.0
27.0
343.0
166.0
844.0
1295.0
542.0
363.0
1147.0
290.0
155.0
790.0
5376.0
5453.0
128.0
173.0
318.0
48.0
28.0
178.0
216.0
193.0
506.0
357.0
79.0
63.0
27.0
126.0
32.0
20.0
165.0
843.0
48.0
125.0
64.0
46.0
162.0
147.0
75.0
152.0
152.0
732.0
37.0
20.0
25.0
30.0
8.0
72.0
253.0
111.0
74.0
91.0
54.0
40.0
82.0
151.0
47.0
27.0
55.0
157.0
168.0
104.0
85.0
130.0
44.0
63.0
1639.0
57.0
57.0
69.0
25.0
155.0
281.0
31.0
279.0
118.0
241.0
76.0
131.0
784.0
204.0
70.0
1198.0
131.0
125.0
69.0
91.0
116.0
19.0
264.0
189.0
489.0
1347.0
35.0
544.0
116.0
188.0
46.0
339.0
256.0
368.0
61.0
295.0
558.0
282.0
76.0
238.0
79.0
301.0
28.0
340.0
161.0
806.0
1330.0
548.0
338.0
1085.0
273.0
153.0
814.0
5386.0
5508.0
120.0
156.0
316.0
47.0
28.0
190.0
219.0
187.0
499.0
369.0
75.0
64.0
25.0
128.0
33.0
20.0
174.0
901.0
53.0
123.0
67.0
43.0
163.0
153.0
75.0
163.0
149.0
767.0
35.0
20.0
26.0
32.0
8.0
76.0
274.0
110.0
70.0
88.0
56.0
38.0
85.0
152.0
49.0
26.0
55.0
158.0
172.0
109.0
86.0
126.0
44.0
66.0
1525.0
56.0
58.0
65.0
25.0
164.0
277.0
32.0
272.0
129.0
251.0
81.0
141.0
829.0
207.0
69.0
1179.0
129.0
124.0
72.0
86.0
117.0
19.0
269.0
207.0
484.0
1307.0
33.0
556.0
114.0
185.0
46.0
325.0
256.0
391.0
59.0
289.0
523.0
269.0
75.0
237.0
79.0
295.0
27.0
367.0
159.0
764.0
1352.0
543.0
355.0
1150.0
289.0
156.0
858.0
5255.0
5779.0
129.0
168.0
317.0
50.0
29.0
188.0
216.0
195.0
521.0
365.0
78.0
67.0
26.0
122.0
33.0
20.0
165.0
889.0
48.0
121.0
62.0
44.0
159.0
148.0
74.0
158.0
152.0
790.0
36.0
21.0
26.0
30.0
8.0
76.0
250.0
110.0
70.0
85.0
56.0
39.0
83.0
148.0
48.0
27.0
56.0
163.0
172.0
109.0
80.0
135.0
47.0
67.0
1632.0
58.0
55.0
66.0
25.0
167.0
280.0
31.0
283.0
125.0
236.0
79.0
139.0
820.0
204.0
70.0
1178.0
122.0
122.0
72.0
91.0
116.0
19.0
249.0
203.0
474.0
1312.0
34.0
547.0
116.0
189.0
47.0
346.0
247.0
389.0
59.0
303.0
549.0
267.0
76.0
244.0
81.0
301.0
28.0
347.0
166.0
835.0
1365.0
559.0
358.0
1100.0
278.0
154.0
831.0
5308.0
5839.0
121.0
168.0
323.0
47.0
29.0
182.0
207.0
196.0
515.0
357.0
75.0
63.0
27.0
127.0
32.0
19.0
164.0
862.0
52.0
126.0
67.0
43.0
151.0
145.0
74.0
168.0
150.0
726.0
38.0
20.0
26.0
31.0
8.0
74.0
272.0
106.0
68.0
88.0
59.0
41.0
88.0
144.0
47.0
26.0
56.0
158.0
160.0
105.0
87.0
130.0
44.0
67.0
1606.0
55.0
56.0
69.0
26.0
158.0
284.0
31.0
285.0
122.0
258.0
79.0
138.0
810.0
208.0
66.0
1208.0
134.0
126.0
72.0
90.0
115.0
20.0
251.0
204.0
502.0
1271.0
35.0
557.0
111.0
190.0
48.0
331.0
252.0
382.0
59.0
289.0
530.0
270.0
74.0
235.0
78.0
299.0
29.0
373.0
167.0
825.0
1312.0
586.0
341.0
1132.0
273.0
156.0
857.0
5210.0
5530.0
119.0
169.0
312.0
49.0
28.0
179.0
214.0
185.0
520.0
359.0
79.0
67.0
26.0
119.0
33.0
19.0
178.0
895.0
51.0
129.0
62.0
43.0
158.0
155.0
74.0
157.0
143.0
764.0
38.0
20.0
26.0
31.0
8.0
71.0
256.0
111.0
72.0
85.0
54.0
38.0
88.0
148.0
47.0
27.0
56.0
163.0
173.0
104.0
79.0
130.0
44.0
62.0
1514.0
54.0
58.0
70.0
24.0
155.0
281.0
31.0
268.0
130.0
246.0
78.0
136.0
777.0
221.0
68.0
1260.0
124.0
116.0
71.0
93.0
121.0
19.0
271.0
196.0
477.0
1279.0
35.0
521.0
109.0
183.0
44.0
349.0
249.0
397.0
57.0
298.0
541.0
277.0
70.0
240.0
79.0
285.0
29.0
370.0
160.0
820.0
1320.0
560.0
361.0
1105.0
276.0
150.0
855.0
5279.0
5748.0
130.0
158.0
324.0
49.0
29.0
186.0
213.0
187.0
500.0
348.0
73.0
63.0
27.0
124.0
33.0
19.0
173.0
891.0
49.0
119.0
62.0
45.0
154.0
143.0
72.0
165.0
153.0
733.0
37.0
20.0
25.0
30.0
8.0
69.0
268.0
111.0
69.0
86.0
57.0
40.0
84.0
151.0
46.0
26.0
56.0
163.0
167.0
106.0
82.0
128.0
46.0
67.0
1503.0
58.0
55.0
69.0
25.0
153.0
282.0
32.0
281.0
121.0
243.0
83.0
134.0
765.0
212.0
71.0
1220.0
130.0
121.0
67.0
91.0
113.0
19.0
247.0
195.0
479.0
1328.0
36.0
558.0
108.0
192.0
45.0
326.0
267.0
401.0
61.0
306.0
510.0
279.0
73.0
247.0
78.0
287.0
27.0
346.0
164.0
797.0
1383.0
592.0
346.0
1187.0
297.0
145.0
859.0
5067.0
5488.0
125.0
164.0
329.0
47.0
27.0
181.0
218.0
196.0
493.0
360.0
79.0
61.0
26.0
120.0
33.0
20.0
165.0
834.0
48.0
127.0
62.0
44.0
159.0
144.0
76.0
153.0
138.0
768.0
37.0
20.0
25.0
30.0
8.0
71.0
265.0
108.0
69.0
88.0
56.0
41.0
85.0
150.0
45.0
25.0
53.0
164.0
173.0
105.0
84.0
131.0
44.0
67.0
1518.0
59.0
57.0
69.0
25.0
164.0
295.0
31.0
287.0
121.0
241.0
75.0
141.0
763.0
217.0
69.0
1222.0
126.0
117.0
66.0
88.0
113.0
19.0
263.0
207.0
473.0
1236.0
34.0
513.0
115.0
188.0
44.0
335.0
263.0
382.0
59.0
316.0
505.0
280.0
72.0
243.0
74.0
284.0
28.0
370.0
166.0
775.0
1275.0
551.0
337.0
1192.0
281.0
158.0
858.0
5079.0
5583.0
131.0
172.0
312.0
48.0
28.0
185.0
209.0
186.0
506.0
361.0
79.0
66.0
27.0
125.0
31.0
19.0
162.0
824.0
48.0
129.0
64.0
44.0
153.0
155.0
72.0
163.0
149.0
769.0
38.0
21.0
24.0
32.0
8.0
71.0
275.0
104.0
68.0
82.0
55.0
41.0
85.0
154.0
47.0
27.0
58.0
158.0
165.0
106.0
82.0
138.0
48.0
62.0
1531.0
56.0
59.0
66.0
25.0
157.0
291.0
32.0
263.0
129.0
250.0
80.0
141.0
775.0
209.0
71.0
1237.0
131.0
125.0
73.0
94.0
119.0
20.0
252.0
194.0
489.0
1295.0
34.0
528.0
110.0
177.0
45.0
334.0
247.0
399.0
57.0
293.0
544.0
293.0
73.0
242.0
82.0
276.0
28.0
366.0
168.0
774.0
1268.0
562.0
363.0
1112.0
287.0
154.0
851.0
5473.0
5577.0
120.0
156.0
304.0
50.0
29.0
186.0
221.0
188.0
532.0
357.0
78.0
65.0
26.0
127.0
31.0
20.0
178.0
891.0
51.0
119.0
66.0
42.0
157.0
150.0
75.0
158.0
141.0
785.0
36.0
19.0
26.0
30.0
8.0
70.0
259.0
103.0
71.0
83.0
59.0
38.0
89.0
151.0
45.0
25.0
56.0
149.0
168.0
102.0
84.0
128.0
44.0
61.0
1616.0
58.0
54.0
65.0
25.0
163.0
275.0
33.0
265.0
125.0
242.0
81.0
135.0
760.0
220.0
68.0
1189.0
123.0
119.0
72.0
90.0
114.0
19.0
258.0
188.0
473.0
1301.0
34.0
538.0
119.0
178.0
44.0
324.0
263.0
388.0
56.0
295.0
550.0
273.0
69.0
245.0
79.0
280.0
28.0
367.0
168.0
816.0
1326.0
547.0
354.0
1089.0
295.0
157.0
815.0
5110.0
5691.0
126.0
162.0
322.0
51.0
28.0
183.0
212.0
196.0
512.0
360.0
78.0
64.0
27.0
118.0
31.0
19.0
176.0
873.0
52.0
118.0
63.0
45.0
162.0
154.0
74.0
155.0
145.0
728.0
36.0
20.0
26.0
32.0
8.0
70.0
271.0
104.0
73.0
84.0
56.0
39.0
88.0
152.0
45.0
27.0
58.0
162.0
172.0
105.0
82.0
135.0
48.0
66.0
1566.0
55.0
54.0
68.0
26.0
165.0
296.0
32.0
275.0
119.0
251.0
78.0
134.0
768.0
222.0
64.0
1233.0
126.0
127.0
70.0
93.0
110.0
19.0
246.0
199.0
474.0
1243.0
35.0
551.0
112.0
187.0
45.0
340.0
263.0
397.0
59.0
314.0
553.0
279.0
72.0
239.0
79.0
287.0
29.0
341.0
168.0
845.0
1351.0
564.0
363.0
1158.0
282.0
146.0
824.0
5015.0
5448.0
128.0
164.0
306.0
46.0
29.0
193.0
206.0
181.0
484.0
350.0
75.0
63.0
26.0
116.0
33.0
19.0
171.0
842.0
53.0
120.0
66.0
44.0
157.0
148.0
73.0
157.0
146.0
727.0
37.0
21.0
24.0
30.0
8.0
69.0
251.0
111.0
68.0
85.0
58.0
38.0
82.0
148.0
46.0
25.0
53.0
158.0
159.0
104.0
84.0
130.0
47.0
66.0
1640.0
59.0
55.0
68.0
26.0
167.0
298.0
32.0
281.0
120.0
237.0
80.0
128.0
829.0
219.0
68.0
1236.0
128.0
118.0
69.0
91.0
121.0
19.0
258.0
192.0
515.0
1258.0
34.0
549.0
112.0
183.0
47.0
339.0
246.0
378.0
57.0
306.0
521.0
278.0
75.0
250.0
81.0
283.0
27.0
375.0
162.0
780.0
1345.0
599.0
349.0
1084.0
280.0
149.0
861.0
4995.0
5771.0
128.0
163.0
321.0
48.0
28.0
179.0
221.0
188.0
502.0
356.0
73.0
64.0
27.0
124.0
31.0
20.0
162.0
881.0
48.0
128.0
65.0
46.0
158.0
140.0
70.0
160.0
141.0
792.0
37.0
20.0
26.0
31.0
8.0
69.0
268.0
108.0
69.0
84.0
59.0
38.0
82.0
153.0
45.0
25.0
54.0
162.0
168.0
110.0
84.0
132.0
45.0
65.0
1557.0
59.0
54.0
71.0
25.0
161.0
271.0
32.0
284.0
130.0
252.0
81.0
134.0
801.0
218.0
67.0
1228.0
134.0
118.0
69.0
86.0
121.0
20.0
247.0
200.0
515.0
1330.0
35.0
528.0
111.0
189.0
44.0
340.0
244.0
374.0
58.0
299.0
551.0
275.0
71.0
234.0
77.0
293.0
29.0
344.0
173.0
778.0
1354.0
566.0
340.0
1152.0
288.0
157.0
874.0
5467.0
5846.0
126.0
159.0
326.0
48.0
27.0
176.0
216.0
195.0
482.0
368.0
77.0
66.0
25.0
117.0
32.0
20.0
170.0
830.0
48.0
130.0
66.0
43.0
161.0
148.0
73.0
156.0
146.0
743.0
38.0
21.0
24.0
32.0
8.0
74.0
276.0
106.0
69.0
86.0
58.0
41.0
82.0
146.0
48.0
25.0
56.0
152.0
175.0
108.0
79.0
139.0
45.0
67.0
1573.0
54.0
55.0
69.0
26.0
167.0
283.0
32.0
278.0
122.0
237.0
80.0
139.0
760.0
203.0
66.0
1261.0
124.0
122.0
67.0
89.0
115.0
20.0
272.0
187.0
517.0
1278.0
33.0
515.0
117.0
187.0
45.0
345.0
255.0
400.0
56.0
309.0
547.0
270.0
70.0
250.0
77.0
283.0
27.0
363.0
171.0
771.0
1369.0
580.0
330.0
1196.0
295.0
148.0
841.0
5189.0
5458.0
131.0
161.0
311.0
50.0
28.0
191.0
214.0
186.0
501.0
338.0
72.0
63.0
25.0
124.0
33.0
19.0
174.0
840.0
50.0
131.0
64.0
43.0
160.0
147.0
69.0
165.0
145.0
731.0
35.0
19.0
25.0
31.0
8.0
74.0
262.0
106.0
67.0
89.0
54.0
41.0
85.0
141.0
49.0
27.0
53.0
151.0
167.0
109.0
83.0
139.0
45.0
66.0
1506.0
59.0
59.0
71.0
26.0
158.0
286.0
30.0
285.0
130.0
239.0
79.0
139.0
780.0
208.0
69.0
1246.0
131.0
123.0
73.0
86.0
122.0
20.0
259.0
195.0
484.0
1289.0
33.0
535.0
120.0
176.0
45.0
319.0
265.0
395.0
60.0
297.0
549.0
273.0
70.0
237.0
82.0
302.0
29.0
369.0
169.0
777.0
1263.0
557.0
329.0
1177.0
298.0
150.0
830.0
5007.0
5621.0
127.0
159.0
314.0
50.0
28.0
188.0
221.0
182.0
500.0
373.0
75.0
67.0
25.0
122.0
30.0
19.0
166.0
861.0
50.0
123.0
65.0
45.0
162.0
148.0
70.0
153.0
147.0
757.0
38.0
20.0
24.0
31.0
8.0
74.0
253.0
104.0
74.0
90.0
55.0
39.0
86.0
146.0
46.0
27.0
55.0
155.0
163.0
111.0
84.0
126.0
45.0
66.0
1623.0
56.0
59.0
66.0
24.0
162.0
273.0
32.0
280.0
120.0
247.0
80.0
141.0
799.0
205.0
71.0
1189.0
129.0
123.0
68.0
91.0
118.0
19.0
256.0
198.0
517.0
1312.0
34.0
514.0
113.0
180.0
45.0
347.0
252.0
375.0
59.0
291.0
532.0
278.0
76.0
230.0
77.0
287.0
28.0
347.0
172.0
808.0
1297.0
545.0
334.0
1132.0
289.0
145.0
849.0
5269.0
5833.0
119.0
160.0
312.0
51.0
28.0
191.0
221.0
185.0
532.0
371.0
72.0
66.0
25.0
119.0
31.0
20.0
169.0
853.0
52.0
121.0
63.0
42.0
158.0
155.0
74.0
162.0
150.0
766.0
36.0
20.0
26.0
30.0
8.0
71.0
270.0
104.0
67.0
90.0
59.0
39.0
89.0
142.0
48.0
26.0
55.0
149.0
171.0
110.0
82.0
129.0
46.0
63.0
1517.0
57.0
55.0
71.0
25.0
161.0
290.0
31.0
277.0
125.0
246.0
80.0
140.0
807.0
223.0
68.0
1173.0
133.0
127.0
67.0
89.0
121.0
19.0
265.0
200.0
493.0
1269.0
35.0
508.0
118.0
187.0
45.0
344.0
257.0
400.0
57.0
320.0
515.0
280.0
74.0
253.0
78.0
281.0
29.0
354.0
164.0
830.0
1380.0
573.0
356.0
1109.0
278.0
151.0
870.0
5097.0
5549.0
129.0
160.0
321.0
49.0
29.0
182.0
208.0
186.0
524.0
367.0
75.0
61.0
26.0
124.0
33.0
19.0
177.0
892.0
49.0
120.0
63.0
45.0
154.0
143.0
70.0
156.0
147.0
742.0
37.0
20.0
24.0
30.0
8.0
76.0
266.0
111.0
67.0
85.0
59.0
37.0
82.0
148.0
47.0
27.0
57.0
152.0
170.0
104.0
86.0
130.0
44.0
63.0
1631.0
56.0
56.0
71.0
24.0
152.0
288.0
33.0
262.0
119.0
236.0
81.0
129.0
826.0
207.0
70.0
1190.0
131.0
123.0
68.0
94.0
113.0
19.0
269.0
196.0
517.0
1262.0
34.0
541.0
119.0
185.0
48.0
350.0
255.0
378.0
59.0
320.0
505.0
295.0
76.0
238.0
80.0
301.0
28.0
362.0
173.0
825.0
1361.0
560.0
343.0
1127.0
301.0
148.0
798.0
5242.0
5519.0
129.0
162.0
333.0
49.0
28.0
178.0
222.0
192.0
528.0
367.0
79.0
63.0
26.0
126.0
32.0
19.0
170.0
828.0
50.0
126.0
63.0
43.0
159.0
142.0
76.0
160.0
152.0
795.0
38.0
20.0
26.0
32.0
8.0
71.0
250.0
110.0
71.0
89.0
55.0
37.0
81.0
154.0
49.0
27.0
53.0
162.0
162.0
108.0
84.0
134.0
46.0
61.0
1638.0
54.0
59.0
67.0
25.0
155.0
285.0
32.0
264.0
130.0
259.0
78.0
132.0
804.0
208.0
70.0
1254.0
123.0
118.0
73.0
90.0
118.0
19.0
268.0
205.0
501.0
1249.0
35.0
528.0
111.0
191.0
47.0
339.0
246.0
388.0
60.0
295.0
548.0
294.0
71.0
245.0
76.0
285.0
29.0
344.0
163.0
783.0
1312.0
589.0
360.0
1114.0
301.0
147.0
868.0
5326.0
5987.0
128.0
159.0
314.0
51.0
28.0
193.0
206.0
184.0
491.0
345.0
76.0
63.0
25.0
116.0
31.0
19.0
164.0
893.0
51.0
126.0
65.0
46.0
157.0
155.0
75.0
164.0
144.0
791.0
36.0
21.0
26.0
31.0
8.0
70.0
267.0
109.0
73.0
85.0
57.0
41.0
82.0
144.0
46.0
26.0
57.0
156.0
173.0
104.0
80.0
134.0
44.0
62.0
1586.0
55.0
56.0
71.0
26.0
164.0
291.0
33.0
273.0
128.0
241.0
80.0
134.0
777.0
224.0
70.0
1205.0
123.0
118.0
73.0
94.0
118.0
20.0
246.0
192.0
508.0
1314.0
36.0
554.0
118.0
175.0
47.0
341.0
255.0
385.0
56.0
302.0
522.0
270.0
70.0
229.0
76.0
281.0
28.0
372.0
166.0
780.0
1348.0
564.0
339.0
1178.0
284.0
152.0
819.0
5185.0
5561.0
123.0
168.0
323.0
47.0
29.0
177.0
210.0
192.0
491.0
365.0
72.0
66.0
25.0
120.0
30.0
18.0
168.0
865.0
53.0
128.0
66.0
43.0
161.0
144.0
76.0
164.0
153.0
774.0
36.0
20.0
26.0
31.0
8.0
74.0
277.0
103.0
68.0
87.0
55.0
39.0
85.0
140.0
49.0
27.0
56.0
157.0
173.0
110.0
80.0
126.0
47.0
63.0
1606.0
59.0
59.0
69.0
24.0
166.0
277.0
31.0
288.0
118.0
245.0
82.0
141.0
767.0
204.0
67.0
1207.0
134.0
118.0
72.0
93.0
122.0
20.0
255.0
193.0
471.0
1262.0
34.0
545.0
111.0
192.0
45.0
320.0
267.0
383.0
59.0
318.0
550.0
276.0
70.0
252.0
76.0
281.0
27.0
351.0
168.0
779.0
1288.0
551.0
329.0
1115.0
277.0
152.0
818.0
5285.0
5910.0
125.0
159.0
331.0
48.0
27.0
180.0
218.0
178.0
520.0
373.0
75.0
62.0
26.0
124.0
31.0
20.0
169.0
871.0
49.0
123.0
66.0
46.0
153.0
146.0
73.0
167.0
151.0
788.0
36.0
20.0
26.0
32.0
8.0
70.0
265.0
110.0
74.0
84.0
59.0
38.0
88.0
148.0
49.0
26.0
57.0
158.0
159.0
106.0
80.0
126.0
47.0
61.0
1660.0
59.0
55.0
68.0
24.0
153.0
295.0
31.0
272.0
120.0
257.0
80.0
129.0
764.0
219.0
67.0
1253.0
131.0
126.0
66.0
85.0
114.0
19.0
247.0
203.0
510.0
1288.0
36.0
523.0
117.0
191.0
45.0
351.0
266.0
392.0
57.0
299.0
520.0
272.0
73.0
254.0
77.0
290.0
27.0
364.0
167.0
769.0
1284.0
597.0
353.0
1156.0
278.0
150.0
858.0
5139.0
5859.0
125.0
170.0
304.0
50.0
29.0
184.0
209.0
186.0
489.0
374.0
74.0
66.0
27.0
126.0
33.0
20.0
168.0
850.0
50.0
126.0
64.0
44.0
153.0
142.0
69.0
168.0
148.0
759.0
38.0
20.0
25.0
32.0
8.0
74.0
263.0
108.0
73.0
84.0
55.0
38.0
83.0
148.0
48.0
27.0
54.0
162.0
163.0
102.0
82.0
137.0
46.0
64.0
1564.0
59.0
55.0
69.0
26.0
161.0
272.0
31.0
266.0
125.0
250.0
81.0
135.0
780.0
215.0
71.0
1260.0
121.0
117.0
71.0
89.0
112.0
20.0
265.0
203.0
516.0
1275.0
35.0
532.0
109.0
184.0
48.0
324.0
256.0
400.0
58.0
305.0
558.0
293.0
73.0
253.0
82.0
280.0
29.0
352.0
157.0
827.0
1292.0
587.0
349.0
1103.0
286.0
150.0
869.0
5461.0
5437.0
129.0
172.0
316.0
51.0
27.0
178.0
217.0
180.0
491.0
374.0
76.0
65.0
25.0
126.0
32.0
18.0
176.0
880.0
48.0
124.0
62.0
44.0
153.0
146.0
76.0
156.0
149.0
768.0
38.0
21.0
25.0
31.0
8.0
73.0
262.0
105.0
72.0
91.0
59.0
40.0
81.0
144.0
46.0
26.0
55.0
159.0
164.0
105.0
85.0
127.0
44.0
65.0
1666.0
59.0
54.0
70.0
25.0
161.0
280.0
31.0
266.0
125.0
234.0
83.0
127.0
776.0
213.0
70.0
1171.0
129.0
126.0
68.0
91.0
120.0
20.0
247.0
197.0
484.0
1238.0
34.0
538.0
120.0
192.0
46.0
351.0
270.0
399.0
59.0
297.0
531.0
290.0
74.0
245.0
78.0
295.0
28.0
373.0
164.0
844.0
1292.0
587.0
343.0
1116.0
295.0
151.0
836.0
4998.0
5563.0
130.0
167.0
316.0
48.0
29.0
187.0
212.0
183.0
530.0
340.0
72.0
65.0
27.0
122.0
32.0
19.0
177.0
825.0
53.0
125.0
65.0
44.0
165.0
148.0
70.0
164.0
147.0
727.0
38.0
21.0
24.0
30.0
8.0
72.0
275.0
105.0
74.0
88.0
54.0
37.0
83.0
149.0
45.0
27.0
53.0
163.0
166.0
104.0
79.0
127.0
46.0
64.0
1664.0
58.0
54.0
65.0
24.0
159.0
286.0
31.0
285.0
128.0
256.0
76.0
131.0
763.0
207.0
67.0
1286.0
128.0
125.0
71.0
90.0
119.0
20.0
248.0
204.0
501.0
1338.0
33.0
534.0
111.0
176.0
48.0
331.0
246.0
383.0
59.0
299.0
516.0
291.0
76.0
237.0
81.0
299.0
27.0
366.0
168.0
806.0
1282.0
570.0
356.0
1137.0
291.0
155.0
855.0
5212.0
5514.0
128.0
168.0
317.0
48.0
28.0
193.0
217.0
193.0
502.0
357.0
79.0
64.0
25.0
124.0
31.0
19.0
169.0
885.0
48.0
124.0
64.0
43.0
160.0
153.0
74.0
158.0
146.0
796.0
36.0
20.0
26.0
29.0
8.0
70.0
257.0
111.0
73.0
87.0
56.0
39.0
86.0
150.0
45.0
25.0
57.0
159.0
159.0
102.0
87.0
136.0
48.0
65.0
1539.0
58.0
54.0
66.0
25.0
159.0
283.0
31.0
284.0
130.0
256.0
81.0
136.0
823.0
216.0
66.0
1271.0
125.0
126.0
73.0
87.0
118.0
19.0
262.0
193.0
517.0
1337.0
36.0
532.0
114.0
179.0
48.0
334.0
254.0
364.0
60.0
295.0
545.0
285.0
76.0
251.0
75.0
296.0
28.0
361.0
162.0
819.0
1388.0
558.0
340.0
1160.0
285.0
149.0
805.0
5202.0
5893.0
131.0
171.0
322.0
50.0
29.0
175.0
208.0
188.0
496.0
360.0
72.0
67.0
26.0
121.0
31.0
19.0
171.0
839.0
52.0
126.0
63.0
43.0
159.0
146.0
75.0
153.0
153.0
785.0
38.0
20.0
24.0
32.0
8.0
70.0
253.0
103.0
73.0
90.0
56.0
40.0
85.0
142.0
45.0
25.0
56.0
158.0
174.0
103.0
85.0
137.0
48.0
67.0
1652.0
59.0
57.0
68.0
26.0
155.0
278.0
33.0
275.0
130.0
239.0
75.0
136.0
804.0
224.0
69.0
1225.0
127.0
120.0
73.0
87.0
113.0
20.0
247.0
204.0
515.0
1253.0
34.0
517.0
119.0
187.0
47.0
338.0
267.0
394.0
60.0
310.0
540.0
292.0
70.0
231.0
76.0
298.0
29.0
364.0
163.0
794.0
1302.0
575.0
332.0
1110.0
279.0
147.0
844.0
5285.0
5654.0
131.0
159.0
306.0
50.0
28.0
184.0
223.0
187.0
506.0
373.0
72.0
67.0
26.0
125.0
33.0
20.0
174.0
892.0
50.0
128.0
66.0
46.0
164.0
150.0
76.0
165.0
140.0
729.0
38.0
19.0
24.0
30.0
8.0
71.0
253.0
108.0
67.0
86.0
58.0
37.0
83.0
142.0
45.0
27.0
55.0
159.0
159.0
107.0
83.0
136.0
44.0
66.0
1584.0
57.0
58.0
69.0
24.0
162.0
273.0
33.0
276.0
124.0
242.0
78.0
131.0
827.0
212.0
69.0
1268.0
130.0
117.0
72.0
85.0
111.0
19.0
266.0
201.0
469.0
1244.0
34.0
518.0
114.0
187.0
46.0
349.0
264.0
392.0
57.0
311.0
516.0
275.0
69.0
236.0
78.0
300.0
28.0
363.0
164.0
807.0
1273.0
579.0
352.0
1139.0
293.0
147.0
871.0
5211.0
5438.0
129.0
164.0
316.0
48.0
27.0
194.0
224.0
192.0
481.0
343.0
79.0
61.0
27.0
127.0
31.0
19.0
168.0
847.0
52.0
120.0
66.0
45.0
154.0
144.0
74.0
165.0
143.0
754.0
35.0
20.0
26.0
32.0
8.0
73.0
267.0
112.0
69.0
88.0
55.0
39.0
87.0
142.0
48.0
26.0
54.0
159.0
170.0
111.0
80.0
131.0
46.0
63.0
1505.0
55.0
59.0
66.0
24.0
152.0
284.0
31.0
278.0
124.0
245.0
83.0
131.0
803.0
210.0
67.0
1276.0
133.0
123.0
69.0
89.0
111.0
20.0
252.0
195.0
486.0
1327.0
35.0
516.0
113.0
192.0
48.0
333.0
250.0
368.0
56.0
317.0
517.0
282.0
76.0
241.0
78.0
275.0
29.0
372.0
165.0
818.0
1295.0
580.0
362.0
1163.0
298.0
146.0
820.0
5215.0
5470.0
128.0
169.0
325.0
51.0
28.0
186.0
209.0
184.0
514.0
343.0
77.0
62.0
26.0
118.0
33.0
20.0
173.0
846.0
49.0
127.0
66.0
43.0
163.0
145.0
75.0
163.0
149.0
782.0
38.0
21.0
26.0
29.0
8.0
76.0
270.0
112.0
74.0
86.0
59.0
39.0
85.0
140.0
46.0
26.0
54.0
149.0
175.0
103.0
79.0
135.0
46.0
61.0
1571.0
55.0
59.0
68.0
26.0
157.0
279.0
32.0
277.0
124.0
235.0
81.0
135.0
803.0
209.0
68.0
1285.0
123.0
125.0
68.0
93.0
116.0
20.0
250.0
197.0
511.0
1342.0
35.0
541.0
117.0
189.0
44.0
321.0
249.0
400.0
60.0
320.0
530.0
279.0
75.0
231.0
81.0
296.0
29.0
373.0
163.0
809.0
1326.0
596.0
329.0
1112.0
276.0
155.0
848.0
5000.0
5741.0
129.0
160.0
321.0
48.0
29.0
194.0
224.0
188.0
488.0
371.0
77.0
65.0
26.0
121.0
33.0
20.0
174.0
902.0
51.0
121.0
66.0
42.0
154.0
152.0
72.0
161.0
152.0
789.0
36.0
20.0
25.0
31.0
8.0
71.0
265.0
111.0
68.0
88.0
55.0
39.0
88.0
143.0
48.0
27.0
55.0
154.0
161.0
103.0
86.0
133.0
48.0
62.0
1549.0
59.0
55.0
70.0
26.0
162.0
280.0
33.0
274.0
129.0
254.0
83.0
135.0
794.0
205.0
64.0
1177.0
131.0
124.0
73.0
87.0
117.0
19.0
251.0
200.0
471.0
1287.0
33.0
526.0
110.0
176.0
47.0
328.0
264.0
395.0
58.0
291.0
522.0
288.0
72.0
236.0
75.0
274.0
28.0
371.0
160.0
830.0
1367.0
572.0
339.0
1141.0
276.0
144.0
871.0
5258.0
5481.0
127.0
166.0
316.0
50.0
28.0
182.0
224.0
182.0
513.0
359.0
79.0
61.0
25.0
120.0
31.0
20.0
173.0
874.0
50.0
123.0
65.0
45.0
155.0
149.0
70.0
168.0
150.0
777.0
35.0
20.0
26.0
32.0
8.0
76.0
255.0
106.0
74.0
87.0
54.0
37.0
81.0
149.0
45.0
25.0
58.0
150.0
168.0
101.0
81.0
139.0
46.0
66.0
1595.0
56.0
54.0
67.0
26.0
162.0
283.0
33.0
274.0
121.0
258.0
81.0
130.0
768.0
214.0
67.0
1253.0
124.0
124.0
68.0
85.0
118.0
20.0
263.0
193.0
500.0
1283.0
34.0
535.0
114.0
192.0
44.0
323.0
266.0
385.0
57.0
290.0
546.0
271.0
74.0
233.0
77.0
292.0
27.0
347.0
157.0
778.0
1357.0
598.0
346.0
1163.0
295.0
154.0
831.0
5436.0
5732.0
122.0
172.0
334.0
51.0
29.0
176.0
207.0
190.0
488.0
342.0
75.0
65.0
26.0
121.0
33.0
20.0
176.0
866.0
49.0
128.0
67.0
44.0
167.0
148.0
71.0
160.0
144.0
724.0
35.0
21.0
24.0
32.0
8.0
69.0
274.0
112.0
74.0
90.0
59.0
38.0
84.0
147.0
46.0
26.0
57.0
162.0
165.0
107.0
81.0
134.0
47.0
67.0
1625.0
54.0
56.0
64.0
25.0
167.0
285.0
32.0
281.0
127.0
240.0
75.0
138.0
825.0
214.0
64.0
1206.0
126.0
124.0
71.0
92.0
122.0
20.0
253.0
202.0
490.0
1228.0
35.0
511.0
118.0
193.0
46.0
346.0
266.0
376.0
61.0
292.0
523.0
271.0
73.0
247.0
77.0
283.0
28.0
350.0
169.0
800.0
1325.0
559.0
355.0
1182.0
289.0
154.0
855.0
5413.0
5667.0
125.0
160.0
322.0
51.0
28.0
194.0
208.0
194.0
515.0
375.0
73.0
67.0
25.0
121.0
30.0
20.0
176.0
857.0
50.0
120.0
64.0
44.0
154.0
148.0
71.0
167.0
138.0
752.0
35.0
21.0
25.0
32.0
8.0
71.0
250.0
113.0
70.0
84.0
57.0
40.0
85.0
142.0
46.0
26.0
53.0
153.0
159.0
105.0
80.0
128.0
46.0
66.0
1621.0
57.0
55.0
71.0
25.0
155.0
297.0
32.0
267.0
124.0
258.0
83.0
134.0
784.0
225.0
69.0
1238.0
127.0
119.0
72.0
92.0
116.0
20.0
271.0
192.0
510.0
1219.0
34.0
513.0
112.0
187.0
45.0
349.0
269.0
374.0
57.0
293.0
524.0
280.0
72.0
238.0
80.0
285.0
27.0
355.0
162.0
842.0
1264.0
553.0
347.0
1127.0
272.0
150.0
873.0
5045.0
5845.0
128.0
167.0
322.0
48.0
27.0
180.0
205.0
186.0
532.0
373.0
78.0
63.0
26.0
126.0
31.0
20.0
172.0
854.0
51.0
126.0
63.0
43.0
158.0
147.0
70.0
166.0
144.0
779.0
38.0
21.0
24.0
31.0
8.0
76.0
252.0
111.0
67.0
88.0
58.0
39.0
83.0
144.0
45.0
27.0
54.0
149.0
165.0
104.0
83.0
131.0
44.0
62.0
1573.0
54.0
56.0
68.0
26.0
152.0
292.0
33.0
272.0
122.0
253.0
82.0
133.0
759.0
225.0
68.0
1222.0
127.0
118.0
72.0
86.0
112.0
20.0
254.0
195.0
470.0
1266.0
33.0
514.0
111.0
185.0
44.0
323.0
263.0
368.0
60.0
310.0
506.0
281.0
72.0
229.0
76.0
288.0
28.0
346.0
168.0
769.0
1377.0
570.0
343.0
1110.0
280.0
157.0
835.0
5120.0
5711.0
122.0
159.0
331.0
51.0
29.0
189.0
218.0
195.0
486.0
375.0
75.0
66.0
25.0
122.0
30.0
20.0
175.0
878.0
51.0
131.0
62.0
42.0
167.0
146.0
75.0
153.0
141.0
737.0
36.0
20.0
26.0
32.0
8.0
76.0
253.0
104.0
71.0
85.0
56.0
40.0
82.0
150.0
48.0
26.0
57.0
161.0
174.0
105.0
84.0
129.0
46.0
66.0
1632.0
55.0
54.0
69.0
25.0
155.0
270.0
32.0
279.0
127.0
250.0
82.0
135.0
811.0
215.0
71.0
1187.0
132.0
116.0
67.0
85.0
122.0
19.0
263.0
207.0
180.0
198.0
152.0
155.0
487.0
165.0
175.0
135.0
168.0
141.0
168.0
172.0
167.0
164.0
152.0
153.0
142.0
131.0
425.0
138.0
141.0
155.0
145.0
141.0
165.0
144.0
161.0
386.0
155.0
146.0
130.0
164.0
173.0
174.0
141.0
175.0
143.0
153.0
175.0
169.0
164.0
164.0
174.0
121.0
168.0
448.0
176.0
136.0
378.0
168.0
131.0
154.0
150.0
137.0
145.0
141.0
159.0
176.0
478.0
170.0
151.0
174.0
168.0
134.0
135.0
141.0
172.0
157.0
170.0
152.0
165.0
135.0
151.0
151.0
127.0
144.0
490.0
148.0
175.0
150.0
146.0
175.0
175.0
138.0
161.0
139.0
415.0
135.0
369.0
152.0
432.0
418.0
453.0
436.0
370.0
386.0
404.0
484.0
377.0
174.0
145.0
160.0
149.0
171.0
134.0
154.0
141.0
145.0
172.0
162.0
137.0
160.0
448.0
164.0
171.0
169.0
144.0
154.0
149.0
140.0
143.0
161.0
146.0
130.0
172.0
143.0
401.0
164.0
151.0
138.0
153.0
175.0
176.0
137.0
133.0
441.0
166.0
150.0
171.0
152.0
152.0
145.0
147.0
157.0
174.0
139.0
145.0
166.0
170.0
172.0
140.0
142.0
175.0
449.0
151.0
176.0
456.0
175.0
135.0
147.0
139.0
171.0
153.0
149.0
169.0
168.0
477.0
167.0
151.0
167.0
137.0
153.0
144.0
161.0
152.0
146.0
146.0
171.0
166.0
148.0
133.0
157.0
143.0
141.0
396.0
146.0
150.0
153.0
164.0
170.0
137.0
140.0
171.0
130.0
442.0
152.0
449.0
161.0
370.0
441.0
392.0
451.0
418.0
371.0
403.0
385.0
421.0
164.0
140.0
137.0
160.0
167.0
175.0
166.0
137.0
130.0
199.0
203.0
147.0
131.0
433.0
131.0
140.0
149.0
160.0
143.0
141.0
141.0
175.0
153.0
130.0
141.0
136.0
142.0
427.0
155.0
154.0
149.0
147.0
166.0
142.0
172.0
149.0
389.0
170.0
141.0
155.0
170.0
173.0
148.0
170.0
169.0
169.0
174.0
140.0
155.0
152.0
158.0
172.0
124.0
133.0
412.0
141.0
161.0
399.0
143.0
163.0
143.0
154.0
137.0
152.0
145.0
151.0
175.0
439.0
162.0
147.0
165.0
142.0
152.0
142.0
137.0
177.0
158.0
146.0
132.0
140.0
145.0
134.0
158.0
115.0
142.0
388.0
139.0
152.0
175.0
171.0
161.0
130.0
147.0
150.0
170.0
391.0
156.0
372.0
160.0
452.0
426.0
423.0
448.0
482.0
492.0
399.0
425.0
428.0
170.0
173.0
138.0
154.0
131.0
138.0
140.0
148.0
138.0
171.0
162.0
157.0
174.0
396.0
174.0
171.0
175.0
133.0
139.0
141.0
153.0
171.0
148.0
147.0
162.0
153.0
151.0
394.0
155.0
176.0
133.0
162.0
157.0
155.0
140.0
161.0
372.0
140.0
139.0
155.0
142.0
151.0
149.0
164.0
162.0
172.0
170.0
149.0
177.0
171.0
158.0
152.0
133.0
174.0
378.0
151.0
163.0
395.0
141.0
144.0
166.0
132.0
158.0
153.0
164.0
147.0
157.0
420.0
153.0
164.0
158.0
149.0
142.0
148.0
150.0
147.0
132.0
151.0
170.0
151.0
156.0
176.0
167.0
116.0
130.0
476.0
175.0
170.0
167.0
173.0
145.0
149.0
148.0
171.0
140.0
433.0
164.0
462.0
161.0
486.0
429.0
372.0
416.0
365.0
373.0
489.0
453.0
390.0
139.0
168.0
162.0
149.0
154.0
141.0
145.0
159.0
163.0
187.0
183.0
165.0
157.0
392.0
162.0
140.0
162.0
158.0
134.0
137.0
130.0
145.0
155.0
158.0
133.0
162.0
174.0
445.0
141.0
130.0
133.0
146.0
138.0
133.0
170.0
153.0
371.0
141.0
135.0
172.0
146.0
168.0
170.0
151.0
160.0
146.0
156.0
166.0
131.0
134.0
175.0
148.0
136.0
173.0
408.0
138.0
148.0
487.0
154.0
164.0
151.0
147.0
154.0
140.0
147.0
160.0
138.0
446.0
138.0
148.0
173.0
135.0
140.0
150.0
149.0
159.0
130.0
130.0
173.0
148.0
151.0
131.0
158.0
113.0
158.0
453.0
171.0
171.0
149.0
147.0
171.0
133.0
139.0
173.0
153.0
449.0
133.0
396.0
144.0
432.0
384.0
474.0
487.0
490.0
444.0
384.0
363.0
382.0
161.0
155.0
134.0
174.0
139.0
172.0
150.0
164.0
163.0
160.0
158.0
144.0
150.0
425.0
165.0
164.0
137.0
160.0
152.0
174.0
131.0
173.0
145.0
162.0
142.0
161.0
146.0
428.0
149.0
140.0
141.0
142.0
136.0
169.0
137.0
159.0
383.0
132.0
132.0
172.0
165.0
135.0
164.0
153.0
154.0
174.0
150.0
133.0
167.0
159.0
157.0
169.0
151.0
134.0
385.0
153.0
133.0
462.0
164.0
142.0
158.0
151.0
176.0
156.0
177.0
151.0
158.0
390.0
153.0
164.0
162.0
168.0
143.0
169.0
162.0
176.0
139.0
157.0
143.0
172.0
171.0
136.0
133.0
132.0
136.0
434.0
142.0
137.0
138.0
174.0
164.0
143.0
166.0
147.0
172.0
487.0
147.0
438.0
168.0
484.0
376.0
377.0
464.0
453.0
368.0
487.0
452.0
474.0
169.0
147.0
138.0
145.0
133.0
158.0
168.0
166.0
164.0
183.0
206.0
168.0
160.0
488.0
153.0
138.0
164.0
140.0
133.0
169.0
153.0
135.0
157.0
155.0
141.0
143.0
154.0
441.0
154.0
157.0
164.0
162.0
142.0
154.0
140.0
176.0
409.0
158.0
171.0
173.0
158.0
170.0
137.0
155.0
153.0
155.0
144.0
132.0
174.0
172.0
148.0
177.0
122.0
162.0
446.0
148.0
173.0
404.0
146.0
158.0
151.0
145.0
161.0
163.0
140.0
149.0
133.0
478.0
160.0
133.0
134.0
170.0
161.0
159.0
167.0
148.0
145.0
148.0
176.0
161.0
135.0
134.0
141.0
142.0
165.0
453.0
140.0
152.0
157.0
145.0
156.0
164.0
148.0
144.0
163.0
450.0
130.0
468.0
160.0
435.0
396.0
379.0
424.0
371.0
422.0
443.0
401.0
410.0
167.0
144.0
152.0
148.0
164.0
144.0
174.0
170.0
163.0
167.0
184.0
146.0
153.0
422.0
163.0
130.0
142.0
136.0
177.0
131.0
173.0
160.0
154.0
132.0
154.0
140.0
170.0
462.0
161.0
136.0
143.0
155.0
137.0
132.0
151.0
140.0
436.0
166.0
140.0
161.0
135.0
151.0
154.0
143.0
150.0
172.0
143.0
156.0
167.0
133.0
132.0
173.0
144.0
144.0
433.0
130.0
141.0
384.0
148.0
165.0
163.0
132.0
175.0
132.0
168.0
156.0
165.0
478.0
137.0
161.0
173.0
132.0
164.0
132.0
172.0
140.0
132.0
177.0
134.0
155.0
136.0
174.0
148.0
117.0
160.0
421.0
146.0
157.0
141.0
134.0
133.0
160.0
138.0
171.0
163.0
378.0
168.0
474.0
173.0
469.0
425.0
490.0
407.0
430.0
440.0
466.0
386.0
472.0
155.0
139.0
175.0
139.0
148.0
142.0
130.0
140.0
174.0
161.0
201.0
157.0
174.0
434.0
141.0
162.0
150.0
167.0
156.0
132.0
148.0
135.0
167.0
138.0
146.0
159.0
174.0
386.0
158.0
145.0
131.0
157.0
133.0
134.0
134.0
175.0
373.0
136.0
174.0
154.0
151.0
176.0
173.0
152.0
168.0
155.0
139.0
130.0
136.0
158.0
170.0
147.0
132.0
165.0
489.0
175.0
177.0
425.0
163.0
169.0
176.0
140.0
164.0
161.0
149.0
156.0
164.0
418.0
166.0
151.0
165.0
137.0
156.0
170.0
158.0
147.0
176.0
152.0
159.0
152.0
166.0
172.0
157.0
141.0
150.0
405.0
147.0
175.0
159.0
147.0
167.0
174.0
170.0
132.0
166.0
382.0
146.0
440.0
158.0
408.0
424.0
467.0
378.0
369.0
478.0
394.0
488.0
378.0
162.0
145.0
139.0
168.0
134.0
175.0
134.0
131.0
137.0
190.0
197.0
165.0
171.0
381.0
132.0
163.0
166.0
148.0
149.0
174.0
145.0
155.0
153.0
165.0
145.0
154.0
145.0
366.0
166.0
135.0
153.0
143.0
173.0
154.0
134.0
158.0
472.0
171.0
155.0
149.0
177.0
175.0
150.0
171.0
151.0
161.0
153.0
134.0
140.0
168.0
135.0
169.0
149.0
176.0
468.0
173.0
130.0
462.0
167.0
167.0
170.0
131.0
161.0
140.0
170.0
134.0
155.0
410.0
133.0
155.0
149.0
144.0
137.0
158.0
144.0
164.0
156.0
171.0
171.0
170.0
139.0
131.0
140.0
133.0
149.0
475.0
130.0
148.0
146.0
154.0
160.0
176.0
157.0
132.0
148.0
371.0
147.0
443.0
144.0
427.0
473.0
450.0
370.0
419.0
389.0
409.0
493.0
447.0
152.0
167.0
140.0
156.0
162.0
167.0
145.0
161.0
139.0
177.0
166.0
135.0
167.0
442.0
139.0
136.0
163.0
174.0
161.0
168.0
163.0
145.0
141.0
148.0
161.0
170.0
143.0
474.0
159.0
148.0
175.0
175.0
136.0
158.0
145.0
157.0
394.0
130.0
174.0
171.0
153.0
150.0
169.0
143.0
175.0
166.0
154.0
170.0
172.0
130.0
131.0
145.0
146.0
132.0
474.0
149.0
131.0
443.0
168.0
130.0
144.0
142.0
142.0
130.0
155.0
159.0
146.0
393.0
151.0
165.0
173.0
168.0
166.0
172.0
167.0
158.0
139.0
161.0
175.0
163.0
139.0
147.0
134.0
124.0
138.0
412.0
166.0
130.0
176.0
147.0
169.0
167.0
138.0
177.0
173.0
378.0
148.0
409.0
142.0
457.0
435.0
404.0
374.0
379.0
401.0
410.0
412.0
372.0
134.0
171.0
160.0
146.0
158.0
163.0
134.0
151.0
172.0
181.0
171.0
158.0
161.0
429.0
156.0
149.0
159.0
130.0
156.0
164.0
157.0
156.0
151.0
138.0
173.0
137.0
162.0
441.0
159.0
170.0
159.0
141.0
131.0
177.0
134.0
151.0
430.0
154.0
150.0
148.0
160.0
153.0
136.0
165.0
164.0
150.0
163.0
162.0
135.0
144.0
173.0
145.0
141.0
139.0
392.0
165.0
156.0
370.0
175.0
133.0
141.0
173.0
169.0
134.0
159.0
160.0
159.0
475.0
149.0
134.0
140.0
165.0
177.0
132.0
150.0
135.0
132.0
157.0
134.0
168.0
159.0
147.0
146.0
134.0
165.0
439.0
145.0
155.0
165.0
131.0
162.0
154.0
176.0
157.0
139.0
381.0
148.0
418.0
176.0
432.0
392.0
420.0
456.0
381.0
492.0
465.0
475.0
433.0
135.0
148.0
136.0
158.0
143.0
141.0
147.0
141.0
143.0
167.0
179.0
164.0
149.0
422.0
159.0
135.0
158.0
154.0
141.0
150.0
138.0
134.0
171.0
158.0
177.0
152.0
176.0
400.0
160.0
132.0
166.0
177.0
157.0
152.0
147.0
147.0
474.0
158.0
139.0
146.0
146.0
140.0
175.0
154.0
168.0
131.0
138.0
139.0
145.0
175.0
148.0
158.0
143.0
153.0
418.0
150.0
146.0
484.0
146.0
175.0
154.0
138.0
174.0
163.0
170.0
152.0
175.0
367.0
139.0
163.0
143.0
133.0
166.0
164.0
177.0
142.0
175.0
170.0
170.0
146.0
149.0
169.0
152.0
146.0
145.0
438.0
166.0
157.0
175.0
151.0
173.0
131.0
143.0
144.0
177.0
376.0
158.0
396.0
144.0
385.0
485.0
425.0
474.0
478.0
473.0
434.0
427.0
418.0
140.0
150.0
166.0
149.0
154.0
159.0
143.0
134.0
130.0
180.0
184.0
172.0
142.0
441.0
139.0
155.0
134.0
156.0
174.0
174.0
141.0
170.0
153.0
175.0
171.0
156.0
147.0
430.0
161.0
168.0
148.0
158.0
168.0
163.0
140.0
154.0
426.0
160.0
137.0
170.0
150.0
158.0
155.0
155.0
168.0
173.0
153.0
164.0
146.0
175.0
166.0
142.0
134.0
152.0
486.0
144.0
159.0
396.0
137.0
131.0
171.0
139.0
144.0
160.0
145.0
135.0
141.0
375.0
160.0
169.0
148.0
147.0
142.0
152.0
176.0
174.0
170.0
173.0
157.0
176.0
177.0
157.0
172.0
128.0
136.0
444.0
165.0
168.0
131.0
162.0
171.0
169.0
131.0
169.0
177.0
435.0
143.0
439.0
132.0
490.0
423.0
487.0
474.0
445.0
459.0
491.0
401.0
492.0
173.0
135.0
136.0
176.0
141.0
153.0
165.0
136.0
175.0
155.0
174.0
168.0
167.0
455.0
134.0
162.0
141.0
147.0
175.0
160.0
161.0
158.0
162.0
145.0
133.0
155.0
152.0
409.0
135.0
141.0
156.0
170.0
145.0
134.0
144.0
162.0
493.0
170.0
145.0
158.0
172.0
169.0
139.0
151.0
174.0
176.0
165.0
167.0
160.0
134.0
171.0
153.0
129.0
138.0
419.0
165.0
165.0
485.0
169.0
134.0
144.0
164.0
131.0
141.0
161.0
154.0
140.0
399.0
148.0
169.0
160.0
147.0
143.0
147.0
170.0
162.0
148.0
132.0
167.0
165.0
173.0
169.0
139.0
152.0
132.0
363.0
150.0
145.0
153.0
147.0
159.0
139.0
148.0
142.0
160.0
391.0
147.0
385.0
156.0
411.0
407.0
467.0
403.0
422.0
416.0
419.0
490.0
399.0
153.0
145.0
157.0
161.0
172.0
131.0
164.0
148.0
131.0
170.0
163.0
155.0
156.0
487.0
141.0
171.0
135.0
135.0
158.0
148.0
142.0
176.0
131.0
171.0
135.0
139.0
134.0
416.0
134.0
140.0
157.0
172.0
152.0
132.0
154.0
136.0
366.0
169.0
130.0
146.0
152.0
134.0
134.0
151.0
172.0
161.0
143.0
141.0
148.0
171.0
173.0
169.0
113.0
131.0
494.0
136.0
166.0
458.0
149.0
143.0
136.0
145.0
163.0
133.0
136.0
155.0
155.0
400.0
173.0
134.0
130.0
170.0
157.0
174.0
174.0
160.0
170.0
154.0
133.0
144.0
173.0
161.0
168.0
122.0
171.0
443.0
170.0
173.0
167.0
140.0
169.0
162.0
176.0
170.0
170.0
407.0
140.0
487.0
160.0
469.0
475.0
401.0
432.0
419.0
388.0
393.0
428.0
397.0
155.0
150.0
139.0
133.0
161.0
131.0
151.0
170.0
169.0
168.0
193.0
149.0
153.0
469.0
163.0
167.0
133.0
146.0
159.0
136.0
177.0
153.0
152.0
176.0
149.0
166.0
169.0
365.0
145.0
133.0
131.0
133.0
150.0
147.0
133.0
151.0
412.0
135.0
144.0
153.0
157.0
170.0
172.0
145.0
163.0
171.0
156.0
151.0
157.0
173.0
135.0
173.0
146.0
150.0
458.0
165.0
171.0
441.0
134.0
134.0
162.0
148.0
167.0
150.0
174.0
145.0
150.0
421.0
138.0
155.0
165.0
161.0
162.0
150.0
145.0
173.0
139.0
135.0
166.0
136.0
166.0
141.0
156.0
119.0
165.0
370.0
169.0
160.0
168.0
161.0
130.0
159.0
140.0
172.0
157.0
416.0
170.0
414.0
170.0
369.0
494.0
429.0
440.0
429.0
409.0
420.0
400.0
485.0
139.0
154.0
176.0
175.0
157.0
155.0
167.0
152.0
166.0
194.0
174.0
174.0
162.0
458.0
142.0
140.0
160.0
138.0
144.0
165.0
175.0
164.0
147.0
147.0
140.0
170.0
159.0
482.0
171.0
163.0
166.0
165.0
131.0
154.0
162.0
167.0
394.0
163.0
170.0
150.0
162.0
132.0
165.0
158.0
141.0
148.0
134.0
130.0
175.0
163.0
151.0
174.0
132.0
161.0
475.0
158.0
135.0
371.0
134.0
151.0
136.0
149.0
136.0
146.0
154.0
171.0
167.0
394.0
162.0
140.0
151.0
168.0
151.0
159.0
152.0
149.0
135.0
139.0
167.0
168.0
176.0
168.0
162.0
120.0
165.0
450.0
164.0
132.0
151.0
142.0
144.0
155.0
138.0
139.0
154.0
407.0
160.0
471.0
134.0
454.0
381.0
406.0
427.0
433.0
456.0
405.0
486.0
472.0
148.0
159.0
142.0
133.0
174.0
171.0
144.0
159.0
154.0
176.0
169.0
142.0
174.0
399.0
135.0
143.0
163.0
136.0
152.0
131.0
174.0
131.0
166.0
145.0
160.0
174.0
162.0
456.0
150.0
141.0
170.0
140.0
133.0
134.0
157.0
175.0
478.0
136.0
169.0
175.0
163.0
171.0
155.0
172.0
170.0
163.0
151.0
165.0
163.0
167.0
151.0
151.0
117.0
162.0
369.0
137.0
158.0
455.0
176.0
160.0
144.0
162.0
166.0
164.0
162.0
133.0
150.0
407.0
145.0
174.0
154.0
176.0
168.0
136.0
144.0
174.0
154.0
171.0
169.0
165.0
169.0
141.0
145.0
125.0
161.0
421.0
159.0
134.0
142.0
133.0
137.0
171.0
149.0
143.0
159.0
419.0
164.0
370.0
166.0
473.0
455.0
442.0
480.0
395.0
432.0
459.0
380.0
435.0
168.0
174.0
130.0
132.0
132.0
137.0
173.0
138.0
136.0
185.0
164.0
173.0
145.0
399.0
148.0
144.0
158.0
175.0
141.0
143.0
141.0
157.0
140.0
171.0
176.0
155.0
142.0
398.0
137.0
149.0
162.0
141.0
166.0
170.0
145.0
145.0
382.0
164.0
157.0
146.0
174.0
174.0
135.0
146.0
147.0
150.0
161.0
131.0
136.0
176.0
174.0
137.0
125.0
143.0
456.0
163.0
133.0
399.0
142.0
153.0
141.0
146.0
140.0
169.0
131.0
150.0
149.0
387.0
140.0
166.0
163.0
176.0
163.0
175.0
163.0
133.0
154.0
152.0
148.0
157.0
141.0
176.0
177.0
150.0
165.0
489.0
174.0
148.0
153.0
151.0
149.0
146.0
132.0
132.0
139.0
429.0
150.0
415.0
156.0
398.0
392.0
469.0
385.0
373.0
482.0
457.0
492.0
462.0
170.0
143.0
176.0
169.0
155.0
177.0
138.0
154.0
146.0
182.0
203.0
172.0
168.0
476.0
158.0
143.0
136.0
152.0
167.0
168.0
156.0
148.0
148.0
139.0
156.0
175.0
131.0
440.0
147.0
130.0
136.0
136.0
176.0
159.0
141.0
130.0
441.0
155.0
144.0
166.0
160.0
136.0
156.0
135.0
139.0
154.0
160.0
165.0
169.0
131.0
147.0
165.0
117.0
177.0
404.0
161.0
155.0
375.0
172.0
146.0
166.0
146.0
130.0
174.0
158.0
143.0
130.0
475.0
156.0
154.0
166.0
161.0
147.0
134.0
135.0
170.0
177.0
161.0
169.0
144.0
167.0
157.0
136.0
141.0
168.0
465.0
134.0
149.0
173.0
168.0
157.0
137.0
138.0
172.0
162.0
364.0
176.0
364.0
163.0
433.0
434.0
417.0
372.0
397.0
494.0
366.0
466.0
484.0
137.0
166.0
149.0
159.0
156.0
153.0
156.0
163.0
147.0
170.0
172.0
144.0
152.0
423.0
155.0
167.0
160.0
164.0
175.0
146.0
157.0
157.0
164.0
164.0
143.0
139.0
145.0
462.0
140.0
169.0
140.0
135.0
173.0
159.0
137.0
152.0
370.0
165.0
173.0
134.0
155.0
144.0
134.0
148.0
153.0
140.0
152.0
134.0
160.0
158.0
176.0
132.0
128.0
169.0
385.0
158.0
158.0
420.0
169.0
153.0
155.0
162.0
130.0
141.0
137.0
144.0
172.0
469.0
136.0
168.0
173.0
170.0
148.0
147.0
143.0
168.0
146.0
133.0
168.0
173.0
161.0
138.0
159.0
127.0
166.0
454.0
138.0
174.0
173.0
141.0
156.0
177.0
168.0
137.0
146.0
393.0
133.0
397.0
130.0
465.0
377.0
469.0
374.0
435.0
480.0
413.0
400.0
494.0
175.0
172.0
143.0
139.0
165.0
176.0
139.0
173.0
160.0
164.0
185.0
134.0
170.0
412.0
165.0
131.0
162.0
137.0
146.0
134.0
161.0
145.0
131.0
166.0
142.0
153.0
151.0
408.0
150.0
144.0
156.0
156.0
148.0
151.0
148.0
131.0
485.0
147.0
167.0
147.0
141.0
158.0
151.0
132.0
165.0
142.0
146.0
158.0
141.0
132.0
167.0
175.0
121.0
166.0
374.0
149.0
149.0
396.0
174.0
131.0
145.0
141.0
176.0
147.0
147.0
148.0
131.0
444.0
173.0
164.0
177.0
166.0
158.0
141.0
153.0
149.0
133.0
130.0
160.0
177.0
152.0
157.0
155.0
115.0
175.0
393.0
154.0
159.0
149.0
140.0
176.0
133.0
151.0
155.0
156.0
448.0
165.0
409.0
172.0
406.0
428.0
407.0
398.0
423.0
369.0
456.0
458.0
426.0
136.0
151.0
162.0
168.0
169.0
131.0
134.0
131.0
148.0
202.0
171.0
161.0
162.0
394.0
132.0
159.0
161.0
167.0
170.0
173.0
138.0
176.0
137.0
166.0
136.0
153.0
157.0
375.0
166.0
171.0
174.0
144.0
154.0
136.0
174.0
131.0
452.0
136.0
134.0
151.0
177.0
151.0
169.0
136.0
168.0
173.0
136.0
159.0
147.0
167.0
156.0
131.0
130.0
172.0
479.0
167.0
150.0
426.0
170.0
165.0
144.0
170.0
142.0
162.0
159.0
149.0
163.0
485.0
176.0
139.0
173.0
145.0
163.0
134.0
130.0
130.0
175.0
159.0
146.0
162.0
134.0
163.0
176.0
124.0
142.0
470.0
158.0
152.0
167.0
162.0
158.0
168.0
136.0
132.0
159.0
379.0
137.0
425.0
164.0
397.0
450.0
370.0
386.0
485.0
422.0
442.0
389.0
457.0
155.0
158.0
148.0
143.0
173.0
175.0
161.0
149.0
154.0
180.0
200.0
142.0
166.0
437.0
147.0
139.0
138.0
143.0
147.0
131.0
166.0
145.0
161.0
140.0
144.0
138.0
139.0
470.0
160.0
146.0
156.0
134.0
157.0
173.0
134.0
164.0
378.0
148.0
168.0
154.0
176.0
169.0
163.0
170.0
166.0
162.0
143.0
141.0
143.0
160.0
164.0
157.0
131.0
168.0
453.0
149.0
154.0
445.0
161.0
173.0
165.0
147.0
157.0
151.0
150.0
156.0
130.0
376.0
160.0
140.0
173.0
141.0
167.0
171.0
143.0
149.0
153.0
164.0
160.0
165.0
169.0
163.0
150.0
147.0
143.0
465.0
175.0
176.0
157.0
137.0
131.0
155.0
169.0
144.0
163.0
449.0
136.0
410.0
170.0
426.0
446.0
367.0
389.0
463.0
492.0
465.0
399.0
413.0
152.0
160.0
146.0
133.0
142.0
150.0
135.0
171.0
159.0
203.0
162.0
160.0
174.0
390.0
136.0
147.0
132.0
156.0
165.0
133.0
135.0
138.0
134.0
167.0
177.0
175.0
140.0
464.0
133.0
130.0
155.0
165.0
158.0
153.0
153.0
136.0
433.0
141.0
174.0
154.0
175.0
173.0
136.0
158.0
165.0
173.0
162.0
158.0
138.0
140.0
152.0
159.0
133.0
168.0
427.0
174.0
171.0
432.0
146.0
156.0
151.0
139.0
156.0
171.0
164.0
161.0
175.0
418.0
164.0
135.0
135.0
162.0
144.0
153.0
138.0
164.0
146.0
139.0
169.0
169.0
139.0
136.0
137.0
148.0
130.0
374.0
157.0
167.0
142.0
169.0
147.0
130.0
133.0
141.0
176.0
446.0
133.0
459.0
168.0
370.0
435.0
424.0
415.0
398.0
459.0
411.0
474.0
420.0
171.0
164.0
161.0
140.0
167.0
175.0
134.0
132.0
176.0
200.0
165.0
141.0
151.0
430.0
171.0
161.0
172.0
149.0
141.0
150.0
170.0
160.0
172.0
168.0
170.0
146.0
162.0
383.0
172.0
145.0
143.0
171.0
166.0
132.0
164.0
150.0
472.0
136.0
134.0
175.0
146.0
133.0
139.0
141.0
157.0
165.0
130.0
165.0
151.0
140.0
173.0
141.0
144.0
161.0
414.0
135.0
138.0
408.0
150.0
145.0
157.0
140.0
172.0
170.0
143.0
152.0
160.0
456.0
177.0
130.0
134.0
138.0
174.0
166.0
159.0
168.0
141.0
148.0
166.0
138.0
145.0
158.0
151.0
135.0
161.0
419.0
146.0
136.0
145.0
163.0
146.0
170.0
143.0
135.0
165.0
482.0
176.0
399.0
153.0
481.0
396.0
464.0
439.0
488.0
374.0
375.0
433.0
366.0
174.0
169.0
164.0
157.0
165.0
171.0
156.0
159.0
165.0
204.0
160.0
166.0
168.0
403.0
164.0
173.0
159.0
135.0
140.0
144.0
146.0
157.0
154.0
152.0
148.0
154.0
140.0
407.0
138.0
150.0
152.0
139.0
158.0
142.0
149.0
148.0
372.0
165.0
168.0
135.0
151.0
161.0
133.0
163.0
150.0
163.0
138.0
170.0
130.0
157.0
150.0
134.0
124.0
151.0
425.0
155.0
155.0
403.0
147.0
137.0
133.0
144.0
175.0
164.0
138.0
152.0
174.0
469.0
148.0
149.0
135.0
157.0
167.0
154.0
173.0
150.0
167.0
139.0
130.0
138.0
133.0
134.0
171.0
119.0
163.0
493.0
146.0
174.0
164.0
138.0
155.0
133.0
165.0
153.0
177.0
392.0
136.0
368.0
155.0
481.0
489.0
439.0
405.0
389.0
489.0
480.0
407.0
394.0
173.0
168.0
169.0
161.0
141.0
151.0
170.0
144.0
170.0
164.0
191.0
141.0
150.0
383.0
130.0
156.0
169.0
131.0
161.0
158.0
177.0
143.0
176.0
156.0
167.0
150.0
163.0
478.0
168.0
165.0
157.0
146.0
158.0
144.0
134.0
141.0
395.0
167.0
133.0
130.0
133.0
141.0
149.0
164.0
133.0
146.0
144.0
131.0
132.0
141.0
161.0
173.0
146.0
145.0
400.0
158.0
138.0
454.0
152.0
144.0
150.0
155.0
171.0
169.0
136.0
145.0
157.0
394.0
162.0
152.0
137.0
169.0
143.0
141.0
175.0
153.0
153.0
171.0
167.0
165.0
167.0
166.0
164.0
138.0
174.0
380.0
133.0
165.0
140.0
164.0
148.0
130.0
160.0
145.0
132.0
457.0
163.0
406.0
172.0
389.0
435.0
396.0
382.0
393.0
419.0
421.0
387.0
420.0
160.0
176.0
134.0
130.0
161.0
160.0
143.0
154.0
134.0
180.0
164.0
161.0
147.0
424.0
139.0
143.0
156.0
169.0
176.0
177.0
175.0
159.0
138.0
132.0
164.0
143.0
135.0
443.0
132.0
142.0
161.0
146.0
174.0
133.0
165.0
130.0
370.0
140.0
175.0
159.0
148.0
136.0
143.0
130.0
172.0
153.0
140.0
146.0
135.0
148.0
139.0
159.0
135.0
149.0
412.0
133.0
154.0
375.0
157.0
148.0
169.0
140.0
146.0
169.0
173.0
162.0
162.0
363.0
157.0
146.0
130.0
150.0
157.0
160.0
139.0
152.0
155.0
134.0
171.0
143.0
156.0
176.0
148.0
137.0
167.0
478.0
130.0
176.0
142.0
160.0
136.0
130.0
136.0
132.0
176.0
424.0
164.0
434.0
164.0
395.0
444.0
397.0
366.0
480.0
447.0
444.0
442.0
466.0
174.0
139.0
138.0
135.0
132.0
146.0
174.0
132.0
170.0
159.0
182.0
172.0
166.0
410.0
174.0
177.0
155.0
165.0
164.0
164.0
160.0
160.0
137.0
135.0
175.0
163.0
144.0
408.0
146.0
159.0
155.0
165.0
138.0
155.0
144.0
168.0
375.0
174.0
150.0
132.0
158.0
143.0
131.0
149.0
171.0
139.0
142.0
175.0
143.0
153.0
163.0
134.0
135.0
138.0
397.0
131.0
139.0
486.0
151.0
160.0
166.0
140.0
172.0
144.0
146.0
157.0
136.0
407.0
139.0
131.0
139.0
171.0
132.0
152.0
155.0
159.0
130.0
159.0
176.0
159.0
175.0
168.0
150.0
113.0
163.0
451.0
169.0
157.0
147.0
164.0
173.0
135.0
168.0
130.0
173.0
425.0
135.0
444.0
165.0
453.0
403.0
445.0
479.0
488.0
474.0
485.0
461.0
383.0
162.0
161.0
138.0
172.0
171.0
152.0
148.0
133.0
172.0
205.0
191.0
155.0
146.0
424.0
155.0
162.0
164.0
164.0
171.0
155.0
136.0
165.0
176.0
173.0
147.0
159.0
172.0
477.0
169.0
172.0
153.0
139.0
134.0
173.0
157.0
171.0
455.0
162.0
161.0
166.0
143.0
140.0
143.0
169.0
157.0
135.0
176.0
168.0
164.0
138.0
149.0
172.0
139.0
174.0
484.0
135.0
169.0
465.0
131.0
150.0
157.0
169.0
141.0
153.0
153.0
162.0
139.0
472.0
175.0
175.0
143.0
167.0
169.0
130.0
135.0
161.0
148.0
143.0
149.0
157.0
146.0
142.0
139.0
121.0
135.0
369.0
154.0
156.0
141.0
163.0
175.0
164.0
172.0
142.0
162.0
427.0
173.0
472.0
165.0
407.0
430.0
397.0
482.0
490.0
464.0
406.0
411.0
421.0
162.0
141.0
172.0
164.0
139.0
137.0
150.0
155.0
154.0
201.0
207.0
158.0
165.0
494.0
164.0
131.0
147.0
174.0
139.0
139.0
159.0
175.0
142.0
141.0
139.0
175.0
143.0
397.0
141.0
158.0
147.0
173.0
148.0
175.0
131.0
160.0
400.0
136.0
146.0
176.0
134.0
139.0
153.0
168.0
156.0
138.0
145.0
177.0
173.0
169.0
150.0
147.0
134.0
147.0
441.0
161.0
144.0
487.0
168.0
169.0
166.0
163.0
138.0
134.0
133.0
137.0
150.0
412.0
163.0
167.0
168.0
138.0
167.0
163.0
156.0
175.0
160.0
167.0
141.0
158.0
145.0
136.0
168.0
130.0
131.0
380.0
175.0
136.0
131.0
156.0
131.0
134.0
166.0
132.0
132.0
418.0
144.0
401.0
139.0
467.0
369.0
485.0
461.0
368.0
464.0
383.0
445.0
372.0
131.0
147.0
174.0
138.0
162.0
147.0
135.0
161.0
135.0
157.0
175.0
154.0
137.0
456.0
139.0
160.0
136.0
158.0
132.0
161.0
149.0
159.0
158.0
151.0
132.0
161.0
166.0
482.0
177.0
147.0
160.0
149.0
157.0
153.0
150.0
152.0
374.0
142.0
173.0
175.0
143.0
171.0
153.0
134.0
151.0
170.0
168.0
150.0
164.0
170.0
155.0
131.0
144.0
140.0
427.0
166.0
130.0
419.0
161.0
154.0
165.0
141.0
156.0
157.0
144.0
172.0
167.0
449.0
176.0
177.0
139.0
136.0
169.0
130.0
158.0
156.0
144.0
134.0
136.0
162.0
174.0
174.0
160.0
117.0
161.0
365.0
169.0
173.0
149.0
132.0
172.0
133.0
134.0
166.0
167.0
426.0
133.0
407.0
160.0
409.0
475.0
368.0
476.0
470.0
434.0
473.0
455.0
382.0
138.0
133.0
162.0
131.0
138.0
158.0
173.0
138.0
147.0
200.0
170.0
175.0
148.0
456.0
141.0
142.0
155.0
133.0
171.0
149.0
131.0
168.0
168.0
163.0
160.0
145.0
140.0
431.0
133.0
160.0
163.0
155.0
138.0
137.0
169.0
151.0
423.0
142.0
168.0
163.0
133.0
153.0
169.0
170.0
145.0
131.0
139.0
144.0
150.0
152.0
173.0
130.0
118.0
149.0
457.0
145.0
147.0
383.0
157.0
160.0
157.0
160.0
134.0
174.0
157.0
149.0
145.0
401.0
172.0
130.0
135.0
175.0
142.0
157.0
175.0
152.0
142.0
132.0
156.0
173.0
158.0
154.0
136.0
129.0
169.0
428.0
177.0
152.0
156.0
147.0
166.0
155.0
141.0
131.0
148.0
381.0
146.0
438.0
165.0
416.0
394.0
454.0
451.0
449.0
389.0
466.0
443.0
448.0
159.0
147.0
177.0
152.0
167.0
174.0
149.0
139.0
145.0
189.0
207.0
173.0
171.0
391.0
159.0
154.0
166.0
175.0
165.0
156.0
162.0
138.0
136.0
135.0
149.0
172.0
165.0
383.0
156.0
168.0
151.0
138.0
156.0
130.0
154.0
172.0
399.0
168.0
168.0
149.0
145.0
165.0
145.0
133.0
158.0
156.0
155.0
170.0
173.0
160.0
151.0
137.0
133.0
154.0
426.0
139.0
131.0
365.0
160.0
151.0
171.0
148.0
154.0
170.0
157.0
159.0
132.0
463.0
146.0
150.0
134.0
158.0
154.0
173.0
146.0
176.0
139.0
165.0
132.0
173.0
133.0
148.0
151.0
138.0
138.0
458.0
141.0
131.0
175.0
141.0
140.0
138.0
135.0
143.0
162.0
439.0
132.0
411.0
174.0
409.0
476.0
425.0
405.0
481.0
372.0
453.0
466.0
420.0
166.0
167.0
142.0
133.0
164.0
154.0
170.0
147.0
162.0
194.0
202.0
153.0
168.0
443.0
147.0
162.0
139.0
149.0
141.0
142.0
165.0
133.0
153.0
159.0
164.0
175.0
143.0
368.0
139.0
172.0
137.0
171.0
162.0
141.0
154.0
170.0
371.0
156.0
156.0
148.0
151.0
151.0
150.0
136.0
153.0
133.0
161.0
132.0
156.0
169.0
147.0
174.0
126.0
137.0
432.0
143.0
154.0
406.0
133.0
146.0
160.0
168.0
148.0
152.0
132.0
146.0
166.0
470.0
150.0
136.0
161.0
156.0
169.0
157.0
176.0
134.0
167.0
152.0
166.0
135.0
158.0
164.0
165.0
145.0
132.0
458.0
170.0
166.0
173.0
149.0
161.0
166.0
143.0
135.0
144.0
395.0
141.0
371.0
142.0
461.0
485.0
374.0
373.0
426.0
431.0
472.0
391.0
382.0
165.0
158.0
131.0
153.0
145.0
153.0
131.0
141.0
176.0
186.0
200.0
148.0
146.0
430.0
148.0
176.0
156.0
176.0
137.0
175.0
152.0
130.0
174.0
158.0
171.0
152.0
133.0
439.0
140.0
171.0
176.0
169.0
148.0
140.0
130.0
160.0
464.0
167.0
148.0
165.0
168.0
147.0
130.0
139.0
148.0
150.0
151.0
144.0
137.0
132.0
138.0
140.0
122.0
157.0
372.0
155.0
150.0
440.0
163.0
136.0
133.0
147.0
166.0
146.0
136.0
135.0
176.0
477.0
160.0
153.0
130.0
137.0
141.0
143.0
148.0
138.0
148.0
151.0
154.0
171.0
147.0
152.0
134.0
133.0
134.0
484.0
164.0
175.0
131.0
131.0
150.0
143.0
142.0
132.0
143.0
453.0
144.0
376.0
154.0
408.0
457.0
467.0
461.0
424.0
445.0
428.0
395.0
385.0
175.0
152.0
140.0
155.0
163.0
175.0
161.0
143.0
166.0
153.0
170.0
157.0
175.0
450.0
161.0
134.0
153.0
160.0
176.0
158.0
166.0
132.0
174.0
138.0
154.0
140.0
153.0
369.0
146.0
174.0
153.0
174.0
155.0
173.0
163.0
176.0
429.0
170.0
141.0
168.0
133.0
162.0
138.0
147.0
174.0
165.0
141.0
156.0
154.0
133.0
154.0
162.0
128.0
175.0
489.0
149.0
163.0
445.0
168.0
157.0
153.0
147.0
141.0
141.0
172.0
168.0
133.0
455.0
144.0
132.0
139.0
146.0
141.0
158.0
176.0
162.0
154.0
172.0
173.0
159.0
166.0
143.0
149.0
126.0
157.0
487.0
135.0
133.0
165.0
142.0
151.0
132.0
145.0
155.0
147.0
460.0
162.0
482.0
134.0
370.0
426.0
378.0
443.0
391.0
432.0
407.0
414.0
394.0
165.0
136.0
133.0
143.0
164.0
152.0
153.0
176.0
168.0
168.0
169.0
138.0
145.0
470.0
170.0
173.0
167.0
177.0
131.0
139.0
172.0
155.0
154.0
145.0
166.0
145.0
162.0
455.0
164.0
150.0
155.0
137.0
161.0
172.0
130.0
154.0
442.0
176.0
148.0
163.0
137.0
151.0
150.0
169.0
174.0
148.0
163.0
176.0
133.0
145.0
137.0
148.0
133.0
168.0
467.0
162.0
164.0
442.0
143.0
137.0
162.0
146.0
155.0
177.0
165.0
135.0
162.0
415.0
166.0
146.0
139.0
165.0
170.0
136.0
166.0
138.0
149.0
157.0
152.0
155.0
137.0
134.0
131.0
118.0
131.0
432.0
153.0
144.0
148.0
162.0
155.0
131.0
169.0
156.0
133.0
464.0
157.0
391.0
135.0
375.0
409.0
421.0
477.0
392.0
470.0
406.0
445.0
422.0
151.0
155.0
172.0
145.0
145.0
169.0
169.0
153.0
168.0
167.0
201.0
145.0
161.0
366.0
143.0
172.0
165.0
157.0
170.0
177.0
143.0
137.0
175.0
171.0
164.0
146.0
169.0
402.0
136.0
142.0
168.0
132.0
137.0
170.0
157.0
162.0
453.0
137.0
134.0
153.0
169.0
151.0
149.0
171.0
176.0
173.0
162.0
151.0
161.0
176.0
141.0
164.0
115.0
151.0
367.0
139.0
131.0
427.0
154.0
137.0
160.0
153.0
137.0
154.0
153.0
168.0
152.0
411.0
163.0
165.0
144.0
150.0
134.0
143.0
146.0
140.0
163.0
152.0
163.0
158.0
130.0
148.0
162.0
134.0
170.0
391.0
172.0
161.0
167.0
160.0
168.0
131.0
151.0
175.0
135.0
439.0
175.0
389.0
150.0
471.0
462.0
415.0
415.0
471.0
390.0
471.0
381.0
443.0
167.0
161.0
159.0
151.0
173.0
158.0
143.0
162.0
157.0
162.0
166.0
138.0
146.0
491.0
163.0
144.0
150.0
175.0
141.0
141.0
177.0
155.0
164.0
131.0
160.0
132.0
145.0
411.0
172.0
133.0
136.0
153.0
140.0
147.0
158.0
145.0
467.0
154.0
148.0
174.0
176.0
164.0
160.0
167.0
148.0
130.0
164.0
150.0
168.0
139.0
163.0
165.0
135.0
172.0
439.0
160.0
135.0
468.0
155.0
133.0
153.0
174.0
175.0
148.0
156.0
149.0
141.0
481.0
167.0
142.0
130.0
168.0
131.0
174.0
170.0
174.0
158.0
167.0
153.0
132.0
161.0
170.0
171.0
135.0
164.0
385.0
164.0
176.0
150.0
175.0
156.0
140.0
158.0
141.0
137.0
373.0
155.0
436.0
132.0
371.0
420.0
382.0
420.0
419.0
412.0
441.0
427.0
398.0
133.0
165.0
145.0
131.0
152.0
155.0
168.0
159.0
131.0
202.0
202.0
132.0
171.0
373.0
152.0
150.0
152.0
171.0
159.0
152.0
154.0
156.0
131.0
135.0
132.0
165.0
165.0
453.0
132.0
143.0
155.0
171.0
170.0
172.0
161.0
149.0
445.0
149.0
168.0
132.0
140.0
149.0
149.0
158.0
142.0
174.0
154.0
162.0
158.0
162.0
141.0
167.0
113.0
139.0
384.0
162.0
146.0
482.0
147.0
139.0
168.0
143.0
169.0
137.0
155.0
164.0
160.0
427.0
174.0
136.0
174.0
152.0
159.0
169.0
159.0
136.0
154.0
162.0
156.0
146.0
142.0
157.0
145.0
129.0
147.0
406.0
175.0
167.0
176.0
166.0
153.0
148.0
169.0
166.0
161.0
487.0
165.0
406.0
161.0
481.0
397.0
494.0
434.0
476.0
469.0
373.0
431.0
488.0
136.0
163.0
160.0
141.0
134.0
156.0
138.0
139.0
177.0
200.0
153.0
173.0
176.0
471.0
166.0
151.0
136.0
162.0
141.0
154.0
162.0
147.0
169.0
156.0
173.0
169.0
169.0
452.0
176.0
176.0
141.0
139.0
167.0
167.0
155.0
157.0
427.0
165.0
162.0
138.0
142.0
170.0
154.0
130.0
148.0
174.0
163.0
151.0
139.0
174.0
141.0
158.0
138.0
137.0
446.0
163.0
143.0
378.0
145.0
170.0
159.0
140.0
158.0
170.0
171.0
137.0
140.0
380.0
143.0
148.0
163.0
168.0
164.0
152.0
165.0
152.0
166.0
148.0
144.0
144.0
147.0
141.0
147.0
130.0
157.0
447.0
144.0
131.0
146.0
130.0
153.0
168.0
175.0
147.0
159.0
468.0
173.0
413.0
154.0
381.0
381.0
481.0
466.0
488.0
476.0
374.0
451.0
397.0
162.0
170.0
154.0
169.0
155.0
144.0
170.0
170.0
156.0
179.0
176.0
157.0
136.0
411.0
139.0
155.0
156.0
130.0
132.0
168.0
141.0
154.0
151.0
149.0
140.0
174.0
154.0
480.0
152.0
144.0
151.0
172.0
142.0
153.0
165.0
169.0
437.0
169.0
131.0
135.0
149.0
133.0
157.0
169.0
147.0
165.0
141.0
157.0
166.0
161.0
174.0
161.0
127.0
135.0
493.0
144.0
159.0
412.0
138.0
146.0
144.0
172.0
174.0
151.0
165.0
176.0
155.0
364.0
171.0
150.0
167.0
138.0
137.0
155.0
159.0
168.0
174.0
152.0
173.0
132.0
145.0
170.0
133.0
113.0
166.0
391.0
149.0
169.0
174.0
146.0
140.0
157.0
153.0
130.0
141.0
449.0
177.0
428.0
173.0
377.0
485.0
474.0
386.0
442.0
440.0
464.0
423.0
490.0
149.0
161.0
156.0
167.0
171.0
139.0
161.0
164.0
133.0
176.0
200.0
159.0
167.0
401.0
168.0
144.0
138.0
177.0
144.0
170.0
132.0
166.0
131.0
171.0
168.0
168.0
173.0
444.0
167.0
154.0
150.0
145.0
158.0
141.0
132.0
139.0
419.0
145.0
163.0
153.0
172.0
173.0
131.0
177.0
145.0
177.0
148.0
169.0
177.0
159.0
143.0
135.0
135.0
137.0
449.0
137.0
164.0
389.0
173.0
136.0
160.0
146.0
173.0
153.0
133.0
131.0
143.0
422.0
131.0
130.0
159.0
138.0
139.0
153.0
150.0
175.0
169.0
158.0
135.0
132.0
158.0
176.0
143.0
119.0
156.0
440.0
166.0
169.0
156.0
176.0
167.0
165.0
150.0
165.0
168.0
449.0
163.0
452.0
170.0
417.0
380.0
384.0
462.0
465.0
478.0
435.0
381.0
395.0
140.0
159.0
155.0
152.0
139.0
155.0
163.0
156.0
161.0
189.0
206.0
174.0
148.0
399.0
150.0
171.0
144.0
131.0
134.0
159.0
139.0
166.0
151.0
164.0
143.0
169.0
174.0
413.0
145.0
139.0
143.0
148.0
152.0
131.0
176.0
140.0
375.0
142.0
172.0
153.0
169.0
163.0
136.0
161.0
175.0
149.0
154.0
161.0
167.0
156.0
147.0
170.0
136.0
169.0
419.0
168.0
155.0
402.0
174.0
143.0
170.0
142.0
153.0
163.0
146.0
141.0
137.0
379.0
141.0
154.0
161.0
135.0
172.0
162.0
170.0
149.0
146.0
174.0
133.0
133.0
149.0
157.0
147.0
134.0
172.0
411.0
147.0
172.0
130.0
132.0
132.0
174.0
147.0
141.0
154.0
406.0
165.0
382.0
163.0
457.0
459.0
389.0
455.0
403.0
487.0
407.0
369.0
457.0
149.0
160.0
173.0
174.0
137.0
147.0
152.0
159.0
148.0
201.0
184.0
135.0
152.0
474.0
163.0
132.0
167.0
152.0
162.0
142.0
147.0
138.0
160.0
143.0
145.0
163.0
144.0
477.0
177.0
140.0
150.0
151.0
142.0
157.0
145.0
175.0
367.0
142.0
143.0
162.0
150.0
175.0
158.0
149.0
168.0
164.0
167.0
159.0
160.0
130.0
154.0
150.0
117.0
144.0
366.0
169.0
130.0
491.0
164.0
153.0
152.0
161.0
132.0
164.0
173.0
135.0
150.0
459.0
157.0
160.0
135.0
138.0
168.0
138.0
170.0
164.0
158.0
134.0
147.0
172.0
155.0
168.0
139.0
136.0
170.0
371.0
147.0
141.0
155.0
156.0
168.0
167.0
164.0
168.0
171.0
489.0
167.0
366.0
168.0
468.0
412.0
491.0
439.0
415.0
410.0
401.0
493.0
477.0
159.0
160.0
138.0
152.0
165.0
160.0
135.0
158.0
158.0
188.0
163.0
137.0
174.0
446.0
153.0
146.0
158.0
165.0
140.0
173.0
136.0
147.0
133.0
162.0
162.0
172.0
132.0
418.0
150.0
136.0
158.0
162.0
147.0
153.0
134.0
143.0
459.0
138.0
149.0
138.0
144.0
170.0
159.0
137.0
130.0
176.0
147.0
164.0
172.0
147.0
149.0
165.0
141.0
161.0
401.0
173.0
168.0
380.0
141.0
141.0
151.0
164.0
159.0
130.0
160.0
139.0
162.0
453.0
161.0
130.0
153.0
133.0
148.0
137.0
169.0
161.0
175.0
135.0
134.0
155.0
130.0
157.0
139.0
151.0
143.0
475.0
157.0
177.0
168.0
162.0
162.0
166.0
151.0
143.0
173.0
455.0
131.0
457.0
168.0
419.0
487.0
454.0
437.0
384.0
379.0
463.0
448.0
366.0
169.0
139.0
136.0
151.0
146.0
141.0
146.0
158.0
131.0
171.0
187.0
157.0
171.0
458.0
147.0
169.0
160.0
141.0
168.0
164.0
149.0
155.0
132.0
164.0
165.0
166.0
139.0
406.0
143.0
158.0
132.0
158.0
132.0
139.0
134.0
138.0
484.0
137.0
139.0
131.0
139.0
132.0
141.0
147.0
175.0
161.0
137.0
141.0
171.0
144.0
160.0
135.0
134.0
158.0
401.0
141.0
156.0
462.0
168.0
158.0
159.0
147.0
161.0
162.0
132.0
168.0
146.0
443.0
173.0
139.0
135.0
142.0
160.0
149.0
170.0
138.0
142.0
142.0
146.0
168.0
139.0
151.0
139.0
113.0
161.0
420.0
143.0
139.0
162.0
142.0
140.0
135.0
149.0
156.0
147.0
442.0
160.0
435.0
155.0
460.0
378.0
403.0
369.0
457.0
401.0
417.0
368.0
366.0
166.0
155.0
141.0
150.0
149.0
177.0
148.0
172.0
168.0
