60 10 108
33183.5
30541.5
29619.5
34363.5
34947.5
35414.5
32217.5
31938.5
34613.5
32853.5
31366.5
35549.5
33982.5
33303.5
33470.5
30421.5
30188.5
35688.5
35503.5
32929.5
34882.5
32230.5
29346.5
31452.5
32900.5
34632.5
30686.5
34411.5
28985.5
36394.5
36163.5
31840.5
33008.5
29941.5
33693.5
34557.5
34400.5
35414.5
34380.5
30440.5
35869.5
29484.5
30087.5
29932.5
29254.5
34568.5
30533.5
35576.5
35723.5
29501.5
30914.5
35506.5
29807.5
35057.5
33635.5
29999.5
31766.5
32724.5
32916.5
32886.5
0.016817700870194897
0.015401955527866967
0.017938156114616195
0.016060330983046132
0.019032887254870068
0.013663618887969539
0.01826393850280253
0.014016420935759501
0.01684197046285334
0.01664665257092062
0.019718384745320956
0.014858164025498215
0.01948410564785233
0.014728308722730038
0.019796380760717002
0.014956554414371501
0.01692283707486895
0.015581567599838383
0.017948910225030125
0.015162458357528549
0.01814599040904538
0.01600449620769466
0.017633952729010863
0.016204646539985004
0.01936933548187037
0.013533005255383455
0.01894421834492596
0.013485837484526184
0.019871173486657102
0.014975574682056417
0.017522269095302235
0.015991821669169373
0.01980283786348344
0.015802137338238008
0.01714350098768114
0.013686934862057076
0.018542106946191596
0.01600876431214376
0.017621546549326222
0.013989857219913183
0.01731602823583037
0.014665081195762203
0.019902249636556894
0.01404024507042009
0.019249995680467778
0.013499131288790633
0.019694782769685257
0.014812411935905427
0.017034423943338553
0.01625135491449512
0.01974173457535984
0.015707139469963938
0.019705704526640777
0.015135473968209738
0.018854082858162098
0.014056739723143058
0.01894763178223058
0.015246022911731546
0.019798557416821523
0.008219896947167293
126.0
114.0
122.0
118.0
120.0
107.0
126.0
114.0
115.0
112.0
1544.0
8.0
755.0
781.0
45.0
310.0
1537.0
20.0
767.0
774.0
484.0
1261.0
34.0
552.0
118.0
178.0
44.0
334.0
259.0
387.0
59.0
319.0
508.0
268.0
70.0
241.0
81.0
279.0
29.0
375.0
161.0
775.0
1325.0
589.0
353.0
1194.0
277.0
151.0
854.0
5369.0
5724.0
123.0
168.0
316.0
47.0
29.0
191.0
226.0
192.0
528.0
359.0
78.0
66.0
26.0
125.0
32.0
18.0
176.0
904.0
51.0
119.0
66.0
42.0
165.0
144.0
75.0
164.0
140.0
783.0
37.0
21.0
26.0
30.0
8.0
75.0
274.0
108.0
71.0
86.0
58.0
40.0
83.0
154.0
47.0
27.0
56.0
155.0
171.0
111.0
81.0
133.0
44.0
62.0
1593.0
55.0
58.0
65.0
24.0
157.0
277.0
32.0
262.0
121.0
244.0
75.0
135.0
770.0
225.0
66.0
1276.0
132.0
125.0
69.0
88.0
112.0
20.0
248.0
201.0
486.0
1231.0
35.0
549.0
110.0
184.0
47.0
328.0
261.0
397.0
56.0
302.0
544.0
282.0
75.0
246.0
75.0
290.0
27.0
353.0
165.0
842.0
1348.0
574.0
359.0
1179.0
284.0
147.0
823.0
5301.0
5940.0
123.0
160.0
332.0
49.0
29.0
190.0
223.0
193.0
498.0
361.0
73.0
67.0
25.0
117.0
31.0
19.0
171.0
822.0
53.0
129.0
61.0
45.0
162.0
150.0
70.0
157.0
148.0
735.0
35.0
19.0
24.0
32.0
8.0
69.0
252.0
109.0
72.0
86.0
56.0
38.0
81.0
144.0
49.0
27.0
55.0
152.0
173.0
108.0
85.0
134.0
45.0
63.0
1565.0
57.0
57.0
68.0
24.0
151.0
282.0
31.0
271.0
129.0
247.0
75.0
129.0
830.0
223.0
67.0
1192.0
133.0
124.0
70.0
90.0
120.0
19.0
255.0
193.0
513.0
1219.0
36.0
550.0
116.0
181.0
47.0
331.0
259.0
378.0
60.0
303.0
519.0
289.0
73.0
244.0
75.0
277.0
28.0
373.0
170.0
829.0
1350.0
574.0
347.0
1114.0
274.0
144.0
826.0
5257.0
5740.0
127.0
163.0
304.0
51.0
28.0
180.0
224.0
193.0
531.0
358.0
72.0
66.0
26.0
117.0
31.0
19.0
165.0
821.0
50.0
123.0
64.0
43.0
151.0
140.0
73.0
153.0
144.0
765.0
37.0
20.0
26.0
31.0
8.0
75.0
266.0
110.0
69.0
89.0
59.0
39.0
87.0
153.0
49.0
27.0
53.0
153.0
170.0
101.0
84.0
129.0
48.0
61.0
1613.0
55.0
58.0
70.0
25.0
158.0
284.0
31.0
267.0
118.0
237.0
78.0
135.0
793.0
224.0
67.0
1164.0
122.0
127.0
68.0
90.0
119.0
19.0
250.0
187.0
483.0
1218.0
34.0
538.0
115.0
182.0
47.0
351.0
269.0
378.0
56.0
297.0
528.0
287.0
69.0
236.0
82.0
298.0
27.0
373.0
173.0
773.0
1322.0
578.0
359.0
1152.0
297.0
159.0
813.0
5127.0
5459.0
131.0
168.0
306.0
51.0
28.0
188.0
212.0
193.0
487.0
365.0
79.0
61.0
26.0
123.0
33.0
20.0
166.0
851.0
50.0
129.0
63.0
44.0
159.0
145.0
74.0
154.0
146.0
762.0
35.0
21.0
25.0
30.0
8.0
70.0
270.0
110.0
67.0
87.0
56.0
39.0
85.0
146.0
49.0
25.0
55.0
162.0
161.0
107.0
79.0
132.0
44.0
66.0
1594.0
56.0
57.0
69.0
26.0
151.0
295.0
31.0
265.0
120.0
247.0
80.0
130.0
782.0
224.0
68.0
1258.0
133.0
126.0
71.0
93.0
119.0
19.0
253.0
201.0
497.0
1310.0
36.0
516.0
114.0
176.0
47.0
344.0
269.0
386.0
58.0
295.0
542.0
276.0
75.0
248.0
81.0
283.0
28.0
354.0
164.0
784.0
1383.0
557.0
355.0
1195.0
278.0
157.0
819.0
5094.0
5879.0
128.0
158.0
319.0
50.0
29.0
187.0
226.0
185.0
517.0
341.0
72.0
63.0
26.0
126.0
33.0
20.0
162.0
842.0
53.0
128.0
63.0
46.0
154.0
140.0
75.0
161.0
153.0
739.0
35.0
20.0
25.0
32.0
8.0
73.0
262.0
109.0
74.0
83.0
54.0
40.0
87.0
148.0
46.0
25.0
55.0
161.0
168.0
108.0
79.0
130.0
44.0
62.0
1594.0
59.0
55.0
65.0
26.0
153.0
280.0
32.0
281.0
123.0
257.0
82.0
134.0
824.0
220.0
65.0
1171.0
130.0
122.0
67.0
91.0
111.0
19.0
266.0
202.0
481.0
1228.0
35.0
511.0
114.0
192.0
48.0
331.0
265.0
371.0
59.0
304.0
537.0
284.0
71.0
239.0
76.0
281.0
28.0
347.0
158.0
840.0
1307.0
544.0
337.0
1118.0
275.0
149.0
861.0
5139.0
5848.0
128.0
171.0
336.0
47.0
29.0
177.0
209.0
189.0
486.0
354.0
78.0
66.0
25.0
128.0
33.0
19.0
179.0
891.0
49.0
123.0
64.0
45.0
158.0
149.0
73.0
156.0
151.0
743.0
37.0
20.0
26.0
30.0
8.0
69.0
275.0
109.0
74.0
86.0
59.0
39.0
88.0
152.0
47.0
26.0
57.0
150.0
170.0
104.0
80.0
131.0
47.0
61.0
1568.0
59.0
58.0
64.0
25.0
163.0
273.0
31.0
285.0
125.0
253.0
76.0
133.0
751.0
225.0
65.0
1229.0
129.0
126.0
73.0
90.0
115.0
20.0
246.0
207.0
489.0
1344.0
34.0
530.0
110.0
181.0
44.0
327.0
267.0
380.0
57.0
313.0
540.0
294.0
71.0
234.0
82.0
289.0
29.0
356.0
162.0
836.0
1351.0
578.0
336.0
1149.0
289.0
151.0
845.0
5265.0
5927.0
123.0
166.0
326.0
49.0
29.0
177.0
213.0
190.0
534.0
344.0
73.0
67.0
26.0
119.0
31.0
19.0
177.0
825.0
50.0
121.0
64.0
45.0
158.0
147.0
73.0
164.0
139.0
724.0
36.0
19.0
25.0
30.0
8.0
72.0
266.0
104.0
67.0
91.0
55.0
38.0
89.0
150.0
45.0
25.0
54.0
153.0
171.0
101.0
79.0
138.0
46.0
64.0
1551.0
59.0
57.0
67.0
25.0
152.0
291.0
31.0
275.0
125.0
242.0
80.0
131.0
794.0
204.0
66.0
1180.0
131.0
126.0
71.0
92.0
115.0
20.0
249.0
190.0
490.0
1256.0
35.0
510.0
113.0
180.0
46.0
344.0
250.0
393.0
61.0
312.0
555.0
292.0
76.0
244.0
82.0
274.0
28.0
370.0
164.0
827.0
1380.0
584.0
344.0
1162.0
291.0
146.0
809.0
5444.0
5928.0
128.0
160.0
307.0
48.0
28.0
193.0
213.0
187.0
487.0
372.0
76.0
67.0
25.0
116.0
33.0
20.0
172.0
879.0
52.0
129.0
63.0
46.0
164.0
150.0
73.0
156.0
143.0
786.0
37.0
21.0
25.0
31.0
8.0
75.0
269.0
108.0
71.0
88.0
55.0
39.0
89.0
141.0
45.0
26.0
55.0
154.0
171.0
104.0
85.0
136.0
45.0
67.0
1649.0
59.0
59.0
69.0
25.0
166.0
278.0
33.0
261.0
123.0
256.0
79.0
128.0
817.0
224.0
68.0
1209.0
124.0
125.0
69.0
92.0
114.0
20.0
266.0
206.0
496.0
1303.0
34.0
543.0
116.0
176.0
46.0
323.0
263.0
394.0
57.0
306.0
543.0
267.0
72.0
233.0
82.0
281.0
28.0
340.0
172.0
820.0
1309.0
565.0
353.0
1122.0
297.0
148.0
860.0
5025.0
5529.0
123.0
171.0
304.0
51.0
29.0
183.0
221.0
186.0
482.0
340.0
76.0
65.0
27.0
116.0
31.0
20.0
172.0
824.0
50.0
126.0
61.0
46.0
166.0
151.0
72.0
160.0
144.0
725.0
36.0
20.0
25.0
32.0
8.0
76.0
265.0
108.0
69.0
88.0
58.0
40.0
88.0
145.0
48.0
27.0
58.0
158.0
170.0
105.0
86.0
139.0
46.0
65.0
1590.0
54.0
59.0
68.0
24.0
166.0
282.0
33.0
260.0
128.0
255.0
79.0
132.0
810.0
211.0
68.0
1260.0
133.0
124.0
69.0
94.0
116.0
19.0
271.0
200.0
508.0
1249.0
33.0
515.0
120.0
178.0
44.0
321.0
261.0
391.0
60.0
289.0
553.0
280.0
73.0
244.0
77.0
293.0
27.0
348.0
171.0
783.0
1311.0
558.0
355.0
1122.0
273.0
157.0
823.0
5294.0
5774.0
121.0
165.0
315.0
49.0
28.0
191.0
218.0
179.0
497.0
367.0
75.0
63.0
25.0
128.0
31.0
20.0
163.0
884.0
53.0
125.0
65.0
46.0
156.0
145.0
74.0
159.0
141.0
767.0
37.0
21.0
26.0
32.0
8.0
71.0
274.0
113.0
74.0
86.0
56.0
40.0
84.0
152.0
45.0
27.0
54.0
150.0
174.0
104.0
87.0
131.0
46.0
63.0
1636.0
59.0
59.0
71.0
26.0
162.0
288.0
32.0
288.0
125.0
255.0
76.0
131.0
810.0
209.0
67.0
1217.0
131.0
121.0
73.0
86.0
112.0
20.0
262.0
201.0
478.0
1239.0
34.0
517.0
111.0
191.0
44.0
318.0
246.0
394.0
60.0
297.0
531.0
267.0
76.0
248.0
79.0
302.0
29.0
344.0
161.0
768.0
1264.0
560.0
329.0
1161.0
284.0
151.0
833.0
5245.0
5839.0
119.0
158.0
334.0
47.0
28.0
187.0
223.0
177.0
528.0
369.0
72.0
61.0
27.0
126.0
32.0
20.0
179.0
814.0
49.0
120.0
64.0
43.0
152.0
143.0
76.0
158.0
148.0
745.0
36.0
20.0
25.0
30.0
8.0
71.0
270.0
109.0
74.0
91.0
56.0
41.0
84.0
145.0
48.0
25.0
54.0
156.0
169.0
105.0
81.0
131.0
46.0
65.0
1547.0
56.0
57.0
70.0
26.0
167.0
291.0
32.0
286.0
120.0
248.0
82.0
141.0
816.0
212.0
69.0
1192.0
129.0
123.0
70.0
90.0
117.0
19.0
262.0
187.0
471.0
1241.0
36.0
524.0
119.0
175.0
48.0
320.0
269.0
390.0
60.0
305.0
557.0
280.0
73.0
236.0
79.0
282.0
29.0
343.0
167.0
764.0
1307.0
573.0
347.0
1079.0
300.0
146.0
840.0
5061.0
5885.0
125.0
162.0
307.0
51.0
29.0
181.0
206.0
196.0
523.0
374.0
78.0
61.0
27.0
120.0
33.0
19.0
171.0
883.0
51.0
118.0
62.0
46.0
161.0
142.0
70.0
158.0
152.0
729.0
37.0
21.0
25.0
31.0
8.0
71.0
277.0
106.0
73.0
90.0
54.0
41.0
85.0
147.0
47.0
25.0
56.0
160.0
164.0
111.0
83.0
136.0
48.0
67.0
1651.0
58.0
59.0
67.0
24.0
165.0
288.0
30.0
286.0
119.0
242.0
78.0
132.0
815.0
209.0
71.0
1194.0
131.0
115.0
73.0
93.0
114.0
20.0
254.0
192.0
474.0
1296.0
35.0
515.0
116.0
174.0
46.0
345.0
257.0
375.0
56.0
318.0
548.0
290.0
74.0
252.0
77.0
288.0
29.0
372.0
167.0
801.0
1358.0
600.0
342.0
1092.0
285.0
155.0
823.0
5395.0
5825.0
127.0
166.0
316.0
49.0
27.0
192.0
220.0
189.0
514.0
375.0
75.0
61.0
26.0
125.0
33.0
20.0
174.0
823.0
51.0
119.0
63.0
46.0
161.0
150.0
69.0
167.0
147.0
791.0
38.0
20.0
25.0
31.0
8.0
70.0
252.0
111.0
68.0
88.0
55.0
39.0
85.0
142.0
49.0
25.0
56.0
163.0
169.0
104.0
87.0
135.0
45.0
66.0
1623.0
56.0
56.0
70.0
25.0
163.0
273.0
31.0
272.0
129.0
251.0
78.0
134.0
801.0
220.0
68.0
1274.0
132.0
116.0
70.0
87.0
122.0
19.0
265.0
191.0
518.0
1303.0
35.0
554.0
109.0
175.0
46.0
343.0
249.0
375.0
58.0
295.0
550.0
275.0
69.0
248.0
79.0
291.0
29.0
347.0
159.0
816.0
1276.0
566.0
357.0
1137.0
284.0
155.0
866.0
5086.0
5695.0
128.0
166.0
322.0
49.0
27.0
183.0
204.0
183.0
497.0
340.0
75.0
67.0
26.0
116.0
32.0
19.0
176.0
901.0
49.0
128.0
67.0
43.0
156.0
143.0
76.0
157.0
144.0
770.0
38.0
21.0
26.0
30.0
8.0
73.0
273.0
109.0
69.0
85.0
58.0
40.0
81.0
152.0
46.0
25.0
58.0
150.0
160.0
110.0
79.0
138.0
47.0
66.0
1617.0
57.0
54.0
69.0
25.0
166.0
298.0
33.0
277.0
122.0
246.0
76.0
141.0
758.0
225.0
65.0
1244.0
133.0
127.0
72.0
91.0
112.0
18.0
265.0
202.0
501.0
1230.0
35.0
528.0
115.0
193.0
44.0
341.0
258.0
401.0
58.0
314.0
513.0
295.0
76.0
232.0
78.0
296.0
28.0
365.0
161.0
815.0
1383.0
583.0
350.0
1086.0
272.0
148.0
836.0
5016.0
5626.0
123.0
162.0
305.0
49.0
29.0
191.0
226.0
190.0
533.0
340.0
75.0
62.0
25.0
116.0
33.0
19.0
163.0
845.0
51.0
126.0
62.0
43.0
154.0
142.0
75.0
165.0
143.0
758.0
36.0
21.0
24.0
32.0
8.0
71.0
264.0
102.0
71.0
85.0
58.0
41.0
89.0
148.0
46.0
27.0
56.0
163.0
174.0
101.0
82.0
136.0
48.0
66.0
1598.0
56.0
58.0
69.0
26.0
160.0
299.0
30.0
277.0
118.0
259.0
80.0
135.0
800.0
214.0
69.0
1260.0
123.0
126.0
71.0
89.0
118.0
19.0
269.0
189.0
493.0
1230.0
36.0
543.0
117.0
187.0
47.0
342.0
260.0
392.0
61.0
299.0
541.0
291.0
72.0
240.0
78.0
290.0
27.0
372.0
173.0
822.0
1341.0
593.0
351.0
1158.0
291.0
152.0
868.0
4991.0
5954.0
129.0
160.0
325.0
48.0
28.0
183.0
213.0
190.0
497.0
367.0
78.0
61.0
25.0
118.0
31.0
19.0
162.0
836.0
52.0
124.0
63.0
46.0
167.0
148.0
69.0
154.0
146.0
784.0
35.0
21.0
25.0
29.0
8.0
71.0
274.0
110.0
73.0
83.0
58.0
40.0
82.0
154.0
45.0
26.0
54.0
152.0
175.0
104.0
79.0
137.0
47.0
66.0
1605.0
58.0
56.0
69.0
26.0
165.0
275.0
30.0
283.0
124.0
247.0
82.0
140.0
790.0
204.0
70.0
1252.0
129.0
115.0
66.0
89.0
118.0
19.0
251.0
206.0
472.0
1263.0
35.0
527.0
113.0
180.0
45.0
321.0
261.0
379.0
58.0
320.0
527.0
294.0
73.0
246.0
81.0
285.0
27.0
374.0
169.0
766.0
1362.0
567.0
339.0
1083.0
288.0
146.0
870.0
5507.0
5775.0
130.0
164.0
326.0
49.0
27.0
191.0
216.0
189.0
494.0
341.0
78.0
65.0
27.0
128.0
30.0
20.0
178.0
883.0
48.0
128.0
67.0
42.0
157.0
143.0
70.0
167.0
151.0
784.0
36.0
19.0
24.0
30.0
8.0
74.0
252.0
109.0
72.0
88.0
58.0
40.0
86.0
146.0
49.0
27.0
53.0
159.0
173.0
101.0
80.0
130.0
46.0
65.0
1541.0
57.0
57.0
65.0
25.0
152.0
282.0
30.0
260.0
124.0
256.0
83.0
141.0
772.0
217.0
66.0
1225.0
125.0
115.0
66.0
86.0
117.0
18.0
251.0
197.0
507.0
1259.0
35.0
519.0
111.0
191.0
48.0
331.0
257.0
378.0
60.0
297.0
528.0
287.0
72.0
230.0
76.0
277.0
27.0
368.0
170.0
838.0
1287.0
561.0
344.0
1104.0
273.0
157.0
820.0
5403.0
5620.0
131.0
157.0
335.0
47.0
27.0
188.0
225.0
182.0
490.0
372.0
74.0
63.0
25.0
117.0
31.0
18.0
179.0
837.0
51.0
121.0
66.0
45.0
152.0
148.0
69.0
161.0
145.0
741.0
37.0
21.0
26.0
29.0
8.0
76.0
260.0
109.0
69.0
91.0
54.0
40.0
87.0
152.0
46.0
27.0
58.0
160.0
169.0
104.0
83.0
132.0
48.0
64.0
1636.0
54.0
55.0
67.0
24.0
161.0
279.0
32.0
279.0
120.0
251.0
76.0
141.0
755.0
215.0
71.0
1237.0
128.0
115.0
72.0
88.0
115.0
20.0
272.0
200.0
469.0
1226.0
35.0
549.0
113.0
187.0
46.0
332.0
246.0
397.0
59.0
305.0
552.0
271.0
72.0
253.0
79.0
280.0
28.0
366.0
156.0
841.0
1318.0
569.0
340.0
1147.0
282.0
158.0
818.0
5355.0
5607.0
130.0
170.0
320.0
50.0
28.0
176.0
223.0
193.0
482.0
355.0
78.0
67.0
27.0
126.0
32.0
20.0
165.0
873.0
50.0
130.0
65.0
43.0
166.0
147.0
76.0
156.0
146.0
754.0
36.0
19.0
24.0
32.0
8.0
73.0
264.0
113.0
70.0
88.0
55.0
38.0
81.0
149.0
48.0
25.0
55.0
162.0
173.0
109.0
82.0
133.0
45.0
62.0
1599.0
54.0
54.0
66.0
25.0
153.0
276.0
30.0
274.0
118.0
251.0
80.0
133.0
778.0
210.0
66.0
1204.0
125.0
121.0
72.0
87.0
120.0
19.0
265.0
198.0
470.0
1312.0
34.0
560.0
120.0
191.0
48.0
339.0
267.0
366.0
61.0
319.0
516.0
284.0
76.0
251.0
76.0
294.0
29.0
346.0
163.0
785.0
1255.0
597.0
330.0
1093.0
299.0
149.0
857.0
5165.0
5645.0
124.0
156.0
311.0
48.0
27.0
185.0
224.0
192.0
518.0
349.0
79.0
62.0
25.0
121.0
33.0
19.0
175.0
815.0
51.0
129.0
67.0
43.0
151.0
152.0
72.0
162.0
141.0
730.0
37.0
20.0
24.0
30.0
8.0
73.0
273.0
105.0
68.0
84.0
58.0
41.0
85.0
139.0
49.0
26.0
57.0
157.0
172.0
110.0
80.0
136.0
44.0
64.0
1518.0
55.0
58.0
68.0
24.0
162.0
276.0
33.0
262.0
118.0
258.0
79.0
139.0
788.0
211.0
67.0
1226.0
125.0
118.0
67.0
85.0
115.0
19.0
253.0
187.0
504.0
1306.0
33.0
543.0
111.0
184.0
45.0
347.0
247.0
381.0
59.0
307.0
527.0
290.0
76.0
249.0
78.0
292.0
27.0
366.0
165.0
788.0
1267.0
559.0
331.0
1144.0
279.0
157.0
821.0
5066.0
6001.0
131.0
161.0
335.0
49.0
27.0
177.0
205.0
195.0
532.0
357.0
76.0
65.0
26.0
125.0
32.0
20.0
177.0
823.0
52.0
124.0
61.0
46.0
156.0
149.0
73.0
167.0
150.0
761.0
35.0
19.0
24.0
32.0
8.0
75.0
263.0
107.0
73.0
86.0
58.0
38.0
82.0
153.0
48.0
25.0
57.0
152.0
172.0
108.0
82.0
127.0
48.0
64.0
1613.0
57.0
55.0
67.0
25.0
156.0
271.0
32.0
269.0
128.0
239.0
76.0
128.0
775.0
211.0
67.0
1211.0
132.0
125.0
73.0
90.0
110.0
19.0
272.0
191.0
470.0
1267.0
34.0
506.0
117.0
186.0
46.0
325.0
245.0
383.0
56.0
301.0
538.0
292.0
75.0
230.0
81.0
286.0
28.0
370.0
169.0
804.0
1378.0
573.0
344.0
1109.0
281.0
156.0
802.0
5370.0
5451.0
126.0
166.0
310.0
47.0
29.0
192.0
206.0
179.0
513.0
349.0
75.0
66.0
27.0
116.0
32.0
19.0
174.0
871.0
50.0
131.0
67.0
43.0
162.0
144.0
70.0
152.0
151.0
743.0
36.0
20.0
26.0
30.0
8.0
70.0
268.0
112.0
73.0
88.0
56.0
38.0
87.0
151.0
47.0
27.0
54.0
163.0
170.0
108.0
82.0
135.0
44.0
63.0
1640.0
55.0
59.0
68.0
25.0
152.0
272.0
32.0
261.0
127.0
244.0
77.0
133.0
750.0
216.0
67.0
1215.0
127.0
121.0
72.0
90.0
118.0
20.0
264.0
204.0
483.0
1351.0
33.0
539.0
111.0
187.0
47.0
323.0
270.0
399.0
61.0
291.0
522.0
281.0
69.0
249.0
82.0
301.0
27.0
362.0
173.0
819.0
1386.0
563.0
363.0
1124.0
290.0
150.0
791.0
4986.0
5868.0
131.0
167.0
305.0
51.0
27.0
190.0
226.0
194.0
505.0
348.0
79.0
67.0
27.0
128.0
30.0
20.0
168.0
835.0
51.0
118.0
63.0
43.0
167.0
154.0
70.0
155.0
147.0
799.0
36.0
20.0
25.0
32.0
8.0
75.0
260.0
107.0
74.0
87.0
54.0
39.0
88.0
149.0
47.0
25.0
58.0
159.0
160.0
105.0
84.0
134.0
48.0
67.0
1649.0
54.0
58.0
69.0
25.0
163.0
280.0
31.0
271.0
120.0
260.0
79.0
139.0
806.0
215.0
71.0
1195.0
121.0
117.0
72.0
94.0
122.0
19.0
268.0
207.0
493.0
1241.0
36.0
530.0
115.0
182.0
48.0
326.0
265.0
365.0
58.0
300.0
511.0
294.0
71.0
247.0
75.0
288.0
27.0
343.0
156.0
798.0
1261.0
562.0
343.0
1140.0
284.0
155.0
858.0
5033.0
5704.0
127.0
164.0
331.0
51.0
28.0
189.0
208.0
186.0
516.0
356.0
73.0
66.0
25.0
118.0
33.0
20.0
167.0
863.0
51.0
130.0
66.0
43.0
160.0
154.0
74.0
167.0
142.0
789.0
38.0
21.0
24.0
29.0
8.0
71.0
253.0
112.0
69.0
82.0
58.0
40.0
81.0
148.0
46.0
27.0
55.0
163.0
163.0
110.0
83.0
139.0
48.0
65.0
1633.0
55.0
55.0
68.0
26.0
159.0
279.0
33.0
288.0
124.0
260.0
82.0
133.0
787.0
222.0
66.0
1160.0
133.0
118.0
68.0
89.0
121.0
19.0
271.0
204.0
493.0
1235.0
34.0
520.0
118.0
189.0
47.0
341.0
266.0
368.0
56.0
293.0
555.0
295.0
73.0
239.0
76.0
299.0
28.0
349.0
168.0
832.0
1281.0
589.0
350.0
1147.0
274.0
146.0
813.0
5096.0
5991.0
123.0
169.0
319.0
48.0
28.0
183.0
208.0
181.0
502.0
346.0
74.0
64.0
27.0
120.0
33.0
19.0
174.0
884.0
52.0
126.0
63.0
46.0
155.0
142.0
70.0
164.0
148.0
763.0
35.0
20.0
26.0
31.0
8.0
70.0
273.0
109.0
72.0
87.0
56.0
40.0
86.0
140.0
46.0
27.0
58.0
152.0
168.0
110.0
82.0
127.0
45.0
62.0
1521.0
54.0
58.0
69.0
25.0
165.0
294.0
33.0
283.0
127.0
245.0
76.0
134.0
794.0
213.0
67.0
1245.0
124.0
116.0
69.0
88.0
120.0
20.0
258.0
205.0
468.0
1277.0
34.0
519.0
116.0
192.0
46.0
347.0
260.0
364.0
59.0
311.0
539.0
269.0
72.0
239.0
81.0
273.0
27.0
374.0
169.0
798.0
1337.0
564.0
358.0
1091.0
285.0
152.0
874.0
5230.0
5593.0
130.0
172.0
317.0
50.0
28.0
182.0
219.0
185.0
514.0
361.0
78.0
62.0
27.0
121.0
32.0
19.0
164.0
883.0
52.0
127.0
62.0
45.0
155.0
147.0
76.0
158.0
143.0
737.0
35.0
20.0
25.0
30.0
8.0
75.0
276.0
106.0
73.0
89.0
55.0
37.0
86.0
146.0
46.0
25.0
55.0
150.0
175.0
106.0
87.0
131.0
47.0
63.0
1650.0
58.0
59.0
69.0
25.0
161.0
289.0
32.0
265.0
125.0
238.0
81.0
130.0
811.0
212.0
71.0
1196.0
122.0
121.0
71.0
88.0
117.0
19.0
248.0
206.0
511.0
1271.0
35.0
559.0
113.0
187.0
48.0
341.0
249.0
370.0
57.0
301.0
551.0
274.0
69.0
240.0
74.0
285.0
28.0
362.0
159.0
781.0
1384.0
543.0
353.0
1081.0
274.0
146.0
797.0
5425.0
6010.0
122.0
169.0
307.0
50.0
28.0
192.0
211.0
187.0
524.0
342.0
79.0
64.0
25.0
121.0
31.0
20.0
171.0
848.0
50.0
127.0
66.0
43.0
159.0
149.0
75.0
162.0
153.0
738.0
36.0
21.0
26.0
32.0
8.0
76.0
268.0
105.0
74.0
86.0
56.0
40.0
82.0
152.0
47.0
27.0
55.0
162.0
175.0
110.0
85.0
135.0
47.0
61.0
1562.0
54.0
59.0
71.0
24.0
152.0
284.0
32.0
274.0
122.0
248.0
83.0
134.0
827.0
223.0
66.0
1214.0
130.0
125.0
68.0
90.0
117.0
20.0
254.0
202.0
487.0
1319.0
36.0
524.0
120.0
193.0
44.0
317.0
246.0
367.0
61.0
320.0
549.0
270.0
76.0
245.0
81.0
273.0
27.0
364.0
172.0
778.0
1278.0
572.0
329.0
1124.0
292.0
146.0
866.0
5422.0
5787.0
119.0
170.0
304.0
47.0
27.0
194.0
215.0
184.0
518.0
370.0
74.0
61.0
25.0
119.0
33.0
20.0
173.0
876.0
49.0
129.0
66.0
42.0
151.0
145.0
72.0
163.0
150.0
743.0
37.0
19.0
25.0
31.0
8.0
72.0
250.0
105.0
71.0
84.0
58.0
41.0
88.0
142.0
45.0
25.0
58.0
161.0
175.0
105.0
84.0
127.0
44.0
66.0
1527.0
58.0
59.0
69.0
26.0
154.0
298.0
32.0
282.0
120.0
249.0
80.0
133.0
777.0
224.0
67.0
1225.0
124.0
127.0
69.0
91.0
120.0
20.0
254.0
200.0
483.0
1253.0
36.0
547.0
118.0
184.0
48.0
332.0
266.0
400.0
59.0
309.0
528.0
273.0
75.0
254.0
80.0
285.0
28.0
350.0
172.0
800.0
1362.0
582.0
329.0
1177.0
298.0
153.0
853.0
5127.0
5735.0
126.0
157.0
315.0
51.0
27.0
188.0
208.0
193.0
507.0
368.0
79.0
66.0
27.0
117.0
33.0
19.0
167.0
841.0
51.0
129.0
64.0
42.0
164.0
142.0
75.0
160.0
140.0
779.0
36.0
21.0
25.0
31.0
8.0
72.0
264.0
103.0
68.0
90.0
55.0
38.0
87.0
146.0
47.0
25.0
53.0
162.0
175.0
104.0
84.0
134.0
47.0
67.0
1557.0
55.0
59.0
71.0
26.0
152.0
284.0
33.0
270.0
123.0
238.0
78.0
133.0
791.0
225.0
65.0
1244.0
125.0
127.0
70.0
91.0
119.0
20.0
264.0
196.0
509.0
1262.0
35.0
530.0
112.0
185.0
44.0
351.0
247.0
373.0
56.0
314.0
543.0
276.0
70.0
252.0
80.0
274.0
29.0
344.0
162.0
785.0
1393.0
568.0
347.0
1175.0
279.0
152.0
821.0
5503.0
5915.0
125.0
165.0
305.0
50.0
29.0
179.0
210.0
195.0
533.0
350.0
75.0
62.0
25.0
124.0
32.0
20.0
172.0
897.0
49.0
120.0
65.0
43.0
159.0
149.0
69.0
163.0
141.0
753.0
37.0
21.0
24.0
32.0
8.0
73.0
260.0
110.0
69.0
91.0
57.0
39.0
88.0
145.0
49.0
25.0
55.0
153.0
163.0
106.0
83.0
127.0
45.0
61.0
1549.0
54.0
56.0
67.0
24.0
166.0
297.0
33.0
270.0
118.0
240.0
78.0
133.0
794.0
215.0
65.0
1263.0
132.0
121.0
70.0
88.0
117.0
19.0
263.0
206.0
506.0
1300.0
35.0
523.0
115.0
186.0
46.0
341.0
247.0
372.0
58.0
311.0
531.0
278.0
69.0
247.0
82.0
284.0
29.0
339.0
167.0
790.0
1348.0
598.0
346.0
1168.0
281.0
155.0
813.0
5482.0
5649.0
122.0
168.0
327.0
50.0
27.0
188.0
220.0
192.0
512.0
341.0
74.0
67.0
25.0
120.0
30.0
20.0
172.0
884.0
51.0
122.0
63.0
44.0
158.0
155.0
71.0
168.0
142.0
738.0
38.0
20.0
25.0
31.0
8.0
71.0
252.0
107.0
68.0
88.0
57.0
41.0
82.0
153.0
48.0
26.0
54.0
151.0
164.0
104.0
84.0
130.0
47.0
65.0
1585.0
55.0
55.0
67.0
25.0
151.0
277.0
31.0
264.0
119.0
236.0
79.0
132.0
819.0
222.0
66.0
1189.0
125.0
122.0
66.0
90.0
122.0
19.0
264.0
198.0
512.0
1287.0
34.0
516.0
120.0
191.0
47.0
324.0
265.0
400.0
56.0
296.0
522.0
279.0
75.0
247.0
77.0
300.0
27.0
357.0
166.0
769.0
1361.0
551.0
328.0
1142.0
299.0
154.0
868.0
4990.0
5903.0
121.0
163.0
315.0
49.0
27.0
187.0
225.0
188.0
501.0
372.0
78.0
62.0
26.0
128.0
32.0
19.0
174.0
872.0
53.0
121.0
61.0
44.0
152.0
144.0
76.0
156.0
139.0
754.0
35.0
20.0
24.0
32.0
8.0
74.0
271.0
111.0
67.0
83.0
56.0
41.0
82.0
139.0
46.0
27.0
53.0
157.0
161.0
109.0
87.0
130.0
45.0
65.0
1599.0
54.0
56.0
71.0
26.0
160.0
286.0
32.0
285.0
128.0
244.0
82.0
136.0
780.0
204.0
68.0
1278.0
123.0
117.0
67.0
88.0
121.0
19.0
266.0
203.0
498.0
1329.0
36.0
543.0
115.0
185.0
46.0
333.0
249.0
398.0
58.0
306.0
515.0
268.0
76.0
254.0
80.0
287.0
27.0
362.0
165.0
768.0
1302.0
568.0
338.0
1107.0
278.0
152.0
829.0
5493.0
5695.0
123.0
166.0
317.0
50.0
28.0
184.0
213.0
194.0
496.0
363.0
79.0
66.0
27.0
127.0
33.0
20.0
173.0
877.0
52.0
131.0
62.0
44.0
161.0
144.0
73.0
161.0
144.0
725.0
37.0
21.0
26.0
30.0
8.0
73.0
277.0
110.0
71.0
90.0
54.0
40.0
89.0
142.0
46.0
27.0
55.0
162.0
165.0
107.0
83.0
137.0
46.0
65.0
1529.0
57.0
58.0
65.0
26.0
151.0
283.0
32.0
264.0
118.0
236.0
83.0
131.0
774.0
220.0
68.0
1190.0
131.0
122.0
67.0
86.0
112.0
20.0
256.0
193.0
485.0
1338.0
33.0
551.0
119.0
188.0
47.0
332.0
244.0
388.0
56.0
297.0
507.0
280.0
72.0
252.0
80.0
272.0
29.0
338.0
163.0
813.0
1257.0
560.0
347.0
1197.0
296.0
149.0
825.0
5175.0
5456.0
128.0
165.0
321.0
50.0
27.0
183.0
209.0
184.0
505.0
356.0
77.0
66.0
27.0
123.0
30.0
20.0
179.0
819.0
49.0
120.0
61.0
46.0
156.0
154.0
76.0
163.0
152.0
750.0
37.0
21.0
26.0
31.0
8.0
70.0
266.0
111.0
71.0
84.0
56.0
38.0
83.0
141.0
45.0
25.0
57.0
153.0
166.0
104.0
86.0
133.0
48.0
62.0
1586.0
54.0
57.0
70.0
25.0
153.0
287.0
31.0
262.0
125.0
247.0
76.0
127.0
792.0
223.0
71.0
1271.0
125.0
118.0
67.0
87.0
112.0
19.0
260.0
188.0
481.0
1250.0
35.0
524.0
115.0
186.0
48.0
336.0
250.0
395.0
59.0
306.0
535.0
269.0
72.0
232.0
76.0
292.0
29.0
370.0
159.0
765.0
1377.0
581.0
353.0
1093.0
285.0
153.0
863.0
5276.0
5672.0
131.0
166.0
312.0
50.0
28.0
192.0
215.0
187.0
491.0
339.0
79.0
66.0
26.0
128.0
33.0
20.0
178.0
829.0
50.0
119.0
65.0
45.0
162.0
155.0
71.0
154.0
146.0
790.0
36.0
19.0
26.0
31.0
8.0
71.0
277.0
103.0
73.0
91.0
54.0
40.0
87.0
154.0
49.0
27.0
55.0
153.0
171.0
104.0
80.0
139.0
45.0
64.0
1659.0
55.0
58.0
68.0
25.0
166.0
285.0
31.0
276.0
121.0
255.0
76.0
139.0
781.0
223.0
65.0
1165.0
124.0
115.0
66.0
86.0
118.0
20.0
272.0
202.0
503.0
1275.0
34.0
517.0
112.0
186.0
47.0
317.0
245.0
397.0
61.0
293.0
532.0
273.0
71.0
231.0
75.0
288.0
29.0
339.0
157.0
813.0
1311.0
552.0
335.0
1104.0
299.0
147.0
820.0
5115.0
5593.0
121.0
167.0
327.0
51.0
27.0
192.0
215.0
181.0
527.0
343.0
76.0
67.0
26.0
123.0
33.0
19.0
168.0
835.0
49.0
131.0
66.0
46.0
156.0
152.0
71.0
156.0
153.0
754.0
38.0
21.0
24.0
29.0
8.0
70.0
269.0
103.0
72.0
91.0
57.0
41.0
86.0
139.0
46.0
26.0
56.0
160.0
160.0
107.0
83.0
131.0
48.0
64.0
1584.0
58.0
59.0
68.0
25.0
152.0
287.0
33.0
273.0
129.0
257.0
83.0
129.0
808.0
205.0
64.0
1237.0
124.0
116.0
72.0
94.0
122.0
19.0
260.0
205.0
519.0
1278.0
33.0
537.0
117.0
183.0
46.0
326.0
266.0
381.0
61.0
293.0
549.0
277.0
73.0
232.0
80.0
289.0
28.0
373.0
164.0
816.0
1259.0
580.0
353.0
1166.0
294.0
159.0
803.0
5349.0
5725.0
125.0
157.0
312.0
46.0
29.0
190.0
222.0
195.0
484.0
356.0
74.0
67.0
26.0
123.0
30.0
19.0
177.0
833.0
53.0
121.0
67.0
44.0
154.0
145.0
74.0
158.0
141.0
771.0
35.0
19.0
26.0
31.0
8.0
74.0
259.0
111.0
72.0
86.0
59.0
40.0
81.0
142.0
47.0
26.0
56.0
158.0
173.0
111.0
80.0
135.0
46.0
67.0
1546.0
57.0
54.0
70.0
26.0
151.0
285.0
31.0
277.0
124.0
243.0
77.0
132.0
801.0
204.0
71.0
1180.0
125.0
126.0
66.0
94.0
118.0
20.0
253.0
201.0
492.0
1252.0
34.0
542.0
109.0
179.0
48.0
329.0
262.0
376.0
60.0
309.0
558.0
274.0
72.0
246.0
77.0
293.0
29.0
365.0
165.0
807.0
1295.0
568.0
363.0
1095.0
290.0
145.0
840.0
4995.0
5907.0
125.0
164.0
326.0
47.0
27.0
179.0
216.0
190.0
512.0
338.0
74.0
64.0
25.0
128.0
33.0
19.0
163.0
832.0
51.0
130.0
67.0
44.0
155.0
152.0
74.0
160.0
152.0
748.0
35.0
20.0
24.0
30.0
8.0
76.0
256.0
109.0
74.0
84.0
57.0
39.0
89.0
148.0
46.0
27.0
58.0
162.0
172.0
107.0
85.0
132.0
47.0
63.0
1584.0
58.0
59.0
65.0
26.0
154.0
277.0
33.0
277.0
119.0
244.0
80.0
129.0
771.0
217.0
66.0
1236.0
130.0
120.0
73.0
88.0
112.0
19.0
261.0
196.0
487.0
1340.0
33.0
559.0
119.0
183.0
46.0
347.0
248.0
363.0
57.0
302.0
527.0
282.0
70.0
233.0
82.0
299.0
28.0
363.0
168.0
828.0
1343.0
564.0
352.0
1183.0
300.0
152.0
797.0
5435.0
6026.0
128.0
157.0
331.0
47.0
29.0
179.0
216.0
180.0
488.0
342.0
73.0
61.0
27.0
122.0
33.0
19.0
179.0
844.0
50.0
119.0
67.0
46.0
167.0
147.0
70.0
165.0
139.0
724.0
38.0
21.0
25.0
29.0
8.0
76.0
252.0
106.0
74.0
85.0
59.0
40.0
85.0
150.0
49.0
25.0
55.0
154.0
166.0
106.0
84.0
132.0
44.0
66.0
1556.0
54.0
54.0
70.0
26.0
160.0
272.0
33.0
268.0
129.0
259.0
77.0
131.0
753.0
211.0
67.0
1250.0
132.0
123.0
73.0
90.0
117.0
20.0
250.0
199.0
488.0
1296.0
35.0
550.0
112.0
193.0
44.0
345.0
256.0
388.0
58.0
302.0
518.0
276.0
75.0
243.0
80.0
292.0
28.0
373.0
170.0
841.0
1311.0
580.0
353.0
1144.0
278.0
151.0
832.0
4982.0
5684.0
129.0
159.0
311.0
47.0
28.0
177.0
215.0
183.0
524.0
341.0
79.0
62.0
25.0
127.0
32.0
19.0
176.0
845.0
53.0
129.0
66.0
43.0
166.0
146.0
70.0
159.0
140.0
745.0
37.0
20.0
26.0
32.0
8.0
71.0
256.0
112.0
74.0
87.0
55.0
38.0
87.0
152.0
45.0
25.0
55.0
148.0
166.0
105.0
83.0
126.0
45.0
64.0
1621.0
55.0
56.0
66.0
26.0
158.0
298.0
31.0
264.0
130.0
246.0
76.0
140.0
756.0
210.0
67.0
1225.0
122.0
123.0
73.0
87.0
122.0
20.0
268.0
193.0
474.0
1281.0
33.0
512.0
113.0
192.0
45.0
328.0
260.0
401.0
58.0
296.0
509.0
271.0
71.0
236.0
78.0
295.0
29.0
360.0
164.0
800.0
1350.0
573.0
328.0
1094.0
277.0
148.0
801.0
5243.0
5950.0
122.0
171.0
323.0
49.0
29.0
192.0
205.0
192.0
522.0
370.0
77.0
67.0
25.0
120.0
32.0
20.0
172.0
850.0
53.0
124.0
63.0
45.0
153.0
147.0
72.0
158.0
144.0
796.0
38.0
21.0
25.0
31.0
8.0
73.0
260.0
106.0
72.0
89.0
58.0
38.0
82.0
141.0
48.0
26.0
56.0
156.0
166.0
109.0
86.0
135.0
46.0
66.0
1504.0
55.0
57.0
66.0
26.0
156.0
287.0
31.0
285.0
124.0
241.0
77.0
136.0
755.0
207.0
65.0
1259.0
130.0
124.0
73.0
85.0
114.0
19.0
258.0
191.0
483.0
1239.0
36.0
519.0
119.0
183.0
47.0
335.0
248.0
366.0
56.0
302.0
520.0
294.0
74.0
243.0
75.0
281.0
27.0
367.0
167.0
810.0
1361.0
564.0
352.0
1096.0
301.0
149.0
874.0
5389.0
5587.0
120.0
160.0
335.0
50.0
28.0
186.0
223.0
182.0
515.0
362.0
74.0
62.0
25.0
121.0
32.0
19.0
174.0
818.0
51.0
122.0
63.0
45.0
161.0
148.0
76.0
167.0
144.0
733.0
38.0
21.0
24.0
30.0
8.0
75.0
251.0
110.0
70.0
87.0
57.0
39.0
85.0
154.0
47.0
27.0
55.0
161.0
163.0
101.0
80.0
137.0
48.0
62.0
1522.0
54.0
54.0
66.0
25.0
155.0
299.0
33.0
287.0
127.0
235.0
79.0
139.0
806.0
221.0
68.0
1240.0
133.0
127.0
67.0
92.0
121.0
20.0
252.0
195.0
508.0
1244.0
36.0
545.0
109.0
179.0
45.0
338.0
243.0
386.0
57.0
298.0
526.0
266.0
71.0
244.0
78.0
274.0
29.0
358.0
161.0
834.0
1339.0
581.0
328.0
1080.0
285.0
144.0
792.0
5311.0
5459.0
123.0
157.0
327.0
47.0
29.0
189.0
210.0
189.0
517.0
360.0
74.0
67.0
26.0
118.0
32.0
19.0
162.0
833.0
52.0
129.0
66.0
46.0
161.0
141.0
73.0
167.0
148.0
801.0
35.0
21.0
26.0
30.0
8.0
72.0
259.0
112.0
72.0
88.0
56.0
40.0
82.0
145.0
49.0
25.0
56.0
163.0
162.0
105.0
81.0
137.0
47.0
62.0
1555.0
59.0
55.0
64.0
25.0
154.0
299.0
31.0
270.0
126.0
250.0
79.0
132.0
763.0
206.0
66.0
1201.0
132.0
116.0
73.0
86.0
122.0
20.0
265.0
196.0
508.0
1327.0
33.0
535.0
112.0
179.0
45.0
344.0
269.0
369.0
60.0
315.0
560.0
284.0
76.0
243.0
80.0
301.0
28.0
362.0
166.0
843.0
1335.0
552.0
337.0
1097.0
291.0
157.0
842.0
5082.0
5952.0
124.0
168.0
313.0
47.0
29.0
185.0
216.0
193.0
502.0
362.0
75.0
62.0
27.0
123.0
30.0
18.0
175.0
876.0
51.0
129.0
66.0
42.0
165.0
151.0
71.0
167.0
151.0
799.0
38.0
20.0
26.0
32.0
8.0
69.0
269.0
103.0
71.0
85.0
55.0
39.0
81.0
147.0
48.0
27.0
53.0
150.0
168.0
100.0
80.0
127.0
44.0
64.0
1520.0
56.0
54.0
65.0
25.0
155.0
289.0
31.0
261.0
130.0
252.0
75.0
132.0
818.0
208.0
70.0
1232.0
130.0
117.0
67.0
91.0
113.0
20.0
266.0
207.0
498.0
1222.0
35.0
537.0
111.0
188.0
46.0
329.0
244.0
393.0
59.0
313.0
516.0
295.0
73.0
234.0
77.0
301.0
28.0
339.0
170.0
822.0
1278.0
598.0
345.0
1131.0
275.0
150.0
802.0
5410.0
5982.0
131.0
164.0
333.0
50.0
29.0
192.0
226.0
187.0
512.0
347.0
78.0
61.0
27.0
128.0
33.0
19.0
168.0
854.0
50.0
126.0
66.0
46.0
163.0
148.0
72.0
157.0
148.0
755.0
35.0
20.0
25.0
30.0
8.0
73.0
261.0
107.0
71.0
91.0
59.0
39.0
87.0
152.0
46.0
25.0
54.0
156.0
162.0
104.0
83.0
131.0
46.0
66.0
1619.0
55.0
58.0
68.0
26.0
163.0
276.0
31.0
266.0
120.0
237.0
78.0
133.0
807.0
204.0
71.0
1286.0
130.0
115.0
69.0
93.0
122.0
20.0
254.0
200.0
509.0
1308.0
35.0
546.0
116.0
186.0
46.0
325.0
249.0
365.0
58.0
308.0
505.0
293.0
74.0
245.0
76.0
298.0
28.0
360.0
167.0
825.0
1337.0
552.0
361.0
1089.0
283.0
148.0
851.0
5064.0
5642.0
122.0
159.0
310.0
51.0
28.0
192.0
206.0
194.0
523.0
362.0
72.0
62.0
26.0
127.0
33.0
20.0
168.0
888.0
52.0
128.0
62.0
45.0
154.0
152.0
69.0
156.0
153.0
742.0
38.0
19.0
25.0
30.0
8.0
71.0
272.0
108.0
71.0
90.0
58.0
40.0
88.0
151.0
47.0
25.0
58.0
152.0
166.0
105.0
81.0
128.0
48.0
66.0
1662.0
58.0
54.0
70.0
25.0
160.0
276.0
33.0
285.0
124.0
257.0
76.0
140.0
759.0
220.0
67.0
1236.0
122.0
126.0
71.0
88.0
117.0
20.0
249.0
201.0
473.0
1337.0
34.0
518.0
120.0
180.0
48.0
324.0
266.0
385.0
59.0
311.0
505.0
268.0
70.0
233.0
76.0
291.0
29.0
355.0
158.0
767.0
1328.0
565.0
354.0
1094.0
297.0
157.0
829.0
5215.0
5650.0
125.0
159.0
336.0
49.0
27.0
194.0
207.0
188.0
504.0
372.0
72.0
64.0
27.0
125.0
30.0
19.0
169.0
845.0
49.0
122.0
62.0
45.0
162.0
154.0
69.0
159.0
153.0
803.0
38.0
20.0
25.0
31.0
8.0
75.0
259.0
112.0
73.0
85.0
56.0
39.0
88.0
151.0
45.0
26.0
56.0
156.0
175.0
106.0
87.0
139.0
44.0
67.0
1662.0
58.0
58.0
68.0
25.0
165.0
286.0
32.0
268.0
122.0
250.0
79.0
129.0
805.0
210.0
69.0
1208.0
129.0
124.0
68.0
90.0
120.0
19.0
263.0
207.0
506.0
1270.0
36.0
518.0
110.0
185.0
44.0
342.0
245.0
393.0
59.0
304.0
538.0
289.0
72.0
238.0
77.0
287.0
27.0
349.0
166.0
797.0
1289.0
570.0
342.0
1086.0
301.0
159.0
840.0
5337.0
5971.0
128.0
158.0
330.0
51.0
27.0
177.0
207.0
186.0
514.0
368.0
75.0
67.0
27.0
117.0
32.0
20.0
165.0
884.0
48.0
122.0
67.0
43.0
161.0
153.0
76.0
159.0
149.0
745.0
35.0
21.0
26.0
29.0
8.0
72.0
276.0
111.0
72.0
89.0
58.0
41.0
83.0
149.0
45.0
25.0
55.0
153.0
168.0
110.0
79.0
139.0
44.0
61.0
1580.0
55.0
56.0
69.0
25.0
161.0
291.0
33.0
261.0
126.0
235.0
80.0
129.0
762.0
205.0
65.0
1198.0
133.0
122.0
72.0
87.0
122.0
20.0
249.0
194.0
484.0
1276.0
34.0
530.0
110.0
183.0
44.0
334.0
257.0
372.0
58.0
290.0
558.0
268.0
71.0
237.0
82.0
295.0
29.0
375.0
169.0
786.0
1393.0
567.0
337.0
1110.0
284.0
159.0
836.0
5307.0
5502.0
118.0
163.0
308.0
49.0
29.0
190.0
225.0
195.0
527.0
342.0
72.0
65.0
27.0
117.0
30.0
20.0
168.0
874.0
52.0
122.0
62.0
46.0
164.0
144.0
76.0
156.0
145.0
736.0
36.0
19.0
25.0
30.0
8.0
73.0
272.0
110.0
74.0
83.0
56.0
39.0
89.0
144.0
49.0
27.0
58.0
151.0
167.0
108.0
80.0
139.0
46.0
61.0
1503.0
56.0
54.0
69.0
25.0
161.0
296.0
32.0
260.0
122.0
245.0
75.0
134.0
811.0
224.0
65.0
1212.0
133.0
120.0
71.0
87.0
114.0
19.0
258.0
189.0
505.0
1225.0
35.0
530.0
119.0
184.0
47.0
318.0
253.0
375.0
58.0
295.0
526.0
288.0
72.0
238.0
81.0
298.0
27.0
359.0
172.0
838.0
1302.0
551.0
341.0
1109.0
289.0
159.0
843.0
5273.0
5526.0
127.0
161.0
320.0
49.0
28.0
180.0
218.0
182.0
507.0
352.0
77.0
62.0
26.0
124.0
33.0
20.0
163.0
849.0
51.0
120.0
65.0
44.0
151.0
147.0
75.0
168.0
138.0
731.0
35.0
20.0
26.0
32.0
8.0
71.0
251.0
102.0
73.0
88.0
56.0
39.0
85.0
151.0
48.0
27.0
57.0
150.0
166.0
106.0
82.0
127.0
45.0
66.0
1552.0
57.0
54.0
66.0
26.0
151.0
288.0
31.0
272.0
129.0
240.0
83.0
135.0
809.0
214.0
66.0
1272.0
132.0
124.0
72.0
89.0
111.0
20.0
254.0
192.0
480.0
1275.0
35.0
513.0
111.0
181.0
46.0
327.0
260.0
365.0
56.0
312.0
537.0
271.0
75.0
239.0
77.0
292.0
29.0
373.0
159.0
813.0
1377.0
549.0
359.0
1083.0
297.0
144.0
798.0
5465.0
5821.0
124.0
169.0
324.0
51.0
28.0
190.0
212.0
193.0
507.0
373.0
75.0
63.0
27.0
118.0
31.0
19.0
178.0
861.0
50.0
125.0
67.0
43.0
159.0
142.0
72.0
162.0
151.0
745.0
38.0
20.0
25.0
32.0
8.0
72.0
267.0
106.0
70.0
85.0
54.0
38.0
82.0
148.0
47.0
27.0
56.0
160.0
171.0
107.0
83.0
126.0
45.0
65.0
1538.0
59.0
58.0
68.0
24.0
163.0
278.0
33.0
281.0
121.0
258.0
77.0
130.0
829.0
207.0
69.0
1161.0
131.0
116.0
71.0
90.0
116.0
20.0
259.0
188.0
475.0
1234.0
35.0
527.0
114.0
188.0
45.0
319.0
248.0
386.0
60.0
311.0
526.0
282.0
73.0
239.0
79.0
287.0
29.0
373.0
171.0
799.0
1327.0
551.0
337.0
1187.0
298.0
154.0
847.0
5010.0
5494.0
122.0
160.0
327.0
51.0
27.0
190.0
211.0
179.0
528.0
352.0
77.0
63.0
27.0
127.0
31.0
20.0
169.0
829.0
53.0
126.0
63.0
42.0
154.0
141.0
75.0
168.0
143.0
776.0
35.0
21.0
26.0
31.0
8.0
72.0
262.0
109.0
70.0
87.0
54.0
39.0
83.0
150.0
47.0
26.0
53.0
159.0
168.0
105.0
81.0
129.0
47.0
64.0
1605.0
57.0
55.0
66.0
25.0
161.0
281.0
31.0
263.0
123.0
247.0
77.0
138.0
794.0
207.0
68.0
1251.0
123.0
119.0
67.0
91.0
118.0
20.0
269.0
201.0
474.0
1313.0
33.0
531.0
115.0
180.0
44.0
322.0
263.0
386.0
61.0
319.0
534.0
274.0
75.0
244.0
76.0
297.0
27.0
349.0
167.0
826.0
1269.0
580.0
336.0
1146.0
292.0
144.0
840.0
5498.0
5587.0
123.0
157.0
306.0
47.0
27.0
185.0
216.0
178.0
493.0
352.0
79.0
62.0
27.0
119.0
33.0
19.0
174.0
846.0
53.0
120.0
65.0
45.0
160.0
153.0
76.0
166.0
144.0
725.0
38.0
20.0
25.0
31.0
8.0
75.0
265.0
109.0
67.0
83.0
56.0
38.0
85.0
142.0
47.0
26.0
56.0
156.0
173.0
104.0
80.0
137.0
44.0
61.0
1610.0
57.0
56.0
71.0
26.0
164.0
291.0
31.0
277.0
128.0
239.0
78.0
141.0
817.0
220.0
68.0
1270.0
121.0
115.0
71.0
89.0
111.0
20.0
245.0
191.0
500.0
1349.0
36.0
528.0
111.0
177.0
46.0
319.0
261.0
373.0
58.0
293.0
552.0
277.0
73.0
229.0
76.0
280.0
29.0
351.0
165.0
792.0
1295.0
587.0
341.0
1134.0
288.0
147.0
802.0
5377.0
5882.0
126.0
172.0
319.0
50.0
29.0
186.0
217.0
184.0
497.0
355.0
74.0
64.0
26.0
118.0
30.0
20.0
170.0
871.0
51.0
131.0
61.0
42.0
158.0
144.0
71.0
163.0
143.0
780.0
37.0
20.0
26.0
32.0
8.0
75.0
256.0
111.0
68.0
91.0
58.0
41.0
83.0
151.0
45.0
26.0
58.0
154.0
175.0
102.0
85.0
131.0
44.0
67.0
1563.0
56.0
57.0
64.0
24.0
151.0
286.0
33.0
271.0
128.0
246.0
78.0
133.0
833.0
206.0
71.0
1240.0
124.0
119.0
71.0
87.0
113.0
19.0
254.0
207.0
473.0
1307.0
35.0
512.0
116.0
192.0
46.0
324.0
247.0
383.0
60.0
312.0
550.0
279.0
73.0
247.0
77.0
281.0
28.0
361.0
161.0
784.0
1374.0
572.0
337.0
1150.0
284.0
147.0
806.0
5026.0
5954.0
127.0
172.0
325.0
49.0
29.0
193.0
219.0
179.0
511.0
360.0
78.0
62.0
25.0
122.0
30.0
19.0
168.0
885.0
51.0
120.0
65.0
46.0
156.0
155.0
69.0
155.0
148.0
729.0
35.0
20.0
25.0
32.0
8.0
69.0
266.0
102.0
67.0
90.0
55.0
39.0
86.0
149.0
48.0
26.0
54.0
153.0
163.0
104.0
85.0
134.0
44.0
67.0
1636.0
55.0
58.0
71.0
24.0
157.0
286.0
33.0
287.0
128.0
239.0
80.0
139.0
758.0
214.0
66.0
1237.0
132.0
116.0
69.0
88.0
122.0
19.0
267.0
200.0
475.0
1299.0
36.0
546.0
112.0
177.0
48.0
326.0
247.0
372.0
59.0
290.0
523.0
292.0
75.0
233.0
77.0
283.0
29.0
365.0
158.0
780.0
1367.0
590.0
335.0
1114.0
277.0
147.0
837.0
4974.0
5604.0
122.0
162.0
330.0
49.0
27.0
192.0
222.0
188.0
524.0
346.0
77.0
65.0
26.0
120.0
33.0
20.0
164.0
903.0
52.0
131.0
66.0
46.0
159.0
154.0
69.0
164.0
152.0
779.0
35.0
21.0
26.0
31.0
8.0
71.0
267.0
105.0
69.0
91.0
54.0
38.0
84.0
150.0
47.0
26.0
57.0
153.0
168.0
109.0
85.0
139.0
45.0
63.0
1638.0
55.0
55.0
67.0
26.0
157.0
281.0
31.0
271.0
123.0
259.0
76.0
135.0
794.0
222.0
70.0
1211.0
134.0
116.0
69.0
88.0
117.0
20.0
250.0
196.0
492.0
1284.0
33.0
550.0
120.0
176.0
45.0
341.0
255.0
370.0
56.0
308.0
515.0
288.0
69.0
248.0
82.0
287.0
29.0
370.0
160.0
821.0
1393.0
597.0
355.0
1153.0
272.0
155.0
799.0
5252.0
5969.0
127.0
161.0
317.0
46.0
28.0
193.0
226.0
178.0
528.0
343.0
77.0
63.0
25.0
116.0
33.0
20.0
164.0
885.0
50.0
130.0
65.0
42.0
153.0
143.0
71.0
163.0
144.0
785.0
36.0
21.0
25.0
32.0
8.0
70.0
251.0
104.0
70.0
88.0
54.0
41.0
81.0
141.0
45.0
27.0
54.0
156.0
171.0
106.0
85.0
137.0
46.0
67.0
1558.0
59.0
54.0
64.0
26.0
160.0
286.0
31.0
283.0
127.0
257.0
78.0
136.0
756.0
206.0
66.0
1160.0
127.0
120.0
73.0
90.0
112.0
19.0
248.0
202.0
486.0
1332.0
36.0
509.0
120.0
179.0
48.0
333.0
250.0
379.0
59.0
302.0
539.0
282.0
73.0
240.0
81.0
288.0
29.0
351.0
169.0
822.0
1277.0
588.0
340.0
1142.0
294.0
147.0
839.0
5183.0
5536.0
125.0
169.0
313.0
48.0
29.0
181.0
214.0
194.0
517.0
367.0
72.0
63.0
27.0
119.0
33.0
20.0
178.0
818.0
48.0
127.0
67.0
42.0
160.0
143.0
74.0
162.0
145.0
761.0
35.0
20.0
25.0
30.0
8.0
74.0
256.0
102.0
70.0
85.0
56.0
39.0
82.0
142.0
46.0
26.0
55.0
157.0
175.0
107.0
86.0
137.0
46.0
67.0
1642.0
59.0
55.0
69.0
24.0
158.0
282.0
31.0
268.0
126.0
258.0
78.0
134.0
818.0
205.0
69.0
1287.0
134.0
115.0
69.0
93.0
117.0
20.0
253.0
187.0
492.0
1326.0
33.0
512.0
115.0
192.0
44.0
321.0
252.0
394.0
58.0
312.0
554.0
284.0
75.0
251.0
80.0
290.0
28.0
361.0
166.0
827.0
1333.0
544.0
352.0
1176.0
295.0
157.0
801.0
5257.0
5940.0
122.0
160.0
324.0
47.0
28.0
185.0
216.0
194.0
512.0
357.0
74.0
63.0
25.0
124.0
30.0
18.0
171.0
861.0
50.0
130.0
65.0
44.0
153.0
153.0
70.0
164.0
148.0
731.0
37.0
20.0
26.0
30.0
8.0
71.0
254.0
106.0
70.0
89.0
54.0
41.0
82.0
146.0
49.0
26.0
56.0
162.0
160.0
102.0
80.0
136.0
46.0
63.0
1540.0
54.0
59.0
71.0
25.0
154.0
290.0
33.0
286.0
129.0
246.0
75.0
141.0
773.0
222.0
71.0
1236.0
131.0
126.0
67.0
85.0
112.0
20.0
267.0
205.0
498.0
1320.0
35.0
514.0
114.0
178.0
46.0
325.0
245.0
390.0
57.0
306.0
549.0
289.0
74.0
254.0
80.0
301.0
29.0
362.0
162.0
763.0
1335.0
560.0
337.0
1136.0
279.0
146.0
849.0
5139.0
5777.0
120.0
159.0
331.0
49.0
28.0
190.0
223.0
185.0
497.0
357.0
74.0
66.0
25.0
123.0
33.0
19.0
177.0
865.0
51.0
125.0
67.0
44.0
158.0
147.0
73.0
153.0
148.0
731.0
36.0
21.0
25.0
31.0
8.0
72.0
256.0
108.0
70.0
91.0
57.0
41.0
88.0
139.0
47.0
26.0
54.0
161.0
170.0
105.0
81.0
134.0
45.0
62.0
1564.0
57.0
56.0
68.0
25.0
164.0
294.0
30.0
284.0
129.0
241.0
76.0
137.0
814.0
210.0
66.0
1283.0
133.0
120.0
68.0
91.0
115.0
20.0
260.0
191.0
207.0
187.0
148.0
133.0
371.0
139.0
172.0
174.0
164.0
155.0
137.0
175.0
171.0
143.0
174.0
173.0
148.0
134.0
405.0
138.0
134.0
137.0
170.0
130.0
151.0
172.0
165.0
383.0
140.0
141.0
133.0
154.0
175.0
151.0
154.0
150.0
176.0
132.0
177.0
146.0
151.0
164.0
141.0
125.0
159.0
378.0
133.0
139.0
379.0
161.0
132.0
169.0
138.0
139.0
163.0
134.0
130.0
175.0
431.0
165.0
163.0
130.0
149.0
160.0
156.0
138.0
139.0
151.0
143.0
149.0
164.0
172.0
135.0
172.0
116.0
167.0
379.0
137.0
157.0
167.0
167.0
142.0
171.0
143.0
145.0
173.0
382.0
135.0
402.0
162.0
459.0
484.0
475.0
367.0
399.0
396.0
379.0
454.0
395.0
130.0
135.0
154.0
155.0
144.0
161.0
137.0
175.0
159.0
192.0
191.0
160.0
130.0
461.0
157.0
159.0
140.0
175.0
137.0
154.0
130.0
133.0
167.0
149.0
164.0
143.0
146.0
478.0
135.0
132.0
157.0
163.0
171.0
160.0
153.0
147.0
448.0
159.0
175.0
173.0
177.0
170.0
135.0
137.0
173.0
146.0
139.0
170.0
176.0
158.0
173.0
136.0
144.0
155.0
431.0
134.0
170.0
463.0
140.0
160.0
149.0
162.0
156.0
172.0
150.0
142.0
167.0
457.0
166.0
176.0
155.0
137.0
153.0
133.0
142.0
170.0
166.0
177.0
138.0
173.0
142.0
173.0
169.0
128.0
135.0
424.0
142.0
171.0
137.0
139.0
164.0
145.0
144.0
150.0
136.0
426.0
131.0
424.0
169.0
447.0
479.0
397.0
431.0
489.0
447.0
379.0
363.0
405.0
156.0
134.0
155.0
131.0
154.0
166.0
163.0
170.0
161.0
163.0
155.0
152.0
138.0
450.0
142.0
132.0
156.0
166.0
132.0
152.0
160.0
175.0
154.0
168.0
137.0
158.0
151.0
458.0
149.0
177.0
172.0
175.0
156.0
137.0
171.0
141.0
441.0
141.0
133.0
132.0
170.0
159.0
132.0
140.0
163.0
153.0
132.0
145.0
170.0
140.0
170.0
143.0
125.0
163.0
446.0
156.0
134.0
452.0
142.0
176.0
164.0
170.0
155.0
134.0
170.0
168.0
170.0
436.0
139.0
160.0
166.0
166.0
142.0
143.0
134.0
133.0
142.0
142.0
165.0
131.0
154.0
155.0
150.0
139.0
169.0
478.0
159.0
169.0
141.0
172.0
171.0
148.0
136.0
137.0
139.0
490.0
171.0
475.0
162.0
476.0
418.0
435.0
407.0
492.0
392.0
410.0
403.0
454.0
161.0
168.0
172.0
153.0
176.0
155.0
152.0
175.0
131.0
207.0
199.0
145.0
158.0
397.0
163.0
171.0
136.0
160.0
145.0
166.0
174.0
140.0
164.0
130.0
145.0
172.0
163.0
470.0
143.0
165.0
155.0
153.0
157.0
145.0
152.0
156.0
403.0
143.0
136.0
168.0
153.0
169.0
146.0
150.0
138.0
154.0
137.0
156.0
171.0
150.0
135.0
162.0
140.0
132.0
364.0
170.0
149.0
478.0
157.0
163.0
169.0
131.0
172.0
157.0
177.0
143.0
151.0
433.0
163.0
132.0
151.0
152.0
132.0
157.0
141.0
145.0
155.0
134.0
140.0
170.0
158.0
175.0
175.0
149.0
170.0
462.0
164.0
142.0
139.0
135.0
135.0
144.0
153.0
155.0
146.0
482.0
167.0
441.0
146.0
396.0
379.0
412.0
483.0
457.0
404.0
464.0
397.0
491.0
145.0
141.0
175.0
150.0
139.0
131.0
132.0
165.0
152.0
153.0
196.0
137.0
165.0
443.0
145.0
159.0
168.0
148.0
139.0
137.0
142.0
156.0
161.0
137.0
163.0
133.0
176.0
481.0
137.0
148.0
146.0
136.0
170.0
176.0
131.0
144.0
462.0
175.0
172.0
153.0
160.0
168.0
147.0
157.0
137.0
167.0
162.0
177.0
163.0
155.0
160.0
174.0
137.0
171.0
429.0
141.0
147.0
399.0
161.0
175.0
143.0
169.0
137.0
152.0
153.0
136.0
144.0
479.0
132.0
149.0
168.0
158.0
176.0
150.0
149.0
160.0
136.0
157.0
159.0
135.0
174.0
163.0
143.0
139.0
161.0
468.0
133.0
137.0
146.0
152.0
177.0
151.0
167.0
130.0
155.0
427.0
145.0
420.0
141.0
484.0
381.0
443.0
428.0
452.0
390.0
433.0
383.0
446.0
153.0
145.0
133.0
134.0
167.0
157.0
160.0
165.0
132.0
152.0
163.0
140.0
160.0
430.0
156.0
160.0
159.0
143.0
137.0
160.0
162.0
151.0
157.0
159.0
167.0
143.0
157.0
425.0
157.0
139.0
164.0
177.0
166.0
175.0
131.0
152.0
425.0
162.0
165.0
149.0
132.0
165.0
173.0
148.0
162.0
162.0
135.0
151.0
139.0
160.0
174.0
144.0
135.0
163.0
461.0
158.0
137.0
453.0
134.0
176.0
153.0
174.0
157.0
149.0
157.0
176.0
131.0
393.0
164.0
153.0
159.0
173.0
130.0
168.0
171.0
150.0
164.0
164.0
176.0
156.0
170.0
155.0
160.0
147.0
145.0
446.0
154.0
130.0
136.0
161.0
132.0
149.0
176.0
162.0
134.0
465.0
147.0
416.0
163.0
479.0
403.0
425.0
470.0
436.0
479.0
441.0
370.0
464.0
153.0
167.0
164.0
146.0
148.0
136.0
150.0
163.0
131.0
191.0
172.0
153.0
133.0
453.0
172.0
142.0
144.0
172.0
134.0
143.0
165.0
174.0
145.0
151.0
156.0
132.0
176.0
441.0
164.0
136.0
136.0
162.0
159.0
159.0
156.0
132.0
454.0
137.0
145.0
141.0
136.0
146.0
139.0
140.0
138.0
169.0
140.0
143.0
149.0
154.0
147.0
150.0
118.0
173.0
404.0
154.0
172.0
457.0
145.0
148.0
143.0
136.0
134.0
141.0
141.0
149.0
174.0
453.0
136.0
131.0
166.0
175.0
173.0
134.0
164.0
176.0
134.0
172.0
132.0
158.0
152.0
132.0
137.0
112.0
146.0
403.0
167.0
142.0
148.0
176.0
141.0
148.0
153.0
173.0
164.0
408.0
154.0
493.0
134.0
379.0
386.0
476.0
387.0
426.0
375.0
427.0
371.0
382.0
149.0
146.0
156.0
163.0
153.0
160.0
168.0
141.0
171.0
200.0
156.0
151.0
141.0
429.0
164.0
136.0
177.0
158.0
140.0
168.0
134.0
165.0
156.0
136.0
173.0
153.0
151.0
433.0
144.0
141.0
144.0
164.0
141.0
149.0
156.0
152.0
457.0
176.0
137.0
162.0
164.0
132.0
142.0
156.0
147.0
177.0
130.0
147.0
164.0
132.0
158.0
145.0
143.0
164.0
451.0
149.0
157.0
430.0
153.0
132.0
158.0
137.0
173.0
149.0
163.0
131.0
175.0
386.0
144.0
149.0
140.0
148.0
166.0
135.0
164.0
162.0
173.0
148.0
131.0
130.0
148.0
170.0
146.0
134.0
172.0
446.0
137.0
154.0
132.0
145.0
166.0
134.0
133.0
140.0
151.0
439.0
152.0
365.0
149.0
441.0
458.0
493.0
431.0
469.0
400.0
371.0
446.0
455.0
167.0
165.0
176.0
138.0
130.0
151.0
170.0
135.0
176.0
198.0
185.0
134.0
149.0
378.0
167.0
131.0
144.0
160.0
172.0
147.0
145.0
176.0
163.0
175.0
148.0
151.0
170.0
483.0
156.0
168.0
156.0
138.0
135.0
148.0
171.0
141.0
424.0
138.0
130.0
159.0
138.0
151.0
131.0
164.0
154.0
176.0
166.0
151.0
174.0
168.0
147.0
162.0
137.0
148.0
424.0
131.0
136.0
403.0
158.0
140.0
148.0
135.0
170.0
152.0
174.0
170.0
130.0
479.0
131.0
136.0
164.0
164.0
172.0
146.0
148.0
132.0
152.0
170.0
175.0
141.0
139.0
151.0
153.0
119.0
173.0
440.0
154.0
135.0
164.0
167.0
150.0
164.0
155.0
159.0
148.0
463.0
156.0
490.0
155.0
369.0
478.0
419.0
418.0
382.0
392.0
385.0
383.0
466.0
137.0
158.0
146.0
159.0
150.0
155.0
134.0
148.0
148.0
201.0
182.0
135.0
153.0
489.0
165.0
135.0
149.0
172.0
172.0
133.0
139.0
172.0
176.0
133.0
159.0
132.0
160.0
459.0
154.0
149.0
167.0
165.0
168.0
131.0
135.0
137.0
444.0
146.0
156.0
162.0
153.0
153.0
154.0
155.0
165.0
164.0
139.0
159.0
151.0
154.0
159.0
142.0
133.0
134.0
469.0
159.0
172.0
494.0
153.0
149.0
175.0
148.0
144.0
170.0
154.0
173.0
138.0
468.0
173.0
157.0
155.0
145.0
147.0
161.0
144.0
154.0
147.0
168.0
143.0
135.0
166.0
177.0
166.0
117.0
133.0
417.0
173.0
168.0
166.0
141.0
140.0
144.0
130.0
143.0
167.0
394.0
164.0
375.0
163.0
484.0
385.0
397.0
402.0
426.0
423.0
446.0
391.0
481.0
145.0
173.0
169.0
139.0
158.0
173.0
136.0
150.0
173.0
159.0
161.0
137.0
150.0
466.0
165.0
162.0
130.0
140.0
174.0
139.0
171.0
147.0
163.0
146.0
155.0
171.0
150.0
404.0
130.0
162.0
150.0
139.0
139.0
158.0
155.0
137.0
477.0
171.0
155.0
166.0
133.0
174.0
174.0
161.0
157.0
164.0
138.0
135.0
163.0
142.0
157.0
142.0
143.0
162.0
423.0
147.0
169.0
407.0
142.0
174.0
159.0
139.0
158.0
163.0
165.0
148.0
153.0
494.0
165.0
158.0
149.0
171.0
137.0
176.0
161.0
170.0
131.0
139.0
148.0
146.0
165.0
150.0
141.0
120.0
144.0
364.0
137.0
168.0
143.0
133.0
149.0
152.0
163.0
160.0
148.0
418.0
149.0
471.0
165.0
434.0
378.0
485.0
400.0
421.0
467.0
483.0
401.0
458.0
142.0
156.0
152.0
150.0
139.0
166.0
158.0
135.0
168.0
181.0
172.0
131.0
172.0
488.0
146.0
136.0
136.0
161.0
130.0
140.0
169.0
151.0
169.0
148.0
139.0
168.0
149.0
394.0
142.0
174.0
174.0
171.0
171.0
140.0
146.0
165.0
384.0
146.0
136.0
148.0
161.0
155.0
157.0
174.0
130.0
152.0
173.0
136.0
162.0
132.0
162.0
166.0
127.0
172.0
392.0
177.0
174.0
419.0
137.0
135.0
173.0
167.0
143.0
154.0
139.0
170.0
138.0
367.0
140.0
144.0
154.0
165.0
171.0
156.0
164.0
133.0
173.0
162.0
169.0
172.0
157.0
167.0
141.0
136.0
164.0
469.0
176.0
160.0
164.0
136.0
161.0
131.0
169.0
168.0
141.0
420.0
167.0
401.0
134.0
414.0
364.0
480.0
397.0
407.0
433.0
406.0
465.0
445.0
145.0
139.0
142.0
172.0
133.0
136.0
160.0
135.0
148.0
153.0
162.0
156.0
166.0
435.0
144.0
135.0
139.0
175.0
146.0
135.0
173.0
162.0
155.0
145.0
165.0
151.0
139.0
455.0
146.0
169.0
137.0
149.0
170.0
144.0
145.0
168.0
481.0
157.0
153.0
163.0
136.0
151.0
154.0
170.0
163.0
157.0
142.0
162.0
130.0
169.0
150.0
162.0
119.0
150.0
481.0
166.0
163.0
435.0
131.0
169.0
141.0
148.0
147.0
176.0
162.0
176.0
159.0
436.0
171.0
175.0
157.0
161.0
163.0
142.0
168.0
160.0
132.0
148.0
176.0
142.0
151.0
166.0
131.0
113.0
130.0
393.0
176.0
138.0
172.0
172.0
167.0
137.0
168.0
157.0
154.0
439.0
174.0
473.0
166.0
392.0
417.0
410.0
414.0
398.0
383.0
461.0
434.0
363.0
172.0
154.0
168.0
158.0
155.0
164.0
176.0
167.0
137.0
161.0
185.0
152.0
148.0
418.0
154.0
162.0
172.0
147.0
166.0
142.0
147.0
144.0
176.0
139.0
130.0
144.0
162.0
477.0
155.0
153.0
146.0
132.0
141.0
172.0
149.0
166.0
438.0
154.0
174.0
145.0
143.0
160.0
133.0
135.0
131.0
147.0
159.0
173.0
135.0
135.0
176.0
168.0
142.0
153.0
429.0
137.0
169.0
452.0
174.0
168.0
145.0
147.0
158.0
175.0
160.0
168.0
151.0
375.0
163.0
161.0
173.0
172.0
150.0
154.0
165.0
135.0
170.0
138.0
155.0
173.0
147.0
157.0
137.0
149.0
153.0
411.0
141.0
136.0
140.0
167.0
131.0
156.0
130.0
152.0
174.0
490.0
166.0
491.0
173.0
401.0
430.0
431.0
471.0
431.0
444.0
372.0
436.0
379.0
161.0
163.0
141.0
147.0
147.0
175.0
131.0
132.0
136.0
190.0
163.0
151.0
141.0
415.0
158.0
161.0
160.0
145.0
165.0
150.0
168.0
158.0
171.0
149.0
149.0
143.0
174.0
383.0
146.0
133.0
155.0
148.0
158.0
134.0
163.0
158.0
396.0
176.0
155.0
159.0
175.0
134.0
134.0
172.0
139.0
165.0
162.0
168.0
142.0
165.0
164.0
172.0
116.0
148.0
469.0
174.0
144.0
363.0
155.0
159.0
133.0
166.0
147.0
168.0
157.0
171.0
152.0
437.0
176.0
167.0
148.0
172.0
146.0
133.0
170.0
160.0
137.0
159.0
140.0
174.0
155.0
177.0
152.0
112.0
164.0
432.0
144.0
164.0
133.0
161.0
144.0
164.0
171.0
174.0
170.0
364.0
171.0
494.0
142.0
487.0
490.0
385.0
447.0
380.0
429.0
371.0
380.0
405.0
152.0
146.0
157.0
133.0
143.0
164.0
170.0
164.0
167.0
197.0
178.0
139.0
132.0
384.0
130.0
138.0
168.0
174.0
156.0
145.0
162.0
171.0
146.0
136.0
157.0
149.0
135.0
441.0
171.0
152.0
170.0
131.0
148.0
166.0
133.0
157.0
484.0
133.0
165.0
138.0
141.0
157.0
155.0
137.0
162.0
148.0
172.0
164.0
160.0
163.0
140.0
168.0
135.0
146.0
393.0
143.0
160.0
419.0
132.0
153.0
164.0
160.0
166.0
150.0
152.0
151.0
156.0
365.0
134.0
160.0
149.0
166.0
141.0
168.0
145.0
131.0
174.0
138.0
143.0
137.0
137.0
170.0
147.0
125.0
135.0
468.0
134.0
146.0
131.0
166.0
155.0
136.0
158.0
176.0
174.0
449.0
140.0
429.0
170.0
405.0
378.0
440.0
373.0
391.0
458.0
382.0
476.0
458.0
171.0
151.0
136.0
144.0
171.0
156.0
168.0
158.0
144.0
160.0
172.0
133.0
137.0
447.0
136.0
171.0
175.0
171.0
144.0
153.0
154.0
166.0
149.0
162.0
158.0
157.0
153.0
443.0
175.0
172.0
169.0
168.0
140.0
137.0
154.0
134.0
431.0
167.0
140.0
135.0
138.0
170.0
140.0
134.0
154.0
175.0
143.0
137.0
161.0
169.0
138.0
143.0
122.0
166.0
451.0
164.0
173.0
482.0
148.0
146.0
132.0
132.0
136.0
149.0
167.0
146.0
136.0
438.0
153.0
137.0
155.0
144.0
145.0
130.0
135.0
171.0
138.0
147.0
177.0
158.0
152.0
152.0
170.0
113.0
168.0
461.0
167.0
149.0
163.0
151.0
136.0
143.0
152.0
148.0
151.0
408.0
138.0
388.0
175.0
488.0
428.0
369.0
451.0
425.0
417.0
406.0
415.0
476.0
149.0
142.0
142.0
176.0
157.0
156.0
130.0
151.0
156.0
194.0
154.0
137.0
154.0
461.0
135.0
160.0
158.0
152.0
165.0
134.0
137.0
131.0
157.0
160.0
177.0
161.0
172.0
479.0
162.0
137.0
163.0
148.0
136.0
169.0
158.0
141.0
393.0
175.0
148.0
171.0
149.0
159.0
145.0
168.0
141.0
130.0
147.0
136.0
143.0
159.0
166.0
172.0
121.0
146.0
486.0
141.0
167.0
491.0
152.0
166.0
155.0
157.0
158.0
167.0
150.0
133.0
161.0
443.0
137.0
168.0
140.0
149.0
151.0
130.0
171.0
164.0
159.0
136.0
135.0
177.0
143.0
130.0
160.0
137.0
142.0
479.0
164.0
159.0
154.0
169.0
134.0
146.0
132.0
146.0
132.0
413.0
138.0
475.0
161.0
431.0
378.0
424.0
463.0
490.0
404.0
417.0
433.0
469.0
174.0
169.0
141.0
174.0
172.0
164.0
145.0
134.0
169.0
186.0
204.0
174.0
141.0
484.0
154.0
173.0
152.0
132.0
175.0
157.0
152.0
174.0
177.0
164.0
154.0
155.0
173.0
388.0
167.0
142.0
155.0
151.0
146.0
152.0
168.0
140.0
423.0
162.0
142.0
167.0
176.0
168.0
151.0
159.0
171.0
171.0
176.0
167.0
167.0
176.0
167.0
168.0
122.0
175.0
454.0
144.0
168.0
483.0
161.0
158.0
146.0
171.0
169.0
161.0
156.0
146.0
163.0
462.0
170.0
166.0
165.0
133.0
154.0
177.0
154.0
154.0
168.0
142.0
170.0
148.0
144.0
143.0
172.0
137.0
165.0
435.0
131.0
163.0
135.0
169.0
159.0
155.0
162.0
156.0
167.0
372.0
142.0
425.0
132.0
363.0
371.0
475.0
446.0
390.0
462.0
376.0
397.0
460.0
150.0
158.0
133.0
144.0
131.0
176.0
144.0
163.0
132.0
168.0
207.0
163.0
166.0
479.0
159.0
142.0
141.0
157.0
157.0
174.0
164.0
168.0
165.0
134.0
163.0
165.0
163.0
408.0
172.0
149.0
144.0
173.0
159.0
149.0
165.0
141.0
409.0
173.0
130.0
171.0
162.0
167.0
169.0
157.0
165.0
132.0
138.0
174.0
163.0
141.0
169.0
138.0
126.0
138.0
380.0
170.0
154.0
407.0
144.0
156.0
158.0
157.0
141.0
132.0
144.0
142.0
157.0
375.0
154.0
172.0
163.0
139.0
131.0
161.0
160.0
176.0
145.0
163.0
131.0
163.0
158.0
170.0
131.0
130.0
134.0
407.0
145.0
167.0
176.0
155.0
171.0
172.0
159.0
165.0
135.0
446.0
174.0
466.0
156.0
365.0
380.0
448.0
383.0
486.0
492.0
447.0
467.0
372.0
154.0
163.0
165.0
160.0
167.0
170.0
140.0
136.0
134.0
207.0
202.0
139.0
165.0
407.0
148.0
148.0
135.0
153.0
132.0
160.0
136.0
163.0
146.0
148.0
165.0
171.0
169.0
442.0
148.0
155.0
155.0
155.0
159.0
148.0
137.0
173.0
489.0
167.0
147.0
148.0
139.0
170.0
146.0
133.0
141.0
171.0
176.0
134.0
150.0
171.0
166.0
159.0
115.0
170.0
478.0
172.0
145.0
402.0
149.0
130.0
159.0
142.0
155.0
158.0
168.0
157.0
173.0
447.0
141.0
145.0
176.0
137.0
149.0
160.0
159.0
143.0
137.0
150.0
152.0
137.0
151.0
155.0
130.0
136.0
141.0
394.0
172.0
154.0
171.0
160.0
142.0
143.0
134.0
176.0
146.0
367.0
157.0
452.0
133.0
375.0
452.0
399.0
450.0
391.0
432.0
379.0
454.0
426.0
131.0
152.0
169.0
166.0
138.0
159.0
141.0
143.0
160.0
156.0
175.0
156.0
170.0
460.0
132.0
174.0
168.0
175.0
130.0
142.0
148.0
160.0
156.0
160.0
166.0
164.0
156.0
390.0
159.0
138.0
133.0
141.0
164.0
160.0
166.0
143.0
404.0
173.0
130.0
176.0
158.0
165.0
148.0
166.0
167.0
153.0
141.0
167.0
172.0
166.0
155.0
142.0
112.0
131.0
460.0
165.0
131.0
490.0
174.0
162.0
156.0
166.0
143.0
177.0
175.0
171.0
141.0
386.0
164.0
166.0
159.0
159.0
139.0
175.0
133.0
142.0
167.0
175.0
159.0
136.0
132.0
138.0
151.0
143.0
144.0
370.0
174.0
135.0
152.0
155.0
166.0
135.0
155.0
130.0
152.0
378.0
172.0
406.0
175.0
379.0
365.0
395.0
433.0
472.0
466.0
445.0
454.0
443.0
131.0
145.0
169.0
163.0
141.0
143.0
147.0
140.0
154.0
185.0
206.0
158.0
137.0
400.0
135.0
172.0
161.0
140.0
174.0
174.0
158.0
155.0
131.0
130.0
132.0
132.0
132.0
363.0
155.0
131.0
172.0
169.0
149.0
177.0
172.0
163.0
371.0
154.0
148.0
161.0
175.0
141.0
161.0
143.0
167.0
148.0
170.0
151.0
149.0
172.0
157.0
166.0
136.0
144.0
405.0
175.0
150.0
448.0
163.0
141.0
130.0
166.0
145.0
152.0
172.0
158.0
165.0
470.0
149.0
158.0
170.0
131.0
153.0
142.0
149.0
156.0
135.0
150.0
131.0
139.0
139.0
167.0
153.0
150.0
154.0
475.0
135.0
148.0
137.0
139.0
169.0
149.0
158.0
170.0
135.0
442.0
140.0
365.0
169.0
402.0
476.0
457.0
446.0
364.0
368.0
463.0
451.0
375.0
157.0
144.0
154.0
160.0
173.0
172.0
156.0
173.0
147.0
194.0
187.0
176.0
130.0
452.0
139.0
140.0
136.0
160.0
151.0
171.0
145.0
149.0
153.0
175.0
147.0
149.0
169.0
374.0
138.0
158.0
156.0
171.0
168.0
147.0
150.0
144.0
423.0
156.0
167.0
136.0
145.0
133.0
151.0
169.0
138.0
170.0
146.0
140.0
149.0
176.0
135.0
154.0
148.0
142.0
447.0
141.0
162.0
453.0
142.0
159.0
157.0
152.0
144.0
141.0
134.0
151.0
168.0
481.0
140.0
150.0
134.0
139.0
136.0
143.0
139.0
145.0
165.0
147.0
145.0
169.0
161.0
138.0
174.0
127.0
175.0
413.0
141.0
137.0
173.0
132.0
175.0
171.0
160.0
173.0
167.0
490.0
131.0
477.0
176.0
390.0
450.0
429.0
441.0
478.0
447.0
413.0
493.0
406.0
142.0
161.0
133.0
147.0
137.0
131.0
150.0
131.0
144.0
153.0
195.0
150.0
133.0
425.0
163.0
130.0
174.0
147.0
139.0
139.0
175.0
149.0
141.0
141.0
170.0
140.0
145.0
374.0
148.0
171.0
174.0
133.0
140.0
138.0
177.0
134.0
453.0
171.0
143.0
160.0
137.0
167.0
173.0
152.0
156.0
154.0
159.0
136.0
166.0
139.0
145.0
155.0
131.0
151.0
398.0
139.0
177.0
418.0
161.0
176.0
133.0
169.0
165.0
144.0
161.0
140.0
156.0
395.0
136.0
159.0
168.0
139.0
155.0
165.0
172.0
149.0
167.0
143.0
159.0
146.0
166.0
164.0
147.0
115.0
136.0
484.0
164.0
154.0
172.0
148.0
173.0
174.0
136.0
173.0
141.0
391.0
158.0
375.0
164.0
369.0
491.0
461.0
447.0
408.0
490.0
419.0
387.0
382.0
157.0
152.0
130.0
164.0
143.0
140.0
140.0
153.0
164.0
174.0
196.0
172.0
157.0
485.0
166.0
158.0
142.0
149.0
167.0
157.0
162.0
134.0
155.0
166.0
168.0
148.0
135.0
439.0
170.0
172.0
172.0
146.0
170.0
150.0
176.0
151.0
369.0
175.0
139.0
172.0
132.0
133.0
159.0
146.0
167.0
146.0
174.0
174.0
172.0
140.0
131.0
161.0
136.0
154.0
445.0
164.0
173.0
406.0
171.0
139.0
136.0
164.0
150.0
154.0
131.0
139.0
137.0
460.0
161.0
146.0
149.0
132.0
141.0
167.0
174.0
139.0
154.0
154.0
158.0
142.0
168.0
174.0
140.0
128.0
165.0
463.0
166.0
144.0
166.0
131.0
148.0
146.0
164.0
133.0
173.0
364.0
157.0
423.0
133.0
481.0
377.0
464.0
414.0
399.0
421.0
385.0
444.0
382.0
152.0
170.0
176.0
140.0
160.0
174.0
170.0
144.0
156.0
169.0
174.0
134.0
156.0
453.0
152.0
131.0
135.0
162.0
166.0
132.0
161.0
161.0
167.0
149.0
144.0
166.0
159.0
440.0
144.0
153.0
133.0
144.0
167.0
151.0
171.0
170.0
413.0
140.0
137.0
155.0
142.0
165.0
137.0
166.0
163.0
141.0
170.0
139.0
168.0
175.0
142.0
167.0
132.0
176.0
417.0
171.0
157.0
364.0
131.0
160.0
153.0
170.0
173.0
138.0
145.0
130.0
136.0
453.0
174.0
162.0
163.0
173.0
143.0
168.0
147.0
140.0
153.0
149.0
159.0
162.0
130.0
172.0
131.0
124.0
133.0
419.0
155.0
137.0
145.0
145.0
155.0
167.0
139.0
135.0
149.0
463.0
147.0
483.0
142.0
448.0
446.0
483.0
467.0
369.0
468.0
422.0
452.0
430.0
153.0
164.0
171.0
146.0
176.0
143.0
156.0
162.0
152.0
197.0
200.0
143.0
149.0
464.0
156.0
136.0
164.0
177.0
133.0
154.0
136.0
142.0
172.0
139.0
167.0
150.0
137.0
392.0
142.0
168.0
152.0
132.0
134.0
157.0
137.0
132.0
452.0
155.0
166.0
176.0
157.0
166.0
164.0
158.0
166.0
158.0
157.0
156.0
130.0
132.0
135.0
148.0
119.0
170.0
416.0
142.0
140.0
438.0
145.0
155.0
174.0
144.0
151.0
150.0
134.0
140.0
177.0
449.0
142.0
172.0
156.0
145.0
154.0
171.0
156.0
163.0
172.0
146.0
163.0
162.0
134.0
165.0
134.0
151.0
137.0
408.0
145.0
149.0
166.0
158.0
145.0
171.0
152.0
158.0
139.0
441.0
140.0
474.0
155.0
377.0
446.0
409.0
401.0
481.0
392.0
437.0
431.0
433.0
149.0
170.0
135.0
130.0
163.0
152.0
142.0
145.0
134.0
158.0
205.0
163.0
168.0
450.0
131.0
175.0
147.0
161.0
160.0
170.0
159.0
155.0
174.0
151.0
174.0
165.0
146.0
491.0
176.0
142.0
173.0
148.0
158.0
142.0
160.0
172.0
474.0
156.0
146.0
140.0
136.0
149.0
172.0
172.0
171.0
174.0
170.0
150.0
155.0
170.0
162.0
170.0
130.0
147.0
491.0
171.0
135.0
456.0
159.0
176.0
171.0
147.0
170.0
174.0
172.0
134.0
145.0
439.0
139.0
145.0
170.0
130.0
172.0
145.0
154.0
146.0
134.0
156.0
139.0
167.0
168.0
170.0
158.0
138.0
146.0
420.0
156.0
162.0
150.0
168.0
136.0
152.0
150.0
142.0
161.0
397.0
151.0
394.0
170.0
388.0
457.0
377.0
453.0
460.0
386.0
476.0
437.0
374.0
163.0
161.0
175.0
150.0
156.0
167.0
161.0
167.0
176.0
199.0
168.0
149.0
131.0
432.0
153.0
142.0
134.0
147.0
152.0
173.0
161.0
131.0
139.0
171.0
139.0
145.0
165.0
385.0
146.0
175.0
161.0
172.0
164.0
153.0
137.0
169.0
376.0
138.0
162.0
139.0
159.0
165.0
173.0
168.0
149.0
141.0
151.0
145.0
164.0
139.0
166.0
175.0
139.0
139.0
381.0
162.0
166.0
417.0
146.0
167.0
173.0
154.0
168.0
143.0
145.0
146.0
147.0
405.0
144.0
131.0
152.0
148.0
160.0
151.0
174.0
171.0
177.0
146.0
148.0
174.0
141.0
148.0
172.0
147.0
177.0
368.0
162.0
166.0
148.0
176.0
167.0
171.0
136.0
148.0
175.0
426.0
150.0
448.0
143.0
412.0
378.0
476.0
418.0
405.0
494.0
406.0
385.0
477.0
162.0
140.0
176.0
160.0
177.0
162.0
156.0
165.0
171.0
169.0
192.0
142.0
151.0
456.0
174.0
152.0
148.0
152.0
155.0
158.0
143.0
176.0
145.0
152.0
133.0
163.0
131.0
441.0
171.0
174.0
136.0
149.0
145.0
142.0
154.0
143.0
420.0
175.0
150.0
142.0
177.0
144.0
153.0
149.0
142.0
155.0
163.0
152.0
172.0
164.0
175.0
156.0
149.0
134.0
364.0
137.0
168.0
380.0
149.0
147.0
135.0
131.0
164.0
151.0
144.0
176.0
161.0
375.0
157.0
146.0
158.0
160.0
173.0
173.0
135.0
155.0
158.0
155.0
157.0
160.0
134.0
139.0
137.0
116.0
163.0
487.0
161.0
137.0
162.0
146.0
171.0
148.0
167.0
156.0
161.0
402.0
132.0
491.0
168.0
453.0
433.0
388.0
387.0
468.0
439.0
445.0
388.0
378.0
141.0
132.0
137.0
159.0
141.0
130.0
137.0
176.0
172.0
194.0
195.0
144.0
140.0
384.0
148.0
136.0
165.0
165.0
134.0
163.0
154.0
174.0
162.0
132.0
134.0
133.0
167.0
400.0
175.0
157.0
141.0
169.0
151.0
162.0
163.0
176.0
489.0
152.0
156.0
164.0
136.0
131.0
164.0
160.0
160.0
131.0
136.0
163.0
135.0
133.0
131.0
169.0
145.0
166.0
482.0
162.0
137.0
480.0
132.0
147.0
152.0
157.0
142.0
155.0
158.0
146.0
162.0
400.0
163.0
133.0
134.0
174.0
132.0
155.0
134.0
149.0
150.0
134.0
135.0
176.0
169.0
148.0
176.0
124.0
165.0
433.0
151.0
152.0
149.0
170.0
141.0
130.0
157.0
135.0
145.0
403.0
159.0
395.0
141.0
366.0
411.0
422.0
377.0
384.0
456.0
417.0
415.0
375.0
172.0
140.0
157.0
154.0
139.0
169.0
148.0
145.0
135.0
181.0
163.0
172.0
164.0
427.0
163.0
177.0
142.0
149.0
177.0
153.0
156.0
177.0
167.0
165.0
165.0
156.0
139.0
363.0
138.0
137.0
153.0
152.0
159.0
130.0
156.0
162.0
414.0
173.0
142.0
156.0
158.0
144.0
156.0
173.0
163.0
167.0
151.0
170.0
158.0
153.0
175.0
166.0
115.0
157.0
426.0
132.0
137.0
438.0
159.0
134.0
131.0
162.0
136.0
158.0
133.0
170.0
154.0
457.0
131.0
159.0
156.0
140.0
177.0
162.0
168.0
135.0
145.0
134.0
160.0
175.0
144.0
135.0
154.0
115.0
136.0
413.0
169.0
157.0
169.0
177.0
174.0
136.0
175.0
144.0
155.0
483.0
132.0
491.0
164.0
442.0
448.0
400.0
485.0
390.0
483.0
475.0
477.0
441.0
146.0
139.0
136.0
153.0
138.0
173.0
135.0
169.0
141.0
168.0
160.0
137.0
158.0
449.0
150.0
177.0
140.0
169.0
172.0
139.0
144.0
148.0
173.0
142.0
142.0
167.0
131.0
492.0
141.0
144.0
158.0
138.0
173.0
149.0
134.0
159.0
467.0
147.0
170.0
161.0
143.0
160.0
136.0
162.0
144.0
165.0
165.0
160.0
138.0
154.0
170.0
159.0
112.0
131.0
458.0
154.0
172.0
427.0
139.0
162.0
163.0
173.0
152.0
144.0
130.0
154.0
146.0
407.0
169.0
168.0
133.0
167.0
169.0
144.0
148.0
142.0
149.0
169.0
145.0
142.0
172.0
140.0
138.0
145.0
145.0
453.0
144.0
134.0
136.0
142.0
174.0
135.0
147.0
177.0
133.0
375.0
135.0
475.0
135.0
445.0
464.0
437.0
475.0
467.0
470.0
454.0
486.0
390.0
153.0
175.0
131.0
139.0
157.0
142.0
135.0
171.0
172.0
159.0
196.0
163.0
158.0
434.0
150.0
170.0
138.0
143.0
161.0
151.0
158.0
145.0
149.0
150.0
146.0
169.0
154.0
463.0
177.0
167.0
165.0
133.0
167.0
158.0
157.0
135.0
388.0
160.0
132.0
147.0
150.0
133.0
170.0
134.0
156.0
148.0
135.0
139.0
155.0
177.0
158.0
176.0
127.0
151.0
439.0
164.0
133.0
471.0
140.0
144.0
152.0
140.0
146.0
162.0
162.0
163.0
137.0
476.0
174.0
172.0
177.0
150.0
137.0
141.0
141.0
176.0
147.0
152.0
136.0
141.0
166.0
170.0
176.0
116.0
144.0
412.0
173.0
154.0
170.0
167.0
150.0
155.0
143.0
140.0
140.0
381.0
145.0
461.0
173.0
449.0
464.0
399.0
376.0
452.0
424.0
412.0
401.0
388.0
132.0
136.0
130.0
171.0
161.0
135.0
136.0
133.0
170.0
202.0
158.0
172.0
148.0
491.0
154.0
141.0
169.0
162.0
150.0
173.0
133.0
167.0
154.0
131.0
130.0
161.0
141.0
417.0
145.0
143.0
153.0
159.0
171.0
147.0
130.0
170.0
370.0
158.0
138.0
174.0
155.0
155.0
167.0
131.0
168.0
165.0
138.0
163.0
157.0
143.0
137.0
167.0
114.0
150.0
440.0
171.0
167.0
456.0
152.0
153.0
172.0
169.0
177.0
143.0
167.0
174.0
167.0
469.0
144.0
164.0
153.0
163.0
153.0
155.0
135.0
141.0
138.0
155.0
136.0
173.0
147.0
145.0
137.0
151.0
168.0
485.0
149.0
153.0
158.0
165.0
159.0
150.0
130.0
134.0
135.0
414.0
130.0
402.0
172.0
400.0
476.0
435.0
398.0
392.0
364.0
476.0
390.0
369.0
177.0
175.0
153.0
155.0
138.0
176.0
147.0
135.0
157.0
161.0
168.0
159.0
172.0
483.0
168.0
152.0
164.0
139.0
173.0
143.0
156.0
165.0
143.0
166.0
165.0
168.0
135.0
407.0
130.0
145.0
168.0
136.0
165.0
166.0
147.0
173.0
423.0
138.0
149.0
144.0
131.0
161.0
138.0
149.0
153.0
137.0
175.0
154.0
170.0
154.0
163.0
156.0
142.0
147.0
471.0
162.0
138.0
480.0
151.0
170.0
161.0
155.0
161.0
148.0
153.0
174.0
149.0
376.0
167.0
159.0
134.0
134.0
165.0
164.0
139.0
157.0
142.0
143.0
146.0
141.0
154.0
159.0
158.0
114.0
167.0
376.0
173.0
154.0
175.0
174.0
139.0
157.0
169.0
174.0
139.0
365.0
142.0
447.0
145.0
492.0
407.0
492.0
492.0
443.0
463.0
410.0
378.0
402.0
153.0
172.0
135.0
134.0
160.0
146.0
131.0
173.0
140.0
193.0
205.0
165.0
139.0
473.0
138.0
146.0
163.0
171.0
174.0
153.0
164.0
146.0
147.0
139.0
151.0
165.0
174.0
425.0
131.0
145.0
175.0
146.0
157.0
156.0
169.0
146.0
422.0
167.0
141.0
154.0
156.0
130.0
171.0
174.0
159.0
142.0
163.0
135.0
139.0
159.0
134.0
159.0
137.0
168.0
489.0
139.0
136.0
407.0
157.0
173.0
131.0
140.0
153.0
132.0
149.0
166.0
177.0
373.0
136.0
146.0
172.0
161.0
162.0
156.0
161.0
165.0
144.0
164.0
134.0
170.0
158.0
147.0
133.0
133.0
149.0
375.0
136.0
145.0
159.0
137.0
174.0
167.0
141.0
150.0
165.0
412.0
131.0
490.0
156.0
396.0
393.0
465.0
437.0
430.0
434.0
365.0
487.0
487.0
134.0
155.0
142.0
166.0
133.0
145.0
132.0
166.0
160.0
188.0
158.0
168.0
171.0
437.0
169.0
156.0
165.0
143.0
156.0
173.0
132.0
157.0
154.0
165.0
142.0
140.0
142.0
442.0
155.0
130.0
151.0
152.0
135.0
174.0
137.0
136.0
376.0
161.0
150.0
144.0
160.0
144.0
169.0
168.0
135.0
175.0
157.0
148.0
162.0
172.0
136.0
175.0
124.0
133.0
409.0
147.0
137.0
388.0
176.0
174.0
135.0
139.0
158.0
152.0
149.0
132.0
144.0
424.0
138.0
160.0
151.0
155.0
173.0
143.0
151.0
147.0
150.0
167.0
144.0
138.0
169.0
149.0
155.0
133.0
142.0
487.0
161.0
171.0
174.0
161.0
138.0
174.0
143.0
144.0
176.0
403.0
148.0
492.0
150.0
432.0
385.0
435.0
451.0
406.0
464.0
399.0
485.0
445.0
138.0
155.0
163.0
152.0
134.0
172.0
140.0
145.0
160.0
198.0
184.0
131.0
134.0
370.0
149.0
159.0
139.0
137.0
175.0
157.0
147.0
166.0
172.0
144.0
177.0
168.0
153.0
377.0
169.0
152.0
154.0
160.0
158.0
171.0
150.0
162.0
376.0
147.0
159.0
170.0
171.0
150.0
150.0
159.0
140.0
144.0
167.0
150.0
158.0
162.0
135.0
137.0
116.0
151.0
402.0
132.0
132.0
487.0
163.0
168.0
154.0
157.0
142.0
156.0
147.0
155.0
160.0
491.0
161.0
173.0
157.0
152.0
164.0
159.0
138.0
153.0
153.0
171.0
152.0
151.0
149.0
130.0
169.0
123.0
148.0
381.0
174.0
149.0
168.0
162.0
133.0
173.0
159.0
167.0
161.0
444.0
132.0
426.0
157.0
409.0
410.0
449.0
363.0
401.0
458.0
425.0
485.0
440.0
139.0
165.0
145.0
143.0
142.0
149.0
170.0
154.0
152.0
207.0
172.0
144.0
142.0
485.0
166.0
157.0
171.0
174.0
131.0
136.0
162.0
171.0
133.0
162.0
131.0
168.0
142.0
408.0
167.0
141.0
157.0
175.0
146.0
157.0
145.0
141.0
492.0
148.0
163.0
167.0
161.0
143.0
174.0
135.0
158.0
168.0
175.0
155.0
147.0
150.0
136.0
156.0
124.0
133.0
369.0
164.0
146.0
455.0
170.0
156.0
162.0
150.0
140.0
168.0
132.0
157.0
137.0
394.0
139.0
165.0
147.0
150.0
169.0
148.0
148.0
155.0
157.0
165.0
147.0
140.0
140.0
145.0
164.0
134.0
153.0
459.0
135.0
138.0
142.0
167.0
167.0
165.0
157.0
170.0
166.0
435.0
140.0
443.0
165.0
479.0
466.0
428.0
452.0
392.0
493.0
476.0
395.0
468.0
136.0
148.0
163.0
165.0
175.0
146.0
130.0
175.0
170.0
197.0
155.0
161.0
163.0
457.0
143.0
164.0
157.0
157.0
150.0
166.0
130.0
143.0
165.0
153.0
152.0
130.0
176.0
422.0
166.0
151.0
151.0
156.0
176.0
166.0
144.0
174.0
388.0
174.0
142.0
170.0
156.0
158.0
145.0
169.0
172.0
146.0
137.0
144.0
144.0
131.0
143.0
145.0
124.0
170.0
376.0
138.0
145.0
363.0
156.0
171.0
174.0
136.0
170.0
130.0
175.0
140.0
159.0
423.0
133.0
139.0
141.0
157.0
174.0
164.0
162.0
145.0
133.0
166.0
150.0
143.0
145.0
131.0
166.0
125.0
147.0
413.0
159.0
166.0
143.0
156.0
140.0
166.0
131.0
136.0
167.0
477.0
166.0
430.0
162.0
452.0
467.0
377.0
477.0
463.0
492.0
390.0
446.0
475.0
172.0
146.0
169.0
156.0
166.0
166.0
140.0
143.0
143.0
189.0
174.0
175.0
164.0
380.0
168.0
177.0
166.0
175.0
155.0
149.0
146.0
168.0
167.0
169.0
140.0
147.0
159.0
412.0
168.0
155.0
176.0
138.0
131.0
165.0
147.0
133.0
467.0
170.0
150.0
171.0
155.0
145.0
151.0
141.0
175.0
163.0
165.0
132.0
158.0
151.0
173.0
154.0
132.0
162.0
479.0
177.0
145.0
426.0
137.0
165.0
144.0
158.0
149.0
140.0
161.0
176.0
167.0
482.0
139.0
148.0
137.0
144.0
153.0
169.0
140.0
132.0
166.0
160.0
156.0
176.0
147.0
166.0
167.0
141.0
146.0
397.0
137.0
137.0
166.0
171.0
166.0
158.0
155.0
167.0
173.0
365.0
133.0
416.0
139.0
400.0
476.0
493.0
452.0
377.0
489.0
429.0
366.0
447.0
174.0
170.0
148.0
156.0
160.0
153.0
156.0
141.0
175.0
158.0
184.0
138.0
149.0
474.0
131.0
131.0
149.0
131.0
150.0
166.0
134.0
167.0
152.0
158.0
146.0
164.0
142.0
399.0
165.0
159.0
164.0
142.0
169.0
166.0
157.0
140.0
415.0
157.0
166.0
172.0
165.0
148.0
149.0
173.0
171.0
157.0
139.0
162.0
134.0
167.0
145.0
172.0
139.0
144.0
484.0
152.0
150.0
400.0
168.0
141.0
137.0
145.0
138.0
135.0
170.0
149.0
137.0
380.0
153.0
151.0
159.0
145.0
138.0
166.0
164.0
138.0
130.0
140.0
169.0
158.0
158.0
134.0
173.0
114.0
152.0
445.0
165.0
166.0
155.0
173.0
141.0
175.0
155.0
166.0
165.0
417.0
177.0
407.0
146.0
388.0
387.0
494.0
422.0
477.0
379.0
439.0
363.0
468.0
154.0
174.0
141.0
147.0
145.0
159.0
177.0
140.0
142.0
200.0
185.0
159.0
149.0
428.0
137.0
172.0
165.0
134.0
171.0
147.0
149.0
167.0
139.0
135.0
163.0
158.0
145.0
456.0
154.0
166.0
157.0
160.0
148.0
170.0
138.0
136.0
434.0
160.0
150.0
156.0
156.0
163.0
132.0
150.0
154.0
155.0
144.0
133.0
168.0
152.0
160.0
144.0
147.0
160.0
491.0
149.0
165.0
392.0
153.0
167.0
167.0
174.0
141.0
160.0
154.0
138.0
136.0
444.0
175.0
136.0
159.0
161.0
137.0
146.0
139.0
176.0
163.0
142.0
135.0
135.0
147.0
135.0
140.0
135.0
151.0
425.0
169.0
151.0
131.0
145.0
132.0
175.0
154.0
149.0
163.0
474.0
136.0
387.0
133.0
378.0
398.0
463.0
368.0
421.0
438.0
439.0
389.0
417.0
158.0
157.0
141.0
141.0
139.0
147.0
150.0
163.0
169.0
183.0
165.0
151.0
168.0
367.0
143.0
173.0
169.0
139.0
138.0
151.0
152.0
141.0
171.0
158.0
159.0
175.0
168.0
392.0
162.0
168.0
164.0
142.0
141.0
136.0
134.0
147.0
465.0
161.0
146.0
148.0
130.0
173.0
157.0
157.0
149.0
133.0
150.0
142.0
131.0
134.0
172.0
169.0
119.0
170.0
478.0
164.0
141.0
476.0
138.0
165.0
137.0
135.0
157.0
152.0
157.0
147.0
146.0
370.0
169.0
158.0
163.0
150.0
166.0
149.0
158.0
174.0
167.0
168.0
175.0
156.0
133.0
163.0
161.0
131.0
171.0
460.0
149.0
167.0
169.0
153.0
133.0
140.0
133.0
139.0
137.0
428.0
176.0
434.0
155.0
441.0
466.0
489.0
433.0
489.0
388.0
447.0
371.0
440.0
177.0
146.0
144.0
147.0
136.0
150.0
145.0
140.0
165.0
194.0
169.0
172.0
141.0
443.0
161.0
145.0
148.0
154.0
177.0
140.0
167.0
164.0
153.0
130.0
149.0
164.0
160.0
398.0
142.0
135.0
138.0
157.0
167.0
153.0
145.0
141.0
377.0
154.0
146.0
134.0
176.0
132.0
152.0
170.0
174.0
173.0
170.0
142.0
155.0
142.0
147.0
134.0
145.0
170.0
488.0
135.0
142.0
385.0
138.0
175.0
143.0
137.0
136.0
131.0
135.0
168.0
168.0
458.0
138.0
135.0
147.0
150.0
147.0
175.0
149.0
144.0
154.0
174.0
168.0
167.0
169.0
147.0
165.0
116.0
130.0
466.0
132.0
155.0
142.0
168.0
134.0
175.0
154.0
133.0
164.0
378.0
160.0
448.0
177.0
430.0
403.0
402.0
449.0
477.0
475.0
389.0
454.0
457.0
141.0
138.0
155.0
141.0
139.0
157.0
145.0
170.0
166.0
169.0
201.0
164.0
139.0
424.0
165.0
155.0
160.0
131.0
167.0
134.0
144.0
137.0
139.0
146.0
167.0
132.0
164.0
422.0
175.0
166.0
158.0
148.0
159.0
133.0
144.0
157.0
425.0
154.0
158.0
153.0
159.0
136.0
176.0
177.0
141.0
145.0
149.0
144.0
147.0
140.0
164.0
145.0
145.0
148.0
395.0
135.0
167.0
411.0
168.0
156.0
150.0
177.0
154.0
156.0
172.0
130.0
145.0
415.0
137.0
159.0
172.0
171.0
164.0
131.0
172.0
158.0
156.0
174.0
169.0
144.0
170.0
169.0
136.0
129.0
143.0
388.0
132.0
171.0
169.0
141.0
150.0
130.0
163.0
161.0
159.0
405.0
156.0
425.0
140.0
490.0
460.0
393.0
472.0
435.0
419.0
459.0
458.0
452.0
166.0
141.0
160.0
131.0
144.0
132.0
142.0
134.0
156.0
175.0
159.0
171.0
148.0
456.0
170.0
134.0
151.0
172.0
143.0
167.0
173.0
173.0
152.0
142.0
150.0
160.0
174.0
458.0
163.0
133.0
159.0
148.0
153.0
161.0
134.0
150.0
432.0
137.0
155.0
145.0
176.0
168.0
135.0
157.0
149.0
171.0
164.0
155.0
135.0
147.0
159.0
130.0
137.0
174.0
372.0
176.0
154.0
370.0
137.0
148.0
167.0
175.0
144.0
168.0
171.0
130.0
148.0
484.0
149.0
154.0
136.0
144.0
165.0
133.0
147.0
164.0
167.0
174.0
156.0
157.0
152.0
136.0
136.0
114.0
141.0
386.0
131.0
160.0
177.0
164.0
145.0
142.0
161.0
148.0
163.0
382.0
136.0
448.0
146.0
428.0
428.0
445.0
423.0
439.0
431.0
488.0
416.0
406.0
174.0
142.0
140.0
132.0
132.0
168.0
133.0
134.0
160.0
179.0
197.0
153.0
135.0
480.0
166.0
173.0
156.0
156.0
144.0
156.0
135.0
152.0
170.0
163.0
151.0
136.0
165.0
488.0
175.0
140.0
152.0
165.0
146.0
145.0
154.0
145.0
474.0
157.0
134.0
144.0
161.0
169.0
131.0
162.0
168.0
170.0
170.0
165.0
157.0
168.0
169.0
148.0
141.0
174.0
424.0
161.0
162.0
482.0
156.0
157.0
140.0
163.0
136.0
160.0
132.0
171.0
165.0
411.0
161.0
137.0
166.0
177.0
161.0
150.0
167.0
137.0
145.0
176.0
148.0
176.0
135.0
164.0
166.0
112.0
160.0
366.0
171.0
135.0
167.0
176.0
141.0
131.0
154.0
146.0
161.0
377.0
140.0
470.0
136.0
468.0
466.0
479.0
369.0
446.0
481.0
455.0
412.0
472.0
163.0
166.0
145.0
166.0
151.0
134.0
167.0
130.0
158.0
176.0
177.0
154.0
137.0
450.0
159.0
142.0
158.0
140.0
165.0
160.0
160.0
146.0
152.0
172.0
150.0
165.0
172.0
473.0
140.0
147.0
164.0
152.0
146.0
171.0
137.0
140.0
404.0
177.0
147.0
137.0
138.0
151.0
169.0
173.0
151.0
156.0
147.0
160.0
147.0
154.0
170.0
136.0
124.0
175.0
439.0
161.0
145.0
411.0
164.0
151.0
153.0
148.0
175.0
169.0
154.0
135.0
155.0
411.0
144.0
170.0
144.0
149.0
136.0
134.0
149.0
137.0
135.0
158.0
161.0
133.0
147.0
163.0
173.0
112.0
171.0
421.0
170.0
166.0
138.0
135.0
176.0
154.0
139.0
136.0
170.0
452.0
171.0
430.0
164.0
392.0
435.0
410.0
394.0
490.0
366.0
368.0
467.0
467.0
131.0
177.0
157.0
173.0
141.0
148.0
164.0
140.0
143.0
206.0
197.0
164.0
143.0
372.0
162.0
147.0
173.0
143.0
153.0
165.0
130.0
146.0
140.0
171.0
136.0
160.0
140.0
406.0
165.0
166.0
153.0
139.0
172.0
150.0
167.0
133.0
417.0
153.0
156.0
139.0
139.0
134.0
158.0
167.0
130.0
133.0
172.0
160.0
171.0
172.0
163.0
171.0
152.0
136.0
388.0
148.0
163.0
385.0
136.0
144.0
132.0
154.0
146.0
153.0
170.0
172.0
175.0
364.0
153.0
138.0
161.0
174.0
157.0
165.0
157.0
131.0
145.0
166.0
147.0
143.0
153.0
153.0
161.0
150.0
172.0
459.0
135.0
177.0
175.0
172.0
147.0
131.0
130.0
145.0
132.0
457.0
175.0
481.0
146.0
472.0
476.0
492.0
470.0
373.0
395.0
409.0
463.0
419.0
148.0
158.0
172.0
158.0
173.0
131.0
145.0
175.0
143.0
170.0
162.0
177.0
139.0
389.0
143.0
177.0
161.0
134.0
165.0
164.0
168.0
147.0
143.0
140.0
139.0
164.0
168.0
482.0
147.0
167.0
150.0
167.0
175.0
173.0
132.0
143.0
425.0
176.0
133.0
132.0
169.0
150.0
174.0
170.0
168.0
175.0
162.0
135.0
152.0
156.0
152.0
144.0
149.0
167.0
465.0
154.0
130.0
452.0
131.0
144.0
177.0
151.0
160.0
170.0
133.0
172.0
156.0
426.0
146.0
142.0
136.0
158.0
165.0
177.0
165.0
139.0
173.0
158.0
152.0
166.0
172.0
149.0
167.0
119.0
150.0
377.0
176.0
168.0
136.0
151.0
176.0
173.0
158.0
143.0
163.0
406.0
151.0
453.0
171.0
463.0
488.0
416.0
388.0
374.0
416.0
413.0
410.0
478.0
165.0
134.0
134.0
163.0
169.0
140.0
141.0
132.0
154.0
201.0
193.0
169.0
146.0
384.0
167.0
133.0
159.0
166.0
169.0
173.0
137.0
147.0
167.0
138.0
158.0
154.0
174.0
402.0
169.0
149.0
150.0
130.0
143.0
175.0
133.0
143.0
401.0
157.0
173.0
157.0
173.0
143.0
136.0
137.0
166.0
147.0
167.0
171.0
176.0
131.0
155.0
142.0
150.0
176.0
472.0
144.0
173.0
398.0
153.0
143.0
138.0
149.0
133.0
174.0
167.0
148.0
156.0
402.0
168.0
132.0
176.0
154.0
157.0
131.0
131.0
131.0
156.0
134.0
174.0
139.0
158.0
168.0
141.0
116.0
132.0
446.0
173.0
142.0
152.0
131.0
130.0
148.0
149.0
138.0
144.0
405.0
141.0
388.0
173.0
382.0
368.0
391.0
387.0
441.0
371.0
438.0
432.0
447.0
142.0
130.0
153.0
166.0
175.0
154.0
168.0
143.0
149.0
175.0
194.0
165.0
141.0
469.0
142.0
142.0
161.0
136.0
163.0
138.0
177.0
172.0
135.0
169.0
141.0
165.0
149.0
460.0
137.0
132.0
158.0
174.0
155.0
141.0
153.0
136.0
445.0
141.0
132.0
162.0
153.0
155.0
156.0
134.0
138.0
145.0
131.0
175.0
170.0
141.0
169.0
172.0
120.0
163.0
419.0
173.0
169.0
409.0
140.0
173.0
145.0
142.0
157.0
166.0
153.0
157.0
138.0
459.0
166.0
169.0
142.0
146.0
158.0
144.0
146.0
140.0
163.0
131.0
165.0
172.0
142.0
132.0
170.0
120.0
151.0
439.0
168.0
161.0
175.0
174.0
145.0
144.0
146.0
168.0
159.0
482.0
147.0
420.0
164.0
486.0
452.0
478.0
461.0
428.0
432.0
381.0
456.0
460.0
143.0
138.0
132.0
173.0
175.0
168.0
130.0
147.0
137.0
166.0
183.0
130.0
176.0
427.0
141.0
141.0
166.0
132.0
146.0
132.0
177.0
170.0
157.0
131.0
147.0
166.0
147.0
434.0
133.0
161.0
137.0
177.0
173.0
165.0
137.0
146.0
414.0
151.0
137.0
175.0
140.0
142.0
165.0
158.0
175.0
141.0
161.0
142.0
151.0
139.0
146.0
171.0
125.0
158.0
380.0
144.0
177.0
455.0
133.0
135.0
156.0
162.0
164.0
132.0
165.0
159.0
157.0
494.0
174.0
156.0
145.0
139.0
154.0
176.0
169.0
170.0
145.0
158.0
135.0
139.0
135.0
143.0
160.0
114.0
131.0
384.0
138.0
130.0
153.0
165.0
149.0
136.0
143.0
141.0
156.0
455.0
151.0
431.0
154.0
384.0
412.0
428.0
386.0
457.0
412.0
449.0
372.0
481.0
141.0
141.0
149.0
137.0
171.0
138.0
143.0
145.0
173.0
194.0
177.0
154.0
133.0
471.0
134.0
168.0
141.0
160.0
145.0
157.0
172.0
131.0
154.0
164.0
152.0
148.0
161.0
464.0
141.0
151.0
141.0
165.0
144.0
135.0
142.0
153.0
456.0
163.0
170.0
150.0
156.0
150.0
139.0
138.0
162.0
168.0
152.0
159.0
151.0
153.0
168.0
136.0
138.0
162.0
476.0
136.0
153.0
386.0
151.0
137.0
131.0
150.0
175.0
139.0
173.0
152.0
163.0
494.0
135.0
160.0
131.0
143.0
167.0
130.0
160.0
153.0
160.0
153.0
137.0
152.0
159.0
163.0
154.0
138.0
153.0
491.0
139.0
150.0
164.0
158.0
153.0
144.0
168.0
159.0
147.0
489.0
174.0
484.0
165.0
464.0
433.0
452.0
373.0
476.0
391.0
389.0
437.0
377.0
136.0
162.0
149.0
158.0
159.0
156.0
132.0
146.0
172.0
172.0
156.0
146.0
176.0
403.0
155.0
144.0
142.0
134.0
158.0
159.0
136.0
150.0
166.0
146.0
172.0
156.0
148.0
408.0
168.0
156.0
170.0
167.0
164.0
137.0
171.0
164.0
366.0
165.0
165.0
146.0
159.0
146.0
148.0
142.0
140.0
168.0
162.0
173.0
140.0
171.0
145.0
162.0
143.0
148.0
389.0
161.0
139.0
369.0
132.0
134.0
146.0
156.0
176.0
155.0
172.0
165.0
172.0
486.0
161.0
146.0
138.0
162.0
143.0
151.0
176.0
141.0
130.0
156.0
173.0
157.0
138.0
133.0
143.0
138.0
136.0
439.0
174.0
139.0
177.0
175.0
145.0
161.0
132.0
160.0
155.0
435.0
158.0
409.0
139.0
476.0
380.0
482.0
459.0
417.0
468.0
401.0
389.0
381.0
131.0
175.0
158.0
155.0
174.0
174.0
167.0
130.0
176.0
169.0
202.0
170.0
174.0
389.0
140.0
173.0
130.0
140.0
168.0
144.0
164.0
177.0
147.0
158.0
144.0
150.0
132.0
446.0
174.0
158.0
146.0
155.0
162.0
149.0
133.0
165.0
485.0
165.0
144.0
142.0
140.0
146.0
159.0
134.0
146.0
169.0
175.0
175.0
166.0
161.0
143.0
155.0
142.0
168.0
407.0
170.0
173.0
427.0
159.0
151.0
172.0
141.0
141.0
169.0
157.0
146.0
135.0
365.0
175.0
176.0
174.0
177.0
143.0
176.0
162.0
174.0
161.0
131.0
160.0
140.0
172.0
151.0
139.0
126.0
138.0
376.0
131.0
168.0
131.0
136.0
144.0
131.0
166.0
142.0
167.0
397.0
134.0
392.0
153.0
490.0
443.0
402.0
494.0
474.0
466.0
376.0
409.0
365.0
132.0
140.0
157.0
152.0
150.0
133.0
177.0
137.0
131.0
173.0
196.0
145.0
161.0
365.0
170.0
163.0
137.0
173.0
152.0
172.0
168.0
158.0
155.0
133.0
168.0
157.0
153.0
443.0
175.0
137.0
130.0
157.0
171.0
176.0
132.0
171.0
426.0
135.0
176.0
166.0
153.0
148.0
175.0
172.0
139.0
150.0
151.0
173.0
159.0
161.0
172.0
165.0
120.0
137.0
441.0
164.0
147.0
480.0
164.0
140.0
142.0
139.0
166.0
153.0
143.0
138.0
160.0
364.0
163.0
147.0
165.0
149.0
149.0
134.0
147.0
160.0
130.0
141.0
142.0
141.0
141.0
142.0
144.0
140.0
133.0
453.0
161.0
142.0
153.0
160.0
165.0
167.0
171.0
177.0
174.0
410.0
163.0
491.0
171.0
479.0
478.0
453.0
461.0
462.0
464.0
467.0
485.0
419.0
175.0
132.0
171.0
155.0
139.0
166.0
136.0
159.0
132.0
