60 2 108
32720.5
34540.5
30916.5
32353.5
29415.5
31096.5
34606.5
31971.5
32460.5
33668.5
32113.5
32298.5
32522.5
30095.5
29311.5
33135.5
29747.5
32974.5
31767.5
34853.5
29951.5
31543.5
33225.5
34161.5
30314.5
31328.5
32953.5
29298.5
29024.5
33070.5
33059.5
33413.5
33438.5
35293.5
34305.5
29268.5
35373.5
34990.5
35794.5
29987.5
34236.5
35341.5
32191.5
34634.5
29392.5
35442.5
32038.5
34916.5
33292.5
34650.5
32735.5
35871.5
31502.5
32848.5
31979.5
34710.5
32241.5
30070.5
35972.5
32994.5
0.017678374164861725
0.016316853524239013
0.017175379696453646
0.014215099736109281
0.017722891763682296
0.014160654335454707
0.019528124036784583
0.015607946744411896
0.018123889390535722
0.013739364736617687
0.019982422293237947
0.0141290829623702
0.019108951050953234
0.016062210439572722
0.01668992293990232
0.01655770332632827
0.019684275242225012
0.014194565372255372
0.01980137474614601
0.013821738452601873
0.01858863790622908
0.015321817447043041
0.018556570165521005
0.014007585387226969
0.017318942378974075
0.015366559907643476
0.017093061914321857
0.016505064197682207
0.01778035592545167
0.015750479502234956
0.017973592212270306
0.015783591091316492
0.019408952860296272
0.015925513043512002
0.017279178620925897
0.01602668120953252
0.01884720661156355
0.01589454783500029
0.017565972769908702
0.01547884518137445
0.019422596790618862
0.013433480115314662
0.01837267930699747
0.015215064801708119
0.017787015580807825
0.014447145030368026
0.018291495771584988
0.014461652051522757
0.017786249933589054
0.015174837836227957
0.01787920410939066
0.013578415081256203
0.01694456875209733
0.015140181021143076
0.018886218471646468
0.016355677017295917
0.018869367482123874
0.01648162898772899
0.01908672979818044
0.011611810937624867
117.0
103.0
7667.0
58.0
518.0
1303.0
34.0
526.0
110.0
193.0
46.0
335.0
251.0
382.0
61.0
294.0
511.0
274.0
72.0
240.0
82.0
277.0
29.0
374.0
160.0
844.0
1281.0
569.0
345.0
1130.0
274.0
154.0
802.0
5149.0
5720.0
126.0
157.0
319.0
50.0
28.0
189.0
220.0
194.0
526.0
338.0
73.0
65.0
27.0
120.0
30.0
19.0
166.0
876.0
51.0
125.0
61.0
46.0
153.0
145.0
72.0
167.0
141.0
798.0
37.0
20.0
26.0
30.0
8.0
74.0
274.0
112.0
70.0
91.0
57.0
38.0
85.0
145.0
48.0
27.0
53.0
154.0
169.0
107.0
80.0
128.0
45.0
61.0
1577.0
56.0
55.0
66.0
25.0
155.0
270.0
30.0
277.0
119.0
249.0
81.0
141.0
804.0
203.0
68.0
1279.0
133.0
121.0
73.0
94.0
118.0
19.0
261.0
199.0
485.0
1287.0
36.0
544.0
114.0
176.0
48.0
325.0
254.0
398.0
58.0
302.0
555.0
280.0
70.0
237.0
74.0
297.0
28.0
347.0
163.0
827.0
1256.0
556.0
361.0
1139.0
287.0
156.0
829.0
5444.0
5874.0
122.0
157.0
309.0
50.0
27.0
193.0
215.0
187.0
487.0
362.0
79.0
67.0
27.0
124.0
32.0
19.0
167.0
863.0
50.0
119.0
62.0
46.0
161.0
150.0
71.0
168.0
143.0
800.0
36.0
21.0
25.0
30.0
8.0
70.0
277.0
107.0
72.0
83.0
55.0
41.0
82.0
139.0
48.0
27.0
56.0
162.0
160.0
100.0
84.0
132.0
44.0
64.0
1653.0
55.0
56.0
69.0
26.0
160.0
293.0
31.0
262.0
122.0
256.0
83.0
128.0
777.0
223.0
70.0
1210.0
128.0
123.0
73.0
88.0
120.0
20.0
271.0
187.0
472.0
1293.0
36.0
533.0
113.0
193.0
45.0
321.0
265.0
393.0
61.0
296.0
535.0
285.0
73.0
236.0
79.0
298.0
28.0
354.0
170.0
778.0
1307.0
588.0
334.0
1159.0
279.0
157.0
873.0
5321.0
5549.0
120.0
173.0
322.0
49.0
28.0
191.0
217.0
185.0
492.0
363.0
77.0
66.0
27.0
116.0
32.0
19.0
178.0
861.0
49.0
130.0
63.0
44.0
159.0
144.0
71.0
167.0
140.0
738.0
36.0
21.0
26.0
32.0
8.0
75.0
262.0
110.0
72.0
89.0
56.0
40.0
88.0
146.0
47.0
27.0
58.0
160.0
161.0
106.0
86.0
127.0
46.0
65.0
1585.0
54.0
55.0
69.0
26.0
157.0
284.0
32.0
278.0
117.0
257.0
77.0
133.0
803.0
204.0
66.0
1184.0
129.0
124.0
68.0
92.0
116.0
18.0
259.0
191.0
487.0
1225.0
36.0
549.0
117.0
175.0
45.0
340.0
259.0
384.0
60.0
308.0
539.0
280.0
74.0
238.0
75.0
290.0
29.0
345.0
167.0
798.0
1369.0
552.0
361.0
1163.0
272.0
155.0
856.0
5144.0
5678.0
126.0
172.0
321.0
49.0
27.0
190.0
206.0
196.0
505.0
368.0
74.0
65.0
25.0
119.0
33.0
20.0
175.0
867.0
49.0
125.0
62.0
44.0
164.0
143.0
71.0
156.0
148.0
753.0
35.0
21.0
25.0
30.0
8.0
74.0
273.0
110.0
68.0
85.0
56.0
41.0
89.0
139.0
47.0
27.0
54.0
161.0
168.0
103.0
87.0
131.0
47.0
67.0
1526.0
54.0
54.0
70.0
26.0
161.0
274.0
33.0
273.0
121.0
246.0
79.0
132.0
821.0
220.0
69.0
1288.0
121.0
122.0
68.0
93.0
120.0
18.0
266.0
188.0
502.0
1339.0
36.0
544.0
117.0
186.0
46.0
320.0
269.0
365.0
61.0
297.0
553.0
289.0
76.0
234.0
82.0
288.0
27.0
368.0
168.0
814.0
1351.0
559.0
362.0
1154.0
296.0
154.0
872.0
5010.0
5951.0
131.0
173.0
329.0
50.0
29.0
188.0
226.0
192.0
513.0
352.0
77.0
66.0
26.0
125.0
33.0
20.0
165.0
847.0
51.0
120.0
61.0
45.0
165.0
140.0
73.0
154.0
139.0
739.0
35.0
19.0
24.0
32.0
8.0
71.0
257.0
105.0
74.0
83.0
58.0
39.0
83.0
144.0
45.0
25.0
54.0
154.0
162.0
106.0
81.0
135.0
46.0
67.0
1662.0
55.0
59.0
68.0
25.0
164.0
278.0
32.0
276.0
125.0
245.0
77.0
136.0
787.0
216.0
68.0
1261.0
125.0
123.0
72.0
89.0
116.0
19.0
251.0
191.0
486.0
1220.0
36.0
508.0
113.0
176.0
45.0
336.0
248.0
363.0
56.0
308.0
529.0
286.0
69.0
251.0
76.0
300.0
27.0
358.0
159.0
815.0
1274.0
554.0
363.0
1118.0
291.0
151.0
841.0
5391.0
5686.0
123.0
161.0
320.0
46.0
27.0
176.0
224.0
195.0
483.0
370.0
79.0
62.0
25.0
121.0
31.0
20.0
164.0
828.0
53.0
124.0
63.0
46.0
167.0
144.0
73.0
165.0
148.0
738.0
38.0
21.0
25.0
30.0
8.0
75.0
273.0
105.0
73.0
86.0
59.0
40.0
84.0
154.0
47.0
25.0
58.0
148.0
160.0
110.0
84.0
131.0
46.0
66.0
1526.0
54.0
56.0
66.0
24.0
156.0
292.0
32.0
268.0
119.0
243.0
79.0
141.0
760.0
220.0
66.0
1234.0
127.0
119.0
72.0
89.0
111.0
19.0
271.0
204.0
510.0
1242.0
36.0
518.0
119.0
178.0
48.0
345.0
266.0
368.0
57.0
315.0
544.0
290.0
75.0
250.0
82.0
278.0
27.0
345.0
172.0
805.0
1264.0
554.0
335.0
1130.0
296.0
147.0
833.0
4988.0
5442.0
120.0
173.0
332.0
48.0
29.0
177.0
221.0
188.0
534.0
338.0
72.0
62.0
27.0
124.0
32.0
20.0
179.0
848.0
52.0
131.0
66.0
46.0
160.0
142.0
75.0
161.0
144.0
741.0
35.0
20.0
25.0
30.0
8.0
73.0
265.0
113.0
69.0
82.0
55.0
40.0
83.0
154.0
48.0
27.0
53.0
162.0
173.0
107.0
87.0
135.0
46.0
62.0
1647.0
55.0
55.0
71.0
25.0
161.0
293.0
33.0
266.0
123.0
259.0
78.0
140.0
788.0
204.0
66.0
1273.0
128.0
120.0
69.0
94.0
111.0
19.0
258.0
207.0
474.0
1234.0
35.0
525.0
109.0
175.0
46.0
335.0
260.0
361.0
59.0
320.0
517.0
289.0
70.0
252.0
78.0
293.0
27.0
363.0
162.0
811.0
1320.0
598.0
354.0
1182.0
296.0
156.0
865.0
5286.0
5676.0
120.0
173.0
317.0
49.0
29.0
189.0
217.0
186.0
531.0
348.0
75.0
66.0
26.0
116.0
32.0
20.0
174.0
879.0
49.0
122.0
67.0
44.0
159.0
145.0
72.0
155.0
147.0
777.0
37.0
20.0
26.0
30.0
8.0
73.0
265.0
113.0
67.0
83.0
54.0
38.0
85.0
152.0
48.0
27.0
54.0
162.0
165.0
104.0
84.0
126.0
46.0
61.0
1582.0
58.0
59.0
69.0
26.0
156.0
295.0
30.0
271.0
124.0
259.0
79.0
134.0
763.0
204.0
65.0
1191.0
126.0
120.0
67.0
90.0
112.0
19.0
257.0
192.0
513.0
1230.0
34.0
545.0
119.0
183.0
47.0
329.0
263.0
391.0
61.0
311.0
522.0
291.0
74.0
251.0
75.0
285.0
29.0
361.0
163.0
830.0
1346.0
555.0
346.0
1175.0
275.0
159.0
867.0
5473.0
5516.0
125.0
156.0
306.0
51.0
27.0
191.0
209.0
180.0
498.0
351.0
74.0
62.0
26.0
128.0
32.0
20.0
167.0
861.0
50.0
123.0
63.0
44.0
153.0
141.0
69.0
164.0
139.0
757.0
36.0
21.0
26.0
32.0
8.0
70.0
252.0
105.0
69.0
89.0
59.0
37.0
88.0
144.0
45.0
26.0
54.0
155.0
172.0
105.0
82.0
133.0
45.0
61.0
1597.0
57.0
54.0
66.0
26.0
161.0
270.0
32.0
274.0
117.0
239.0
78.0
131.0
801.0
221.0
71.0
1218.0
132.0
126.0
71.0
94.0
116.0
20.0
246.0
189.0
512.0
1261.0
36.0
549.0
109.0
190.0
48.0
328.0
248.0
399.0
61.0
301.0
532.0
276.0
70.0
232.0
78.0
291.0
28.0
353.0
173.0
838.0
1299.0
545.0
338.0
1182.0
290.0
152.0
790.0
5212.0
5495.0
126.0
166.0
316.0
50.0
27.0
193.0
224.0
195.0
489.0
373.0
73.0
64.0
26.0
126.0
32.0
20.0
178.0
816.0
52.0
130.0
67.0
46.0
161.0
149.0
72.0
161.0
141.0
772.0
38.0
21.0
25.0
30.0
8.0
71.0
277.0
110.0
67.0
89.0
56.0
41.0
89.0
148.0
48.0
25.0
56.0
150.0
164.0
109.0
80.0
138.0
48.0
67.0
1614.0
54.0
57.0
66.0
26.0
156.0
283.0
30.0
284.0
124.0
248.0
78.0
140.0
789.0
223.0
66.0
1172.0
130.0
119.0
73.0
93.0
119.0
20.0
263.0
188.0
505.0
1217.0
33.0
521.0
115.0
180.0
45.0
339.0
255.0
386.0
57.0
319.0
552.0
275.0
72.0
250.0
77.0
288.0
29.0
367.0
165.0
788.0
1317.0
568.0
361.0
1167.0
281.0
144.0
808.0
5277.0
5548.0
131.0
168.0
325.0
51.0
27.0
181.0
207.0
192.0
498.0
370.0
76.0
63.0
25.0
123.0
31.0
19.0
174.0
863.0
52.0
127.0
66.0
43.0
164.0
145.0
70.0
154.0
148.0
778.0
36.0
21.0
26.0
31.0
8.0
71.0
257.0
106.0
74.0
83.0
54.0
39.0
86.0
139.0
45.0
25.0
55.0
150.0
161.0
104.0
81.0
134.0
48.0
67.0
1612.0
58.0
58.0
70.0
25.0
159.0
290.0
32.0
267.0
127.0
245.0
76.0
132.0
833.0
211.0
70.0
1236.0
125.0
121.0
67.0
91.0
121.0
19.0
250.0
189.0
492.0
1315.0
36.0
525.0
117.0
192.0
47.0
331.0
250.0
393.0
56.0
298.0
558.0
292.0
73.0
240.0
80.0
283.0
27.0
359.0
162.0
836.0
1333.0
561.0
351.0
1164.0
293.0
151.0
864.0
5039.0
6034.0
122.0
167.0
317.0
47.0
28.0
187.0
212.0
194.0
523.0
341.0
77.0
62.0
25.0
126.0
32.0
19.0
174.0
882.0
49.0
122.0
63.0
44.0
166.0
145.0
72.0
165.0
144.0
726.0
35.0
20.0
26.0
30.0
8.0
74.0
271.0
112.0
72.0
87.0
54.0
41.0
83.0
153.0
49.0
27.0
57.0
158.0
170.0
108.0
86.0
135.0
45.0
62.0
1521.0
55.0
57.0
66.0
24.0
154.0
286.0
33.0
285.0
123.0
241.0
77.0
139.0
815.0
206.0
68.0
1287.0
132.0
125.0
71.0
93.0
122.0
19.0
265.0
191.0
509.0
1298.0
34.0
519.0
111.0
185.0
47.0
318.0
256.0
376.0
58.0
290.0
553.0
273.0
73.0
246.0
75.0
297.0
29.0
364.0
158.0
781.0
1361.0
585.0
350.0
1165.0
297.0
154.0
843.0
5330.0
5821.0
122.0
169.0
327.0
47.0
29.0
186.0
220.0
184.0
514.0
348.0
77.0
64.0
27.0
120.0
31.0
20.0
167.0
867.0
53.0
124.0
63.0
45.0
154.0
147.0
76.0
168.0
145.0
772.0
35.0
20.0
26.0
31.0
8.0
69.0
277.0
103.0
69.0
84.0
55.0
39.0
86.0
150.0
45.0
25.0
55.0
164.0
165.0
109.0
83.0
128.0
45.0
62.0
1538.0
56.0
54.0
70.0
24.0
156.0
296.0
31.0
286.0
125.0
243.0
81.0
133.0
751.0
211.0
65.0
1160.0
130.0
126.0
66.0
91.0
112.0
20.0
263.0
205.0
492.0
1266.0
36.0
551.0
113.0
184.0
46.0
342.0
246.0
365.0
60.0
305.0
527.0
288.0
69.0
230.0
82.0
281.0
28.0
359.0
168.0
824.0
1328.0
587.0
352.0
1177.0
271.0
147.0
851.0
5439.0
5483.0
123.0
170.0
314.0
51.0
27.0
178.0
212.0
188.0
521.0
344.0
77.0
64.0
25.0
116.0
32.0
20.0
168.0
856.0
53.0
129.0
61.0
43.0
164.0
153.0
76.0
155.0
139.0
793.0
36.0
20.0
26.0
29.0
8.0
74.0
261.0
102.0
71.0
84.0
58.0
38.0
89.0
141.0
49.0
25.0
58.0
162.0
163.0
107.0
79.0
133.0
48.0
66.0
1663.0
55.0
56.0
66.0
25.0
167.0
290.0
32.0
276.0
128.0
237.0
77.0
132.0
760.0
212.0
65.0
1189.0
127.0
117.0
72.0
94.0
119.0
19.0
260.0
202.0
474.0
1249.0
35.0
520.0
112.0
180.0
46.0
343.0
248.0
366.0
57.0
317.0
545.0
295.0
69.0
229.0
77.0
288.0
29.0
360.0
157.0
826.0
1296.0
552.0
360.0
1111.0
292.0
153.0
828.0
5251.0
5713.0
131.0
164.0
331.0
47.0
29.0
186.0
224.0
181.0
485.0
343.0
79.0
61.0
26.0
121.0
31.0
20.0
164.0
890.0
51.0
124.0
63.0
43.0
153.0
147.0
76.0
158.0
144.0
745.0
36.0
21.0
24.0
32.0
8.0
75.0
258.0
104.0
74.0
88.0
54.0
38.0
85.0
150.0
46.0
27.0
54.0
158.0
173.0
102.0
87.0
138.0
47.0
67.0
1630.0
54.0
55.0
66.0
25.0
158.0
294.0
33.0
273.0
126.0
239.0
81.0
139.0
818.0
214.0
70.0
1206.0
124.0
127.0
71.0
90.0
122.0
19.0
253.0
196.0
497.0
1276.0
34.0
555.0
114.0
184.0
45.0
336.0
251.0
399.0
57.0
307.0
560.0
269.0
76.0
237.0
80.0
299.0
27.0
358.0
160.0
823.0
1295.0
582.0
353.0
1164.0
301.0
159.0
862.0
5439.0
5707.0
123.0
169.0
311.0
47.0
28.0
182.0
214.0
195.0
533.0
340.0
74.0
67.0
26.0
119.0
31.0
20.0
175.0
844.0
48.0
120.0
63.0
46.0
159.0
152.0
72.0
164.0
151.0
732.0
35.0
20.0
25.0
31.0
8.0
76.0
269.0
109.0
73.0
83.0
57.0
41.0
85.0
141.0
46.0
27.0
58.0
151.0
159.0
105.0
80.0
130.0
46.0
67.0
1606.0
57.0
55.0
65.0
26.0
152.0
275.0
33.0
267.0
124.0
248.0
81.0
129.0
811.0
203.0
65.0
1280.0
126.0
117.0
71.0
91.0
114.0
20.0
249.0
203.0
516.0
1275.0
36.0
511.0
118.0
188.0
44.0
322.0
255.0
369.0
59.0
289.0
524.0
290.0
71.0
245.0
80.0
297.0
28.0
365.0
164.0
838.0
1264.0
544.0
345.0
1196.0
291.0
153.0
845.0
5388.0
5788.0
128.0
169.0
324.0
50.0
27.0
180.0
219.0
182.0
511.0
374.0
73.0
66.0
25.0
127.0
32.0
19.0
163.0
889.0
52.0
121.0
62.0
45.0
159.0
142.0
73.0
160.0
141.0
739.0
36.0
21.0
26.0
32.0
8.0
73.0
261.0
107.0
70.0
84.0
57.0
38.0
82.0
140.0
46.0
25.0
58.0
154.0
161.0
107.0
86.0
126.0
47.0
66.0
1601.0
58.0
59.0
65.0
26.0
159.0
276.0
32.0
288.0
129.0
255.0
80.0
133.0
759.0
218.0
71.0
1281.0
127.0
121.0
72.0
93.0
114.0
20.0
269.0
196.0
506.0
1278.0
34.0
539.0
120.0
182.0
44.0
327.0
259.0
379.0
57.0
313.0
551.0
282.0
74.0
254.0
81.0
297.0
27.0
354.0
162.0
781.0
1358.0
596.0
358.0
1145.0
296.0
158.0
809.0
5295.0
5454.0
131.0
172.0
329.0
48.0
29.0
176.0
214.0
190.0
489.0
340.0
77.0
66.0
25.0
122.0
31.0
20.0
172.0
848.0
53.0
123.0
64.0
45.0
162.0
155.0
74.0
157.0
141.0
803.0
37.0
21.0
26.0
32.0
8.0
74.0
260.0
111.0
72.0
91.0
59.0
40.0
86.0
149.0
49.0
27.0
56.0
153.0
166.0
102.0
85.0
127.0
47.0
67.0
1534.0
54.0
54.0
68.0
25.0
161.0
279.0
31.0
260.0
127.0
239.0
81.0
141.0
778.0
211.0
68.0
1197.0
128.0
116.0
69.0
88.0
115.0
20.0
256.0
190.0
490.0
1345.0
34.0
555.0
116.0
188.0
45.0
348.0
257.0
391.0
56.0
316.0
549.0
294.0
75.0
231.0
80.0
288.0
29.0
341.0
165.0
789.0
1383.0
585.0
337.0
1177.0
295.0
144.0
798.0
5220.0
5642.0
128.0
161.0
304.0
49.0
29.0
190.0
219.0
179.0
525.0
354.0
72.0
62.0
26.0
121.0
30.0
20.0
178.0
887.0
49.0
125.0
67.0
46.0
156.0
140.0
72.0
162.0
149.0
803.0
36.0
21.0
25.0
29.0
8.0
70.0
275.0
112.0
70.0
89.0
58.0
40.0
87.0
149.0
47.0
27.0
54.0
148.0
163.0
111.0
80.0
133.0
46.0
61.0
1638.0
54.0
57.0
67.0
25.0
153.0
271.0
32.0
284.0
125.0
259.0
82.0
134.0
767.0
211.0
70.0
1160.0
129.0
115.0
66.0
90.0
121.0
20.0
263.0
191.0
470.0
1315.0
35.0
510.0
110.0
180.0
44.0
328.0
261.0
362.0
58.0
290.0
558.0
289.0
71.0
251.0
76.0
297.0
28.0
366.0
157.0
816.0
1367.0
542.0
348.0
1143.0
276.0
149.0
866.0
5046.0
5482.0
119.0
165.0
329.0
50.0
27.0
190.0
219.0
188.0
484.0
350.0
76.0
67.0
26.0
128.0
30.0
19.0
168.0
847.0
51.0
118.0
66.0
45.0
157.0
153.0
76.0
156.0
150.0
766.0
35.0
21.0
24.0
31.0
8.0
69.0
273.0
113.0
73.0
89.0
59.0
38.0
83.0
140.0
46.0
25.0
55.0
163.0
161.0
103.0
80.0
135.0
47.0
67.0
1590.0
55.0
54.0
69.0
26.0
164.0
292.0
31.0
277.0
127.0
248.0
82.0
138.0
773.0
206.0
67.0
1222.0
122.0
121.0
73.0
94.0
112.0
18.0
272.0
200.0
474.0
1241.0
36.0
556.0
114.0
178.0
45.0
333.0
261.0
365.0
59.0
314.0
517.0
280.0
76.0
245.0
77.0
277.0
27.0
356.0
173.0
808.0
1382.0
562.0
339.0
1091.0
294.0
148.0
815.0
5027.0
5665.0
127.0
162.0
335.0
47.0
29.0
193.0
218.0
193.0
523.0
358.0
75.0
67.0
27.0
127.0
33.0
19.0
171.0
879.0
53.0
122.0
63.0
45.0
155.0
143.0
73.0
155.0
143.0
746.0
37.0
20.0
24.0
32.0
8.0
71.0
267.0
107.0
68.0
86.0
58.0
38.0
88.0
140.0
47.0
25.0
57.0
158.0
158.0
104.0
83.0
132.0
44.0
67.0
1619.0
55.0
58.0
70.0
26.0
163.0
293.0
31.0
269.0
125.0
256.0
75.0
139.0
803.0
217.0
70.0
1225.0
130.0
122.0
67.0
85.0
116.0
20.0
251.0
205.0
512.0
1333.0
36.0
531.0
120.0
184.0
45.0
317.0
248.0
369.0
60.0
311.0
539.0
274.0
70.0
235.0
80.0
299.0
27.0
345.0
171.0
793.0
1317.0
569.0
341.0
1167.0
293.0
157.0
804.0
5086.0
5969.0
125.0
161.0
336.0
46.0
27.0
188.0
215.0
181.0
497.0
339.0
78.0
66.0
26.0
121.0
31.0
19.0
177.0
833.0
52.0
129.0
62.0
46.0
151.0
140.0
69.0
167.0
148.0
735.0
35.0
20.0
25.0
32.0
8.0
75.0
251.0
109.0
68.0
87.0
57.0
40.0
85.0
140.0
45.0
27.0
58.0
163.0
159.0
103.0
86.0
127.0
44.0
67.0
1550.0
57.0
55.0
69.0
26.0
154.0
299.0
31.0
266.0
122.0
243.0
83.0
136.0
833.0
212.0
71.0
1229.0
133.0
117.0
68.0
89.0
117.0
20.0
251.0
193.0
483.0
1228.0
36.0
558.0
113.0
177.0
45.0
322.0
254.0
371.0
57.0
306.0
539.0
287.0
73.0
250.0
79.0
282.0
28.0
348.0
160.0
774.0
1289.0
559.0
335.0
1140.0
275.0
152.0
856.0
5020.0
5760.0
126.0
165.0
307.0
49.0
28.0
188.0
217.0
186.0
534.0
343.0
72.0
63.0
27.0
120.0
33.0
20.0
169.0
837.0
51.0
119.0
62.0
42.0
164.0
152.0
76.0
154.0
153.0
749.0
37.0
21.0
25.0
32.0
8.0
74.0
273.0
112.0
67.0
86.0
57.0
41.0
89.0
147.0
48.0
26.0
57.0
163.0
169.0
110.0
81.0
129.0
48.0
62.0
1644.0
57.0
59.0
67.0
25.0
163.0
293.0
32.0
279.0
118.0
256.0
80.0
134.0
822.0
217.0
65.0
1234.0
121.0
119.0
70.0
94.0
114.0
19.0
268.0
206.0
515.0
1296.0
35.0
525.0
116.0
186.0
48.0
332.0
262.0
369.0
58.0
316.0
557.0
286.0
74.0
248.0
78.0
289.0
27.0
375.0
159.0
798.0
1374.0
600.0
345.0
1177.0
283.0
157.0
860.0
5165.0
5565.0
119.0
173.0
305.0
47.0
29.0
184.0
220.0
184.0
522.0
340.0
72.0
65.0
27.0
123.0
33.0
19.0
170.0
824.0
53.0
121.0
66.0
43.0
158.0
149.0
75.0
156.0
149.0
779.0
37.0
21.0
26.0
30.0
8.0
73.0
267.0
112.0
74.0
86.0
54.0
38.0
88.0
151.0
46.0
26.0
53.0
148.0
162.0
111.0
79.0
134.0
47.0
62.0
1591.0
54.0
59.0
67.0
25.0
166.0
275.0
33.0
271.0
125.0
238.0
78.0
134.0
777.0
218.0
70.0
1258.0
122.0
127.0
70.0
94.0
117.0
19.0
264.0
195.0
469.0
1253.0
34.0
513.0
115.0
189.0
48.0
321.0
268.0
366.0
56.0
298.0
505.0
279.0
71.0
243.0
82.0
285.0
28.0
357.0
166.0
781.0
1273.0
560.0
359.0
1186.0
292.0
145.0
876.0
4975.0
5559.0
128.0
163.0
326.0
50.0
27.0
189.0
216.0
181.0
511.0
372.0
77.0
67.0
27.0
127.0
33.0
18.0
162.0
865.0
51.0
123.0
65.0
44.0
165.0
153.0
75.0
164.0
141.0
794.0
35.0
21.0
24.0
31.0
8.0
70.0
272.0
102.0
74.0
85.0
57.0
38.0
86.0
141.0
49.0
25.0
54.0
155.0
163.0
107.0
81.0
127.0
48.0
64.0
1604.0
59.0
55.0
69.0
26.0
155.0
281.0
30.0
263.0
127.0
237.0
76.0
130.0
796.0
206.0
67.0
1193.0
125.0
122.0
67.0
91.0
120.0
19.0
256.0
190.0
503.0
1290.0
33.0
516.0
111.0
183.0
46.0
339.0
266.0
364.0
58.0
309.0
551.0
273.0
75.0
246.0
82.0
287.0
28.0
342.0
170.0
787.0
1309.0
591.0
353.0
1107.0
284.0
154.0
874.0
5418.0
6011.0
124.0
157.0
319.0
49.0
29.0
189.0
222.0
190.0
505.0
348.0
78.0
63.0
27.0
118.0
31.0
20.0
164.0
827.0
52.0
122.0
63.0
42.0
163.0
154.0
72.0
165.0
150.0
765.0
36.0
20.0
24.0
32.0
8.0
73.0
253.0
108.0
71.0
85.0
59.0
41.0
85.0
146.0
47.0
26.0
54.0
153.0
168.0
103.0
86.0
130.0
45.0
67.0
1561.0
59.0
56.0
66.0
26.0
158.0
296.0
33.0
264.0
125.0
247.0
79.0
128.0
763.0
212.0
70.0
1191.0
130.0
116.0
71.0
90.0
119.0
20.0
257.0
190.0
482.0
1332.0
35.0
531.0
110.0
181.0
46.0
346.0
246.0
392.0
56.0
299.0
528.0
283.0
74.0
239.0
76.0
278.0
27.0
365.0
171.0
842.0
1272.0
581.0
347.0
1103.0
297.0
152.0
793.0
5200.0
5826.0
129.0
172.0
336.0
50.0
28.0
176.0
226.0
183.0
489.0
366.0
74.0
65.0
26.0
123.0
33.0
19.0
170.0
815.0
50.0
128.0
61.0
43.0
164.0
151.0
76.0
155.0
139.0
784.0
36.0
20.0
25.0
31.0
8.0
73.0
271.0
103.0
73.0
87.0
55.0
38.0
83.0
152.0
47.0
27.0
54.0
154.0
163.0
108.0
87.0
139.0
47.0
64.0
1547.0
58.0
55.0
70.0
24.0
164.0
278.0
30.0
284.0
127.0
255.0
83.0
136.0
833.0
222.0
65.0
1168.0
126.0
123.0
71.0
93.0
121.0
20.0
266.0
194.0
501.0
1276.0
35.0
523.0
110.0
181.0
48.0
327.0
258.0
384.0
61.0
298.0
533.0
269.0
70.0
252.0
82.0
299.0
27.0
343.0
157.0
795.0
1350.0
545.0
343.0
1103.0
298.0
146.0
873.0
5265.0
5731.0
123.0
166.0
332.0
51.0
27.0
181.0
206.0
195.0
532.0
355.0
79.0
67.0
27.0
126.0
31.0
19.0
163.0
866.0
51.0
131.0
61.0
45.0
166.0
154.0
71.0
154.0
153.0
795.0
38.0
20.0
26.0
32.0
8.0
72.0
260.0
109.0
74.0
91.0
56.0
38.0
89.0
149.0
49.0
26.0
55.0
162.0
164.0
109.0
86.0
129.0
47.0
62.0
1507.0
54.0
54.0
71.0
25.0
155.0
277.0
33.0
272.0
123.0
239.0
82.0
135.0
832.0
219.0
70.0
1264.0
129.0
123.0
71.0
91.0
114.0
20.0
246.0
193.0
505.0
1263.0
36.0
532.0
119.0
186.0
45.0
343.0
260.0
379.0
61.0
320.0
512.0
289.0
76.0
240.0
76.0
273.0
27.0
346.0
157.0
786.0
1321.0
589.0
336.0
1079.0
288.0
156.0
848.0
5242.0
5924.0
120.0
167.0
327.0
49.0
27.0
190.0
221.0
193.0
504.0
345.0
73.0
63.0
27.0
127.0
31.0
19.0
163.0
859.0
49.0
120.0
61.0
44.0
151.0
142.0
74.0
159.0
141.0
775.0
37.0
20.0
24.0
30.0
8.0
71.0
263.0
109.0
67.0
83.0
57.0
38.0
86.0
144.0
45.0
26.0
54.0
158.0
174.0
108.0
84.0
129.0
45.0
67.0
1597.0
55.0
54.0
70.0
26.0
164.0
278.0
33.0
284.0
121.0
257.0
83.0
133.0
761.0
203.0
66.0
1266.0
132.0
126.0
69.0
86.0
122.0
20.0
255.0
195.0
513.0
1240.0
33.0
557.0
117.0
192.0
48.0
322.0
254.0
387.0
59.0
318.0
560.0
283.0
71.0
242.0
78.0
292.0
27.0
344.0
169.0
821.0
1335.0
547.0
348.0
1109.0
282.0
153.0
874.0
5446.0
5622.0
123.0
172.0
314.0
48.0
29.0
175.0
226.0
193.0
500.0
367.0
77.0
64.0
27.0
120.0
31.0
20.0
179.0
870.0
49.0
122.0
61.0
46.0
165.0
146.0
70.0
158.0
153.0
768.0
37.0
20.0
25.0
30.0
8.0
75.0
250.0
109.0
70.0
83.0
56.0
38.0
89.0
147.0
49.0
25.0
56.0
161.0
175.0
104.0
87.0
128.0
48.0
67.0
1542.0
54.0
56.0
70.0
26.0
153.0
299.0
33.0
285.0
122.0
248.0
82.0
140.0
811.0
221.0
69.0
1170.0
134.0
122.0
70.0
89.0
112.0
19.0
253.0
197.0
493.0
1255.0
36.0
511.0
112.0
186.0
48.0
331.0
257.0
390.0
57.0
301.0
559.0
276.0
72.0
250.0
76.0
282.0
29.0
368.0
167.0
842.0
1379.0
543.0
349.0
1111.0
301.0
150.0
803.0
5028.0
5492.0
128.0
171.0
327.0
48.0
28.0
178.0
205.0
193.0
518.0
363.0
74.0
63.0
25.0
122.0
31.0
19.0
174.0
903.0
53.0
128.0
66.0
42.0
155.0
140.0
72.0
158.0
143.0
769.0
37.0
19.0
25.0
31.0
8.0
76.0
275.0
111.0
68.0
87.0
58.0
41.0
83.0
146.0
49.0
25.0
58.0
162.0
170.0
108.0
85.0
139.0
45.0
66.0
1664.0
56.0
58.0
65.0
26.0
167.0
285.0
32.0
269.0
126.0
255.0
81.0
129.0
799.0
210.0
66.0
1195.0
129.0
120.0
66.0
90.0
116.0
20.0
267.0
206.0
493.0
1256.0
33.0
543.0
109.0
190.0
45.0
342.0
269.0
387.0
57.0
292.0
520.0
271.0
75.0
244.0
78.0
300.0
27.0
339.0
157.0
765.0
1274.0
598.0
355.0
1146.0
296.0
146.0
829.0
5166.0
5631.0
122.0
171.0
306.0
46.0
29.0
194.0
217.0
177.0
524.0
373.0
78.0
65.0
26.0
128.0
30.0
20.0
171.0
817.0
50.0
120.0
64.0
46.0
160.0
148.0
71.0
163.0
145.0
771.0
37.0
20.0
25.0
29.0
8.0
70.0
259.0
112.0
70.0
87.0
59.0
37.0
84.0
153.0
49.0
27.0
53.0
156.0
164.0
101.0
85.0
139.0
47.0
65.0
1635.0
56.0
56.0
70.0
25.0
157.0
298.0
32.0
283.0
120.0
239.0
79.0
141.0
790.0
206.0
71.0
1169.0
133.0
118.0
70.0
85.0
115.0
20.0
264.0
191.0
502.0
1218.0
34.0
522.0
113.0
190.0
45.0
339.0
246.0
374.0
58.0
310.0
547.0
272.0
72.0
238.0
81.0
296.0
28.0
344.0
170.0
799.0
1299.0
591.0
360.0
1167.0
279.0
144.0
838.0
5410.0
5796.0
120.0
168.0
333.0
49.0
28.0
181.0
218.0
192.0
528.0
357.0
75.0
61.0
25.0
127.0
31.0
19.0
177.0
862.0
49.0
125.0
67.0
45.0
162.0
143.0
72.0
159.0
142.0
779.0
37.0
20.0
24.0
31.0
8.0
74.0
262.0
106.0
70.0
88.0
59.0
41.0
82.0
154.0
48.0
27.0
53.0
149.0
168.0
111.0
84.0
128.0
46.0
63.0
1543.0
57.0
57.0
66.0
26.0
159.0
272.0
32.0
275.0
129.0
248.0
83.0
138.0
786.0
211.0
70.0
1287.0
131.0
118.0
66.0
87.0
117.0
19.0
252.0
195.0
489.0
1273.0
33.0
519.0
111.0
188.0
48.0
341.0
254.0
362.0
61.0
299.0
539.0
284.0
74.0
250.0
82.0
289.0
29.0
373.0
166.0
809.0
1329.0
586.0
348.0
1167.0
293.0
155.0
845.0
5131.0
5684.0
130.0
172.0
307.0
50.0
28.0
182.0
208.0
193.0
505.0
367.0
77.0
64.0
27.0
118.0
31.0
20.0
174.0
904.0
53.0
131.0
64.0
46.0
165.0
146.0
72.0
167.0
150.0
754.0
35.0
21.0
26.0
30.0
8.0
74.0
277.0
110.0
72.0
85.0
56.0
39.0
85.0
150.0
49.0
26.0
58.0
159.0
161.0
109.0
80.0
134.0
46.0
63.0
1573.0
57.0
58.0
65.0
26.0
164.0
282.0
33.0
280.0
128.0
245.0
78.0
135.0
790.0
210.0
71.0
1255.0
125.0
120.0
67.0
86.0
111.0
19.0
260.0
206.0
507.0
1226.0
33.0
556.0
113.0
175.0
48.0
320.0
254.0
363.0
58.0
307.0
542.0
270.0
75.0
244.0
80.0
283.0
27.0
372.0
170.0
779.0
1280.0
547.0
347.0
1138.0
272.0
147.0
858.0
5060.0
5636.0
120.0
172.0
332.0
47.0
27.0
184.0
225.0
196.0
517.0
338.0
73.0
62.0
25.0
126.0
32.0
20.0
171.0
855.0
53.0
130.0
63.0
42.0
156.0
147.0
70.0
157.0
141.0
785.0
36.0
20.0
25.0
30.0
8.0
72.0
269.0
113.0
70.0
88.0
59.0
39.0
89.0
149.0
46.0
26.0
55.0
155.0
171.0
107.0
85.0
129.0
45.0
61.0
1636.0
56.0
57.0
69.0
25.0
154.0
270.0
30.0
262.0
119.0
248.0
79.0
132.0
826.0
214.0
70.0
1164.0
131.0
116.0
67.0
89.0
118.0
19.0
246.0
189.0
472.0
1229.0
35.0
532.0
111.0
188.0
47.0
347.0
246.0
362.0
61.0
292.0
527.0
266.0
75.0
244.0
80.0
276.0
28.0
348.0
161.0
830.0
1260.0
554.0
356.0
1144.0
283.0
152.0
836.0
5150.0
5849.0
124.0
172.0
336.0
51.0
27.0
185.0
218.0
185.0
491.0
362.0
77.0
65.0
26.0
119.0
33.0
19.0
168.0
899.0
52.0
128.0
66.0
44.0
164.0
154.0
75.0
158.0
139.0
802.0
35.0
20.0
24.0
29.0
8.0
75.0
254.0
102.0
74.0
90.0
54.0
39.0
84.0
149.0
45.0
25.0
53.0
149.0
166.0
105.0
80.0
134.0
44.0
63.0
1508.0
54.0
57.0
67.0
26.0
167.0
298.0
32.0
274.0
125.0
253.0
82.0
130.0
763.0
212.0
68.0
1182.0
129.0
126.0
68.0
92.0
112.0
20.0
272.0
198.0
512.0
1326.0
33.0
532.0
110.0
175.0
45.0
326.0
253.0
380.0
59.0
314.0
507.0
268.0
72.0
229.0
81.0
289.0
29.0
364.0
162.0
776.0
1338.0
596.0
362.0
1099.0
278.0
149.0
794.0
5059.0
5993.0
126.0
162.0
325.0
48.0
29.0
194.0
222.0
189.0
495.0
340.0
76.0
63.0
27.0
123.0
31.0
20.0
163.0
821.0
50.0
122.0
62.0
45.0
162.0
152.0
70.0
160.0
145.0
787.0
36.0
20.0
25.0
31.0
8.0
71.0
261.0
111.0
74.0
83.0
54.0
41.0
84.0
152.0
46.0
27.0
57.0
151.0
162.0
107.0
82.0
132.0
47.0
65.0
1557.0
56.0
55.0
67.0
25.0
155.0
293.0
30.0
260.0
126.0
242.0
81.0
140.0
826.0
223.0
69.0
1285.0
133.0
117.0
71.0
86.0
116.0
20.0
271.0
190.0
485.0
1277.0
33.0
536.0
112.0
175.0
44.0
334.0
252.0
387.0
59.0
319.0
508.0
278.0
72.0
244.0
76.0
292.0
29.0
364.0
171.0
768.0
1366.0
555.0
361.0
1198.0
287.0
147.0
803.0
5416.0
6030.0
126.0
172.0
333.0
48.0
27.0
179.0
208.0
184.0
508.0
347.0
74.0
62.0
25.0
128.0
32.0
20.0
178.0
867.0
51.0
123.0
65.0
46.0
166.0
147.0
74.0
164.0
145.0
762.0
35.0
21.0
25.0
31.0
8.0
70.0
269.0
110.0
72.0
84.0
58.0
41.0
84.0
143.0
46.0
25.0
53.0
152.0
166.0
111.0
81.0
133.0
44.0
65.0
1522.0
59.0
54.0
69.0
24.0
158.0
271.0
32.0
282.0
129.0
252.0
80.0
133.0
768.0
205.0
66.0
1258.0
126.0
126.0
71.0
86.0
115.0
20.0
258.0
189.0
512.0
1301.0
34.0
512.0
111.0
186.0
45.0
328.0
249.0
389.0
59.0
311.0
553.0
284.0
70.0
247.0
75.0
277.0
29.0
353.0
160.0
769.0
1258.0
570.0
350.0
1116.0
288.0
153.0
803.0
5419.0
5598.0
121.0
169.0
306.0
47.0
27.0
189.0
223.0
186.0
529.0
369.0
74.0
65.0
26.0
127.0
31.0
20.0
171.0
868.0
50.0
129.0
64.0
45.0
156.0
153.0
69.0
161.0
150.0
758.0
36.0
21.0
24.0
30.0
8.0
69.0
251.0
113.0
69.0
90.0
54.0
38.0
86.0
139.0
47.0
25.0
53.0
161.0
167.0
106.0
85.0
126.0
47.0
62.0
1539.0
54.0
58.0
69.0
24.0
154.0
272.0
31.0
263.0
130.0
244.0
79.0
135.0
779.0
214.0
65.0
1236.0
134.0
116.0
71.0
90.0
112.0
20.0
265.0
195.0
485.0
1272.0
34.0
542.0
111.0
183.0
47.0
331.0
244.0
385.0
60.0
291.0
541.0
288.0
73.0
252.0
78.0
299.0
27.0
362.0
158.0
781.0
1370.0
558.0
355.0
1123.0
274.0
147.0
812.0
5111.0
5488.0
131.0
160.0
335.0
49.0
27.0
185.0
210.0
189.0
502.0
343.0
78.0
62.0
25.0
119.0
33.0
20.0
172.0
814.0
50.0
118.0
66.0
45.0
159.0
140.0
74.0
167.0
145.0
790.0
35.0
20.0
25.0
32.0
8.0
71.0
264.0
103.0
68.0
90.0
56.0
41.0
81.0
141.0
47.0
27.0
53.0
163.0
175.0
101.0
85.0
129.0
44.0
67.0
1597.0
54.0
58.0
66.0
26.0
153.0
280.0
30.0
280.0
123.0
254.0
80.0
135.0
824.0
216.0
69.0
1273.0
124.0
127.0
68.0
92.0
117.0
20.0
250.0
203.0
479.0
1267.0
36.0
531.0
109.0
184.0
47.0
350.0
256.0
390.0
60.0
312.0
544.0
285.0
73.0
231.0
75.0
280.0
29.0
358.0
157.0
797.0
1391.0
566.0
353.0
1133.0
279.0
152.0
795.0
5428.0
5843.0
131.0
171.0
321.0
47.0
27.0
182.0
216.0
183.0
490.0
350.0
76.0
64.0
27.0
120.0
33.0
20.0
179.0
861.0
50.0
124.0
61.0
45.0
167.0
151.0
72.0
155.0
149.0
777.0
37.0
20.0
26.0
30.0
8.0
69.0
263.0
106.0
69.0
83.0
55.0
37.0
85.0
141.0
46.0
27.0
56.0
148.0
173.0
101.0
86.0
126.0
44.0
61.0
1549.0
56.0
57.0
68.0
26.0
155.0
274.0
33.0
260.0
124.0
245.0
77.0
133.0
780.0
219.0
70.0
1287.0
134.0
117.0
67.0
94.0
121.0
19.0
259.0
204.0
502.0
1312.0
36.0
545.0
110.0
189.0
44.0
326.0
266.0
384.0
56.0
289.0
533.0
282.0
71.0
246.0
77.0
283.0
29.0
369.0
166.0
838.0
1351.0
553.0
355.0
1154.0
276.0
148.0
808.0
5242.0
5524.0
130.0
173.0
316.0
49.0
29.0
192.0
225.0
182.0
497.0
369.0
76.0
63.0
25.0
116.0
33.0
19.0
163.0
890.0
50.0
118.0
67.0
44.0
164.0
149.0
70.0
152.0
139.0
777.0
37.0
21.0
26.0
30.0
8.0
71.0
251.0
109.0
73.0
85.0
59.0
39.0
84.0
143.0
48.0
26.0
55.0
159.0
162.0
107.0
84.0
138.0
48.0
62.0
1608.0
57.0
59.0
69.0
25.0
165.0
284.0
30.0
280.0
119.0
254.0
75.0
129.0
773.0
223.0
67.0
1247.0
128.0
126.0
70.0
86.0
116.0
20.0
246.0
190.0
519.0
1275.0
35.0
532.0
112.0
192.0
44.0
339.0
266.0
370.0
61.0
295.0
532.0
273.0
69.0
231.0
77.0
301.0
29.0
350.0
168.0
766.0
1271.0
557.0
360.0
1110.0
283.0
148.0
826.0
5324.0
6021.0
123.0
173.0
334.0
51.0
28.0
193.0
223.0
186.0
497.0
358.0
73.0
64.0
27.0
122.0
33.0
20.0
170.0
835.0
51.0
131.0
67.0
42.0
155.0
154.0
75.0
164.0
151.0
733.0
35.0
19.0
25.0
29.0
8.0
69.0
265.0
108.0
69.0
90.0
57.0
38.0
88.0
141.0
47.0
25.0
57.0
151.0
162.0
111.0
80.0
130.0
46.0
64.0
1539.0
59.0
57.0
67.0
26.0
152.0
279.0
32.0
278.0
126.0
247.0
83.0
139.0
784.0
205.0
69.0
1203.0
131.0
120.0
71.0
87.0
119.0
19.0
247.0
192.0
492.0
1261.0
34.0
542.0
119.0
192.0
45.0
349.0
270.0
386.0
61.0
314.0
529.0
277.0
76.0
238.0
82.0
273.0
28.0
356.0
163.0
778.0
1318.0
578.0
332.0
1173.0
281.0
150.0
826.0
5495.0
5946.0
121.0
168.0
309.0
50.0
29.0
185.0
210.0
181.0
483.0
353.0
76.0
61.0
27.0
125.0
30.0
19.0
170.0
862.0
49.0
124.0
67.0
45.0
165.0
141.0
75.0
164.0
152.0
767.0
38.0
20.0
24.0
29.0
8.0
74.0
277.0
108.0
74.0
84.0
58.0
39.0
86.0
142.0
47.0
25.0
55.0
160.0
159.0
110.0
82.0
127.0
46.0
61.0
1560.0
56.0
57.0
67.0
26.0
161.0
291.0
31.0
287.0
120.0
247.0
82.0
139.0
807.0
203.0
66.0
1202.0
134.0
119.0
70.0
91.0
115.0
18.0
258.0
205.0
480.0
1342.0
34.0
539.0
117.0
190.0
47.0
351.0
270.0
389.0
59.0
309.0
538.0
283.0
76.0
242.0
77.0
275.0
28.0
342.0
162.0
798.0
1302.0
564.0
344.0
1129.0
292.0
153.0
822.0
5152.0
5482.0
121.0
166.0
313.0
49.0
27.0
177.0
216.0
184.0
526.0
365.0
77.0
65.0
25.0
122.0
30.0
19.0
179.0
828.0
52.0
131.0
65.0
44.0
153.0
143.0
75.0
155.0
152.0
776.0
37.0
20.0
25.0
29.0
8.0
73.0
262.0
110.0
70.0
91.0
54.0
40.0
85.0
147.0
47.0
26.0
56.0
153.0
170.0
106.0
80.0
131.0
46.0
61.0
1573.0
56.0
56.0
69.0
25.0
164.0
277.0
33.0
272.0
127.0
243.0
82.0
128.0
756.0
207.0
67.0
1166.0
124.0
120.0
72.0
93.0
111.0
20.0
252.0
207.0
504.0
1341.0
35.0
550.0
112.0
181.0
48.0
340.0
255.0
391.0
55.0
295.0
516.0
276.0
75.0
242.0
75.0
292.0
29.0
351.0
159.0
811.0
1297.0
586.0
337.0
1154.0
301.0
145.0
874.0
5313.0
5910.0
121.0
157.0
324.0
48.0
28.0
177.0
204.0
178.0
524.0
371.0
77.0
65.0
26.0
118.0
31.0
19.0
172.0
887.0
51.0
128.0
64.0
44.0
164.0
155.0
75.0
157.0
148.0
742.0
35.0
20.0
25.0
31.0
8.0
76.0
251.0
104.0
71.0
83.0
56.0
41.0
87.0
149.0
47.0
26.0
56.0
154.0
165.0
106.0
79.0
130.0
46.0
63.0
1502.0
55.0
58.0
67.0
25.0
162.0
272.0
33.0
277.0
127.0
260.0
82.0
135.0
771.0
218.0
67.0
1208.0
133.0
126.0
69.0
88.0
113.0
19.0
250.0
196.0
503.0
1302.0
33.0
536.0
119.0
187.0
45.0
344.0
270.0
397.0
57.0
316.0
554.0
268.0
73.0
249.0
80.0
295.0
27.0
362.0
167.0
818.0
1311.0
597.0
330.0
1157.0
293.0
154.0
809.0
5518.0
5790.0
126.0
165.0
330.0
48.0
29.0
179.0
211.0
185.0
513.0
354.0
74.0
64.0
25.0
119.0
33.0
19.0
162.0
899.0
53.0
130.0
64.0
45.0
153.0
146.0
76.0
168.0
153.0
777.0
35.0
20.0
24.0
32.0
8.0
70.0
253.0
109.0
74.0
87.0
55.0
39.0
84.0
154.0
45.0
26.0
56.0
164.0
159.0
106.0
86.0
133.0
48.0
66.0
1589.0
54.0
56.0
70.0
26.0
156.0
278.0
33.0
281.0
119.0
237.0
77.0
130.0
832.0
219.0
68.0
1245.0
122.0
121.0
69.0
89.0
121.0
20.0
251.0
196.0
489.0
1291.0
36.0
537.0
113.0
175.0
48.0
338.0
246.0
378.0
58.0
305.0
521.0
289.0
75.0
251.0
79.0
295.0
29.0
355.0
167.0
809.0
1319.0
543.0
328.0
1126.0
277.0
153.0
848.0
5068.0
5787.0
123.0
163.0
310.0
51.0
27.0
181.0
214.0
191.0
493.0
338.0
77.0
62.0
26.0
116.0
31.0
19.0
175.0
817.0
51.0
125.0
61.0
44.0
155.0
155.0
76.0
155.0
139.0
758.0
37.0
20.0
25.0
32.0
8.0
73.0
254.0
106.0
71.0
87.0
57.0
38.0
85.0
153.0
49.0
26.0
53.0
160.0
162.0
108.0
82.0
130.0
45.0
61.0
1531.0
58.0
58.0
70.0
25.0
167.0
281.0
30.0
260.0
126.0
239.0
76.0
140.0
789.0
218.0
71.0
1229.0
130.0
119.0
70.0
93.0
114.0
19.0
269.0
195.0
515.0
1350.0
34.0
538.0
117.0
189.0
44.0
343.0
270.0
362.0
56.0
296.0
551.0
288.0
72.0
253.0
77.0
299.0
27.0
360.0
159.0
840.0
1314.0
568.0
344.0
1125.0
292.0
144.0
828.0
5515.0
5896.0
124.0
171.0
303.0
48.0
27.0
188.0
215.0
181.0
529.0
348.0
72.0
63.0
26.0
122.0
33.0
20.0
162.0
847.0
50.0
128.0
67.0
43.0
165.0
150.0
72.0
162.0
143.0
773.0
37.0
20.0
24.0
32.0
8.0
75.0
264.0
109.0
73.0
89.0
57.0
41.0
89.0
144.0
47.0
26.0
54.0
153.0
161.0
102.0
83.0
133.0
47.0
67.0
1540.0
59.0
59.0
67.0
24.0
154.0
281.0
32.0
266.0
124.0
236.0
76.0
129.0
768.0
209.0
71.0
1160.0
134.0
126.0
68.0
94.0
122.0
20.0
266.0
206.0
487.0
1269.0
34.0
527.0
113.0
185.0
48.0
322.0
248.0
390.0
56.0
296.0
511.0
269.0
72.0
240.0
78.0
280.0
29.0
367.0
156.0
785.0
1359.0
596.0
342.0
1176.0
281.0
159.0
826.0
5384.0
5552.0
123.0
172.0
323.0
47.0
29.0
186.0
204.0
181.0
503.0
369.0
72.0
64.0
25.0
118.0
31.0
20.0
172.0
896.0
51.0
127.0
66.0
42.0
163.0
150.0
75.0
152.0
142.0
758.0
35.0
20.0
25.0
30.0
8.0
74.0
258.0
111.0
71.0
85.0
58.0
41.0
86.0
150.0
47.0
27.0
55.0
156.0
164.0
104.0
86.0
131.0
44.0
62.0
1635.0
54.0
58.0
66.0
24.0
154.0
285.0
32.0
269.0
127.0
252.0
83.0
131.0
831.0
207.0
68.0
1246.0
127.0
122.0
71.0
94.0
117.0
19.0
266.0
201.0
504.0
1331.0
34.0
528.0
120.0
192.0
47.0
322.0
252.0
394.0
60.0
316.0
554.0
284.0
75.0
252.0
76.0
293.0
27.0
365.0
158.0
837.0
1383.0
565.0
357.0
1149.0
290.0
147.0
838.0
5309.0
5773.0
130.0
160.0
324.0
50.0
27.0
175.0
209.0
178.0
485.0
366.0
73.0
67.0
25.0
117.0
32.0
19.0
168.0
837.0
52.0
120.0
63.0
45.0
164.0
147.0
71.0
163.0
143.0
742.0
36.0
20.0
26.0
30.0
8.0
74.0
272.0
105.0
73.0
83.0
57.0
38.0
87.0
140.0
46.0
27.0
54.0
149.0
159.0
111.0
84.0
138.0
48.0
67.0
1666.0
59.0
58.0
68.0
25.0
163.0
283.0
31.0
266.0
121.0
244.0
75.0
132.0
828.0
216.0
71.0
1184.0
130.0
117.0
68.0
93.0
114.0
19.0
258.0
197.0
487.0
1329.0
35.0
516.0
111.0
175.0
45.0
325.0
257.0
362.0
60.0
304.0
533.0
280.0
70.0
244.0
76.0
297.0
27.0
358.0
168.0
763.0
1312.0
572.0
362.0
1094.0
287.0
157.0
873.0
5448.0
6022.0
128.0
164.0
330.0
49.0
28.0
190.0
206.0
179.0
482.0
361.0
78.0
65.0
26.0
126.0
32.0
20.0
176.0
817.0
49.0
130.0
61.0
44.0
163.0
142.0
76.0
163.0
149.0
750.0
35.0
20.0
24.0
32.0
8.0
75.0
254.0
112.0
68.0
87.0
57.0
41.0
83.0
149.0
46.0
25.0
58.0
159.0
169.0
101.0
83.0
133.0
47.0
62.0
1621.0
54.0
59.0
69.0
24.0
161.0
297.0
33.0
271.0
124.0
246.0
77.0
129.0
772.0
209.0
71.0
1175.0
125.0
124.0
72.0
86.0
117.0
19.0
267.0
195.0
515.0
1256.0
34.0
527.0
114.0
187.0
45.0
324.0
264.0
385.0
60.0
320.0
552.0
274.0
73.0
252.0
77.0
301.0
27.0
361.0
160.0
802.0
1365.0
553.0
338.0
1110.0
301.0
147.0
818.0
5351.0
5486.0
120.0
162.0
325.0
51.0
27.0
191.0
217.0
179.0
498.0
365.0
73.0
61.0
27.0
117.0
32.0
19.0
172.0
815.0
52.0
119.0
61.0
42.0
166.0
147.0
71.0
166.0
141.0
725.0
38.0
20.0
25.0
31.0
8.0
69.0
261.0
113.0
70.0
83.0
55.0
41.0
84.0
141.0
47.0
27.0
55.0
164.0
170.0
105.0
85.0
135.0
47.0
65.0
1644.0
56.0
55.0
67.0
25.0
155.0
270.0
33.0
265.0
130.0
241.0
80.0
129.0
793.0
222.0
70.0
1268.0
128.0
115.0
70.0
87.0
116.0
19.0
250.0
197.0
472.0
1282.0
35.0
548.0
116.0
193.0
46.0
318.0
244.0
380.0
61.0
300.0
538.0
284.0
71.0
232.0
82.0
296.0
29.0
352.0
159.0
820.0
1349.0
575.0
354.0
1131.0
293.0
159.0
866.0
4994.0
5999.0
122.0
166.0
316.0
47.0
27.0
189.0
209.0
182.0
506.0
367.0
77.0
62.0
27.0
121.0
31.0
19.0
179.0
889.0
51.0
128.0
64.0
44.0
164.0
150.0
75.0
159.0
139.0
735.0
37.0
20.0
26.0
30.0
8.0
70.0
258.0
108.0
72.0
86.0
59.0
41.0
83.0
144.0
48.0
27.0
54.0
161.0
171.0
101.0
84.0
131.0
47.0
61.0
1554.0
56.0
58.0
70.0
25.0
153.0
277.0
30.0
287.0
126.0
245.0
82.0
131.0
809.0
211.0
69.0
1189.0
124.0
123.0
69.0
86.0
120.0
19.0
255.0
206.0
492.0
1249.0
36.0
540.0
111.0
179.0
45.0
327.0
252.0
374.0
57.0
291.0
518.0
290.0
72.0
242.0
75.0
276.0
28.0
373.0
161.0
810.0
1367.0
567.0
328.0
1093.0
298.0
145.0
864.0
5271.0
5465.0
130.0
165.0
304.0
48.0
28.0
188.0
209.0
190.0
521.0
368.0
73.0
62.0
27.0
122.0
30.0
20.0
163.0
838.0
53.0
130.0
67.0
44.0
167.0
155.0
70.0
155.0
151.0
759.0
37.0
21.0
26.0
31.0
8.0
71.0
275.0
107.0
74.0
86.0
56.0
40.0
83.0
147.0
48.0
25.0
56.0
164.0
162.0
108.0
83.0
137.0
48.0
62.0
1545.0
57.0
59.0
69.0
24.0
152.0
281.0
30.0
272.0
126.0
237.0
80.0
129.0
821.0
218.0
69.0
1181.0
128.0
126.0
69.0
94.0
118.0
19.0
270.0
201.0
502.0
1299.0
34.0
546.0
116.0
191.0
44.0
325.0
256.0
368.0
61.0
316.0
507.0
270.0
76.0
243.0
76.0
298.0
28.0
347.0
161.0
769.0
1322.0
544.0
355.0
1084.0
282.0
152.0
803.0
5280.0
5889.0
128.0
167.0
307.0
48.0
27.0
178.0
226.0
189.0
482.0
367.0
78.0
65.0
27.0
128.0
31.0
20.0
165.0
835.0
51.0
130.0
67.0
46.0
160.0
155.0
75.0
153.0
143.0
757.0
38.0
20.0
26.0
31.0
8.0
70.0
253.0
102.0
74.0
90.0
56.0
40.0
84.0
142.0
47.0
27.0
58.0
155.0
169.0
104.0
83.0
135.0
46.0
64.0
1618.0
56.0
59.0
65.0
25.0
160.0
298.0
31.0
287.0
130.0
253.0
77.0
131.0
788.0
209.0
67.0
1197.0
124.0
117.0
73.0
93.0
114.0
20.0
251.0
206.0
518.0
1221.0
34.0
518.0
114.0
182.0
48.0
343.0
254.0
371.0
56.0
307.0
505.0
286.0
69.0
245.0
79.0
298.0
29.0
340.0
160.0
775.0
1257.0
571.0
339.0
1182.0
292.0
158.0
870.0
5475.0
5848.0
126.0
163.0
324.0
49.0
28.0
182.0
219.0
193.0
522.0
366.0
77.0
66.0
26.0
117.0
32.0
20.0
172.0
822.0
50.0
130.0
67.0
45.0
155.0
144.0
74.0
166.0
144.0
750.0
35.0
20.0
26.0
32.0
8.0
69.0
257.0
112.0
68.0
89.0
54.0
40.0
85.0
146.0
45.0
25.0
58.0
157.0
161.0
101.0
83.0
132.0
45.0
67.0
1660.0
56.0
57.0
70.0
26.0
160.0
275.0
33.0
266.0
125.0
259.0
81.0
132.0
765.0
214.0
65.0
1192.0
122.0
123.0
68.0
94.0
113.0
20.0
249.0
204.0
502.0
1274.0
36.0
538.0
113.0
177.0
46.0
344.0
268.0
389.0
60.0
308.0
533.0
271.0
75.0
233.0
82.0
281.0
29.0
349.0
157.0
785.0
1256.0
561.0
342.0
1093.0
276.0
152.0
858.0
5446.0
6025.0
130.0
162.0
315.0
47.0
29.0
179.0
219.0
184.0
487.0
351.0
79.0
62.0
27.0
120.0
32.0
20.0
168.0
890.0
51.0
129.0
62.0
44.0
163.0
141.0
71.0
159.0
152.0
789.0
37.0
21.0
24.0
30.0
8.0
73.0
260.0
108.0
68.0
84.0
59.0
38.0
87.0
147.0
49.0
27.0
54.0
155.0
165.0
109.0
84.0
134.0
48.0
61.0
1646.0
58.0
59.0
67.0
24.0
163.0
284.0
33.0
273.0
120.0
248.0
80.0
139.0
802.0
205.0
71.0
1239.0
124.0
120.0
67.0
94.0
120.0
20.0
258.0
192.0
490.0
1335.0
35.0
527.0
111.0
182.0
46.0
346.0
247.0
395.0
57.0
312.0
510.0
288.0
72.0
253.0
79.0
289.0
29.0
360.0
160.0
783.0
1348.0
557.0
344.0
1164.0
301.0
144.0
818.0
5115.0
5815.0
120.0
163.0
320.0
51.0
27.0
176.0
211.0
194.0
520.0
351.0
77.0
63.0
25.0
128.0
30.0
19.0
171.0
847.0
50.0
122.0
66.0
42.0
158.0
147.0
73.0
155.0
148.0
724.0
35.0
20.0
25.0
30.0
8.0
69.0
257.0
113.0
72.0
91.0
56.0
41.0
81.0
146.0
47.0
27.0
54.0
155.0
174.0
103.0
82.0
127.0
44.0
64.0
1629.0
58.0
58.0
68.0
25.0
162.0
278.0
30.0
284.0
119.0
259.0
79.0
139.0
756.0
209.0
69.0
1182.0
125.0
118.0
67.0
88.0
115.0
20.0
271.0
205.0
513.0
1337.0
36.0
522.0
120.0
183.0
48.0
323.0
264.0
391.0
60.0
312.0
544.0
284.0
76.0
238.0
80.0
272.0
29.0
345.0
164.0
809.0
1305.0
591.0
360.0
1120.0
278.0
148.0
791.0
5047.0
6022.0
127.0
171.0
306.0
50.0
27.0
194.0
212.0
194.0
504.0
365.0
73.0
66.0
27.0
126.0
32.0
19.0
174.0
887.0
48.0
122.0
62.0
45.0
167.0
150.0
74.0
161.0
145.0
741.0
36.0
21.0
25.0
32.0
8.0
74.0
256.0
107.0
73.0
87.0
58.0
41.0
81.0
147.0
48.0
27.0
58.0
156.0
159.0
107.0
81.0
129.0
48.0
63.0
1575.0
54.0
58.0
70.0
25.0
165.0
273.0
32.0
277.0
126.0
256.0
82.0
131.0
787.0
210.0
66.0
1170.0
124.0
122.0
70.0
90.0
113.0
20.0
246.0
198.0
186.0
167.0
155.0
155.0
387.0
148.0
168.0
169.0
145.0
157.0
158.0
148.0
171.0
172.0
156.0
174.0
164.0
158.0
398.0
175.0
168.0
157.0
147.0
147.0
138.0
142.0
140.0
379.0
145.0
140.0
169.0
148.0
154.0
134.0
136.0
160.0
145.0
154.0
176.0
142.0
139.0
146.0
164.0
151.0
143.0
389.0
174.0
146.0
380.0
144.0
157.0
156.0
177.0
168.0
176.0
159.0
159.0
154.0
400.0
130.0
176.0
147.0
132.0
156.0
138.0
139.0
151.0
163.0
164.0
162.0
142.0
162.0
155.0
151.0
115.0
143.0
437.0
162.0
142.0
135.0
140.0
167.0
168.0
156.0
144.0
137.0
433.0
173.0
443.0
152.0
411.0
406.0
428.0
464.0
389.0
436.0
434.0
493.0
371.0
160.0
162.0
148.0
138.0
132.0
136.0
155.0
154.0
173.0
206.0
182.0
162.0
140.0
413.0
159.0
143.0
151.0
164.0
149.0
132.0
160.0
132.0
152.0
163.0
130.0
163.0
171.0
481.0
166.0
135.0
170.0
169.0
156.0
132.0
130.0
162.0
450.0
158.0
150.0
154.0
134.0
176.0
163.0
158.0
176.0
175.0
164.0
145.0
173.0
137.0
169.0
165.0
131.0
171.0
440.0
176.0
159.0
478.0
144.0
165.0
171.0
161.0
134.0
155.0
161.0
170.0
171.0
449.0
134.0
170.0
137.0
170.0
166.0
169.0
168.0
141.0
175.0
163.0
156.0
176.0
168.0
171.0
135.0
134.0
150.0
442.0
156.0
175.0
151.0
146.0
174.0
176.0
171.0
157.0
177.0
405.0
151.0
463.0
147.0
421.0
391.0
451.0
490.0
373.0
439.0
372.0
387.0
387.0
135.0
146.0
131.0
150.0
138.0
132.0
153.0
160.0
167.0
201.0
204.0
171.0
154.0
363.0
173.0
173.0
137.0
156.0
172.0
143.0
159.0
158.0
168.0
148.0
146.0
139.0
150.0
376.0
173.0
132.0
131.0
172.0
165.0
138.0
158.0
156.0
412.0
145.0
163.0
173.0
145.0
176.0
131.0
136.0
158.0
167.0
162.0
155.0
152.0
133.0
137.0
177.0
117.0
175.0
446.0
148.0
137.0
421.0
148.0
160.0
174.0
152.0
144.0
141.0
157.0
153.0
144.0
425.0
131.0
144.0
136.0
158.0
138.0
146.0
176.0
162.0
141.0
143.0
175.0
177.0
131.0
172.0
142.0
152.0
142.0
443.0
146.0
148.0
166.0
174.0
132.0
168.0
159.0
172.0
168.0
372.0
167.0
379.0
168.0
373.0
369.0
382.0
451.0
461.0
482.0
384.0
469.0
448.0
171.0
139.0
173.0
138.0
151.0
159.0
164.0
147.0
160.0
162.0
184.0
173.0
165.0
379.0
176.0
158.0
168.0
146.0
141.0
161.0
176.0
134.0
145.0
155.0
166.0
131.0
172.0
465.0
158.0
168.0
149.0
169.0
164.0
175.0
130.0
138.0
477.0
141.0
144.0
143.0
140.0
156.0
134.0
159.0
137.0
176.0
136.0
154.0
139.0
165.0
138.0
146.0
125.0
176.0
468.0
169.0
168.0
456.0
131.0
176.0
169.0
151.0
156.0
142.0
175.0
137.0
140.0
483.0
174.0
159.0
170.0
150.0
147.0
153.0
169.0
170.0
157.0
153.0
174.0
174.0
146.0
153.0
137.0
151.0
152.0
435.0
169.0
145.0
142.0
132.0
130.0
134.0
164.0
156.0
131.0
446.0
160.0
381.0
172.0
437.0
476.0
369.0
423.0
456.0
480.0
374.0
487.0
378.0
139.0
140.0
140.0
169.0
170.0
132.0
162.0
151.0
160.0
169.0
194.0
142.0
161.0
434.0
152.0
167.0
175.0
149.0
157.0
177.0
165.0
155.0
174.0
137.0
148.0
169.0
152.0
442.0
132.0
148.0
170.0
160.0
164.0
169.0
148.0
138.0
383.0
146.0
141.0
144.0
161.0
175.0
161.0
143.0
177.0
172.0
170.0
140.0
169.0
162.0
173.0
137.0
124.0
167.0
454.0
134.0
174.0
457.0
153.0
168.0
157.0
170.0
140.0
171.0
154.0
158.0
145.0
430.0
167.0
148.0
147.0
138.0
177.0
174.0
149.0
131.0
167.0
151.0
144.0
157.0
142.0
172.0
171.0
122.0
145.0
445.0
135.0
161.0
153.0
153.0
149.0
165.0
164.0
173.0
130.0
379.0
157.0
492.0
151.0
424.0
396.0
475.0
447.0
418.0
462.0
363.0
452.0
437.0
131.0
169.0
172.0
157.0
170.0
132.0
142.0
145.0
170.0
191.0
192.0
159.0
167.0
433.0
150.0
132.0
147.0
152.0
157.0
174.0
159.0
135.0
168.0
144.0
137.0
152.0
166.0
432.0
164.0
166.0
130.0
177.0
147.0
150.0
151.0
132.0
480.0
133.0
134.0
165.0
177.0
130.0
158.0
159.0
141.0
142.0
139.0
137.0
169.0
153.0
156.0
165.0
152.0
146.0
372.0
152.0
138.0
450.0
154.0
166.0
151.0
135.0
169.0
176.0
177.0
171.0
164.0
411.0
148.0
147.0
151.0
171.0
131.0
155.0
154.0
170.0
175.0
164.0
161.0
168.0
139.0
154.0
131.0
125.0
172.0
465.0
156.0
133.0
135.0
132.0
171.0
158.0
138.0
172.0
150.0
392.0
165.0
456.0
149.0
378.0
379.0
414.0
443.0
425.0
399.0
452.0
483.0
434.0
170.0
137.0
141.0
159.0
134.0
135.0
155.0
149.0
139.0
197.0
164.0
151.0
172.0
491.0
130.0
147.0
175.0
146.0
135.0
133.0
136.0
166.0
133.0
154.0
161.0
134.0
132.0
409.0
145.0
169.0
173.0
150.0
160.0
150.0
168.0
153.0
477.0
155.0
131.0
134.0
161.0
161.0
167.0
164.0
162.0
131.0
142.0
160.0
162.0
159.0
133.0
175.0
124.0
167.0
407.0
130.0
148.0
436.0
151.0
167.0
172.0
174.0
147.0
148.0
171.0
161.0
165.0
404.0
157.0
139.0
174.0
155.0
169.0
171.0
164.0
141.0
169.0
157.0
142.0
172.0
132.0
149.0
156.0
113.0
141.0
487.0
167.0
165.0
156.0
152.0
168.0
137.0
175.0
174.0
174.0
473.0
174.0
454.0
172.0
411.0
494.0
378.0
401.0
401.0
379.0
479.0
396.0
395.0
175.0
147.0
172.0
130.0
160.0
147.0
170.0
160.0
156.0
171.0
154.0
138.0
144.0
445.0
146.0
147.0
167.0
150.0
130.0
150.0
135.0
160.0
162.0
173.0
162.0
160.0
158.0
367.0
172.0
155.0
149.0
142.0
173.0
173.0
149.0
163.0
491.0
163.0
143.0
168.0
164.0
157.0
167.0
154.0
160.0
155.0
161.0
153.0
171.0
133.0
170.0
151.0
136.0
152.0
379.0
162.0
131.0
463.0
176.0
175.0
148.0
157.0
133.0
164.0
173.0
138.0
144.0
390.0
152.0
164.0
144.0
173.0
131.0
144.0
170.0
146.0
156.0
171.0
161.0
139.0
134.0
140.0
158.0
128.0
159.0
417.0
170.0
153.0
139.0
169.0
139.0
148.0
169.0
144.0
176.0
423.0
153.0
492.0
156.0
456.0
435.0
400.0
422.0
365.0
438.0
444.0
384.0
369.0
132.0
135.0
163.0
147.0
162.0
145.0
141.0
155.0
143.0
187.0
159.0
161.0
142.0
489.0
159.0
139.0
151.0
175.0
167.0
142.0
155.0
160.0
153.0
172.0
159.0
150.0
152.0
442.0
148.0
167.0
168.0
152.0
133.0
175.0
154.0
156.0
391.0
160.0
163.0
148.0
165.0
161.0
172.0
159.0
138.0
160.0
144.0
154.0
152.0
144.0
133.0
148.0
127.0
149.0
476.0
154.0
134.0
477.0
142.0
175.0
147.0
161.0
134.0
145.0
160.0
171.0
142.0
444.0
164.0
158.0
170.0
142.0
143.0
177.0
166.0
150.0
169.0
139.0
132.0
133.0
139.0
139.0
149.0
115.0
165.0
369.0
173.0
170.0
154.0
152.0
176.0
166.0
149.0
140.0
155.0
470.0
170.0
456.0
159.0
377.0
454.0
421.0
435.0
470.0
381.0
433.0
386.0
399.0
132.0
148.0
147.0
171.0
131.0
135.0
144.0
138.0
171.0
174.0
175.0
144.0
151.0
474.0
177.0
160.0
143.0
135.0
173.0
134.0
172.0
138.0
167.0
174.0
133.0
162.0
162.0
443.0
165.0
141.0
141.0
133.0
163.0
173.0
155.0
160.0
424.0
159.0
146.0
152.0
150.0
168.0
158.0
175.0
161.0
171.0
130.0
159.0
172.0
138.0
143.0
170.0
115.0
146.0
422.0
167.0
146.0
455.0
138.0
156.0
162.0
156.0
174.0
172.0
158.0
174.0
161.0
419.0
137.0
174.0
138.0
153.0
163.0
167.0
145.0
175.0
130.0
142.0
176.0
166.0
133.0
131.0
130.0
146.0
175.0
396.0
174.0
167.0
153.0
140.0
131.0
155.0
159.0
130.0
132.0
443.0
161.0
438.0
162.0
368.0
486.0
428.0
426.0
465.0
423.0
417.0
494.0
397.0
156.0
175.0
143.0
158.0
166.0
153.0
171.0
147.0
136.0
171.0
158.0
171.0
136.0
474.0
146.0
170.0
155.0
162.0
140.0
146.0
171.0
155.0
148.0
162.0
170.0
151.0
135.0
441.0
134.0
177.0
162.0
175.0
160.0
169.0
158.0
164.0
366.0
142.0
175.0
169.0
157.0
134.0
155.0
153.0
151.0
161.0
147.0
169.0
156.0
169.0
177.0
132.0
126.0
156.0
425.0
147.0
139.0
388.0
133.0
148.0
159.0
152.0
134.0
175.0
166.0
134.0
133.0
406.0
131.0
141.0
168.0
146.0
151.0
152.0
148.0
175.0
144.0
161.0
155.0
143.0
136.0
144.0
169.0
151.0
146.0
491.0
157.0
157.0
156.0
173.0
155.0
145.0
164.0
132.0
158.0
417.0
166.0
484.0
142.0
448.0
378.0
405.0
414.0
374.0
392.0
426.0
442.0
383.0
137.0
146.0
152.0
137.0
130.0
137.0
138.0
144.0
143.0
166.0
166.0
163.0
167.0
374.0
170.0
169.0
164.0
162.0
145.0
146.0
168.0
172.0
141.0
159.0
168.0
163.0
138.0
369.0
162.0
165.0
167.0
175.0
142.0
143.0
130.0
172.0
394.0
137.0
149.0
157.0
167.0
154.0
135.0
160.0
134.0
133.0
163.0
134.0
163.0
157.0
136.0
133.0
126.0
158.0
429.0
144.0
170.0
432.0
135.0
148.0
175.0
176.0
146.0
166.0
154.0
153.0
144.0
375.0
141.0
146.0
177.0
142.0
165.0
131.0
164.0
140.0
133.0
159.0
175.0
160.0
152.0
169.0
162.0
146.0
143.0
378.0
138.0
153.0
141.0
148.0
163.0
131.0
158.0
156.0
151.0
374.0
160.0
386.0
165.0
366.0
470.0
428.0
416.0
405.0
400.0
476.0
466.0
475.0
162.0
144.0
171.0
170.0
160.0
169.0
148.0
145.0
170.0
184.0
199.0
138.0
144.0
476.0
130.0
141.0
154.0
176.0
136.0
132.0
136.0
135.0
135.0
135.0
140.0
163.0
139.0
457.0
171.0
141.0
177.0
130.0
147.0
140.0
176.0
152.0
441.0
171.0
157.0
134.0
167.0
161.0
168.0
137.0
159.0
131.0
163.0
134.0
135.0
153.0
141.0
174.0
124.0
140.0
426.0
152.0
136.0
483.0
132.0
173.0
143.0
141.0
141.0
164.0
175.0
150.0
140.0
382.0
158.0
160.0
150.0
139.0
143.0
139.0
173.0
152.0
137.0
132.0
134.0
176.0
143.0
158.0
154.0
138.0
146.0
377.0
147.0
154.0
165.0
150.0
168.0
151.0
162.0
139.0
154.0
391.0
170.0
422.0
173.0
363.0
460.0
465.0
363.0
460.0
491.0
445.0
453.0
365.0
143.0
159.0
136.0
141.0
146.0
154.0
160.0
147.0
144.0
185.0
189.0
147.0
165.0
420.0
150.0
151.0
157.0
145.0
176.0
144.0
174.0
171.0
169.0
135.0
133.0
149.0
145.0
406.0
135.0
155.0
146.0
132.0
164.0
156.0
154.0
159.0
396.0
168.0
141.0
174.0
138.0
140.0
167.0
154.0
148.0
158.0
136.0
138.0
176.0
139.0
133.0
130.0
138.0
168.0
389.0
132.0
155.0
452.0
147.0
161.0
152.0
142.0
169.0
163.0
162.0
146.0
157.0
469.0
153.0
169.0
172.0
156.0
172.0
169.0
156.0
142.0
152.0
154.0
146.0
154.0
143.0
143.0
149.0
115.0
131.0
435.0
165.0
149.0
133.0
140.0
135.0
130.0
150.0
144.0
171.0
429.0
168.0
440.0
154.0
493.0
383.0
404.0
391.0
386.0
415.0
371.0
407.0
396.0
151.0
143.0
168.0
156.0
150.0
154.0
172.0
154.0
164.0
204.0
192.0
149.0
157.0
467.0
157.0
168.0
176.0
175.0
172.0
176.0
145.0
159.0
140.0
147.0
175.0
173.0
170.0
373.0
158.0
170.0
133.0
132.0
149.0
130.0
154.0
134.0
475.0
165.0
165.0
135.0
133.0
176.0
173.0
145.0
131.0
163.0
171.0
137.0
167.0
169.0
141.0
134.0
148.0
131.0
422.0
161.0
143.0
451.0
156.0
149.0
152.0
133.0
140.0
162.0
132.0
148.0
168.0
386.0
155.0
148.0
153.0
174.0
130.0
149.0
165.0
131.0
149.0
150.0
135.0
146.0
139.0
144.0
132.0
147.0
170.0
379.0
169.0
164.0
141.0
158.0
135.0
164.0
133.0
172.0
173.0
372.0
172.0
387.0
147.0
447.0
372.0
472.0
376.0
485.0
398.0
382.0
394.0
448.0
169.0
135.0
159.0
146.0
143.0
138.0
145.0
168.0
131.0
182.0
199.0
175.0
160.0
386.0
154.0
154.0
157.0
155.0
172.0
162.0
133.0
167.0
146.0
159.0
160.0
133.0
170.0
416.0
143.0
173.0
132.0
173.0
154.0
131.0
169.0
151.0
475.0
132.0
177.0
156.0
174.0
163.0
171.0
175.0
131.0
174.0
172.0
163.0
141.0
157.0
157.0
176.0
135.0
165.0
391.0
133.0
133.0
380.0
153.0
158.0
142.0
160.0
155.0
168.0
171.0
142.0
149.0
460.0
154.0
131.0
175.0
144.0
166.0
152.0
143.0
176.0
168.0
174.0
157.0
139.0
157.0
159.0
132.0
152.0
138.0
398.0
176.0
146.0
172.0
165.0
140.0
136.0
141.0
137.0
165.0
375.0
149.0
376.0
138.0
436.0
454.0
376.0
368.0
420.0
414.0
429.0
411.0
420.0
138.0
145.0
135.0
152.0
140.0
169.0
139.0
170.0
149.0
196.0
158.0
163.0
146.0
458.0
165.0
162.0
133.0
156.0
155.0
167.0
175.0
160.0
142.0
137.0
160.0
166.0
134.0
488.0
148.0
174.0
152.0
156.0
136.0
170.0
147.0
176.0
375.0
147.0
159.0
142.0
165.0
153.0
158.0
168.0
146.0
158.0
142.0
145.0
152.0
172.0
152.0
163.0
132.0
143.0
369.0
137.0
153.0
433.0
131.0
134.0
133.0
169.0
176.0
165.0
159.0
149.0
149.0
471.0
146.0
176.0
164.0
136.0
156.0
170.0
175.0
146.0
160.0
137.0
157.0
141.0
134.0
156.0
175.0
115.0
148.0
400.0
140.0
134.0
145.0
150.0
165.0
168.0
159.0
165.0
144.0
400.0
152.0
440.0
163.0
388.0
421.0
439.0
465.0
365.0
368.0
375.0
406.0
419.0
167.0
169.0
131.0
136.0
152.0
172.0
140.0
176.0
139.0
168.0
198.0
173.0
133.0
438.0
145.0
144.0
175.0
142.0
176.0
165.0
153.0
137.0
132.0
173.0
137.0
162.0
170.0
453.0
151.0
169.0
150.0
141.0
137.0
150.0
158.0
170.0
384.0
167.0
147.0
170.0
173.0
170.0
143.0
157.0
164.0
162.0
175.0
159.0
172.0
151.0
162.0
156.0
129.0
160.0
444.0
130.0
160.0
363.0
174.0
161.0
130.0
156.0
161.0
154.0
174.0
155.0
172.0
471.0
161.0
130.0
151.0
137.0
170.0
175.0
150.0
157.0
141.0
160.0
174.0
132.0
134.0
156.0
142.0
134.0
133.0
469.0
130.0
138.0
149.0
175.0
175.0
163.0
172.0
136.0
132.0
370.0
145.0
373.0
141.0
446.0
429.0
492.0
411.0
464.0
462.0
442.0
425.0
413.0
158.0
173.0
168.0
169.0
137.0
147.0
165.0
152.0
141.0
166.0
167.0
149.0
149.0
389.0
167.0
151.0
148.0
146.0
147.0
146.0
145.0
170.0
160.0
157.0
144.0
134.0
132.0
442.0
167.0
141.0
139.0
134.0
171.0
143.0
145.0
155.0
442.0
167.0
147.0
155.0
168.0
172.0
173.0
149.0
133.0
138.0
141.0
168.0
170.0
152.0
134.0
174.0
151.0
133.0
474.0
137.0
164.0
416.0
148.0
134.0
157.0
148.0
167.0
170.0
138.0
136.0
153.0
445.0
175.0
151.0
160.0
174.0
166.0
153.0
130.0
139.0
140.0
157.0
140.0
158.0
164.0
167.0
154.0
118.0
142.0
477.0
148.0
160.0
157.0
133.0
145.0
164.0
142.0
137.0
131.0
426.0
168.0
394.0
157.0
372.0
456.0
383.0
414.0
408.0
394.0
394.0
379.0
449.0
144.0
131.0
158.0
177.0
159.0
132.0
163.0
152.0
142.0
200.0
185.0
155.0
169.0
478.0
170.0
160.0
154.0
163.0
140.0
175.0
139.0
132.0
139.0
168.0
150.0
151.0
164.0
435.0
154.0
140.0
149.0
130.0
140.0
150.0
148.0
136.0
405.0
136.0
154.0
136.0
177.0
161.0
160.0
141.0
159.0
170.0
132.0
131.0
156.0
170.0
143.0
175.0
151.0
149.0
403.0
143.0
165.0
383.0
135.0
171.0
135.0
175.0
159.0
147.0
154.0
159.0
161.0
443.0
167.0
152.0
166.0
160.0
161.0
149.0
156.0
148.0
143.0
164.0
134.0
168.0
139.0
157.0
166.0
125.0
175.0
494.0
140.0
175.0
145.0
170.0
149.0
165.0
163.0
131.0
138.0
399.0
143.0
476.0
162.0
363.0
394.0
442.0
370.0
412.0
431.0
400.0
400.0
443.0
148.0
151.0
147.0
132.0
170.0
156.0
169.0
168.0
142.0
200.0
190.0
172.0
133.0
425.0
171.0
142.0
143.0
152.0
136.0
142.0
144.0
147.0
169.0
150.0
137.0
164.0
177.0
490.0
130.0
134.0
161.0
170.0
169.0
169.0
148.0
157.0
448.0
162.0
149.0
142.0
143.0
130.0
171.0
143.0
175.0
168.0
141.0
162.0
134.0
147.0
140.0
143.0
152.0
170.0
460.0
131.0
145.0
396.0
135.0
175.0
164.0
165.0
155.0
131.0
167.0
172.0
172.0
420.0
146.0
159.0
131.0
153.0
161.0
169.0
151.0
172.0
139.0
132.0
162.0
174.0
166.0
150.0
176.0
127.0
153.0
367.0
141.0
157.0
170.0
142.0
174.0
145.0
152.0
169.0
163.0
432.0
165.0
444.0
172.0
426.0
417.0
404.0
376.0
444.0
426.0
463.0
436.0
458.0
139.0
143.0
172.0
142.0
140.0
151.0
160.0
135.0
160.0
164.0
177.0
174.0
140.0
377.0
130.0
173.0
143.0
133.0
131.0
165.0
158.0
142.0
162.0
172.0
135.0
154.0
164.0
443.0
136.0
163.0
172.0
150.0
162.0
132.0
135.0
157.0
462.0
171.0
141.0
136.0
134.0
166.0
166.0
158.0
142.0
173.0
174.0
134.0
154.0
176.0
146.0
157.0
137.0
132.0
467.0
160.0
152.0
406.0
170.0
173.0
150.0
159.0
163.0
173.0
157.0
171.0
138.0
383.0
137.0
143.0
162.0
162.0
141.0
161.0
174.0
143.0
144.0
134.0
147.0
139.0
167.0
141.0
163.0
112.0
154.0
447.0
138.0
138.0
144.0
166.0
141.0
171.0
161.0
131.0
169.0
474.0
138.0
470.0
150.0
374.0
437.0
366.0
449.0
388.0
409.0
366.0
367.0
413.0
132.0
173.0
134.0
133.0
130.0
148.0
136.0
160.0
152.0
187.0
158.0
165.0
142.0
390.0
157.0
145.0
155.0
157.0
167.0
138.0
136.0
176.0
175.0
168.0
162.0
160.0
167.0
459.0
154.0
162.0
156.0
156.0
165.0
131.0
133.0
162.0
436.0
140.0
173.0
137.0
136.0
138.0
143.0
136.0
174.0
131.0
150.0
135.0
142.0
155.0
162.0
163.0
129.0
177.0
422.0
161.0
161.0
426.0
159.0
158.0
164.0
161.0
148.0
140.0
136.0
175.0
148.0
433.0
136.0
147.0
151.0
172.0
163.0
149.0
169.0
132.0
164.0
131.0
143.0
160.0
161.0
146.0
148.0
134.0
155.0
452.0
144.0
149.0
141.0
136.0
159.0
168.0
171.0
163.0
173.0
378.0
154.0
453.0
146.0
397.0
475.0
483.0
413.0
419.0
485.0
372.0
408.0
456.0
131.0
132.0
159.0
145.0
130.0
135.0
149.0
165.0
144.0
175.0
188.0
166.0
161.0
374.0
141.0
161.0
170.0
170.0
175.0
168.0
164.0
136.0
155.0
137.0
146.0
165.0
157.0
363.0
137.0
176.0
172.0
147.0
139.0
152.0
172.0
143.0
397.0
141.0
134.0
164.0
133.0
168.0
146.0
173.0
171.0
136.0
175.0
143.0
152.0
175.0
172.0
140.0
124.0
164.0
461.0
164.0
163.0
397.0
138.0
136.0
144.0
156.0
135.0
170.0
156.0
163.0
159.0
448.0
175.0
169.0
154.0
172.0
161.0
137.0
133.0
134.0
146.0
176.0
143.0
133.0
159.0
137.0
158.0
119.0
145.0
485.0
135.0
135.0
155.0
167.0
160.0
136.0
177.0
150.0
137.0
376.0
154.0
470.0
146.0
403.0
402.0
400.0
438.0
381.0
431.0
486.0
405.0
367.0
144.0
167.0
168.0
146.0
138.0
154.0
156.0
175.0
159.0
193.0
156.0
167.0
130.0
384.0
165.0
158.0
155.0
171.0
166.0
161.0
152.0
175.0
164.0
144.0
139.0
171.0
132.0
405.0
156.0
152.0
150.0
158.0
159.0
159.0
139.0
168.0
380.0
151.0
171.0
167.0
162.0
142.0
152.0
176.0
171.0
141.0
161.0
176.0
171.0
151.0
147.0
141.0
152.0
175.0
438.0
150.0
142.0
384.0
155.0
172.0
146.0
145.0
160.0
141.0
173.0
132.0
145.0
368.0
156.0
145.0
142.0
148.0
165.0
140.0
153.0
138.0
153.0
152.0
173.0
135.0
168.0
147.0
175.0
121.0
162.0
474.0
167.0
163.0
170.0
160.0
160.0
146.0
132.0
173.0
132.0
431.0
156.0
455.0
136.0
383.0
450.0
490.0
381.0
424.0
470.0
425.0
465.0
467.0
171.0
147.0
154.0
164.0
168.0
140.0
142.0
143.0
147.0
173.0
180.0
176.0
136.0
390.0
167.0
167.0
155.0
130.0
166.0
164.0
163.0
162.0
170.0
139.0
170.0
139.0
158.0
409.0
163.0
157.0
150.0
155.0
164.0
132.0
170.0
177.0
389.0
147.0
163.0
167.0
131.0
156.0
133.0
147.0
133.0
162.0
151.0
153.0
145.0
141.0
170.0
146.0
126.0
141.0
482.0
165.0
164.0
405.0
152.0
149.0
132.0
144.0
130.0
132.0
149.0
169.0
173.0
373.0
138.0
154.0
152.0
148.0
171.0
138.0
134.0
172.0
152.0
150.0
135.0
146.0
162.0
163.0
147.0
133.0
147.0
391.0
175.0
152.0
134.0
166.0
147.0
161.0
145.0
137.0
159.0
417.0
134.0
455.0
136.0
443.0
458.0
396.0
429.0
439.0
409.0
407.0
414.0
484.0
130.0
164.0
141.0
153.0
160.0
149.0
148.0
167.0
150.0
184.0
207.0
156.0
132.0
424.0
162.0
140.0
174.0
173.0
174.0
161.0
161.0
171.0
154.0
142.0
167.0
158.0
157.0
389.0
139.0
131.0
139.0
166.0
144.0
153.0
150.0
166.0
363.0
171.0
136.0
147.0
139.0
175.0
145.0
146.0
175.0
155.0
160.0
175.0
139.0
138.0
137.0
147.0
145.0
142.0
447.0
143.0
141.0
424.0
143.0
176.0
150.0
157.0
131.0
138.0
171.0
160.0
144.0
397.0
148.0
159.0
169.0
171.0
142.0
142.0
158.0
168.0
156.0
162.0
146.0
172.0
147.0
171.0
136.0
113.0
137.0
377.0
165.0
177.0
172.0
143.0
133.0
130.0
151.0
142.0
166.0
477.0
141.0
458.0
160.0
483.0
394.0
456.0
484.0
463.0
384.0
368.0
474.0
378.0
172.0
170.0
166.0
167.0
162.0
167.0
147.0
170.0
131.0
178.0
191.0
146.0
156.0
425.0
146.0
147.0
131.0
165.0
165.0
132.0
171.0
151.0
150.0
174.0
175.0
144.0
175.0
476.0
153.0
139.0
156.0
136.0
149.0
161.0
167.0
165.0
421.0
138.0
130.0
177.0
165.0
164.0
130.0
153.0
133.0
175.0
149.0
159.0
143.0
165.0
162.0
131.0
126.0
137.0
467.0
149.0
166.0
381.0
163.0
175.0
171.0
147.0
158.0
174.0
176.0
174.0
142.0
442.0
174.0
135.0
174.0
144.0
157.0
135.0
174.0
139.0
145.0
166.0
154.0
142.0
168.0
149.0
169.0
136.0
142.0
413.0
133.0
169.0
172.0
135.0
138.0
142.0
176.0
156.0
149.0
416.0
175.0
410.0
131.0
437.0
439.0
392.0
461.0
467.0
452.0
406.0
425.0
428.0
145.0
154.0
174.0
150.0
163.0
177.0
170.0
165.0
143.0
175.0
202.0
156.0
154.0
470.0
158.0
176.0
159.0
159.0
170.0
164.0
134.0
170.0
174.0
163.0
171.0
134.0
169.0
376.0
141.0
174.0
148.0
138.0
137.0
174.0
176.0
140.0
430.0
142.0
131.0
131.0
143.0
168.0
138.0
150.0
168.0
176.0
153.0
170.0
162.0
168.0
148.0
171.0
142.0
138.0
479.0
152.0
152.0
475.0
146.0
137.0
151.0
130.0
141.0
142.0
133.0
149.0
175.0
416.0
144.0
135.0
137.0
138.0
139.0
171.0
134.0
144.0
130.0
134.0
166.0
159.0
143.0
144.0
131.0
122.0
166.0
426.0
169.0
142.0
138.0
161.0
145.0
156.0
158.0
159.0
151.0
449.0
154.0
431.0
146.0
475.0
458.0
372.0
447.0
445.0
393.0
398.0
391.0
426.0
149.0
175.0
158.0
161.0
163.0
163.0
148.0
135.0
158.0
197.0
201.0
175.0
131.0
401.0
158.0
141.0
176.0
147.0
143.0
156.0
136.0
158.0
163.0
134.0
131.0
168.0
153.0
369.0
166.0
153.0
154.0
146.0
149.0
135.0
156.0
149.0
421.0
161.0
164.0
135.0
143.0
159.0
141.0
148.0
144.0
159.0
177.0
173.0
133.0
171.0
171.0
132.0
144.0
138.0
458.0
171.0
132.0
457.0
148.0
171.0
151.0
152.0
144.0
171.0
153.0
150.0
162.0
492.0
143.0
144.0
176.0
175.0
153.0
145.0
144.0
174.0
154.0
139.0
137.0
161.0
151.0
150.0
147.0
136.0
162.0
444.0
145.0
159.0
146.0
148.0
162.0
167.0
138.0
175.0
148.0
373.0
147.0
449.0
149.0
447.0
403.0
467.0
464.0
460.0
439.0
476.0
453.0
365.0
153.0
164.0
165.0
149.0
173.0
147.0
168.0
164.0
142.0
183.0
185.0
132.0
133.0
388.0
154.0
146.0
141.0
142.0
131.0
162.0
172.0
174.0
162.0
148.0
171.0
173.0
151.0
445.0
158.0
136.0
139.0
162.0
150.0
159.0
148.0
152.0
418.0
164.0
141.0
141.0
147.0
155.0
172.0
160.0
137.0
166.0
161.0
150.0
138.0
158.0
176.0
156.0
119.0
144.0
481.0
148.0
165.0
433.0
135.0
145.0
147.0
162.0
174.0
131.0
167.0
157.0
166.0
383.0
140.0
164.0
164.0
134.0
135.0
148.0
171.0
140.0
143.0
157.0
165.0
167.0
176.0
163.0
157.0
122.0
159.0
400.0
132.0
161.0
131.0
138.0
163.0
160.0
148.0
131.0
144.0
476.0
154.0
370.0
156.0
387.0
467.0
402.0
417.0
454.0
382.0
488.0
422.0
418.0
171.0
151.0
141.0
159.0
130.0
147.0
161.0
156.0
167.0
171.0
190.0
151.0
142.0
433.0
174.0
174.0
131.0
148.0
130.0
136.0
175.0
167.0
156.0
144.0
174.0
158.0
153.0
436.0
150.0
150.0
174.0
144.0
138.0
133.0
147.0
132.0
371.0
176.0
162.0
132.0
162.0
153.0
174.0
172.0
151.0
130.0
148.0
168.0
152.0
135.0
136.0
155.0
147.0
149.0
449.0
165.0
166.0
443.0
145.0
166.0
151.0
130.0
174.0
167.0
143.0
156.0
143.0
451.0
150.0
176.0
166.0
156.0
158.0
167.0
156.0
150.0
131.0
140.0
156.0
152.0
163.0
139.0
137.0
150.0
155.0
472.0
173.0
170.0
168.0
157.0
147.0
156.0
138.0
150.0
156.0
399.0
138.0
491.0
132.0
377.0
482.0
422.0
447.0
462.0
393.0
473.0
367.0
416.0
176.0
158.0
168.0
145.0
161.0
170.0
175.0
135.0
167.0
205.0
182.0
156.0
174.0
445.0
143.0
167.0
134.0
149.0
141.0
136.0
164.0
169.0
160.0
154.0
166.0
163.0
166.0
453.0
162.0
147.0
152.0
159.0
169.0
169.0
154.0
157.0
386.0
134.0
171.0
176.0
173.0
133.0
175.0
169.0
152.0
141.0
174.0
154.0
142.0
141.0
176.0
140.0
141.0
161.0
365.0
135.0
174.0
449.0
144.0
142.0
153.0
166.0
164.0
167.0
161.0
151.0
175.0
451.0
131.0
135.0
165.0
150.0
170.0
151.0
169.0
150.0
138.0
167.0
150.0
155.0
143.0
146.0
138.0
129.0
175.0
435.0
137.0
164.0
169.0
155.0
137.0
169.0
162.0
157.0
149.0
380.0
137.0
412.0
152.0
471.0
363.0
489.0
484.0
443.0
384.0
475.0
377.0
386.0
146.0
136.0
137.0
171.0
149.0
164.0
168.0
141.0
138.0
188.0
152.0
144.0
158.0
401.0
131.0
162.0
166.0
130.0
175.0
172.0
160.0
147.0
151.0
159.0
170.0
131.0
143.0
450.0
176.0
132.0
130.0
162.0
165.0
131.0
167.0
146.0
439.0
157.0
151.0
140.0
138.0
161.0
160.0
153.0
176.0
137.0
152.0
156.0
168.0
156.0
156.0
169.0
115.0
161.0
409.0
154.0
150.0
434.0
143.0
134.0
138.0
147.0
134.0
166.0
164.0
168.0
148.0
371.0
146.0
168.0
139.0
155.0
169.0
154.0
139.0
134.0
149.0
139.0
168.0
141.0
150.0
152.0
145.0
144.0
140.0
416.0
163.0
145.0
158.0
137.0
130.0
149.0
144.0
142.0
143.0
367.0
139.0
460.0
143.0
365.0
366.0
423.0
464.0
440.0
376.0
456.0
488.0
449.0
133.0
170.0
145.0
134.0
172.0
143.0
138.0
144.0
150.0
167.0
162.0
168.0
149.0
418.0
138.0
158.0
159.0
167.0
173.0
149.0
163.0
165.0
144.0
156.0
160.0
149.0
158.0
415.0
131.0
176.0
144.0
176.0
171.0
150.0
137.0
152.0
364.0
146.0
131.0
173.0
171.0
173.0
162.0
139.0
175.0
147.0
138.0
160.0
140.0
135.0
164.0
162.0
129.0
167.0
449.0
173.0
130.0
466.0
164.0
141.0
170.0
168.0
172.0
162.0
154.0
160.0
149.0
413.0
145.0
148.0
161.0
174.0
155.0
158.0
141.0
163.0
158.0
131.0
134.0
136.0
174.0
136.0
174.0
149.0
142.0
424.0
130.0
168.0
165.0
155.0
175.0
137.0
177.0
170.0
154.0
450.0
153.0
381.0
136.0
493.0
368.0
363.0
480.0
472.0
388.0
440.0
379.0
368.0
169.0
173.0
165.0
163.0
151.0
174.0
140.0
140.0
165.0
181.0
182.0
171.0
145.0
490.0
170.0
150.0
133.0
161.0
142.0
162.0
140.0
135.0
149.0
134.0
135.0
141.0
154.0
473.0
153.0
169.0
172.0
177.0
148.0
161.0
164.0
160.0
405.0
148.0
167.0
131.0
138.0
149.0
174.0
144.0
133.0
140.0
162.0
140.0
174.0
132.0
153.0
173.0
147.0
163.0
408.0
163.0
139.0
371.0
147.0
151.0
175.0
146.0
149.0
173.0
144.0
148.0
150.0
406.0
176.0
157.0
149.0
166.0
161.0
167.0
151.0
142.0
139.0
173.0
158.0
176.0
167.0
161.0
172.0
128.0
159.0
446.0
135.0
156.0
167.0
175.0
146.0
173.0
177.0
172.0
168.0
402.0
171.0
421.0
132.0
481.0
464.0
421.0
416.0
410.0
373.0
369.0
482.0
429.0
171.0
155.0
156.0
133.0
132.0
156.0
151.0
161.0
156.0
188.0
207.0
161.0
139.0
411.0
152.0
171.0
131.0
150.0
158.0
142.0
165.0
164.0
162.0
160.0
130.0
141.0
166.0
467.0
137.0
171.0
165.0
172.0
139.0
134.0
148.0
143.0
437.0
163.0
156.0
139.0
164.0
137.0
147.0
168.0
156.0
146.0
173.0
168.0
149.0
158.0
164.0
133.0
147.0
148.0
399.0
159.0
131.0
375.0
132.0
157.0
150.0
167.0
133.0
173.0
144.0
157.0
168.0
400.0
152.0
153.0
131.0
176.0
139.0
160.0
167.0
136.0
173.0
177.0
174.0
156.0
154.0
147.0
152.0
142.0
161.0
393.0
164.0
136.0
134.0
156.0
157.0
144.0
150.0
157.0
161.0
388.0
146.0
429.0
154.0
401.0
413.0
406.0
371.0
370.0
364.0
404.0
366.0
439.0
137.0
130.0
133.0
173.0
165.0
151.0
158.0
157.0
171.0
170.0
198.0
146.0
159.0
370.0
143.0
140.0
155.0
130.0
130.0
132.0
153.0
153.0
135.0
152.0
144.0
134.0
148.0
368.0
147.0
155.0
132.0
156.0
140.0
141.0
131.0
135.0
441.0
175.0
149.0
154.0
167.0
155.0
151.0
163.0
131.0
156.0
173.0
162.0
135.0
138.0
145.0
130.0
112.0
163.0
396.0
156.0
163.0
454.0
139.0
160.0
153.0
150.0
132.0
144.0
173.0
139.0
168.0
414.0
160.0
167.0
159.0
171.0
136.0
176.0
150.0
155.0
171.0
175.0
175.0
167.0
155.0
135.0
159.0
127.0
147.0
424.0
157.0
145.0
158.0
160.0
139.0
139.0
166.0
147.0
157.0
440.0
136.0
445.0
162.0
426.0
444.0
404.0
435.0
475.0
380.0
447.0
442.0
442.0
170.0
163.0
163.0
168.0
137.0
147.0
162.0
164.0
132.0
194.0
196.0
139.0
152.0
434.0
164.0
140.0
164.0
152.0
151.0
135.0
165.0
175.0
140.0
138.0
149.0
166.0
133.0
484.0
157.0
171.0
175.0
156.0
170.0
145.0
141.0
166.0
414.0
151.0
138.0
151.0
168.0
165.0
163.0
160.0
148.0
158.0
159.0
173.0
133.0
142.0
169.0
134.0
142.0
173.0
413.0
169.0
135.0
474.0
162.0
153.0
169.0
173.0
157.0
154.0
175.0
173.0
158.0
492.0
167.0
148.0
157.0
142.0
158.0
145.0
141.0
171.0
131.0
140.0
149.0
163.0
165.0
133.0
142.0
145.0
138.0
363.0
154.0
174.0
130.0
142.0
153.0
149.0
170.0
150.0
160.0
440.0
150.0
449.0
159.0
436.0
485.0
407.0
406.0
467.0
443.0
442.0
424.0
394.0
161.0
152.0
142.0
166.0
176.0
159.0
163.0
135.0
141.0
156.0
170.0
158.0
163.0
393.0
143.0
151.0
142.0
132.0
156.0
150.0
172.0
150.0
135.0
174.0
159.0
175.0
165.0
365.0
144.0
154.0
160.0
170.0
141.0
161.0
132.0
159.0
387.0
155.0
157.0
174.0
143.0
169.0
130.0
135.0
132.0
130.0
155.0
172.0
146.0
172.0
171.0
165.0
121.0
143.0
476.0
153.0
167.0
375.0
135.0
173.0
150.0
145.0
141.0
131.0
147.0
171.0
144.0
430.0
139.0
174.0
166.0
171.0
171.0
146.0
142.0
152.0
140.0
150.0
153.0
132.0
132.0
135.0
150.0
145.0
159.0
493.0
157.0
172.0
158.0
140.0
165.0
172.0
135.0
134.0
176.0
486.0
148.0
421.0
147.0
380.0
381.0
474.0
443.0
454.0
464.0
443.0
389.0
482.0
165.0
152.0
135.0
166.0
134.0
148.0
145.0
131.0
160.0
182.0
155.0
170.0
152.0
363.0
173.0
148.0
169.0
143.0
171.0
130.0
149.0
156.0
145.0
130.0
154.0
170.0
132.0
472.0
130.0
135.0
156.0
149.0
158.0
165.0
137.0
176.0
491.0
153.0
172.0
151.0
142.0
163.0
134.0
153.0
131.0
169.0
131.0
145.0
152.0
142.0
138.0
156.0
122.0
163.0
378.0
133.0
142.0
442.0
155.0
177.0
172.0
143.0
159.0
143.0
132.0
176.0
140.0
390.0
174.0
170.0
172.0
145.0
171.0
157.0
157.0
173.0
143.0
145.0
153.0
165.0
144.0
169.0
157.0
121.0
161.0
405.0
153.0
141.0
163.0
142.0
138.0
159.0
133.0
134.0
142.0
444.0
174.0
453.0
166.0
385.0
372.0
493.0
408.0
435.0
399.0
377.0
435.0
468.0
153.0
173.0
172.0
141.0
136.0
168.0
132.0
160.0
134.0
164.0
156.0
171.0
163.0
378.0
161.0
151.0
154.0
154.0
176.0
174.0
153.0
157.0
135.0
141.0
146.0
136.0
164.0
407.0
169.0
157.0
137.0
170.0
148.0
145.0
175.0
156.0
389.0
150.0
132.0
168.0
175.0
136.0
148.0
146.0
156.0
135.0
146.0
132.0
157.0
137.0
174.0
157.0
131.0
136.0
432.0
175.0
157.0
454.0
172.0
161.0
147.0
137.0
163.0
147.0
176.0
134.0
156.0
374.0
144.0
133.0
148.0
165.0
156.0
145.0
174.0
158.0
137.0
147.0
144.0
146.0
133.0
161.0
132.0
126.0
142.0
379.0
139.0
162.0
154.0
171.0
140.0
165.0
143.0
154.0
166.0
466.0
166.0
387.0
168.0
415.0
468.0
436.0
414.0
488.0
376.0
364.0
380.0
443.0
173.0
159.0
144.0
137.0
138.0
149.0
172.0
130.0
162.0
163.0
170.0
175.0
173.0
373.0
152.0
164.0
156.0
140.0
134.0
138.0
164.0
150.0
131.0
168.0
158.0
172.0
171.0
492.0
168.0
177.0
151.0
176.0
170.0
175.0
170.0
163.0
441.0
170.0
167.0
166.0
140.0
144.0
133.0
139.0
149.0
157.0
177.0
133.0
164.0
148.0
164.0
168.0
123.0
135.0
480.0
169.0
142.0
454.0
137.0
174.0
170.0
134.0
145.0
149.0
159.0
135.0
144.0
386.0
155.0
140.0
174.0
172.0
131.0
144.0
163.0
135.0
165.0
175.0
162.0
136.0
132.0
134.0
130.0
138.0
149.0
428.0
143.0
170.0
177.0
164.0
137.0
130.0
152.0
167.0
146.0
405.0
154.0
386.0
165.0
392.0
457.0
482.0
394.0
384.0
477.0
433.0
429.0
399.0
160.0
161.0
175.0
163.0
150.0
131.0
160.0
175.0
158.0
169.0
177.0
152.0
162.0
416.0
145.0
133.0
173.0
160.0
133.0
144.0
155.0
133.0
139.0
154.0
151.0
136.0
156.0
426.0
141.0
139.0
172.0
162.0
174.0
155.0
172.0
156.0
420.0
174.0
160.0
162.0
175.0
145.0
132.0
139.0
172.0
151.0
166.0
135.0
158.0
172.0
145.0
160.0
128.0
130.0
428.0
143.0
159.0
414.0
155.0
144.0
147.0
133.0
150.0
139.0
156.0
145.0
140.0
487.0
150.0
140.0
151.0
138.0
140.0
172.0
134.0
172.0
176.0
143.0
142.0
168.0
177.0
176.0
175.0
149.0
157.0
383.0
149.0
167.0
167.0
177.0
170.0
143.0
138.0
171.0
169.0
394.0
157.0
400.0
142.0
380.0
430.0
414.0
483.0
440.0
456.0
419.0
364.0
404.0
133.0
158.0
141.0
133.0
166.0
132.0
134.0
154.0
145.0
155.0
188.0
176.0
135.0
442.0
177.0
163.0
152.0
173.0
177.0
135.0
141.0
160.0
135.0
175.0
157.0
161.0
146.0
418.0
152.0
177.0
165.0
162.0
133.0
174.0
170.0
158.0
458.0
155.0
132.0
135.0
162.0
140.0
172.0
169.0
154.0
168.0
155.0
132.0
169.0
158.0
134.0
163.0
150.0
136.0
441.0
146.0
147.0
425.0
157.0
135.0
142.0
168.0
163.0
139.0
165.0
138.0
176.0
405.0
174.0
161.0
148.0
140.0
156.0
159.0
168.0
133.0
156.0
156.0
176.0
158.0
162.0
173.0
154.0
150.0
150.0
434.0
143.0
169.0
151.0
176.0
172.0
155.0
156.0
165.0
167.0
429.0
163.0
371.0
145.0
364.0
456.0
482.0
486.0
463.0
464.0
394.0
381.0
444.0
161.0
169.0
174.0
169.0
146.0
130.0
175.0
145.0
157.0
167.0
182.0
133.0
146.0
446.0
139.0
153.0
159.0
173.0
153.0
145.0
152.0
165.0
146.0
168.0
158.0
161.0
171.0
441.0
176.0
159.0
161.0
134.0
174.0
130.0
130.0
132.0
372.0
161.0
152.0
152.0
159.0
169.0
156.0
152.0
151.0
162.0
173.0
145.0
153.0
140.0
172.0
174.0
133.0
146.0
413.0
162.0
154.0
456.0
161.0
176.0
169.0
148.0
141.0
147.0
148.0
155.0
177.0
478.0
131.0
174.0
149.0
159.0
136.0
145.0
149.0
157.0
135.0
164.0
136.0
147.0
134.0
164.0
161.0
141.0
143.0
420.0
159.0
132.0
161.0
162.0
141.0
138.0
174.0
164.0
172.0
385.0
168.0
416.0
165.0
470.0
414.0
435.0
434.0
395.0
366.0
376.0
369.0
457.0
163.0
140.0
156.0
156.0
136.0
151.0
135.0
160.0
136.0
183.0
160.0
143.0
161.0
455.0
169.0
175.0
171.0
176.0
168.0
153.0
172.0
161.0
144.0
165.0
145.0
156.0
132.0
425.0
157.0
139.0
145.0
153.0
156.0
131.0
156.0
170.0
402.0
161.0
144.0
171.0
155.0
170.0
130.0
138.0
155.0
171.0
138.0
135.0
144.0
138.0
145.0
140.0
123.0
176.0
482.0
151.0
131.0
463.0
157.0
163.0
155.0
171.0
133.0
143.0
135.0
174.0
141.0
485.0
137.0
154.0
174.0
141.0
175.0
152.0
138.0
157.0
162.0
165.0
151.0
131.0
172.0
154.0
131.0
135.0
153.0
381.0
131.0
140.0
168.0
145.0
141.0
133.0
132.0
138.0
135.0
474.0
171.0
389.0
150.0
431.0
396.0
441.0
423.0
470.0
366.0
390.0
451.0
477.0
131.0
177.0
146.0
137.0
153.0
174.0
166.0
166.0
134.0
187.0
173.0
143.0
132.0
399.0
160.0
133.0
166.0
152.0
141.0
166.0
150.0
134.0
165.0
134.0
135.0
149.0
135.0
414.0
149.0
174.0
152.0
151.0
176.0
168.0
134.0
160.0
491.0
160.0
160.0
149.0
158.0
136.0
175.0
148.0
141.0
130.0
174.0
174.0
171.0
174.0
145.0
132.0
133.0
148.0
438.0
146.0
142.0
485.0
175.0
133.0
175.0
140.0
162.0
147.0
152.0
152.0
151.0
462.0
150.0
159.0
135.0
135.0
157.0
131.0
136.0
146.0
135.0
171.0
172.0
147.0
133.0
134.0
145.0
137.0
134.0
481.0
136.0
161.0
146.0
136.0
171.0
165.0
163.0
168.0
150.0
463.0
177.0
487.0
167.0
421.0
383.0
385.0
485.0
494.0
449.0
366.0
437.0
432.0
155.0
159.0
170.0
172.0
160.0
150.0
144.0
172.0
141.0
156.0
181.0
166.0
130.0
431.0
156.0
162.0
173.0
137.0
131.0
153.0
160.0
143.0
135.0
173.0
158.0
153.0
143.0
391.0
158.0
157.0
144.0
151.0
158.0
133.0
167.0
154.0
424.0
167.0
151.0
141.0
145.0
150.0
165.0
138.0
133.0
161.0
163.0
176.0
131.0
176.0
173.0
155.0
116.0
144.0
372.0
137.0
155.0
377.0
165.0
154.0
142.0
151.0
169.0
141.0
163.0
154.0
146.0
378.0
134.0
131.0
135.0
157.0
130.0
139.0
163.0
163.0
151.0
163.0
170.0
139.0
171.0
168.0
162.0
137.0
166.0
365.0
130.0
147.0
176.0
154.0
145.0
164.0
161.0
146.0
134.0
389.0
153.0
397.0
171.0
383.0
458.0
423.0
478.0
475.0
389.0
459.0
399.0
376.0
144.0
174.0
155.0
166.0
151.0
150.0
139.0
167.0
160.0
162.0
206.0
160.0
142.0
441.0
153.0
146.0
132.0
143.0
152.0
146.0
175.0
142.0
151.0
132.0
141.0
150.0
155.0
445.0
137.0
135.0
145.0
152.0
175.0
144.0
144.0
160.0
391.0
155.0
153.0
166.0
155.0
170.0
167.0
147.0
133.0
142.0
141.0
177.0
170.0
139.0
170.0
174.0
129.0
156.0
483.0
169.0
144.0
472.0
138.0
157.0
152.0
163.0
162.0
172.0
176.0
172.0
161.0
465.0
174.0
136.0
176.0
161.0
173.0
173.0
130.0
172.0
151.0
174.0
135.0
132.0
167.0
156.0
163.0
150.0
160.0
468.0
172.0
155.0
143.0
161.0
137.0
130.0
139.0
158.0
146.0
477.0
138.0
438.0
141.0
445.0
462.0
390.0
399.0
416.0
377.0
442.0
372.0
483.0
172.0
132.0
138.0
134.0
169.0
163.0
132.0
165.0
163.0
200.0
199.0
170.0
148.0
432.0
137.0
150.0
164.0
140.0
142.0
174.0
165.0
150.0
164.0
164.0
144.0
136.0
149.0
407.0
139.0
130.0
139.0
134.0
143.0
159.0
136.0
150.0
399.0
158.0
152.0
149.0
141.0
145.0
133.0
160.0
159.0
137.0
141.0
133.0
176.0
168.0
158.0
135.0
117.0
145.0
481.0
139.0
161.0
397.0
165.0
162.0
135.0
161.0
154.0
156.0
130.0
167.0
144.0
460.0
168.0
137.0
141.0
152.0
142.0
174.0
167.0
149.0
171.0
177.0
169.0
145.0
144.0
130.0
158.0
133.0
139.0
419.0
164.0
144.0
147.0
152.0
132.0
135.0
162.0
130.0
132.0
425.0
174.0
403.0
160.0
423.0
422.0
485.0
396.0
404.0
413.0
403.0
374.0
475.0
172.0
161.0
168.0
152.0
159.0
146.0
163.0
172.0
137.0
195.0
170.0
174.0
154.0
450.0
156.0
142.0
159.0
131.0
164.0
155.0
154.0
134.0
169.0
149.0
161.0
156.0
136.0
461.0
163.0
143.0
131.0
151.0
146.0
155.0
154.0
131.0
406.0
166.0
157.0
176.0
162.0
165.0
132.0
139.0
166.0
144.0
173.0
144.0
157.0
159.0
155.0
152.0
138.0
167.0
394.0
143.0
144.0
405.0
139.0
155.0
172.0
155.0
162.0
173.0
172.0
143.0
162.0
411.0
152.0
139.0
134.0
144.0
174.0
161.0
152.0
174.0
145.0
173.0
145.0
148.0
138.0
143.0
146.0
138.0
177.0
392.0
131.0
140.0
166.0
161.0
156.0
174.0
141.0
137.0
133.0
465.0
136.0
406.0
162.0
390.0
453.0
372.0
415.0
430.0
425.0
393.0
421.0
386.0
132.0
164.0
151.0
144.0
132.0
158.0
138.0
158.0
162.0
154.0
158.0
143.0
174.0
463.0
132.0
140.0
162.0
133.0
145.0
172.0
163.0
152.0
147.0
139.0
141.0
168.0
175.0
488.0
152.0
138.0
136.0
167.0
151.0
133.0
156.0
172.0
468.0
162.0
177.0
151.0
157.0
135.0
141.0
131.0
138.0
176.0
150.0
139.0
168.0
161.0
157.0
130.0
122.0
147.0
383.0
149.0
132.0
420.0
156.0
142.0
158.0
162.0
132.0
174.0
162.0
175.0
152.0
446.0
138.0
169.0
174.0
156.0
142.0
139.0
177.0
130.0
154.0
151.0
139.0
165.0
171.0
143.0
135.0
121.0
157.0
371.0
135.0
170.0
167.0
131.0
147.0
169.0
136.0
177.0
130.0
444.0
161.0
453.0
162.0
384.0
486.0
492.0
394.0
364.0
488.0
410.0
475.0
409.0
152.0
161.0
167.0
147.0
172.0
163.0
147.0
158.0
153.0
182.0
203.0
133.0
170.0
400.0
172.0
147.0
175.0
172.0
145.0
140.0
131.0
141.0
145.0
169.0
131.0
144.0
144.0
382.0
162.0
157.0
139.0
140.0
144.0
170.0
157.0
165.0
451.0
167.0
172.0
160.0
176.0
140.0
174.0
157.0
147.0
133.0
135.0
149.0
159.0
143.0
160.0
131.0
119.0
173.0
381.0
137.0
155.0
445.0
164.0
134.0
142.0
141.0
145.0
150.0
169.0
162.0
169.0
383.0
164.0
173.0
152.0
168.0
140.0
155.0
141.0
152.0
144.0
175.0
153.0
171.0
144.0
161.0
136.0
143.0
146.0
471.0
162.0
153.0
162.0
134.0
142.0
144.0
143.0
161.0
155.0
478.0
160.0
446.0
169.0
380.0
426.0
435.0
379.0
381.0
439.0
420.0
441.0
492.0
150.0
160.0
172.0
158.0
174.0
162.0
150.0
137.0
157.0
175.0
163.0
149.0
175.0
444.0
130.0
133.0
140.0
161.0
136.0
138.0
130.0
161.0
169.0
174.0
136.0
166.0
135.0
455.0
161.0
174.0
157.0
171.0
149.0
162.0
167.0
168.0
386.0
163.0
163.0
147.0
168.0
131.0
165.0
146.0
134.0
149.0
142.0
135.0
148.0
132.0
150.0
135.0
152.0
162.0
385.0
133.0
169.0
467.0
176.0
136.0
143.0
158.0
157.0
134.0
165.0
168.0
136.0
460.0
151.0
143.0
162.0
159.0
169.0
148.0
136.0
132.0
134.0
157.0
162.0
176.0
132.0
140.0
170.0
120.0
148.0
367.0
139.0
171.0
158.0
154.0
160.0
139.0
160.0
137.0
164.0
402.0
174.0
446.0
153.0
376.0
364.0
460.0
447.0
459.0
419.0
387.0
371.0
381.0
141.0
156.0
142.0
166.0
148.0
157.0
170.0
143.0
170.0
159.0
176.0
176.0
150.0
364.0
144.0
144.0
139.0
175.0
135.0
145.0
146.0
133.0
133.0
160.0
172.0
162.0
154.0
438.0
145.0
157.0
134.0
163.0
140.0
163.0
146.0
152.0
430.0
138.0
134.0
172.0
172.0
171.0
152.0
173.0
143.0
137.0
160.0
130.0
167.0
153.0
160.0
165.0
128.0
173.0
450.0
161.0
132.0
428.0
172.0
161.0
139.0
163.0
162.0
164.0
132.0
171.0
164.0
445.0
159.0
139.0
145.0
174.0
171.0
144.0
134.0
156.0
134.0
131.0
161.0
160.0
160.0
132.0
139.0
130.0
154.0
407.0
166.0
156.0
143.0
174.0
176.0
161.0
168.0
143.0
139.0
450.0
136.0
475.0
157.0
469.0
479.0
425.0
430.0
386.0
370.0
368.0
396.0
459.0
173.0
156.0
170.0
163.0
148.0
133.0
156.0
133.0
136.0
179.0
186.0
145.0
147.0
447.0
166.0
174.0
175.0
131.0
131.0
177.0
148.0
173.0
157.0
137.0
155.0
131.0
171.0
466.0
163.0
169.0
139.0
164.0
169.0
175.0
140.0
154.0
381.0
168.0
155.0
159.0
169.0
174.0
136.0
137.0
177.0
159.0
174.0
132.0
154.0
144.0
153.0
164.0
115.0
149.0
482.0
174.0
175.0
451.0
170.0
168.0
130.0
134.0
146.0
166.0
177.0
145.0
139.0
447.0
151.0
170.0
174.0
177.0
140.0
143.0
130.0
172.0
172.0
169.0
176.0
146.0
152.0
158.0
176.0
150.0
134.0
396.0
142.0
177.0
157.0
148.0
137.0
167.0
137.0
152.0
151.0
452.0
165.0
383.0
171.0
433.0
419.0
435.0
444.0
418.0
380.0
443.0
466.0
443.0
165.0
163.0
138.0
149.0
176.0
131.0
173.0
144.0
165.0
176.0
203.0
148.0
132.0
367.0
171.0
139.0
150.0
146.0
158.0
141.0
157.0
170.0
168.0
177.0
163.0
162.0
154.0
379.0
155.0
135.0
167.0
135.0
147.0
163.0
158.0
162.0
413.0
173.0
170.0
158.0
176.0
158.0
164.0
170.0
138.0
164.0
147.0
132.0
135.0
144.0
138.0
171.0
118.0
144.0
391.0
164.0
152.0
478.0
160.0
166.0
157.0
155.0
141.0
153.0
158.0
165.0
143.0
482.0
140.0
146.0
149.0
145.0
144.0
155.0
137.0
147.0
131.0
152.0
150.0
150.0
159.0
167.0
130.0
115.0
149.0
409.0
174.0
168.0
156.0
140.0
139.0
176.0
162.0
164.0
140.0
447.0
149.0
476.0
133.0
461.0
397.0
439.0
413.0
378.0
473.0
461.0
410.0
445.0
170.0
161.0
140.0
174.0
153.0
156.0
144.0
132.0
152.0
173.0
180.0
145.0
149.0
465.0
156.0
175.0
155.0
142.0
165.0
168.0
173.0
162.0
166.0
141.0
157.0
163.0
166.0
409.0
147.0
174.0
137.0
161.0
141.0
158.0
148.0
145.0
422.0
140.0
164.0
132.0
170.0
168.0
133.0
171.0
138.0
132.0
141.0
174.0
135.0
167.0
169.0
136.0
128.0
173.0
382.0
147.0
155.0
381.0
165.0
161.0
147.0
159.0
135.0
145.0
134.0
130.0
130.0
487.0
148.0
165.0
148.0
137.0
144.0
160.0
160.0
130.0
160.0
158.0
133.0
164.0
162.0
166.0
150.0
115.0
150.0
489.0
176.0
158.0
170.0
135.0
165.0
152.0
131.0
153.0
153.0
465.0
159.0
444.0
163.0
409.0
416.0
374.0
486.0
442.0
490.0
493.0
477.0
478.0
149.0
155.0
133.0
143.0
176.0
170.0
154.0
136.0
162.0
175.0
154.0
148.0
158.0
395.0
154.0
154.0
143.0
139.0
148.0
134.0
151.0
162.0
158.0
167.0
172.0
157.0
156.0
420.0
147.0
159.0
142.0
162.0
166.0
132.0
159.0
137.0
494.0
153.0
137.0
140.0
139.0
155.0
137.0
163.0
140.0
133.0
133.0
147.0
169.0
160.0
161.0
166.0
135.0
152.0
414.0
164.0
154.0
442.0
131.0
176.0
150.0
152.0
136.0
143.0
169.0
173.0
147.0
381.0
141.0
150.0
150.0
139.0
143.0
172.0
142.0
158.0
161.0
156.0
166.0
130.0
140.0
160.0
133.0
120.0
152.0
474.0
148.0
149.0
142.0
130.0
160.0
148.0
155.0
138.0
161.0
444.0
156.0
380.0
147.0
455.0
450.0
394.0
445.0
437.0
444.0
469.0
415.0
460.0
142.0
161.0
145.0
144.0
168.0
149.0
139.0
147.0
132.0
