60 3 108
29927.5
29248.5
29554.5
33780.5
35870.5
28583.5
30310.5
31047.5
30676.5
35378.5
36329.5
29322.5
30973.5
30682.5
30450.5
31472.5
30955.5
35728.5
32526.5
31228.5
31904.5
35642.5
29112.5
32339.5
29369.5
31109.5
33332.5
33613.5
31347.5
30508.5
31502.5
28802.5
31034.5
30511.5
30050.5
31521.5
30550.5
31227.5
34127.5
32735.5
29679.5
32592.5
31212.5
34781.5
33765.5
31090.5
35381.5
34897.5
36038.5
32768.5
32553.5
30842.5
29826.5
32576.5
32912.5
29538.5
31579.5
35574.5
28957.5
35112.5
0.01680211027682233
0.015546347625351467
0.01872006911464966
0.014355538946981439
0.019067777669705313
0.015138804928459074
0.018468664805635426
0.013607355936606873
0.017328990943544058
0.016549440893630685
0.01829090774844938
0.013572968377779852
0.018364315223904856
0.016208351567670087
0.01720897201308578
0.016272839626540487
0.019699909250232257
0.0139186034177636
0.019100942785114428
0.01478778565312828
0.019656644064226472
0.014993062714970206
0.018674946668778464
0.016577697785939184
0.016911791797589414
0.016061545617869537
0.01937245301217002
0.015557205233338235
0.019483427166456787
0.016016286224539635
0.017654788511306033
0.01624360551267641
0.017788521956777104
0.01389900554768157
0.017921826085447668
0.016492259075141645
0.01877271780682161
0.01409731920920337
0.018044232925025036
0.015097018117276819
0.018060935704970596
0.016011840034150744
0.01716058409645189
0.013524791276014842
0.017966652126351308
0.013711451353866692
0.01833140221674455
0.01394071921823278
0.01769050864516156
0.014346181683727656
0.01885377416081576
0.015130304810440115
0.018135929445677948
0.015568229142960745
0.017189282198717952
0.013937210059639079
0.01747059161574389
0.015255305267139222
0.01754457757460037
0.017842677530301554
124.0
114.0
103.0
5111.0
44.0
2514.0
484.0
1220.0
35.0
519.0
110.0
181.0
45.0
338.0
264.0
362.0
60.0
318.0
529.0
270.0
72.0
233.0
80.0
286.0
27.0
345.0
169.0
762.0
1256.0
595.0
361.0
1148.0
276.0
153.0
850.0
5118.0
6031.0
124.0
163.0
303.0
49.0
29.0
183.0
209.0
183.0
523.0
367.0
78.0
67.0
25.0
124.0
32.0
19.0
175.0
886.0
50.0
124.0
63.0
44.0
159.0
155.0
70.0
167.0
145.0
763.0
36.0
21.0
25.0
29.0
8.0
72.0
250.0
111.0
74.0
83.0
58.0
41.0
81.0
147.0
48.0
26.0
53.0
155.0
161.0
108.0
82.0
127.0
48.0
62.0
1660.0
55.0
58.0
69.0
24.0
163.0
298.0
32.0
263.0
128.0
239.0
75.0
130.0
827.0
213.0
67.0
1238.0
130.0
121.0
72.0
91.0
119.0
20.0
257.0
203.0
506.0
1258.0
35.0
513.0
109.0
189.0
45.0
351.0
255.0
388.0
61.0
299.0
533.0
282.0
71.0
253.0
79.0
286.0
27.0
354.0
164.0
828.0
1305.0
582.0
350.0
1091.0
283.0
144.0
866.0
5114.0
5502.0
122.0
167.0
322.0
47.0
28.0
189.0
212.0
185.0
491.0
344.0
77.0
67.0
27.0
122.0
30.0
19.0
168.0
901.0
53.0
129.0
67.0
45.0
162.0
151.0
70.0
152.0
152.0
798.0
37.0
20.0
26.0
32.0
8.0
70.0
264.0
104.0
68.0
86.0
59.0
41.0
83.0
140.0
48.0
25.0
54.0
148.0
158.0
103.0
81.0
137.0
46.0
64.0
1532.0
58.0
55.0
70.0
24.0
159.0
299.0
30.0
283.0
123.0
242.0
82.0
136.0
819.0
221.0
69.0
1215.0
131.0
126.0
73.0
89.0
116.0
20.0
247.0
191.0
481.0
1224.0
36.0
533.0
111.0
184.0
45.0
351.0
268.0
384.0
59.0
296.0
554.0
281.0
74.0
238.0
78.0
284.0
27.0
345.0
170.0
810.0
1376.0
568.0
331.0
1102.0
289.0
145.0
824.0
5477.0
5894.0
130.0
157.0
303.0
46.0
27.0
194.0
222.0
196.0
514.0
342.0
78.0
67.0
26.0
116.0
30.0
19.0
169.0
825.0
49.0
129.0
65.0
44.0
161.0
141.0
75.0
163.0
146.0
729.0
38.0
20.0
24.0
32.0
8.0
74.0
257.0
113.0
70.0
88.0
58.0
40.0
82.0
151.0
46.0
27.0
56.0
159.0
175.0
101.0
84.0
128.0
48.0
63.0
1582.0
54.0
58.0
71.0
25.0
152.0
283.0
32.0
263.0
129.0
234.0
75.0
128.0
780.0
204.0
67.0
1212.0
122.0
122.0
69.0
94.0
122.0
19.0
267.0
196.0
470.0
1254.0
36.0
558.0
119.0
175.0
46.0
334.0
265.0
401.0
56.0
310.0
520.0
295.0
71.0
230.0
80.0
274.0
29.0
373.0
166.0
826.0
1345.0
571.0
340.0
1192.0
283.0
153.0
848.0
4991.0
5489.0
125.0
172.0
319.0
51.0
29.0
192.0
208.0
186.0
486.0
350.0
79.0
67.0
26.0
118.0
33.0
20.0
167.0
830.0
49.0
125.0
67.0
44.0
154.0
145.0
74.0
160.0
140.0
745.0
36.0
20.0
25.0
29.0
8.0
69.0
263.0
106.0
69.0
91.0
57.0
41.0
86.0
151.0
45.0
26.0
58.0
159.0
175.0
111.0
83.0
130.0
45.0
61.0
1553.0
56.0
58.0
66.0
24.0
157.0
288.0
31.0
274.0
127.0
259.0
76.0
137.0
778.0
225.0
67.0
1226.0
130.0
118.0
73.0
91.0
114.0
20.0
254.0
192.0
472.0
1267.0
33.0
543.0
114.0
188.0
46.0
341.0
261.0
392.0
61.0
303.0
517.0
290.0
75.0
242.0
76.0
292.0
28.0
346.0
160.0
824.0
1291.0
553.0
348.0
1124.0
273.0
144.0
798.0
5233.0
5741.0
122.0
161.0
332.0
51.0
27.0
175.0
215.0
180.0
530.0
339.0
72.0
67.0
26.0
125.0
30.0
19.0
170.0
871.0
50.0
119.0
62.0
45.0
167.0
151.0
70.0
159.0
142.0
732.0
37.0
21.0
24.0
31.0
8.0
70.0
254.0
110.0
70.0
85.0
57.0
41.0
89.0
147.0
48.0
27.0
55.0
158.0
158.0
101.0
80.0
139.0
44.0
62.0
1637.0
55.0
55.0
68.0
25.0
157.0
282.0
31.0
266.0
120.0
256.0
80.0
128.0
807.0
223.0
67.0
1226.0
124.0
121.0
71.0
86.0
118.0
20.0
256.0
191.0
492.0
1342.0
36.0
531.0
114.0
184.0
45.0
325.0
244.0
384.0
60.0
290.0
539.0
284.0
73.0
249.0
78.0
272.0
27.0
358.0
166.0
763.0
1305.0
570.0
339.0
1185.0
283.0
157.0
817.0
5177.0
5468.0
125.0
166.0
336.0
51.0
28.0
181.0
209.0
189.0
498.0
354.0
76.0
61.0
27.0
117.0
32.0
19.0
162.0
841.0
49.0
130.0
61.0
46.0
152.0
146.0
74.0
157.0
147.0
765.0
36.0
21.0
26.0
31.0
8.0
73.0
262.0
106.0
72.0
90.0
59.0
40.0
86.0
142.0
47.0
27.0
55.0
155.0
172.0
107.0
83.0
128.0
45.0
65.0
1550.0
56.0
56.0
69.0
25.0
166.0
279.0
31.0
276.0
121.0
246.0
82.0
140.0
788.0
204.0
69.0
1187.0
122.0
126.0
71.0
94.0
119.0
20.0
262.0
196.0
495.0
1262.0
34.0
557.0
111.0
186.0
44.0
326.0
252.0
373.0
59.0
298.0
539.0
278.0
73.0
243.0
80.0
275.0
27.0
339.0
158.0
784.0
1351.0
567.0
336.0
1079.0
272.0
146.0
827.0
5180.0
5667.0
122.0
167.0
323.0
49.0
28.0
191.0
220.0
187.0
492.0
350.0
77.0
62.0
26.0
123.0
32.0
18.0
173.0
869.0
49.0
119.0
61.0
43.0
160.0
154.0
75.0
154.0
144.0
769.0
35.0
21.0
26.0
32.0
8.0
75.0
276.0
108.0
73.0
88.0
58.0
39.0
89.0
145.0
45.0
25.0
57.0
151.0
175.0
109.0
81.0
137.0
45.0
64.0
1543.0
59.0
57.0
71.0
25.0
156.0
278.0
31.0
274.0
129.0
235.0
80.0
137.0
814.0
223.0
70.0
1277.0
125.0
125.0
70.0
87.0
111.0
19.0
267.0
190.0
477.0
1280.0
35.0
525.0
113.0
193.0
48.0
340.0
245.0
394.0
59.0
292.0
529.0
286.0
74.0
229.0
79.0
275.0
28.0
346.0
173.0
786.0
1293.0
596.0
362.0
1111.0
288.0
144.0
793.0
5135.0
5733.0
131.0
157.0
328.0
49.0
28.0
176.0
226.0
182.0
532.0
343.0
73.0
64.0
25.0
122.0
31.0
20.0
162.0
903.0
49.0
128.0
66.0
42.0
164.0
147.0
72.0
162.0
151.0
798.0
38.0
19.0
26.0
31.0
8.0
69.0
256.0
111.0
72.0
87.0
54.0
41.0
84.0
153.0
45.0
27.0
57.0
149.0
163.0
109.0
85.0
127.0
47.0
66.0
1642.0
57.0
59.0
70.0
24.0
155.0
275.0
32.0
283.0
123.0
257.0
77.0
133.0
751.0
212.0
71.0
1250.0
131.0
115.0
71.0
89.0
118.0
19.0
267.0
192.0
503.0
1338.0
36.0
511.0
110.0
192.0
47.0
321.0
252.0
385.0
61.0
305.0
514.0
290.0
74.0
232.0
77.0
286.0
27.0
372.0
171.0
780.0
1346.0
556.0
328.0
1089.0
278.0
152.0
795.0
5485.0
5840.0
131.0
173.0
313.0
51.0
29.0
188.0
211.0
180.0
494.0
349.0
73.0
66.0
27.0
121.0
32.0
19.0
167.0
820.0
48.0
119.0
62.0
45.0
153.0
149.0
75.0
163.0
153.0
800.0
38.0
20.0
25.0
32.0
8.0
71.0
267.0
110.0
74.0
90.0
56.0
39.0
87.0
141.0
49.0
25.0
55.0
158.0
165.0
111.0
83.0
126.0
48.0
65.0
1564.0
57.0
58.0
68.0
24.0
163.0
293.0
30.0
264.0
122.0
246.0
76.0
141.0
780.0
209.0
70.0
1201.0
123.0
118.0
73.0
90.0
118.0
20.0
271.0
194.0
515.0
1260.0
33.0
550.0
117.0
188.0
46.0
348.0
267.0
382.0
57.0
306.0
505.0
276.0
75.0
247.0
75.0
302.0
29.0
348.0
162.0
785.0
1304.0
560.0
362.0
1195.0
297.0
159.0
843.0
5021.0
5607.0
125.0
168.0
306.0
51.0
27.0
193.0
207.0
182.0
500.0
358.0
78.0
64.0
26.0
122.0
32.0
19.0
177.0
817.0
48.0
131.0
64.0
43.0
158.0
142.0
73.0
157.0
148.0
741.0
37.0
21.0
26.0
32.0
8.0
70.0
271.0
109.0
71.0
86.0
58.0
39.0
89.0
150.0
46.0
26.0
55.0
154.0
169.0
107.0
85.0
139.0
46.0
63.0
1516.0
56.0
58.0
69.0
24.0
153.0
296.0
32.0
280.0
127.0
243.0
79.0
130.0
792.0
206.0
69.0
1274.0
129.0
127.0
68.0
93.0
116.0
19.0
250.0
206.0
513.0
1256.0
33.0
525.0
119.0
193.0
45.0
327.0
245.0
384.0
61.0
320.0
524.0
292.0
69.0
238.0
77.0
278.0
29.0
352.0
160.0
765.0
1389.0
583.0
343.0
1130.0
294.0
147.0
846.0
5512.0
5655.0
120.0
171.0
310.0
50.0
27.0
190.0
212.0
192.0
514.0
356.0
79.0
62.0
26.0
119.0
33.0
19.0
163.0
900.0
51.0
128.0
65.0
43.0
160.0
143.0
73.0
158.0
139.0
777.0
38.0
20.0
25.0
29.0
8.0
73.0
255.0
103.0
72.0
84.0
58.0
41.0
88.0
152.0
49.0
26.0
57.0
148.0
164.0
103.0
84.0
126.0
44.0
65.0
1592.0
59.0
56.0
66.0
26.0
161.0
280.0
31.0
262.0
127.0
235.0
82.0
137.0
818.0
213.0
71.0
1244.0
126.0
117.0
67.0
90.0
114.0
20.0
256.0
192.0
490.0
1264.0
35.0
552.0
115.0
193.0
44.0
327.0
263.0
363.0
56.0
320.0
536.0
286.0
69.0
240.0
75.0
281.0
27.0
339.0
159.0
842.0
1335.0
590.0
352.0
1133.0
272.0
148.0
868.0
5229.0
5494.0
121.0
170.0
326.0
50.0
27.0
177.0
210.0
184.0
509.0
359.0
73.0
64.0
27.0
127.0
32.0
19.0
173.0
817.0
51.0
120.0
62.0
43.0
161.0
153.0
70.0
162.0
140.0
781.0
38.0
19.0
25.0
32.0
8.0
74.0
259.0
106.0
74.0
86.0
54.0
38.0
83.0
146.0
45.0
25.0
55.0
149.0
161.0
109.0
87.0
138.0
48.0
66.0
1538.0
54.0
58.0
69.0
25.0
160.0
288.0
30.0
279.0
126.0
249.0
79.0
139.0
812.0
217.0
66.0
1230.0
124.0
116.0
68.0
89.0
118.0
19.0
266.0
192.0
487.0
1244.0
35.0
539.0
113.0
192.0
46.0
316.0
252.0
401.0
60.0
316.0
529.0
293.0
76.0
252.0
78.0
300.0
27.0
356.0
162.0
803.0
1316.0
591.0
329.0
1128.0
278.0
156.0
830.0
5497.0
5870.0
125.0
167.0
317.0
48.0
29.0
180.0
222.0
189.0
493.0
364.0
72.0
61.0
27.0
123.0
32.0
20.0
176.0
854.0
50.0
119.0
66.0
44.0
167.0
145.0
71.0
153.0
147.0
740.0
37.0
19.0
26.0
30.0
8.0
75.0
276.0
105.0
69.0
86.0
59.0
40.0
84.0
153.0
48.0
27.0
58.0
158.0
172.0
107.0
80.0
138.0
45.0
67.0
1523.0
57.0
54.0
69.0
25.0
164.0
295.0
33.0
260.0
118.0
251.0
83.0
136.0
826.0
213.0
66.0
1191.0
129.0
116.0
69.0
94.0
114.0
18.0
253.0
203.0
517.0
1279.0
34.0
517.0
117.0
177.0
47.0
333.0
253.0
388.0
58.0
315.0
545.0
283.0
70.0
242.0
79.0
296.0
29.0
348.0
172.0
800.0
1389.0
558.0
358.0
1161.0
300.0
157.0
790.0
5427.0
5689.0
121.0
172.0
320.0
50.0
28.0
176.0
204.0
190.0
484.0
342.0
72.0
63.0
27.0
122.0
31.0
18.0
164.0
873.0
53.0
123.0
64.0
43.0
162.0
144.0
76.0
165.0
140.0
789.0
38.0
20.0
26.0
31.0
8.0
71.0
273.0
110.0
69.0
91.0
55.0
39.0
85.0
142.0
49.0
27.0
56.0
152.0
167.0
111.0
81.0
133.0
47.0
66.0
1613.0
59.0
54.0
69.0
25.0
152.0
294.0
31.0
266.0
122.0
246.0
77.0
129.0
770.0
208.0
68.0
1282.0
126.0
117.0
73.0
85.0
113.0
20.0
250.0
205.0
505.0
1236.0
34.0
516.0
120.0
176.0
48.0
339.0
267.0
392.0
56.0
300.0
513.0
294.0
76.0
254.0
79.0
298.0
29.0
358.0
171.0
839.0
1340.0
554.0
353.0
1133.0
295.0
158.0
827.0
5376.0
5546.0
125.0
172.0
322.0
49.0
27.0
181.0
214.0
182.0
497.0
346.0
74.0
61.0
25.0
120.0
31.0
19.0
168.0
887.0
51.0
123.0
67.0
43.0
162.0
151.0
69.0
165.0
142.0
755.0
37.0
21.0
26.0
30.0
8.0
75.0
265.0
108.0
70.0
82.0
57.0
37.0
88.0
150.0
49.0
27.0
55.0
152.0
167.0
107.0
82.0
131.0
48.0
65.0
1659.0
55.0
54.0
71.0
26.0
160.0
296.0
32.0
263.0
121.0
252.0
78.0
129.0
766.0
216.0
69.0
1189.0
131.0
126.0
69.0
92.0
118.0
20.0
254.0
204.0
510.0
1220.0
35.0
520.0
119.0
193.0
46.0
342.0
269.0
362.0
61.0
303.0
550.0
284.0
70.0
235.0
78.0
287.0
27.0
353.0
166.0
772.0
1284.0
580.0
359.0
1127.0
297.0
150.0
835.0
5045.0
5904.0
127.0
156.0
327.0
49.0
28.0
189.0
205.0
179.0
512.0
363.0
77.0
65.0
27.0
117.0
31.0
19.0
177.0
848.0
49.0
123.0
62.0
45.0
151.0
141.0
74.0
160.0
143.0
756.0
36.0
20.0
26.0
30.0
8.0
73.0
252.0
113.0
68.0
85.0
58.0
38.0
81.0
153.0
45.0
26.0
53.0
155.0
171.0
105.0
81.0
128.0
46.0
63.0
1540.0
58.0
57.0
65.0
24.0
151.0
276.0
33.0
272.0
129.0
244.0
79.0
131.0
819.0
208.0
67.0
1214.0
128.0
120.0
70.0
88.0
119.0
18.0
252.0
203.0
470.0
1264.0
34.0
519.0
109.0
187.0
45.0
350.0
255.0
369.0
57.0
318.0
506.0
274.0
72.0
254.0
75.0
273.0
28.0
349.0
164.0
789.0
1356.0
568.0
345.0
1125.0
295.0
150.0
864.0
5466.0
5578.0
122.0
160.0
309.0
47.0
29.0
194.0
219.0
189.0
502.0
357.0
72.0
65.0
26.0
117.0
32.0
19.0
167.0
835.0
51.0
127.0
61.0
43.0
162.0
146.0
76.0
162.0
147.0
749.0
36.0
20.0
25.0
29.0
8.0
70.0
271.0
109.0
72.0
85.0
54.0
41.0
81.0
141.0
49.0
26.0
57.0
155.0
166.0
108.0
79.0
128.0
47.0
65.0
1575.0
55.0
55.0
67.0
25.0
151.0
296.0
30.0
285.0
125.0
244.0
78.0
134.0
778.0
215.0
71.0
1247.0
133.0
125.0
69.0
90.0
121.0
19.0
256.0
193.0
516.0
1307.0
35.0
512.0
116.0
190.0
47.0
322.0
260.0
384.0
60.0
308.0
545.0
285.0
70.0
232.0
78.0
282.0
27.0
348.0
157.0
769.0
1329.0
599.0
348.0
1097.0
298.0
150.0
800.0
5457.0
5788.0
123.0
167.0
331.0
48.0
27.0
181.0
207.0
189.0
518.0
356.0
75.0
65.0
25.0
116.0
33.0
20.0
167.0
894.0
51.0
124.0
64.0
44.0
159.0
150.0
76.0
154.0
141.0
782.0
38.0
20.0
24.0
32.0
8.0
74.0
265.0
111.0
70.0
84.0
59.0
40.0
88.0
140.0
45.0
27.0
55.0
158.0
161.0
111.0
79.0
139.0
48.0
65.0
1610.0
58.0
56.0
68.0
24.0
152.0
296.0
33.0
278.0
126.0
242.0
81.0
137.0
765.0
219.0
70.0
1215.0
130.0
123.0
68.0
91.0
118.0
19.0
249.0
187.0
471.0
1322.0
34.0
521.0
113.0
181.0
47.0
335.0
262.0
393.0
59.0
290.0
515.0
286.0
70.0
248.0
78.0
290.0
28.0
362.0
169.0
840.0
1358.0
550.0
344.0
1158.0
295.0
147.0
827.0
5398.0
5827.0
122.0
172.0
306.0
50.0
29.0
184.0
221.0
179.0
520.0
371.0
75.0
62.0
27.0
123.0
31.0
20.0
168.0
839.0
49.0
120.0
67.0
44.0
161.0
141.0
70.0
167.0
139.0
761.0
37.0
20.0
25.0
32.0
8.0
69.0
260.0
107.0
68.0
89.0
59.0
40.0
88.0
153.0
46.0
25.0
57.0
154.0
173.0
104.0
81.0
138.0
46.0
63.0
1517.0
57.0
56.0
67.0
24.0
153.0
279.0
32.0
283.0
129.0
247.0
76.0
134.0
757.0
221.0
69.0
1286.0
134.0
115.0
72.0
93.0
117.0
19.0
260.0
199.0
489.0
1339.0
34.0
506.0
116.0
176.0
46.0
349.0
258.0
370.0
59.0
291.0
548.0
272.0
72.0
231.0
74.0
283.0
29.0
370.0
164.0
762.0
1272.0
584.0
349.0
1175.0
298.0
147.0
826.0
5322.0
5542.0
119.0
160.0
332.0
49.0
28.0
184.0
225.0
182.0
492.0
346.0
72.0
65.0
25.0
123.0
31.0
20.0
162.0
889.0
49.0
119.0
62.0
45.0
153.0
145.0
71.0
153.0
140.0
731.0
36.0
21.0
26.0
30.0
8.0
73.0
271.0
105.0
68.0
88.0
57.0
41.0
87.0
143.0
47.0
27.0
54.0
155.0
168.0
102.0
85.0
131.0
47.0
67.0
1535.0
59.0
55.0
70.0
26.0
163.0
283.0
31.0
273.0
118.0
260.0
82.0
135.0
790.0
215.0
69.0
1234.0
127.0
125.0
67.0
92.0
117.0
20.0
253.0
192.0
516.0
1321.0
34.0
532.0
111.0
192.0
44.0
323.0
244.0
375.0
58.0
298.0
546.0
275.0
76.0
250.0
77.0
286.0
28.0
368.0
169.0
797.0
1348.0
596.0
336.0
1129.0
279.0
146.0
802.0
5460.0
5830.0
120.0
162.0
323.0
51.0
28.0
178.0
226.0
196.0
520.0
369.0
73.0
65.0
25.0
125.0
32.0
19.0
178.0
837.0
49.0
127.0
67.0
46.0
155.0
144.0
71.0
166.0
143.0
757.0
37.0
21.0
26.0
30.0
8.0
70.0
266.0
102.0
73.0
84.0
55.0
39.0
88.0
146.0
45.0
27.0
57.0
157.0
159.0
110.0
82.0
132.0
48.0
67.0
1589.0
59.0
57.0
69.0
26.0
162.0
285.0
31.0
265.0
124.0
253.0
81.0
139.0
760.0
213.0
70.0
1276.0
122.0
119.0
67.0
86.0
119.0
19.0
257.0
195.0
478.0
1231.0
33.0
506.0
120.0
183.0
46.0
330.0
251.0
362.0
56.0
302.0
521.0
294.0
70.0
239.0
82.0
285.0
29.0
357.0
172.0
788.0
1368.0
586.0
338.0
1177.0
276.0
145.0
806.0
5370.0
5732.0
126.0
164.0
325.0
50.0
28.0
178.0
216.0
188.0
489.0
345.0
78.0
61.0
26.0
120.0
31.0
20.0
171.0
847.0
52.0
122.0
62.0
46.0
153.0
148.0
70.0
164.0
140.0
724.0
38.0
21.0
24.0
32.0
8.0
75.0
252.0
109.0
72.0
88.0
58.0
39.0
84.0
151.0
47.0
27.0
57.0
150.0
165.0
108.0
87.0
128.0
47.0
65.0
1622.0
59.0
58.0
67.0
24.0
159.0
274.0
32.0
285.0
123.0
251.0
83.0
139.0
832.0
213.0
67.0
1179.0
131.0
123.0
67.0
87.0
120.0
19.0
269.0
194.0
504.0
1315.0
36.0
521.0
114.0
177.0
47.0
320.0
269.0
380.0
56.0
291.0
543.0
272.0
72.0
235.0
77.0
283.0
29.0
369.0
157.0
817.0
1378.0
586.0
342.0
1123.0
273.0
156.0
818.0
5084.0
5748.0
129.0
162.0
317.0
51.0
29.0
191.0
221.0
194.0
528.0
350.0
72.0
63.0
27.0
117.0
32.0
19.0
169.0
833.0
53.0
124.0
66.0
42.0
164.0
141.0
75.0
155.0
148.0
787.0
36.0
21.0
25.0
32.0
8.0
73.0
269.0
111.0
74.0
85.0
59.0
38.0
85.0
153.0
45.0
26.0
58.0
152.0
170.0
103.0
80.0
131.0
45.0
67.0
1642.0
57.0
57.0
65.0
26.0
165.0
283.0
31.0
281.0
121.0
255.0
83.0
131.0
804.0
205.0
71.0
1276.0
122.0
120.0
68.0
88.0
115.0
19.0
271.0
193.0
508.0
1259.0
34.0
548.0
115.0
192.0
48.0
324.0
247.0
365.0
59.0
295.0
558.0
287.0
75.0
236.0
81.0
296.0
28.0
343.0
169.0
819.0
1304.0
576.0
332.0
1182.0
286.0
148.0
852.0
5226.0
5987.0
129.0
167.0
306.0
48.0
29.0
181.0
206.0
183.0
528.0
341.0
79.0
67.0
26.0
117.0
31.0
20.0
173.0
893.0
53.0
131.0
63.0
43.0
160.0
152.0
74.0
157.0
139.0
744.0
38.0
19.0
26.0
29.0
8.0
72.0
264.0
112.0
72.0
86.0
58.0
41.0
87.0
142.0
48.0
26.0
58.0
152.0
169.0
109.0
80.0
128.0
46.0
65.0
1609.0
55.0
58.0
65.0
26.0
166.0
285.0
33.0
275.0
125.0
256.0
78.0
129.0
820.0
212.0
66.0
1234.0
133.0
123.0
71.0
92.0
122.0
20.0
248.0
193.0
510.0
1275.0
35.0
537.0
115.0
189.0
48.0
336.0
257.0
368.0
58.0
309.0
524.0
267.0
73.0
253.0
75.0
283.0
29.0
370.0
166.0
773.0
1369.0
566.0
345.0
1149.0
272.0
149.0
839.0
5401.0
5455.0
127.0
163.0
323.0
51.0
27.0
189.0
226.0
185.0
507.0
360.0
79.0
66.0
25.0
119.0
33.0
19.0
167.0
900.0
50.0
121.0
62.0
46.0
166.0
153.0
70.0
155.0
151.0
789.0
38.0
21.0
26.0
31.0
8.0
71.0
254.0
104.0
71.0
91.0
54.0
40.0
81.0
152.0
47.0
27.0
56.0
150.0
164.0
104.0
83.0
138.0
44.0
62.0
1619.0
59.0
54.0
71.0
24.0
163.0
278.0
31.0
269.0
121.0
258.0
78.0
132.0
817.0
215.0
67.0
1178.0
134.0
123.0
68.0
87.0
121.0
20.0
264.0
195.0
507.0
1279.0
36.0
538.0
117.0
188.0
47.0
335.0
256.0
373.0
61.0
291.0
554.0
285.0
75.0
239.0
74.0
302.0
27.0
367.0
163.0
842.0
1382.0
559.0
350.0
1121.0
282.0
144.0
843.0
5265.0
5903.0
129.0
168.0
329.0
49.0
29.0
194.0
226.0
190.0
487.0
350.0
72.0
65.0
25.0
126.0
30.0
19.0
163.0
870.0
50.0
123.0
61.0
46.0
163.0
140.0
69.0
167.0
140.0
753.0
36.0
21.0
24.0
31.0
8.0
73.0
264.0
112.0
71.0
91.0
58.0
39.0
87.0
144.0
47.0
27.0
55.0
148.0
173.0
110.0
82.0
129.0
47.0
67.0
1580.0
55.0
56.0
64.0
25.0
158.0
287.0
31.0
273.0
130.0
260.0
76.0
128.0
802.0
221.0
69.0
1206.0
126.0
125.0
70.0
91.0
117.0
20.0
268.0
190.0
479.0
1281.0
34.0
519.0
115.0
184.0
46.0
337.0
251.0
373.0
60.0
313.0
522.0
271.0
75.0
235.0
75.0
286.0
28.0
359.0
163.0
838.0
1331.0
564.0
330.0
1083.0
287.0
152.0
868.0
5079.0
5681.0
130.0
156.0
310.0
49.0
28.0
176.0
220.0
177.0
489.0
340.0
74.0
64.0
26.0
117.0
32.0
20.0
170.0
868.0
48.0
128.0
65.0
44.0
162.0
143.0
70.0
152.0
153.0
730.0
38.0
20.0
25.0
30.0
8.0
74.0
270.0
103.0
73.0
86.0
57.0
39.0
85.0
144.0
48.0
27.0
56.0
156.0
168.0
109.0
80.0
136.0
44.0
62.0
1604.0
54.0
57.0
68.0
24.0
164.0
294.0
33.0
276.0
125.0
260.0
80.0
141.0
814.0
212.0
67.0
1256.0
131.0
115.0
70.0
86.0
122.0
19.0
252.0
188.0
509.0
1260.0
35.0
548.0
119.0
174.0
44.0
319.0
248.0
379.0
60.0
305.0
542.0
295.0
76.0
237.0
79.0
289.0
28.0
347.0
163.0
790.0
1276.0
583.0
363.0
1107.0
276.0
147.0
853.0
5480.0
5453.0
131.0
161.0
318.0
51.0
28.0
191.0
208.0
191.0
531.0
372.0
79.0
63.0
25.0
117.0
31.0
19.0
179.0
868.0
48.0
121.0
67.0
44.0
151.0
141.0
74.0
168.0
147.0
802.0
38.0
20.0
25.0
32.0
8.0
73.0
251.0
102.0
69.0
90.0
56.0
38.0
88.0
152.0
49.0
26.0
58.0
162.0
173.0
106.0
79.0
127.0
46.0
62.0
1542.0
54.0
55.0
65.0
25.0
162.0
287.0
32.0
284.0
119.0
255.0
78.0
129.0
776.0
222.0
65.0
1162.0
128.0
127.0
71.0
87.0
111.0
19.0
258.0
194.0
485.0
1249.0
33.0
526.0
109.0
175.0
47.0
320.0
247.0
388.0
56.0
314.0
505.0
278.0
76.0
244.0
82.0
294.0
27.0
347.0
165.0
782.0
1368.0
577.0
338.0
1095.0
290.0
146.0
857.0
5189.0
5483.0
126.0
171.0
331.0
49.0
29.0
190.0
211.0
195.0
532.0
365.0
79.0
63.0
25.0
120.0
30.0
19.0
165.0
822.0
51.0
131.0
62.0
45.0
167.0
155.0
69.0
158.0
139.0
795.0
38.0
20.0
26.0
31.0
8.0
69.0
268.0
103.0
68.0
90.0
58.0
37.0
83.0
149.0
49.0
26.0
57.0
154.0
165.0
105.0
81.0
134.0
45.0
63.0
1655.0
54.0
54.0
68.0
25.0
160.0
295.0
33.0
275.0
126.0
245.0
76.0
128.0
820.0
213.0
70.0
1258.0
131.0
115.0
67.0
94.0
119.0
19.0
261.0
191.0
477.0
1345.0
33.0
507.0
114.0
188.0
47.0
318.0
246.0
371.0
56.0
299.0
560.0
290.0
76.0
241.0
77.0
273.0
29.0
348.0
159.0
761.0
1329.0
558.0
356.0
1166.0
298.0
148.0
842.0
5510.0
5777.0
129.0
165.0
327.0
49.0
27.0
190.0
207.0
187.0
517.0
360.0
74.0
61.0
25.0
126.0
33.0
19.0
166.0
832.0
53.0
127.0
65.0
45.0
159.0
141.0
75.0
164.0
144.0
776.0
37.0
20.0
24.0
32.0
8.0
69.0
270.0
102.0
73.0
91.0
59.0
39.0
85.0
139.0
45.0
27.0
57.0
150.0
162.0
109.0
81.0
130.0
46.0
63.0
1579.0
59.0
58.0
65.0
24.0
161.0
282.0
33.0
288.0
118.0
247.0
76.0
139.0
820.0
206.0
71.0
1223.0
127.0
120.0
71.0
85.0
118.0
19.0
266.0
190.0
504.0
1219.0
36.0
538.0
115.0
184.0
48.0
350.0
249.0
372.0
56.0
293.0
540.0
274.0
76.0
242.0
77.0
294.0
28.0
349.0
160.0
821.0
1387.0
593.0
343.0
1189.0
285.0
159.0
816.0
5154.0
5996.0
121.0
169.0
307.0
50.0
29.0
184.0
217.0
183.0
499.0
361.0
79.0
61.0
27.0
126.0
33.0
19.0
172.0
848.0
51.0
122.0
64.0
45.0
166.0
144.0
76.0
160.0
141.0
793.0
36.0
21.0
25.0
30.0
8.0
74.0
255.0
110.0
73.0
91.0
59.0
38.0
83.0
151.0
45.0
27.0
53.0
161.0
162.0
103.0
84.0
139.0
44.0
64.0
1510.0
56.0
55.0
70.0
24.0
163.0
278.0
32.0
265.0
125.0
248.0
77.0
129.0
752.0
222.0
67.0
1209.0
127.0
117.0
70.0
87.0
113.0
20.0
251.0
191.0
507.0
1331.0
35.0
521.0
114.0
187.0
47.0
328.0
257.0
390.0
59.0
316.0
515.0
282.0
73.0
231.0
76.0
274.0
28.0
356.0
172.0
837.0
1292.0
555.0
328.0
1114.0
288.0
151.0
864.0
4998.0
5859.0
131.0
173.0
330.0
48.0
29.0
177.0
222.0
187.0
484.0
339.0
77.0
67.0
26.0
126.0
30.0
19.0
165.0
823.0
51.0
130.0
61.0
43.0
161.0
145.0
73.0
166.0
142.0
765.0
37.0
21.0
24.0
30.0
8.0
74.0
272.0
108.0
72.0
86.0
59.0
41.0
84.0
148.0
49.0
25.0
58.0
152.0
170.0
105.0
80.0
129.0
47.0
67.0
1505.0
54.0
59.0
64.0
26.0
159.0
291.0
32.0
281.0
123.0
235.0
78.0
131.0
759.0
210.0
69.0
1219.0
129.0
126.0
69.0
86.0
118.0
20.0
267.0
198.0
500.0
1311.0
35.0
522.0
115.0
183.0
44.0
339.0
267.0
367.0
56.0
296.0
555.0
269.0
76.0
251.0
81.0
287.0
29.0
350.0
170.0
766.0
1286.0
547.0
332.0
1117.0
282.0
150.0
817.0
5512.0
5682.0
130.0
159.0
331.0
50.0
28.0
177.0
205.0
188.0
522.0
366.0
75.0
62.0
25.0
119.0
33.0
20.0
179.0
862.0
51.0
122.0
64.0
45.0
152.0
146.0
74.0
154.0
150.0
735.0
36.0
20.0
26.0
31.0
8.0
70.0
264.0
109.0
70.0
87.0
56.0
40.0
81.0
148.0
49.0
27.0
53.0
159.0
162.0
107.0
84.0
136.0
45.0
66.0
1580.0
59.0
55.0
71.0
25.0
161.0
272.0
33.0
262.0
118.0
246.0
78.0
128.0
812.0
211.0
68.0
1266.0
133.0
126.0
70.0
89.0
121.0
20.0
248.0
189.0
505.0
1288.0
35.0
538.0
118.0
178.0
46.0
332.0
257.0
367.0
56.0
317.0
530.0
281.0
75.0
233.0
76.0
287.0
28.0
375.0
165.0
778.0
1309.0
565.0
355.0
1146.0
278.0
156.0
810.0
5107.0
5632.0
121.0
169.0
317.0
51.0
27.0
190.0
206.0
183.0
530.0
340.0
72.0
62.0
27.0
120.0
31.0
20.0
173.0
822.0
53.0
131.0
65.0
44.0
161.0
140.0
76.0
164.0
143.0
760.0
38.0
20.0
25.0
32.0
8.0
71.0
269.0
108.0
71.0
89.0
55.0
40.0
87.0
149.0
47.0
26.0
58.0
151.0
164.0
110.0
87.0
128.0
46.0
67.0
1592.0
58.0
54.0
66.0
26.0
153.0
280.0
33.0
283.0
128.0
258.0
80.0
140.0
812.0
219.0
70.0
1193.0
121.0
123.0
67.0
88.0
119.0
19.0
260.0
206.0
484.0
1296.0
33.0
510.0
117.0
188.0
47.0
339.0
255.0
365.0
61.0
296.0
560.0
273.0
72.0
232.0
79.0
282.0
27.0
352.0
166.0
804.0
1264.0
544.0
348.0
1081.0
272.0
147.0
847.0
5081.0
5484.0
120.0
171.0
307.0
51.0
28.0
194.0
206.0
190.0
482.0
344.0
79.0
67.0
26.0
126.0
31.0
20.0
167.0
851.0
50.0
118.0
62.0
45.0
156.0
151.0
72.0
154.0
140.0
781.0
38.0
21.0
26.0
31.0
8.0
76.0
254.0
107.0
68.0
85.0
56.0
41.0
88.0
141.0
46.0
27.0
53.0
150.0
175.0
108.0
84.0
137.0
45.0
63.0
1646.0
58.0
58.0
68.0
25.0
160.0
274.0
30.0
283.0
122.0
256.0
83.0
139.0
829.0
204.0
68.0
1222.0
131.0
126.0
67.0
94.0
120.0
19.0
247.0
194.0
497.0
1350.0
35.0
520.0
114.0
176.0
47.0
334.0
266.0
396.0
59.0
297.0
508.0
267.0
75.0
246.0
75.0
290.0
28.0
374.0
172.0
822.0
1332.0
556.0
328.0
1146.0
297.0
154.0
846.0
5394.0
5557.0
125.0
166.0
325.0
47.0
29.0
189.0
222.0
196.0
497.0
364.0
78.0
63.0
27.0
122.0
32.0
19.0
172.0
901.0
48.0
121.0
67.0
46.0
164.0
153.0
72.0
154.0
142.0
727.0
37.0
21.0
26.0
30.0
8.0
76.0
255.0
113.0
72.0
86.0
59.0
38.0
87.0
147.0
45.0
25.0
55.0
162.0
158.0
101.0
87.0
130.0
46.0
66.0
1630.0
57.0
54.0
64.0
25.0
154.0
289.0
31.0
276.0
126.0
239.0
79.0
136.0
754.0
225.0
65.0
1239.0
132.0
124.0
66.0
91.0
111.0
19.0
269.0
197.0
475.0
1325.0
36.0
542.0
109.0
181.0
48.0
343.0
263.0
382.0
56.0
310.0
520.0
281.0
70.0
231.0
74.0
288.0
29.0
344.0
158.0
828.0
1356.0
550.0
331.0
1127.0
279.0
145.0
817.0
5485.0
5476.0
127.0
157.0
316.0
49.0
29.0
187.0
219.0
177.0
498.0
354.0
78.0
67.0
27.0
117.0
33.0
19.0
169.0
851.0
49.0
128.0
63.0
43.0
154.0
154.0
76.0
157.0
145.0
767.0
38.0
20.0
26.0
31.0
8.0
76.0
258.0
104.0
69.0
88.0
55.0
40.0
86.0
154.0
48.0
26.0
57.0
161.0
158.0
111.0
81.0
129.0
45.0
66.0
1507.0
57.0
58.0
66.0
25.0
155.0
297.0
31.0
276.0
122.0
255.0
76.0
136.0
785.0
211.0
70.0
1262.0
132.0
116.0
68.0
89.0
118.0
20.0
253.0
207.0
513.0
1266.0
35.0
528.0
115.0
187.0
48.0
321.0
248.0
376.0
60.0
303.0
560.0
284.0
72.0
231.0
80.0
286.0
28.0
353.0
160.0
764.0
1386.0
582.0
359.0
1167.0
283.0
146.0
848.0
5160.0
5998.0
124.0
170.0
308.0
49.0
29.0
176.0
221.0
187.0
487.0
364.0
74.0
64.0
26.0
127.0
32.0
19.0
169.0
853.0
49.0
121.0
61.0
42.0
164.0
143.0
71.0
167.0
145.0
726.0
35.0
21.0
25.0
31.0
8.0
75.0
250.0
110.0
74.0
87.0
56.0
41.0
87.0
149.0
49.0
27.0
53.0
154.0
173.0
106.0
87.0
138.0
47.0
65.0
1564.0
54.0
55.0
66.0
25.0
159.0
275.0
31.0
287.0
129.0
258.0
83.0
141.0
821.0
211.0
69.0
1286.0
133.0
117.0
70.0
87.0
115.0
20.0
257.0
197.0
486.0
1318.0
36.0
525.0
111.0
191.0
48.0
342.0
248.0
385.0
58.0
290.0
532.0
285.0
75.0
247.0
78.0
278.0
29.0
343.0
158.0
818.0
1376.0
576.0
328.0
1098.0
279.0
151.0
860.0
5110.0
5980.0
121.0
166.0
307.0
50.0
28.0
184.0
219.0
196.0
485.0
351.0
76.0
61.0
27.0
123.0
32.0
20.0
163.0
876.0
49.0
127.0
64.0
42.0
166.0
147.0
70.0
157.0
145.0
776.0
37.0
20.0
24.0
32.0
8.0
76.0
253.0
107.0
72.0
83.0
59.0
39.0
85.0
148.0
46.0
25.0
56.0
152.0
175.0
105.0
81.0
130.0
47.0
65.0
1502.0
59.0
57.0
68.0
25.0
160.0
271.0
31.0
277.0
129.0
235.0
77.0
135.0
790.0
214.0
71.0
1202.0
121.0
122.0
68.0
87.0
119.0
20.0
255.0
195.0
489.0
1305.0
33.0
523.0
119.0
185.0
45.0
332.0
268.0
371.0
56.0
300.0
548.0
291.0
71.0
243.0
76.0
285.0
28.0
350.0
159.0
817.0
1369.0
544.0
332.0
1134.0
276.0
146.0
809.0
5128.0
5489.0
128.0
164.0
309.0
50.0
28.0
175.0
209.0
179.0
489.0
356.0
76.0
62.0
27.0
128.0
30.0
20.0
164.0
823.0
52.0
123.0
63.0
45.0
155.0
154.0
73.0
157.0
140.0
776.0
35.0
21.0
25.0
31.0
8.0
75.0
258.0
111.0
68.0
86.0
58.0
38.0
86.0
147.0
48.0
25.0
54.0
163.0
164.0
109.0
81.0
127.0
48.0
62.0
1629.0
59.0
54.0
70.0
26.0
153.0
276.0
31.0
277.0
122.0
256.0
83.0
132.0
798.0
210.0
67.0
1258.0
130.0
117.0
73.0
92.0
121.0
20.0
251.0
187.0
512.0
1248.0
33.0
509.0
120.0
182.0
44.0
318.0
248.0
397.0
57.0
314.0
532.0
292.0
76.0
235.0
80.0
283.0
28.0
363.0
169.0
774.0
1324.0
576.0
363.0
1189.0
272.0
159.0
821.0
5397.0
5619.0
125.0
162.0
316.0
48.0
29.0
182.0
217.0
178.0
506.0
370.0
79.0
63.0
25.0
124.0
33.0
19.0
175.0
856.0
53.0
128.0
64.0
45.0
165.0
154.0
70.0
167.0
151.0
731.0
37.0
20.0
24.0
31.0
8.0
70.0
271.0
111.0
68.0
91.0
58.0
41.0
88.0
154.0
45.0
27.0
58.0
161.0
160.0
105.0
80.0
134.0
48.0
65.0
1651.0
59.0
58.0
66.0
25.0
155.0
290.0
32.0
278.0
124.0
253.0
79.0
132.0
817.0
204.0
71.0
1234.0
132.0
117.0
71.0
90.0
113.0
19.0
246.0
198.0
517.0
1292.0
35.0
536.0
114.0
185.0
45.0
347.0
265.0
385.0
58.0
301.0
549.0
276.0
72.0
248.0
82.0
292.0
27.0
340.0
165.0
832.0
1301.0
595.0
350.0
1105.0
281.0
159.0
845.0
5306.0
6038.0
124.0
169.0
332.0
50.0
29.0
183.0
205.0
185.0
523.0
368.0
74.0
66.0
25.0
128.0
30.0
20.0
178.0
850.0
53.0
123.0
67.0
46.0
167.0
142.0
74.0
153.0
150.0
755.0
38.0
20.0
26.0
32.0
8.0
70.0
263.0
112.0
74.0
87.0
55.0
41.0
81.0
151.0
48.0
26.0
57.0
160.0
173.0
105.0
80.0
136.0
45.0
64.0
1555.0
54.0
58.0
67.0
26.0
166.0
289.0
32.0
268.0
121.0
250.0
80.0
131.0
762.0
224.0
67.0
1172.0
130.0
118.0
69.0
89.0
121.0
19.0
257.0
198.0
493.0
1304.0
34.0
533.0
109.0
191.0
44.0
321.0
261.0
373.0
55.0
302.0
526.0
282.0
71.0
238.0
77.0
286.0
27.0
346.0
171.0
777.0
1377.0
542.0
329.0
1138.0
282.0
144.0
824.0
5460.0
5648.0
124.0
167.0
321.0
48.0
29.0
193.0
208.0
191.0
510.0
354.0
78.0
64.0
26.0
122.0
32.0
19.0
162.0
891.0
49.0
119.0
67.0
46.0
165.0
155.0
71.0
168.0
142.0
794.0
38.0
21.0
26.0
30.0
8.0
72.0
258.0
102.0
68.0
91.0
59.0
41.0
87.0
149.0
48.0
27.0
54.0
155.0
170.0
105.0
86.0
128.0
48.0
67.0
1665.0
58.0
56.0
69.0
26.0
164.0
288.0
31.0
269.0
120.0
260.0
83.0
140.0
812.0
211.0
71.0
1287.0
129.0
117.0
68.0
91.0
121.0
19.0
265.0
195.0
492.0
1268.0
33.0
551.0
119.0
193.0
48.0
322.0
257.0
398.0
61.0
315.0
537.0
270.0
74.0
246.0
81.0
292.0
29.0
363.0
156.0
793.0
1374.0
593.0
363.0
1112.0
283.0
144.0
864.0
5397.0
5847.0
121.0
168.0
324.0
51.0
27.0
182.0
213.0
187.0
528.0
371.0
75.0
63.0
25.0
127.0
33.0
19.0
164.0
882.0
50.0
119.0
65.0
46.0
156.0
141.0
75.0
164.0
146.0
776.0
38.0
20.0
24.0
30.0
8.0
75.0
270.0
106.0
72.0
87.0
56.0
39.0
85.0
142.0
45.0
27.0
56.0
156.0
163.0
105.0
86.0
136.0
48.0
63.0
1616.0
57.0
58.0
69.0
26.0
162.0
286.0
32.0
273.0
120.0
237.0
83.0
134.0
759.0
223.0
67.0
1223.0
133.0
119.0
71.0
89.0
115.0
19.0
262.0
193.0
494.0
1317.0
35.0
517.0
111.0
189.0
47.0
332.0
269.0
371.0
61.0
308.0
532.0
292.0
75.0
252.0
80.0
282.0
27.0
346.0
170.0
774.0
1370.0
541.0
358.0
1110.0
282.0
151.0
853.0
5172.0
5786.0
131.0
168.0
317.0
51.0
27.0
179.0
216.0
193.0
503.0
358.0
76.0
63.0
27.0
127.0
30.0
19.0
179.0
875.0
49.0
125.0
66.0
43.0
152.0
151.0
75.0
167.0
138.0
779.0
36.0
21.0
25.0
31.0
8.0
72.0
260.0
104.0
74.0
91.0
55.0
41.0
83.0
150.0
45.0
26.0
55.0
162.0
169.0
111.0
81.0
129.0
47.0
66.0
1581.0
58.0
58.0
68.0
26.0
155.0
288.0
33.0
280.0
119.0
237.0
80.0
128.0
807.0
216.0
71.0
1255.0
134.0
126.0
73.0
86.0
120.0
20.0
253.0
191.0
469.0
1231.0
34.0
527.0
112.0
176.0
44.0
351.0
259.0
362.0
58.0
296.0
542.0
278.0
71.0
237.0
80.0
278.0
28.0
369.0
165.0
778.0
1339.0
564.0
357.0
1096.0
273.0
144.0
801.0
5252.0
5718.0
128.0
172.0
321.0
48.0
27.0
180.0
223.0
179.0
502.0
372.0
72.0
67.0
27.0
117.0
32.0
19.0
174.0
853.0
52.0
124.0
64.0
42.0
151.0
146.0
73.0
161.0
146.0
786.0
38.0
21.0
24.0
32.0
8.0
69.0
255.0
106.0
69.0
83.0
56.0
40.0
85.0
150.0
47.0
25.0
54.0
159.0
161.0
106.0
79.0
129.0
44.0
66.0
1576.0
54.0
57.0
67.0
26.0
164.0
284.0
32.0
262.0
125.0
243.0
79.0
129.0
799.0
221.0
71.0
1166.0
131.0
122.0
69.0
88.0
122.0
20.0
268.0
194.0
482.0
1290.0
35.0
552.0
111.0
175.0
48.0
325.0
244.0
378.0
58.0
298.0
534.0
293.0
71.0
240.0
81.0
282.0
29.0
350.0
161.0
817.0
1382.0
546.0
334.0
1090.0
301.0
144.0
803.0
5413.0
5717.0
119.0
165.0
323.0
47.0
29.0
180.0
216.0
178.0
515.0
361.0
76.0
64.0
27.0
124.0
31.0
20.0
174.0
897.0
49.0
124.0
65.0
46.0
154.0
145.0
72.0
154.0
147.0
781.0
36.0
20.0
25.0
31.0
8.0
71.0
251.0
107.0
72.0
91.0
54.0
39.0
81.0
149.0
48.0
25.0
57.0
148.0
164.0
109.0
87.0
131.0
46.0
67.0
1593.0
57.0
59.0
69.0
26.0
164.0
299.0
33.0
272.0
130.0
256.0
78.0
138.0
832.0
219.0
65.0
1248.0
127.0
117.0
67.0
91.0
122.0
19.0
252.0
206.0
519.0
1276.0
35.0
531.0
113.0
186.0
45.0
318.0
269.0
401.0
61.0
297.0
537.0
288.0
71.0
252.0
75.0
300.0
28.0
363.0
166.0
832.0
1369.0
578.0
354.0
1124.0
276.0
158.0
861.0
5113.0
5891.0
129.0
163.0
333.0
49.0
28.0
179.0
225.0
183.0
494.0
351.0
74.0
65.0
27.0
117.0
31.0
19.0
165.0
892.0
53.0
121.0
64.0
42.0
155.0
141.0
74.0
154.0
150.0
729.0
38.0
20.0
26.0
32.0
8.0
71.0
267.0
109.0
67.0
88.0
55.0
40.0
81.0
148.0
49.0
25.0
57.0
159.0
158.0
101.0
83.0
137.0
45.0
61.0
1640.0
59.0
58.0
71.0
24.0
160.0
274.0
31.0
279.0
119.0
248.0
78.0
135.0
796.0
217.0
67.0
1237.0
121.0
123.0
68.0
87.0
115.0
19.0
271.0
190.0
484.0
1326.0
34.0
557.0
109.0
183.0
44.0
318.0
270.0
385.0
61.0
310.0
534.0
276.0
69.0
236.0
81.0
272.0
27.0
349.0
172.0
783.0
1263.0
553.0
353.0
1129.0
289.0
156.0
854.0
5188.0
5948.0
125.0
165.0
312.0
50.0
27.0
187.0
216.0
185.0
531.0
340.0
73.0
66.0
25.0
126.0
32.0
20.0
170.0
823.0
51.0
123.0
61.0
44.0
159.0
150.0
74.0
159.0
151.0
736.0
36.0
19.0
24.0
30.0
8.0
75.0
276.0
105.0
73.0
87.0
54.0
41.0
84.0
154.0
49.0
25.0
58.0
155.0
162.0
101.0
84.0
133.0
48.0
61.0
1513.0
59.0
54.0
71.0
24.0
155.0
290.0
31.0
268.0
123.0
235.0
83.0
129.0
822.0
217.0
69.0
1168.0
127.0
127.0
69.0
91.0
112.0
19.0
254.0
200.0
472.0
1235.0
35.0
508.0
120.0
179.0
44.0
335.0
267.0
367.0
58.0
309.0
514.0
276.0
75.0
229.0
75.0
288.0
27.0
341.0
173.0
817.0
1278.0
542.0
351.0
1106.0
293.0
149.0
835.0
5345.0
5700.0
130.0
163.0
334.0
48.0
27.0
182.0
217.0
190.0
530.0
362.0
73.0
64.0
26.0
118.0
31.0
19.0
167.0
867.0
49.0
128.0
66.0
46.0
154.0
146.0
69.0
161.0
150.0
739.0
35.0
20.0
24.0
31.0
8.0
70.0
269.0
103.0
73.0
89.0
56.0
38.0
83.0
146.0
46.0
26.0
53.0
160.0
163.0
111.0
84.0
139.0
46.0
62.0
1646.0
54.0
56.0
66.0
25.0
161.0
296.0
30.0
275.0
122.0
252.0
78.0
141.0
813.0
210.0
71.0
1199.0
129.0
116.0
68.0
90.0
120.0
20.0
252.0
194.0
507.0
1301.0
35.0
517.0
109.0
185.0
48.0
344.0
260.0
363.0
56.0
298.0
516.0
283.0
72.0
249.0
81.0
300.0
29.0
339.0
160.0
803.0
1269.0
560.0
334.0
1184.0
276.0
155.0
829.0
5298.0
5882.0
122.0
164.0
316.0
50.0
29.0
179.0
220.0
196.0
485.0
364.0
74.0
66.0
25.0
118.0
33.0
20.0
171.0
838.0
53.0
128.0
65.0
45.0
157.0
155.0
73.0
167.0
143.0
792.0
36.0
20.0
25.0
31.0
8.0
76.0
273.0
102.0
69.0
90.0
56.0
41.0
87.0
142.0
47.0
27.0
58.0
162.0
172.0
101.0
84.0
131.0
46.0
64.0
1594.0
56.0
57.0
69.0
24.0
153.0
290.0
32.0
268.0
124.0
242.0
81.0
130.0
823.0
217.0
68.0
1213.0
124.0
120.0
70.0
88.0
114.0
20.0
265.0
196.0
499.0
1242.0
34.0
552.0
112.0
179.0
47.0
323.0
262.0
379.0
60.0
297.0
514.0
294.0
69.0
254.0
78.0
288.0
27.0
341.0
169.0
770.0
1364.0
552.0
350.0
1160.0
277.0
152.0
836.0
5408.0
5735.0
128.0
172.0
317.0
49.0
29.0
191.0
218.0
190.0
495.0
354.0
77.0
63.0
25.0
127.0
31.0
19.0
173.0
865.0
52.0
129.0
63.0
43.0
160.0
153.0
74.0
164.0
139.0
759.0
35.0
20.0
25.0
30.0
8.0
76.0
251.0
104.0
73.0
88.0
55.0
41.0
89.0
148.0
45.0
26.0
53.0
158.0
165.0
110.0
80.0
129.0
44.0
67.0
1589.0
59.0
57.0
68.0
26.0
159.0
284.0
33.0
271.0
119.0
242.0
81.0
139.0
759.0
225.0
68.0
1196.0
131.0
125.0
67.0
88.0
121.0
19.0
247.0
198.0
509.0
1293.0
33.0
527.0
119.0
174.0
45.0
347.0
262.0
367.0
57.0
314.0
559.0
268.0
69.0
243.0
79.0
302.0
29.0
358.0
165.0
822.0
1351.0
594.0
349.0
1084.0
290.0
146.0
835.0
5014.0
5473.0
126.0
170.0
305.0
47.0
27.0
189.0
204.0
193.0
528.0
361.0
73.0
63.0
27.0
118.0
32.0
20.0
175.0
904.0
51.0
131.0
65.0
42.0
163.0
142.0
69.0
161.0
143.0
774.0
38.0
21.0
24.0
31.0
8.0
75.0
264.0
112.0
70.0
84.0
55.0
38.0
88.0
146.0
48.0
27.0
55.0
159.0
172.0
106.0
84.0
134.0
46.0
63.0
1644.0
58.0
57.0
65.0
24.0
164.0
288.0
32.0
266.0
124.0
248.0
75.0
131.0
789.0
204.0
65.0
1190.0
123.0
123.0
73.0
87.0
112.0
19.0
253.0
190.0
496.0
1267.0
35.0
526.0
116.0
188.0
47.0
343.0
265.0
380.0
56.0
310.0
512.0
292.0
76.0
229.0
80.0
292.0
29.0
354.0
170.0
811.0
1321.0
568.0
344.0
1113.0
299.0
156.0
843.0
5075.0
5581.0
121.0
157.0
324.0
50.0
27.0
175.0
221.0
191.0
534.0
347.0
73.0
63.0
27.0
126.0
32.0
19.0
163.0
837.0
52.0
125.0
66.0
45.0
155.0
152.0
69.0
164.0
149.0
758.0
38.0
20.0
24.0
32.0
8.0
72.0
265.0
109.0
69.0
83.0
57.0
38.0
85.0
141.0
48.0
25.0
53.0
152.0
163.0
106.0
86.0
134.0
44.0
66.0
1552.0
56.0
56.0
65.0
25.0
153.0
298.0
33.0
284.0
119.0
254.0
78.0
131.0
812.0
204.0
66.0
1245.0
129.0
121.0
71.0
86.0
116.0
19.0
264.0
202.0
502.0
1216.0
36.0
520.0
112.0
176.0
47.0
343.0
246.0
379.0
58.0
299.0
519.0
273.0
75.0
234.0
82.0
302.0
27.0
371.0
167.0
794.0
1278.0
592.0
332.0
1174.0
273.0
146.0
799.0
5302.0
5907.0
128.0
159.0
320.0
47.0
28.0
186.0
224.0
179.0
518.0
373.0
73.0
65.0
27.0
127.0
33.0
19.0
178.0
893.0
49.0
123.0
66.0
46.0
157.0
148.0
72.0
155.0
148.0
784.0
37.0
20.0
25.0
32.0
8.0
71.0
252.0
105.0
72.0
89.0
58.0
38.0
89.0
141.0
45.0
25.0
56.0
158.0
172.0
106.0
85.0
131.0
47.0
64.0
1512.0
59.0
58.0
71.0
25.0
165.0
297.0
32.0
278.0
130.0
255.0
80.0
132.0
830.0
219.0
68.0
1267.0
126.0
119.0
72.0
91.0
120.0
19.0
262.0
191.0
513.0
1304.0
34.0
531.0
117.0
183.0
44.0
351.0
254.0
365.0
60.0
311.0
537.0
288.0
71.0
239.0
79.0
297.0
29.0
356.0
156.0
796.0
1336.0
581.0
347.0
1124.0
292.0
158.0
868.0
5445.0
5868.0
131.0
165.0
310.0
48.0
27.0
190.0
224.0
183.0
505.0
341.0
77.0
67.0
26.0
128.0
32.0
19.0
178.0
904.0
52.0
129.0
67.0
43.0
157.0
155.0
76.0
156.0
146.0
787.0
38.0
21.0
26.0
30.0
8.0
73.0
267.0
102.0
73.0
87.0
55.0
40.0
87.0
141.0
47.0
25.0
54.0
159.0
175.0
109.0
84.0
131.0
45.0
67.0
1641.0
54.0
55.0
71.0
24.0
158.0
287.0
33.0
276.0
127.0
251.0
76.0
141.0
779.0
218.0
71.0
1239.0
132.0
118.0
67.0
91.0
121.0
19.0
251.0
196.0
511.0
1343.0
34.0
539.0
115.0
177.0
48.0
326.0
256.0
398.0
56.0
317.0
540.0
272.0
76.0
235.0
76.0
291.0
28.0
339.0
170.0
771.0
1366.0
576.0
354.0
1165.0
293.0
157.0
863.0
5054.0
6011.0
129.0
162.0
305.0
50.0
29.0
184.0
206.0
180.0
522.0
348.0
78.0
64.0
25.0
126.0
33.0
19.0
173.0
829.0
51.0
122.0
61.0
45.0
165.0
146.0
76.0
161.0
145.0
731.0
35.0
20.0
26.0
31.0
8.0
70.0
264.0
109.0
70.0
84.0
59.0
40.0
83.0
148.0
45.0
25.0
55.0
151.0
175.0
105.0
85.0
128.0
45.0
63.0
1524.0
58.0
55.0
66.0
25.0
153.0
274.0
30.0
270.0
126.0
243.0
75.0
138.0
802.0
209.0
69.0
1276.0
126.0
121.0
72.0
93.0
112.0
20.0
248.0
188.0
509.0
1333.0
35.0
553.0
110.0
182.0
46.0
350.0
257.0
387.0
60.0
296.0
528.0
293.0
76.0
245.0
78.0
292.0
27.0
351.0
165.0
791.0
1255.0
581.0
343.0
1094.0
286.0
149.0
816.0
5024.0
5903.0
126.0
168.0
310.0
51.0
27.0
181.0
222.0
196.0
486.0
374.0
73.0
63.0
26.0
119.0
32.0
20.0
172.0
825.0
51.0
124.0
64.0
44.0
157.0
150.0
69.0
153.0
152.0
732.0
36.0
21.0
25.0
30.0
8.0
71.0
273.0
111.0
68.0
90.0
58.0
40.0
82.0
141.0
47.0
25.0
53.0
152.0
163.0
103.0
81.0
136.0
46.0
65.0
1652.0
57.0
56.0
68.0
26.0
153.0
290.0
30.0
268.0
118.0
255.0
77.0
130.0
783.0
223.0
69.0
1272.0
132.0
126.0
67.0
90.0
115.0
20.0
270.0
197.0
492.0
1219.0
34.0
511.0
113.0
175.0
45.0
346.0
247.0
393.0
59.0
313.0
520.0
291.0
72.0
231.0
82.0
296.0
27.0
369.0
172.0
767.0
1387.0
565.0
354.0
1102.0
278.0
156.0
828.0
4970.0
5552.0
128.0
161.0
331.0
47.0
28.0
185.0
225.0
177.0
491.0
342.0
78.0
67.0
26.0
116.0
30.0
19.0
167.0
888.0
51.0
127.0
61.0
45.0
166.0
146.0
74.0
163.0
150.0
755.0
35.0
20.0
26.0
30.0
8.0
70.0
266.0
111.0
72.0
91.0
56.0
39.0
87.0
147.0
47.0
27.0
53.0
152.0
158.0
100.0
87.0
129.0
48.0
63.0
1626.0
59.0
54.0
68.0
25.0
162.0
295.0
32.0
272.0
121.0
245.0
77.0
129.0
779.0
204.0
68.0
1207.0
128.0
119.0
72.0
92.0
121.0
20.0
269.0
189.0
472.0
1267.0
36.0
559.0
113.0
193.0
46.0
319.0
268.0
392.0
58.0
299.0
546.0
268.0
73.0
245.0
75.0
294.0
27.0
341.0
168.0
791.0
1377.0
546.0
362.0
1190.0
279.0
156.0
872.0
4986.0
5616.0
119.0
170.0
310.0
50.0
27.0
176.0
205.0
182.0
488.0
359.0
77.0
66.0
26.0
124.0
33.0
20.0
166.0
849.0
49.0
131.0
67.0
44.0
154.0
143.0
69.0
160.0
146.0
798.0
36.0
21.0
24.0
32.0
8.0
72.0
259.0
109.0
70.0
83.0
57.0
37.0
89.0
141.0
48.0
26.0
55.0
158.0
169.0
107.0
80.0
127.0
46.0
62.0
1585.0
55.0
54.0
70.0
26.0
166.0
272.0
31.0
267.0
125.0
246.0
77.0
134.0
790.0
211.0
68.0
1185.0
132.0
122.0
67.0
86.0
117.0
18.0
256.0
205.0
180.0
188.0
136.0
165.0
411.0
132.0
167.0
174.0
146.0
155.0
145.0
143.0
135.0
160.0
144.0
152.0
164.0
156.0
391.0
145.0
138.0
174.0
164.0
133.0
145.0
163.0
172.0
444.0
159.0
176.0
166.0
144.0
171.0
171.0
174.0
155.0
168.0
155.0
165.0
155.0
154.0
165.0
146.0
148.0
151.0
392.0
176.0
175.0
410.0
136.0
161.0
162.0
164.0
152.0
167.0
132.0
159.0
160.0
473.0
132.0
155.0
174.0
151.0
150.0
175.0
135.0
152.0
142.0
137.0
131.0
165.0
167.0
150.0
139.0
144.0
174.0
447.0
163.0
156.0
162.0
165.0
162.0
175.0
136.0
170.0
151.0
479.0
130.0
487.0
133.0
493.0
462.0
387.0
443.0
372.0
429.0
428.0
470.0
401.0
172.0
172.0
161.0
149.0
130.0
169.0
173.0
160.0
148.0
164.0
156.0
172.0
155.0
389.0
177.0
161.0
150.0
171.0
133.0
151.0
144.0
135.0
171.0
176.0
141.0
160.0
169.0
384.0
153.0
172.0
163.0
165.0
170.0
137.0
166.0
138.0
365.0
134.0
145.0
172.0
135.0
166.0
138.0
151.0
170.0
165.0
148.0
161.0
156.0
160.0
174.0
139.0
136.0
157.0
457.0
176.0
158.0
365.0
157.0
145.0
154.0
142.0
147.0
131.0
159.0
157.0
151.0
403.0
164.0
144.0
171.0
162.0
148.0
175.0
143.0
140.0
174.0
132.0
144.0
142.0
146.0
160.0
166.0
121.0
150.0
436.0
149.0
169.0
136.0
156.0
153.0
143.0
149.0
149.0
162.0
391.0
138.0
414.0
134.0
493.0
446.0
395.0
420.0
404.0
414.0
441.0
437.0
478.0
157.0
156.0
165.0
133.0
170.0
171.0
167.0
133.0
163.0
206.0
182.0
131.0
169.0
439.0
152.0
173.0
143.0
171.0
152.0
144.0
159.0
153.0
175.0
144.0
150.0
155.0
174.0
388.0
166.0
157.0
161.0
167.0
157.0
152.0
174.0
138.0
366.0
134.0
147.0
158.0
139.0
156.0
176.0
164.0
171.0
158.0
131.0
144.0
132.0
131.0
173.0
141.0
137.0
149.0
442.0
142.0
150.0
427.0
169.0
176.0
137.0
177.0
139.0
130.0
144.0
168.0
164.0
383.0
139.0
161.0
151.0
140.0
139.0
167.0
150.0
166.0
140.0
143.0
131.0
163.0
172.0
131.0
140.0
148.0
130.0
415.0
154.0
171.0
139.0
145.0
162.0
155.0
163.0
136.0
147.0
401.0
140.0
412.0
140.0
493.0
435.0
451.0
381.0
471.0
480.0
370.0
483.0
470.0
134.0
156.0
133.0
162.0
173.0
171.0
130.0
138.0
142.0
174.0
184.0
137.0
176.0
369.0
159.0
177.0
160.0
154.0
145.0
140.0
148.0
171.0
140.0
141.0
165.0
175.0
143.0
467.0
177.0
157.0
146.0
141.0
158.0
155.0
134.0
132.0
437.0
151.0
173.0
133.0
133.0
135.0
160.0
137.0
144.0
158.0
175.0
166.0
164.0
172.0
172.0
134.0
112.0
171.0
477.0
130.0
148.0
379.0
170.0
134.0
142.0
151.0
132.0
142.0
133.0
162.0
171.0
485.0
139.0
155.0
137.0
154.0
169.0
133.0
131.0
176.0
156.0
167.0
161.0
159.0
172.0
148.0
176.0
117.0
131.0
481.0
132.0
175.0
158.0
157.0
160.0
141.0
177.0
166.0
143.0
484.0
170.0
453.0
157.0
467.0
448.0
479.0
494.0
451.0
398.0
438.0
377.0
477.0
146.0
150.0
174.0
160.0
161.0
147.0
136.0
145.0
154.0
174.0
154.0
148.0
153.0
433.0
164.0
150.0
158.0
154.0
166.0
136.0
159.0
161.0
143.0
153.0
162.0
138.0
144.0
460.0
169.0
167.0
165.0
137.0
141.0
142.0
162.0
145.0
464.0
159.0
134.0
159.0
146.0
169.0
173.0
140.0
167.0
136.0
173.0
150.0
134.0
163.0
142.0
163.0
112.0
131.0
432.0
143.0
159.0
379.0
133.0
135.0
144.0
166.0
174.0
147.0
136.0
132.0
133.0
437.0
160.0
143.0
144.0
171.0
160.0
160.0
142.0
132.0
142.0
146.0
151.0
165.0
162.0
148.0
130.0
128.0
135.0
450.0
167.0
169.0
167.0
152.0
175.0
149.0
147.0
151.0
139.0
390.0
171.0
444.0
134.0
458.0
490.0
482.0
418.0
473.0
405.0
409.0
425.0
393.0
144.0
135.0
148.0
157.0
141.0
161.0
146.0
174.0
133.0
199.0
157.0
145.0
135.0
492.0
171.0
148.0
132.0
166.0
144.0
159.0
165.0
170.0
133.0
160.0
138.0
154.0
174.0
404.0
162.0
156.0
153.0
167.0
153.0
145.0
140.0
170.0
474.0
162.0
140.0
131.0
155.0
145.0
151.0
149.0
157.0
157.0
149.0
135.0
145.0
157.0
158.0
167.0
112.0
163.0
386.0
161.0
177.0
445.0
158.0
135.0
170.0
175.0
142.0
156.0
133.0
169.0
147.0
398.0
146.0
165.0
162.0
149.0
139.0
147.0
152.0
143.0
170.0
143.0
148.0
175.0
157.0
166.0
162.0
119.0
153.0
405.0
177.0
161.0
130.0
141.0
177.0
132.0
146.0
148.0
137.0
383.0
153.0
435.0
164.0
410.0
477.0
406.0
418.0
475.0
412.0
462.0
482.0
454.0
165.0
141.0
153.0
157.0
140.0
142.0
171.0
161.0
131.0
207.0
207.0
135.0
138.0
481.0
134.0
132.0
161.0
172.0
164.0
132.0
176.0
150.0
136.0
152.0
146.0
132.0
147.0
398.0
155.0
168.0
133.0
176.0
166.0
170.0
163.0
174.0
384.0
131.0
165.0
145.0
130.0
138.0
136.0
133.0
144.0
166.0
165.0
137.0
164.0
161.0
132.0
154.0
152.0
153.0
370.0
167.0
134.0
458.0
137.0
161.0
166.0
152.0
151.0
134.0
159.0
162.0
168.0
424.0
146.0
137.0
162.0
163.0
177.0
158.0
147.0
142.0
161.0
156.0
140.0
154.0
150.0
138.0
143.0
144.0
170.0
480.0
174.0
152.0
140.0
152.0
160.0
138.0
148.0
144.0
143.0
454.0
169.0
441.0
133.0
487.0
399.0
480.0
415.0
467.0
382.0
392.0
377.0
367.0
152.0
161.0
167.0
152.0
141.0
137.0
146.0
132.0
137.0
203.0
200.0
155.0
145.0
446.0
154.0
138.0
148.0
154.0
175.0
133.0
137.0
162.0
157.0
158.0
158.0
157.0
151.0
488.0
168.0
144.0
173.0
152.0
151.0
136.0
138.0
156.0
450.0
160.0
140.0
145.0
151.0
131.0
130.0
177.0
172.0
171.0
164.0
139.0
133.0
176.0
161.0
142.0
120.0
149.0
483.0
137.0
157.0
468.0
166.0
133.0
130.0
150.0
169.0
147.0
143.0
163.0
137.0
440.0
166.0
175.0
163.0
163.0
158.0
174.0
140.0
170.0
172.0
140.0
134.0
132.0
152.0
146.0
172.0
113.0
175.0
432.0
161.0
168.0
160.0
146.0
142.0
154.0
132.0
155.0
133.0
398.0
143.0
476.0
177.0
438.0
464.0
471.0
461.0
405.0
426.0
431.0
435.0
375.0
145.0
130.0
170.0
168.0
176.0
174.0
172.0
176.0
140.0
164.0
200.0
144.0
173.0
399.0
140.0
139.0
176.0
174.0
151.0
156.0
168.0
170.0
135.0
170.0
154.0
147.0
137.0
403.0
148.0
177.0
164.0
169.0
162.0
132.0
134.0
171.0
472.0
172.0
145.0
151.0
142.0
131.0
160.0
176.0
167.0
173.0
176.0
159.0
135.0
148.0
131.0
148.0
145.0
164.0
433.0
134.0
132.0
375.0
176.0
172.0
160.0
170.0
165.0
139.0
155.0
154.0
148.0
488.0
159.0
139.0
163.0
160.0
142.0
175.0
161.0
163.0
147.0
174.0
145.0
170.0
161.0
131.0
152.0
144.0
152.0
405.0
149.0
145.0
134.0
130.0
137.0
150.0
132.0
172.0
149.0
425.0
131.0
375.0
140.0
381.0
476.0
441.0
487.0
452.0
481.0
429.0
456.0
370.0
134.0
145.0
138.0
160.0
137.0
155.0
167.0
164.0
153.0
173.0
183.0
174.0
161.0
440.0
176.0
149.0
154.0
146.0
166.0
134.0
151.0
174.0
160.0
175.0
154.0
166.0
174.0
433.0
171.0
160.0
140.0
139.0
138.0
152.0
173.0
146.0
494.0
134.0
161.0
176.0
175.0
154.0
131.0
168.0
154.0
167.0
158.0
152.0
154.0
166.0
167.0
160.0
143.0
164.0
455.0
144.0
154.0
400.0
131.0
137.0
148.0
170.0
166.0
132.0
142.0
137.0
136.0
369.0
132.0
148.0
137.0
147.0
156.0
140.0
160.0
139.0
163.0
138.0
162.0
154.0
161.0
138.0
165.0
150.0
134.0
455.0
131.0
158.0
144.0
160.0
157.0
150.0
166.0
140.0
161.0
389.0
167.0
449.0
131.0
437.0
376.0
457.0
373.0
446.0
405.0
364.0
416.0
480.0
136.0
171.0
166.0
159.0
139.0
132.0
172.0
132.0
144.0
191.0
170.0
164.0
145.0
401.0
152.0
143.0
171.0
150.0
148.0
131.0
163.0
161.0
174.0
151.0
151.0
175.0
162.0
437.0
133.0
146.0
140.0
138.0
134.0
157.0
175.0
139.0
438.0
146.0
169.0
143.0
152.0
137.0
175.0
135.0
161.0
164.0
161.0
158.0
165.0
165.0
140.0
161.0
146.0
147.0
484.0
133.0
148.0
446.0
133.0
176.0
175.0
162.0
142.0
170.0
164.0
161.0
147.0
483.0
175.0
156.0
138.0
143.0
153.0
138.0
150.0
164.0
149.0
149.0
165.0
150.0
134.0
137.0
164.0
115.0
156.0
438.0
143.0
156.0
167.0
173.0
165.0
166.0
175.0
155.0
158.0
413.0
161.0
387.0
159.0
463.0
458.0
454.0
371.0
365.0
439.0
434.0
485.0
381.0
146.0
173.0
148.0
169.0
167.0
142.0
145.0
134.0
139.0
184.0
157.0
176.0
155.0
456.0
141.0
173.0
154.0
155.0
162.0
166.0
150.0
172.0
153.0
136.0
133.0
149.0
159.0
470.0
165.0
165.0
171.0
155.0
149.0
171.0
175.0
131.0
422.0
151.0
164.0
149.0
160.0
144.0
163.0
139.0
140.0
158.0
154.0
157.0
174.0
146.0
173.0
161.0
116.0
142.0
408.0
167.0
153.0
484.0
156.0
149.0
151.0
130.0
150.0
165.0
139.0
133.0
176.0
411.0
175.0
170.0
156.0
158.0
171.0
145.0
143.0
132.0
152.0
175.0
156.0
132.0
130.0
169.0
136.0
127.0
167.0
434.0
163.0
173.0
145.0
135.0
161.0
175.0
175.0
146.0
133.0
403.0
157.0
416.0
166.0
419.0
493.0
404.0
478.0
391.0
424.0
470.0
412.0
405.0
161.0
174.0
174.0
169.0
155.0
177.0
138.0
130.0
133.0
196.0
194.0
138.0
141.0
431.0
146.0
134.0
134.0
157.0
131.0
151.0
136.0
130.0
170.0
175.0
154.0
157.0
162.0
465.0
135.0
163.0
150.0
164.0
147.0
156.0
141.0
160.0
467.0
132.0
148.0
142.0
163.0
171.0
174.0
162.0
170.0
150.0
139.0
174.0
155.0
146.0
174.0
136.0
142.0
138.0
430.0
130.0
147.0
389.0
149.0
167.0
140.0
160.0
142.0
177.0
170.0
158.0
164.0
428.0
136.0
150.0
140.0
164.0
130.0
155.0
148.0
135.0
140.0
170.0
152.0
134.0
155.0
139.0
144.0
118.0
135.0
428.0
150.0
171.0
166.0
158.0
158.0
169.0
146.0
177.0
163.0
487.0
162.0
470.0
166.0
449.0
427.0
473.0
447.0
453.0
425.0
417.0
437.0
449.0
145.0
156.0
160.0
166.0
147.0
155.0
130.0
133.0
144.0
197.0
156.0
137.0
171.0
378.0
140.0
152.0
169.0
174.0
131.0
149.0
139.0
169.0
150.0
165.0
173.0
143.0
166.0
405.0
142.0
132.0
162.0
135.0
162.0
135.0
174.0
166.0
475.0
163.0
172.0
142.0
139.0
143.0
144.0
168.0
142.0
132.0
148.0
152.0
139.0
152.0
155.0
147.0
115.0
140.0
488.0
163.0
133.0
375.0
147.0
160.0
166.0
176.0
147.0
172.0
168.0
174.0
170.0
419.0
173.0
132.0
143.0
132.0
138.0
149.0
173.0
139.0
151.0
159.0
168.0
161.0
171.0
149.0
132.0
147.0
173.0
433.0
146.0
173.0
171.0
175.0
148.0
157.0
135.0
161.0
131.0
364.0
168.0
404.0
164.0
473.0
373.0
474.0
424.0
437.0
429.0
373.0
383.0
369.0
156.0
134.0
145.0
132.0
153.0
154.0
155.0
140.0
158.0
172.0
201.0
135.0
170.0
484.0
150.0
173.0
162.0
160.0
154.0
139.0
170.0
149.0
138.0
163.0
133.0
151.0
145.0
488.0
173.0
155.0
139.0
154.0
162.0
164.0
149.0
168.0
448.0
148.0
152.0
169.0
176.0
144.0
159.0
155.0
170.0
153.0
151.0
152.0
162.0
151.0
160.0
172.0
141.0
145.0
465.0
151.0
143.0
394.0
164.0
143.0
139.0
155.0
166.0
143.0
152.0
173.0
167.0
411.0
142.0
159.0
157.0
147.0
148.0
132.0
174.0
170.0
150.0
159.0
132.0
130.0
160.0
166.0
161.0
122.0
148.0
380.0
151.0
141.0
145.0
163.0
141.0
159.0
160.0
140.0
158.0
423.0
165.0
371.0
172.0
415.0
384.0
461.0
382.0
464.0
378.0
409.0
377.0
402.0
153.0
164.0
141.0
144.0
176.0
144.0
167.0
140.0
153.0
200.0
155.0
132.0
155.0
420.0
151.0
133.0
157.0
143.0
177.0
164.0
171.0
165.0
148.0
170.0
162.0
146.0
165.0
397.0
176.0
137.0
167.0
159.0
165.0
164.0
167.0
138.0
425.0
176.0
167.0
154.0
172.0
158.0
174.0
158.0
158.0
138.0
162.0
166.0
176.0
173.0
149.0
146.0
131.0
163.0
463.0
130.0
134.0
493.0
160.0
148.0
168.0
155.0
154.0
136.0
143.0
135.0
171.0
432.0
172.0
170.0
154.0
162.0
137.0
151.0
152.0
153.0
173.0
171.0
149.0
130.0
174.0
172.0
170.0
116.0
168.0
474.0
169.0
152.0
139.0
146.0
147.0
131.0
133.0
167.0
147.0
462.0
132.0
490.0
155.0
413.0
417.0
388.0
410.0
389.0
387.0
446.0
424.0
386.0
146.0
159.0
169.0
135.0
139.0
157.0
156.0
154.0
146.0
169.0
165.0
141.0
169.0
387.0
142.0
151.0
143.0
148.0
145.0
133.0
153.0
173.0
144.0
172.0
140.0
154.0
171.0
410.0
161.0
152.0
172.0
130.0
154.0
170.0
150.0
160.0
456.0
174.0
149.0
160.0
148.0
151.0
131.0
165.0
149.0
148.0
176.0
147.0
161.0
136.0
175.0
143.0
149.0
143.0
440.0
148.0
132.0
439.0
140.0
149.0
158.0
149.0
143.0
142.0
155.0
140.0
150.0
397.0
136.0
158.0
156.0
144.0
152.0
177.0
138.0
167.0
151.0
176.0
131.0
171.0
156.0
132.0
168.0
126.0
141.0
367.0
146.0
148.0
160.0
152.0
167.0
156.0
173.0
135.0
141.0
384.0
150.0
449.0
149.0
482.0
410.0
483.0
476.0
364.0
489.0
479.0
374.0
459.0
135.0
141.0
146.0
157.0
131.0
156.0
133.0
174.0
142.0
199.0
183.0
161.0
147.0
442.0
160.0
130.0
173.0
150.0
134.0
175.0
161.0
153.0
164.0
164.0
135.0
171.0
154.0
366.0
157.0
152.0
136.0
147.0
165.0
160.0
164.0
160.0
414.0
147.0
130.0
151.0
151.0
135.0
163.0
141.0
162.0
164.0
136.0
175.0
167.0
151.0
145.0
173.0
142.0
148.0
391.0
138.0
150.0
402.0
153.0
149.0
173.0
150.0
140.0
133.0
145.0
171.0
152.0
450.0
162.0
158.0
156.0
135.0
144.0
130.0
149.0
150.0
164.0
176.0
145.0
161.0
144.0
155.0
136.0
124.0
163.0
419.0
156.0
130.0
137.0
164.0
137.0
177.0
130.0
173.0
142.0
463.0
137.0
492.0
169.0
481.0
402.0
465.0
466.0
488.0
483.0
427.0
479.0
480.0
167.0
176.0
160.0
152.0
134.0
146.0
176.0
156.0
159.0
158.0
199.0
143.0
155.0
433.0
163.0
154.0
169.0
151.0
168.0
175.0
141.0
142.0
157.0
137.0
149.0
172.0
154.0
477.0
156.0
147.0
152.0
160.0
171.0
164.0
145.0
170.0
417.0
173.0
134.0
138.0
137.0
147.0
140.0
153.0
165.0
174.0
167.0
154.0
168.0
134.0
152.0
168.0
148.0
150.0
435.0
173.0
156.0
416.0
166.0
160.0
138.0
141.0
142.0
133.0
142.0
166.0
131.0
413.0
156.0
156.0
130.0
168.0
136.0
163.0
142.0
152.0
148.0
130.0
177.0
154.0
149.0
145.0
152.0
116.0
141.0
429.0
136.0
142.0
139.0
143.0
147.0
175.0
173.0
163.0
151.0
365.0
176.0
378.0
140.0
476.0
412.0
370.0
380.0
404.0
364.0
374.0
446.0
429.0
130.0
165.0
146.0
172.0
158.0
140.0
141.0
148.0
167.0
206.0
199.0
131.0
139.0
365.0
148.0
153.0
160.0
137.0
132.0
165.0
146.0
148.0
170.0
142.0
171.0
158.0
139.0
457.0
151.0
132.0
154.0
148.0
164.0
134.0
174.0
133.0
423.0
149.0
172.0
170.0
173.0
166.0
169.0
165.0
148.0
163.0
167.0
170.0
155.0
131.0
145.0
130.0
133.0
163.0
478.0
167.0
163.0
474.0
172.0
145.0
167.0
164.0
140.0
145.0
159.0
173.0
147.0
417.0
160.0
134.0
166.0
153.0
150.0
141.0
148.0
164.0
132.0
131.0
171.0
161.0
156.0
162.0
146.0
115.0
133.0
478.0
161.0
175.0
163.0
173.0
145.0
163.0
162.0
171.0
162.0
381.0
147.0
374.0
143.0
409.0
489.0
379.0
492.0
366.0
370.0
402.0
433.0
371.0
153.0
144.0
167.0
160.0
175.0
156.0
154.0
168.0
150.0
169.0
190.0
156.0
150.0
422.0
154.0
163.0
154.0
170.0
175.0
137.0
167.0
156.0
174.0
147.0
170.0
130.0
173.0
372.0
132.0
147.0
155.0
160.0
159.0
153.0
139.0
153.0
484.0
133.0
134.0
156.0
151.0
134.0
172.0
162.0
160.0
162.0
133.0
155.0
130.0
166.0
170.0
143.0
122.0
144.0
465.0
130.0
130.0
485.0
168.0
132.0
160.0
152.0
150.0
141.0
146.0
144.0
161.0
378.0
176.0
164.0
165.0
146.0
176.0
131.0
147.0
169.0
174.0
149.0
158.0
167.0
164.0
149.0
145.0
115.0
146.0
410.0
169.0
130.0
166.0
167.0
140.0
141.0
159.0
138.0
152.0
427.0
141.0
379.0
139.0
427.0
444.0
386.0
373.0
469.0
404.0
448.0
473.0
478.0
139.0
131.0
140.0
149.0
157.0
144.0
138.0
166.0
145.0
205.0
172.0
140.0
168.0
399.0
158.0
170.0
170.0
163.0
169.0
174.0
177.0
136.0
174.0
167.0
166.0
138.0
135.0
401.0
169.0
141.0
136.0
136.0
137.0
157.0
139.0
167.0
420.0
166.0
149.0
140.0
162.0
149.0
146.0
161.0
156.0
168.0
170.0
133.0
168.0
175.0
130.0
134.0
152.0
143.0
423.0
146.0
145.0
450.0
173.0
167.0
149.0
174.0
167.0
146.0
171.0
168.0
149.0
470.0
156.0
172.0
170.0
130.0
160.0
142.0
132.0
158.0
166.0
160.0
165.0
177.0
133.0
155.0
148.0
129.0
167.0
410.0
153.0
166.0
166.0
166.0
132.0
134.0
132.0
159.0
156.0
465.0
148.0
383.0
171.0
471.0
389.0
450.0
461.0
427.0
461.0
397.0
422.0
433.0
131.0
173.0
160.0
166.0
174.0
163.0
165.0
150.0
162.0
207.0
171.0
174.0
156.0
474.0
136.0
162.0
147.0
134.0
173.0
139.0
134.0
168.0
145.0
162.0
135.0
171.0
136.0
468.0
145.0
148.0
173.0
143.0
146.0
156.0
168.0
155.0
475.0
156.0
171.0
159.0
143.0
162.0
152.0
175.0
167.0
155.0
146.0
172.0
134.0
132.0
160.0
172.0
128.0
162.0
451.0
168.0
134.0
397.0
154.0
170.0
133.0
174.0
161.0
173.0
159.0
153.0
136.0
434.0
132.0
173.0
177.0
157.0
174.0
172.0
130.0
144.0
160.0
166.0
132.0
171.0
161.0
134.0
144.0
144.0
140.0
438.0
159.0
141.0
151.0
152.0
143.0
150.0
156.0
153.0
140.0
483.0
139.0
435.0
154.0
377.0
491.0
424.0
411.0
494.0
409.0
491.0
404.0
472.0
175.0
167.0
138.0
159.0
164.0
166.0
168.0
149.0
152.0
154.0
157.0
158.0
160.0
378.0
146.0
137.0
165.0
175.0
135.0
133.0
149.0
154.0
153.0
162.0
172.0
164.0
167.0
456.0
133.0
144.0
151.0
164.0
164.0
140.0
170.0
131.0
455.0
159.0
175.0
171.0
158.0
156.0
172.0
137.0
165.0
168.0
157.0
156.0
158.0
159.0
142.0
159.0
115.0
138.0
459.0
172.0
148.0
371.0
135.0
163.0
133.0
141.0
165.0
158.0
161.0
130.0
176.0
485.0
140.0
139.0
172.0
132.0
139.0
150.0
136.0
171.0
175.0
138.0
151.0
136.0
151.0
140.0
156.0
120.0
135.0
413.0
157.0
155.0
173.0
168.0
171.0
137.0
140.0
138.0
148.0
437.0
165.0
444.0
160.0
370.0
462.0
383.0
464.0
420.0
425.0
491.0
467.0
417.0
140.0
173.0
149.0
145.0
166.0
171.0
151.0
177.0
173.0
154.0
181.0
160.0
143.0
389.0
160.0
153.0
169.0
159.0
168.0
137.0
163.0
172.0
161.0
139.0
135.0
137.0
137.0
407.0
165.0
149.0
142.0
138.0
159.0
167.0
157.0
156.0
420.0
138.0
146.0
157.0
132.0
134.0
171.0
153.0
140.0
152.0
165.0
147.0
140.0
136.0
147.0
151.0
133.0
138.0
396.0
134.0
176.0
492.0
158.0
167.0
132.0
174.0
171.0
147.0
132.0
164.0
138.0
399.0
152.0
140.0
144.0
137.0
162.0
163.0
135.0
161.0
175.0
170.0
161.0
164.0
140.0
151.0
166.0
114.0
136.0
409.0
149.0
157.0
149.0
158.0
141.0
160.0
161.0
170.0
149.0
489.0
163.0
458.0
132.0
365.0
427.0
451.0
419.0
420.0
388.0
381.0
437.0
364.0
162.0
158.0
160.0
170.0
164.0
150.0
163.0
138.0
162.0
197.0
179.0
154.0
149.0
378.0
139.0
157.0
155.0
148.0
161.0
166.0
153.0
132.0
142.0
148.0
139.0
162.0
152.0
458.0
158.0
170.0
171.0
167.0
131.0
131.0
137.0
148.0
382.0
137.0
142.0
156.0
146.0
154.0
166.0
174.0
151.0
170.0
141.0
135.0
174.0
176.0
176.0
153.0
144.0
135.0
447.0
135.0
177.0
369.0
146.0
176.0
138.0
155.0
154.0
157.0
166.0
159.0
153.0
404.0
134.0
175.0
155.0
161.0
160.0
133.0
174.0
175.0
176.0
147.0
140.0
162.0
176.0
133.0
165.0
141.0
166.0
444.0
139.0
133.0
152.0
138.0
161.0
166.0
174.0
136.0
146.0
419.0
140.0
482.0
143.0
372.0
459.0
412.0
383.0
437.0
371.0
457.0
449.0
482.0
176.0
153.0
160.0
162.0
132.0
146.0
173.0
176.0
131.0
181.0
194.0
145.0
174.0
377.0
141.0
150.0
140.0
170.0
139.0
166.0
165.0
159.0
176.0
154.0
152.0
143.0
166.0
372.0
159.0
145.0
133.0
143.0
153.0
146.0
141.0
148.0
422.0
158.0
158.0
163.0
135.0
133.0
151.0
137.0
174.0
158.0
163.0
173.0
137.0
140.0
142.0
156.0
130.0
161.0
422.0
130.0
147.0
475.0
160.0
163.0
146.0
153.0
146.0
171.0
136.0
147.0
148.0
377.0
171.0
170.0
156.0
148.0
131.0
171.0
143.0
134.0
168.0
135.0
172.0
177.0
140.0
135.0
167.0
120.0
155.0
390.0
153.0
148.0
166.0
159.0
134.0
164.0
165.0
157.0
138.0
446.0
160.0
410.0
165.0
388.0
490.0
415.0
459.0
434.0
465.0
484.0
440.0
485.0
141.0
169.0
154.0
139.0
167.0
168.0
153.0
163.0
172.0
187.0
170.0
132.0
164.0
427.0
138.0
140.0
154.0
160.0
149.0
173.0
148.0
156.0
165.0
177.0
167.0
165.0
166.0
452.0
172.0
156.0
161.0
167.0
164.0
166.0
160.0
171.0
451.0
175.0
137.0
156.0
163.0
159.0
138.0
174.0
160.0
168.0
130.0
135.0
172.0
157.0
151.0
146.0
151.0
157.0
382.0
175.0
151.0
463.0
158.0
151.0
130.0
158.0
140.0
134.0
138.0
163.0
138.0
392.0
157.0
160.0
134.0
173.0
171.0
139.0
165.0
159.0
163.0
146.0
154.0
136.0
143.0
134.0
171.0
149.0
161.0
429.0
154.0
162.0
156.0
158.0
171.0
157.0
143.0
143.0
173.0
452.0
147.0
397.0
151.0
401.0
458.0
425.0
461.0
436.0
444.0
451.0
477.0
402.0
154.0
147.0
167.0
174.0
167.0
166.0
172.0
130.0
177.0
202.0
195.0
170.0
168.0
466.0
160.0
177.0
133.0
149.0
174.0
166.0
155.0
176.0
166.0
132.0
145.0
153.0
141.0
477.0
174.0
168.0
170.0
169.0
153.0
159.0
164.0
132.0
449.0
132.0
130.0
151.0
141.0
170.0
167.0
146.0
151.0
143.0
163.0
166.0
145.0
141.0
155.0
130.0
149.0
141.0
480.0
149.0
137.0
404.0
166.0
176.0
141.0
165.0
137.0
165.0
155.0
150.0
153.0
366.0
174.0
145.0
148.0
153.0
130.0
177.0
170.0
143.0
171.0
150.0
143.0
137.0
141.0
158.0
151.0
133.0
142.0
418.0
157.0
141.0
131.0
135.0
144.0
164.0
168.0
133.0
173.0
408.0
153.0
451.0
136.0
405.0
487.0
484.0
429.0
480.0
462.0
435.0
389.0
493.0
135.0
133.0
154.0
163.0
162.0
173.0
158.0
174.0
143.0
197.0
159.0
150.0
147.0
449.0
131.0
162.0
144.0
169.0
147.0
161.0
162.0
169.0
177.0
151.0
165.0
136.0
160.0
479.0
142.0
146.0
156.0
132.0
149.0
152.0
174.0
139.0
467.0
142.0
152.0
148.0
144.0
165.0
173.0
170.0
166.0
145.0
171.0
140.0
148.0
159.0
154.0
153.0
129.0
130.0
410.0
174.0
167.0
401.0
148.0
144.0
142.0
168.0
163.0
148.0
163.0
154.0
134.0
464.0
153.0
145.0
164.0
155.0
166.0
155.0
173.0
154.0
150.0
139.0
131.0
155.0
139.0
154.0
155.0
132.0
160.0
493.0
174.0
150.0
147.0
166.0
140.0
153.0
171.0
136.0
174.0
391.0
138.0
436.0
176.0
473.0
366.0
423.0
458.0
458.0
455.0
443.0
394.0
420.0
167.0
175.0
158.0
161.0
169.0
138.0
150.0
139.0
141.0
167.0
171.0
159.0
138.0
494.0
130.0
153.0
138.0
136.0
162.0
136.0
167.0
156.0
161.0
140.0
151.0
166.0
132.0
472.0
146.0
151.0
160.0
169.0
130.0
135.0
174.0
154.0
363.0
173.0
150.0
174.0
169.0
131.0
165.0
147.0
169.0
155.0
157.0
173.0
167.0
149.0
176.0
136.0
145.0
135.0
461.0
135.0
141.0
373.0
131.0
150.0
157.0
161.0
134.0
131.0
152.0
171.0
147.0
484.0
151.0
158.0
160.0
130.0
136.0
142.0
143.0
162.0
148.0
133.0
136.0
133.0
145.0
143.0
177.0
138.0
149.0
422.0
175.0
137.0
165.0
177.0
142.0
165.0
156.0
131.0
143.0
435.0
149.0
388.0
157.0
445.0
433.0
469.0
431.0
448.0
430.0
455.0
450.0
472.0
173.0
151.0
176.0
175.0
175.0
173.0
157.0
154.0
130.0
178.0
184.0
151.0
165.0
488.0
139.0
166.0
135.0
153.0
136.0
137.0
144.0
173.0
140.0
148.0
165.0
167.0
149.0
373.0
157.0
174.0
162.0
141.0
131.0
164.0
169.0
144.0
482.0
144.0
169.0
135.0
131.0
167.0
137.0
156.0
131.0
138.0
158.0
139.0
152.0
141.0
148.0
169.0
135.0
162.0
420.0
173.0
142.0
431.0
132.0
154.0
159.0
149.0
163.0
159.0
145.0
140.0
156.0
450.0
133.0
141.0
156.0
144.0
142.0
165.0
167.0
159.0
171.0
167.0
135.0
153.0
157.0
162.0
134.0
146.0
174.0
364.0
146.0
131.0
151.0
165.0
138.0
140.0
143.0
149.0
144.0
491.0
131.0
424.0
155.0
402.0
426.0
426.0
476.0
433.0
433.0
425.0
485.0
399.0
155.0
169.0
168.0
174.0
167.0
154.0
137.0
168.0
134.0
172.0
189.0
155.0
148.0
490.0
175.0
154.0
173.0
138.0
162.0
160.0
152.0
144.0
144.0
147.0
169.0
162.0
160.0
470.0
135.0
172.0
161.0
167.0
173.0
141.0
162.0
163.0
401.0
164.0
170.0
160.0
137.0
134.0
135.0
147.0
151.0
155.0
159.0
168.0
141.0
173.0
143.0
145.0
137.0
174.0
365.0
169.0
131.0
420.0
136.0
165.0
145.0
167.0
151.0
130.0
174.0
173.0
140.0
462.0
164.0
162.0
147.0
160.0
139.0
156.0
133.0
159.0
167.0
160.0
174.0
163.0
170.0
165.0
139.0
114.0
161.0
475.0
132.0
158.0
164.0
146.0
152.0
160.0
132.0
166.0
152.0
424.0
140.0
466.0
171.0
364.0
449.0
378.0
408.0
432.0
471.0
376.0
369.0
429.0
171.0
147.0
163.0
172.0
163.0
170.0
173.0
147.0
150.0
152.0
176.0
151.0
171.0
366.0
136.0
148.0
140.0
146.0
145.0
146.0
152.0
166.0
161.0
144.0
135.0
136.0
149.0
422.0
163.0
135.0
138.0
150.0
131.0
161.0
147.0
144.0
454.0
150.0
160.0
137.0
131.0
163.0
153.0
136.0
139.0
136.0
158.0
161.0
150.0
176.0
151.0
156.0
117.0
171.0
450.0
149.0
136.0
402.0
160.0
131.0
131.0
130.0
169.0
132.0
176.0
152.0
154.0
372.0
138.0
166.0
173.0
171.0
145.0
166.0
143.0
150.0
165.0
148.0
165.0
170.0
150.0
132.0
162.0
142.0
170.0
381.0
155.0
137.0
144.0
160.0
141.0
148.0
135.0
147.0
135.0
394.0
148.0
453.0
148.0
445.0
422.0
395.0
386.0
420.0
427.0
424.0
384.0
368.0
154.0
161.0
153.0
135.0
159.0
177.0
168.0
145.0
131.0
196.0
157.0
147.0
142.0
452.0
173.0
136.0
173.0
169.0
146.0
139.0
145.0
140.0
151.0
160.0
148.0
147.0
140.0
404.0
154.0
156.0
147.0
167.0
167.0
174.0
143.0
148.0
452.0
140.0
134.0
154.0
145.0
137.0
166.0
172.0
143.0
152.0
153.0
155.0
155.0
141.0
162.0
148.0
146.0
176.0
478.0
135.0
172.0
473.0
167.0
156.0
167.0
148.0
152.0
157.0
171.0
147.0
156.0
426.0
175.0
138.0
166.0
147.0
140.0
167.0
140.0
163.0
162.0
159.0
149.0
146.0
167.0
157.0
157.0
139.0
155.0
365.0
135.0
151.0
149.0
154.0
133.0
168.0
155.0
170.0
174.0
408.0
152.0
407.0
150.0
367.0
379.0
420.0
443.0
471.0
441.0
413.0
471.0
485.0
155.0
146.0
144.0
131.0
164.0
135.0
148.0
143.0
132.0
175.0
174.0
146.0
155.0
429.0
140.0
148.0
153.0
152.0
161.0
141.0
146.0
151.0
134.0
158.0
160.0
161.0
152.0
455.0
136.0
174.0
138.0
166.0
133.0
152.0
154.0
161.0
377.0
144.0
166.0
168.0
156.0
149.0
145.0
177.0
152.0
138.0
176.0
139.0
142.0
149.0
154.0
157.0
140.0
157.0
412.0
160.0
146.0
449.0
167.0
165.0
174.0
164.0
163.0
162.0
139.0
152.0
154.0
493.0
132.0
174.0
146.0
147.0
148.0
149.0
143.0
177.0
160.0
139.0
132.0
173.0
130.0
151.0
169.0
145.0
170.0
480.0
145.0
158.0
173.0
150.0
135.0
162.0
134.0
144.0
135.0
398.0
137.0
429.0
161.0
432.0
421.0
374.0
391.0
422.0
422.0
363.0
378.0
416.0
136.0
154.0
166.0
174.0
171.0
136.0
177.0
165.0
163.0
201.0
188.0
170.0
149.0
384.0
160.0
140.0
135.0
157.0
176.0
151.0
173.0
152.0
154.0
153.0
155.0
138.0
149.0
381.0
172.0
130.0
156.0
169.0
144.0
153.0
157.0
148.0
435.0
164.0
174.0
146.0
142.0
150.0
146.0
171.0
170.0
145.0
166.0
132.0
155.0
167.0
140.0
147.0
143.0
176.0
424.0
174.0
153.0
365.0
152.0
130.0
153.0
153.0
167.0
148.0
139.0
169.0
156.0
393.0
170.0
140.0
160.0
171.0
138.0
166.0
139.0
136.0
166.0
158.0
160.0
177.0
148.0
159.0
163.0
132.0
174.0
423.0
143.0
161.0
170.0
168.0
130.0
139.0
145.0
168.0
177.0
467.0
142.0
450.0
175.0
389.0
383.0
418.0
464.0
363.0
398.0
441.0
396.0
389.0
158.0
177.0
158.0
172.0
168.0
138.0
164.0
162.0
171.0
159.0
184.0
147.0
135.0
392.0
140.0
151.0
138.0
160.0
170.0
145.0
163.0
156.0
165.0
174.0
131.0
176.0
133.0
454.0
135.0
131.0
150.0
165.0
147.0
172.0
167.0
166.0
432.0
131.0
155.0
132.0
132.0
131.0
150.0
156.0
142.0
147.0
145.0
136.0
136.0
130.0
135.0
172.0
116.0
157.0
376.0
173.0
162.0
414.0
177.0
145.0
152.0
162.0
177.0
158.0
137.0
176.0
161.0
455.0
147.0
140.0
172.0
139.0
146.0
135.0
167.0
165.0
143.0
170.0
143.0
143.0
137.0
146.0
132.0
117.0
176.0
402.0
130.0
156.0
156.0
131.0
140.0
163.0
174.0
162.0
136.0
461.0
158.0
410.0
154.0
367.0
470.0
406.0
445.0
382.0
448.0
388.0
382.0
399.0
162.0
169.0
136.0
159.0
153.0
150.0
134.0
144.0
139.0
197.0
193.0
142.0
168.0
389.0
136.0
132.0
147.0
165.0
150.0
149.0
153.0
157.0
130.0
143.0
157.0
154.0
133.0
414.0
144.0
133.0
176.0
155.0
134.0
132.0
162.0
158.0
405.0
155.0
145.0
150.0
158.0
168.0
146.0
147.0
172.0
137.0
150.0
135.0
151.0
135.0
153.0
131.0
123.0
160.0
461.0
140.0
132.0
424.0
162.0
172.0
163.0
151.0
142.0
172.0
162.0
168.0
174.0
417.0
140.0
148.0
174.0
143.0
155.0
155.0
145.0
140.0
132.0
135.0
156.0
136.0
143.0
161.0
148.0
123.0
157.0
363.0
164.0
170.0
172.0
156.0
157.0
136.0
168.0
135.0
135.0
455.0
168.0
369.0
159.0
368.0
459.0
397.0
476.0
416.0
410.0
488.0
365.0
391.0
169.0
145.0
145.0
172.0
170.0
172.0
138.0
141.0
162.0
190.0
202.0
156.0
156.0
464.0
176.0
140.0
163.0
166.0
138.0
151.0
150.0
147.0
169.0
143.0
170.0
172.0
143.0
389.0
176.0
159.0
139.0
170.0
163.0
134.0
151.0
168.0
432.0
130.0
155.0
139.0
140.0
141.0
166.0
176.0
165.0
167.0
168.0
166.0
133.0
143.0
143.0
161.0
143.0
132.0
419.0
167.0
160.0
450.0
134.0
172.0
148.0
167.0
157.0
163.0
152.0
166.0
176.0
469.0
162.0
173.0
139.0
172.0
155.0
169.0
170.0
139.0
134.0
176.0
142.0
133.0
166.0
157.0
172.0
113.0
166.0
377.0
160.0
133.0
161.0
153.0
156.0
157.0
137.0
154.0
148.0
429.0
174.0
474.0
172.0
432.0
388.0
393.0
432.0
417.0
399.0
384.0
386.0
444.0
156.0
154.0
140.0
131.0
146.0
160.0
162.0
147.0
156.0
169.0
186.0
158.0
155.0
488.0
162.0
145.0
130.0
155.0
171.0
135.0
142.0
173.0
163.0
143.0
173.0
146.0
131.0
399.0
176.0
162.0
174.0
136.0
131.0
141.0
172.0
141.0
436.0
164.0
132.0
162.0
135.0
138.0
170.0
163.0
155.0
143.0
172.0
132.0
148.0
148.0
168.0
159.0
139.0
166.0
471.0
131.0
144.0
424.0
172.0
152.0
154.0
151.0
173.0
132.0
167.0
173.0
142.0
371.0
174.0
138.0
159.0
140.0
165.0
133.0
169.0
165.0
131.0
150.0
152.0
165.0
170.0
153.0
133.0
125.0
173.0
414.0
141.0
154.0
172.0
158.0
155.0
152.0
160.0
142.0
131.0
392.0
137.0
373.0
163.0
434.0
402.0
439.0
472.0
422.0
441.0
390.0
435.0
374.0
135.0
131.0
137.0
145.0
167.0
131.0
135.0
170.0
166.0
207.0
207.0
140.0
167.0
449.0
133.0
142.0
158.0
159.0
173.0
176.0
173.0
137.0
152.0
154.0
142.0
167.0
151.0
382.0
137.0
161.0
175.0
135.0
130.0
153.0
157.0
169.0
465.0
137.0
156.0
131.0
156.0
132.0
162.0
152.0
144.0
149.0
176.0
148.0
157.0
170.0
149.0
140.0
146.0
150.0
383.0
161.0
168.0
487.0
133.0
148.0
172.0
149.0
156.0
142.0
165.0
130.0
173.0
402.0
141.0
172.0
164.0
133.0
166.0
145.0
132.0
146.0
148.0
155.0
152.0
176.0
141.0
132.0
136.0
129.0
147.0
388.0
147.0
150.0
167.0
151.0
162.0
157.0
163.0
147.0
175.0
375.0
154.0
443.0
145.0
480.0
480.0
389.0
374.0
428.0
431.0
486.0
421.0
472.0
142.0
163.0
134.0
165.0
144.0
136.0
172.0
164.0
173.0
187.0
161.0
139.0
152.0
373.0
138.0
153.0
149.0
151.0
145.0
143.0
150.0
136.0
154.0
173.0
146.0
132.0
172.0
397.0
135.0
145.0
151.0
168.0
168.0
157.0
145.0
134.0
364.0
173.0
151.0
169.0
159.0
176.0
157.0
141.0
133.0
177.0
173.0
147.0
148.0
156.0
131.0
162.0
144.0
146.0
398.0
169.0
158.0
414.0
160.0
163.0
156.0
145.0
144.0
131.0
142.0
167.0
176.0
369.0
165.0
134.0
165.0
139.0
165.0
150.0
139.0
165.0
141.0
164.0
140.0
169.0
134.0
158.0
130.0
123.0
171.0
480.0
176.0
143.0
155.0
141.0
161.0
160.0
134.0
140.0
154.0
400.0
158.0
372.0
170.0
413.0
423.0
398.0
461.0
488.0
389.0
400.0
456.0
476.0
162.0
142.0
171.0
176.0
151.0
157.0
152.0
147.0
143.0
172.0
163.0
138.0
155.0
451.0
156.0
145.0
163.0
163.0
148.0
142.0
138.0
138.0
138.0
158.0
144.0
132.0
164.0
492.0
138.0
174.0
146.0
166.0
159.0
133.0
166.0
148.0
438.0
157.0
147.0
150.0
155.0
145.0
134.0
159.0
174.0
171.0
169.0
156.0
164.0
177.0
152.0
164.0
119.0
131.0
388.0
176.0
134.0
492.0
173.0
175.0
156.0
170.0
151.0
160.0
146.0
133.0
145.0
394.0
137.0
168.0
169.0
142.0
159.0
148.0
135.0
133.0
158.0
136.0
148.0
162.0
144.0
166.0
139.0
129.0
141.0
451.0
160.0
156.0
169.0
161.0
130.0
144.0
157.0
162.0
135.0
455.0
164.0
462.0
133.0
389.0
377.0
452.0
475.0
489.0
426.0
378.0
410.0
397.0
151.0
175.0
131.0
159.0
174.0
144.0
145.0
142.0
172.0
169.0
171.0
141.0
145.0
462.0
165.0
145.0
140.0
142.0
154.0
144.0
167.0
137.0
138.0
157.0
177.0
163.0
164.0
492.0
159.0
141.0
142.0
143.0
175.0
131.0
131.0
170.0
368.0
150.0
156.0
139.0
135.0
146.0
163.0
168.0
159.0
176.0
146.0
140.0
170.0
159.0
160.0
172.0
119.0
173.0
491.0
142.0
158.0
455.0
158.0
137.0
155.0
154.0
177.0
160.0
165.0
140.0
161.0
432.0
150.0
156.0
175.0
145.0
174.0
151.0
142.0
173.0
157.0
137.0
135.0
177.0
163.0
131.0
161.0
115.0
169.0
396.0
152.0
170.0
154.0
162.0
130.0
164.0
146.0
170.0
135.0
390.0
131.0
456.0
161.0
426.0
483.0
466.0
448.0
490.0
471.0
434.0
383.0
381.0
149.0
143.0
172.0
161.0
148.0
132.0
156.0
160.0
144.0
158.0
202.0
157.0
157.0
491.0
149.0
147.0
140.0
145.0
175.0
146.0
141.0
175.0
171.0
140.0
165.0
170.0
136.0
439.0
147.0
170.0
167.0
130.0
137.0
155.0
165.0
138.0
427.0
156.0
161.0
157.0
149.0
132.0
143.0
150.0
151.0
139.0
162.0
141.0
177.0
139.0
146.0
169.0
131.0
165.0
458.0
176.0
141.0
387.0
131.0
172.0
165.0
172.0
139.0
132.0
146.0
143.0
145.0
426.0
133.0
165.0
134.0
136.0
168.0
148.0
172.0
136.0
138.0
146.0
163.0
176.0
162.0
175.0
174.0
113.0
135.0
386.0
163.0
167.0
141.0
176.0
151.0
173.0
139.0
159.0
163.0
471.0
147.0
381.0
152.0
432.0
381.0
385.0
411.0
473.0
422.0
386.0
473.0
387.0
160.0
166.0
172.0
168.0
130.0
147.0
172.0
167.0
142.0
197.0
206.0
150.0
161.0
383.0
158.0
172.0
162.0
145.0
150.0
173.0
134.0
177.0
165.0
145.0
144.0
168.0
174.0
431.0
136.0
141.0
157.0
173.0
139.0
139.0
159.0
152.0
478.0
151.0
145.0
155.0
145.0
155.0
171.0
155.0
133.0
152.0
145.0
151.0
143.0
163.0
164.0
177.0
128.0
131.0
494.0
130.0
138.0
370.0
160.0
147.0
130.0
141.0
151.0
152.0
134.0
171.0
175.0
404.0
177.0
156.0
172.0
144.0
156.0
164.0
151.0
157.0
137.0
152.0
157.0
156.0
168.0
176.0
170.0
147.0
164.0
461.0
168.0
166.0
130.0
167.0
147.0
172.0
139.0
161.0
140.0
481.0
133.0
419.0
174.0
406.0
409.0
414.0
399.0
463.0
435.0
398.0
491.0
481.0
143.0
156.0
133.0
157.0
146.0
167.0
150.0
151.0
152.0
156.0
156.0
177.0
137.0
405.0
149.0
132.0
140.0
169.0
156.0
136.0
171.0
132.0
147.0
137.0
166.0
130.0
165.0
393.0
168.0
154.0
153.0
168.0
177.0
133.0
158.0
144.0
453.0
145.0
174.0
171.0
164.0
141.0
156.0
140.0
160.0
157.0
138.0
140.0
156.0
131.0
160.0
132.0
145.0
151.0
376.0
136.0
150.0
486.0
161.0
165.0
142.0
147.0
146.0
155.0
160.0
139.0
169.0
486.0
130.0
144.0
146.0
151.0
161.0
130.0
148.0
139.0
159.0
176.0
159.0
142.0
140.0
152.0
160.0
132.0
143.0
481.0
167.0
145.0
146.0
133.0
131.0
133.0
166.0
143.0
163.0
400.0
167.0
382.0
158.0
391.0
396.0
371.0
432.0
456.0
375.0
430.0
440.0
487.0
133.0
155.0
166.0
152.0
142.0
143.0
143.0
146.0
140.0
165.0
164.0
154.0
132.0
475.0
132.0
162.0
162.0
147.0
135.0
143.0
169.0
132.0
159.0
148.0
167.0
154.0
172.0
428.0
132.0
150.0
160.0
164.0
137.0
173.0
142.0
165.0
400.0
159.0
147.0
151.0
162.0
176.0
131.0
145.0
174.0
138.0
157.0
171.0
148.0
145.0
130.0
166.0
130.0
134.0
480.0
139.0
169.0
392.0
171.0
174.0
141.0
173.0
174.0
135.0
168.0
149.0
175.0
429.0
177.0
164.0
140.0
165.0
154.0
141.0
133.0
136.0
174.0
154.0
166.0
168.0
167.0
155.0
141.0
116.0
143.0
425.0
144.0
131.0
133.0
150.0
150.0
151.0
160.0
163.0
151.0
368.0
144.0
488.0
147.0
461.0
460.0
466.0
417.0
398.0
443.0
480.0
371.0
392.0
175.0
170.0
152.0
148.0
172.0
133.0
158.0
165.0
142.0
180.0
158.0
169.0
135.0
370.0
161.0
173.0
131.0
135.0
136.0
166.0
166.0
143.0
141.0
135.0
130.0
138.0
134.0
387.0
162.0
152.0
134.0
164.0
151.0
169.0
171.0
154.0
402.0
165.0
149.0
141.0
144.0
156.0
156.0
140.0
136.0
168.0
141.0
153.0
149.0
134.0
153.0
175.0
138.0
167.0
366.0
171.0
176.0
409.0
160.0
168.0
163.0
143.0
133.0
162.0
176.0
163.0
175.0
487.0
166.0
135.0
176.0
146.0
166.0
139.0
143.0
153.0
140.0
136.0
177.0
169.0
164.0
139.0
138.0
142.0
149.0
453.0
155.0
130.0
134.0
173.0
137.0
159.0
147.0
150.0
148.0
374.0
161.0
409.0
136.0
410.0
457.0
433.0
383.0
364.0
494.0
375.0
491.0
440.0
136.0
141.0
152.0
132.0
141.0
162.0
148.0
163.0
169.0
152.0
171.0
139.0
152.0
455.0
177.0
147.0
164.0
168.0
146.0
172.0
168.0
149.0
158.0
151.0
166.0
138.0
172.0
417.0
170.0
138.0
167.0
141.0
159.0
141.0
148.0
163.0
380.0
154.0
154.0
171.0
163.0
157.0
148.0
171.0
159.0
163.0
143.0
176.0
164.0
139.0
165.0
133.0
125.0
138.0
369.0
174.0
144.0
373.0
166.0
176.0
143.0
158.0
175.0
174.0
135.0
132.0
140.0
481.0
177.0
147.0
162.0
169.0
147.0
136.0
152.0
141.0
166.0
138.0
152.0
165.0
160.0
138.0
147.0
135.0
150.0
462.0
135.0
154.0
173.0
137.0
151.0
151.0
166.0
164.0
144.0
489.0
137.0
428.0
165.0
401.0
418.0
462.0
382.0
457.0
382.0
397.0
470.0
401.0
155.0
162.0
172.0
139.0
162.0
144.0
157.0
155.0
175.0
152.0
200.0
130.0
132.0
390.0
146.0
172.0
173.0
142.0
166.0
148.0
177.0
146.0
154.0
135.0
152.0
174.0
176.0
397.0
174.0
155.0
158.0
172.0
151.0
134.0
140.0
142.0
426.0
133.0
167.0
134.0
133.0
159.0
151.0
144.0
151.0
132.0
130.0
162.0
177.0
141.0
174.0
139.0
115.0
142.0
420.0
139.0
141.0
494.0
152.0
167.0
163.0
152.0
150.0
166.0
148.0
156.0
133.0
389.0
162.0
171.0
130.0
153.0
162.0
136.0
155.0
150.0
164.0
149.0
166.0
159.0
151.0
132.0
155.0
121.0
159.0
493.0
143.0
133.0
148.0
174.0
168.0
144.0
134.0
156.0
175.0
435.0
140.0
453.0
153.0
455.0
420.0
390.0
416.0
392.0
371.0
489.0
473.0
443.0
172.0
133.0
139.0
174.0
149.0
150.0
133.0
143.0
131.0
163.0
164.0
170.0
162.0
442.0
150.0
152.0
172.0
145.0
146.0
166.0
141.0
150.0
153.0
172.0
172.0
155.0
167.0
484.0
146.0
150.0
164.0
140.0
172.0
168.0
162.0
143.0
400.0
157.0
141.0
133.0
160.0
161.0
146.0
150.0
152.0
168.0
162.0
161.0
154.0
147.0
169.0
176.0
144.0
140.0
443.0
147.0
168.0
413.0
139.0
150.0
131.0
168.0
162.0
170.0
133.0
155.0
175.0
469.0
140.0
136.0
154.0
143.0
130.0
140.0
141.0
150.0
143.0
144.0
147.0
176.0
162.0
146.0
141.0
139.0
166.0
479.0
149.0
139.0
132.0
149.0
147.0
172.0
155.0
146.0
171.0
420.0
168.0
389.0
157.0
382.0
447.0
391.0
452.0
453.0
447.0
469.0
422.0
390.0
145.0
168.0
136.0
145.0
168.0
133.0
155.0
149.0
133.0
199.0
154.0
131.0
134.0
409.0
144.0
162.0
164.0
143.0
160.0
134.0
176.0
174.0
155.0
153.0
171.0
151.0
147.0
366.0
149.0
154.0
134.0
175.0
130.0
136.0
138.0
149.0
444.0
152.0
145.0
167.0
140.0
175.0
163.0
130.0
157.0
137.0
169.0
155.0
152.0
174.0
134.0
145.0
133.0
177.0
454.0
160.0
155.0
365.0
155.0
137.0
135.0
158.0
143.0
162.0
155.0
133.0
160.0
461.0
159.0
161.0
149.0
153.0
171.0
164.0
144.0
175.0
170.0
174.0
132.0
154.0
136.0
160.0
158.0
151.0
174.0
478.0
150.0
175.0
140.0
161.0
135.0
132.0
130.0
155.0
167.0
398.0
145.0
431.0
139.0
459.0
456.0
494.0
407.0
408.0
410.0
385.0
473.0
394.0
152.0
177.0
174.0
131.0
135.0
169.0
143.0
141.0
170.0
167.0
156.0
150.0
170.0
464.0
147.0
167.0
147.0
132.0
151.0
152.0
160.0
153.0
159.0
161.0
159.0
132.0
171.0
403.0
139.0
176.0
132.0
173.0
168.0
174.0
171.0
175.0
418.0
136.0
160.0
166.0
154.0
137.0
152.0
165.0
148.0
144.0
157.0
160.0
176.0
132.0
165.0
176.0
114.0
138.0
396.0
167.0
153.0
451.0
157.0
155.0
158.0
152.0
172.0
165.0
150.0
160.0
135.0
442.0
135.0
142.0
130.0
159.0
146.0
167.0
155.0
143.0
141.0
175.0
154.0
135.0
161.0
171.0
148.0
130.0
135.0
478.0
155.0
142.0
150.0
131.0
145.0
147.0
133.0
162.0
132.0
388.0
168.0
395.0
150.0
456.0
489.0
386.0
379.0
411.0
429.0
456.0
462.0
383.0
169.0
133.0
175.0
171.0
170.0
133.0
167.0
154.0
158.0
161.0
187.0
142.0
177.0
442.0
171.0
151.0
171.0
145.0
155.0
151.0
164.0
145.0
152.0
156.0
168.0
131.0
159.0
369.0
146.0
171.0
164.0
140.0
139.0
167.0
141.0
173.0
373.0
160.0
157.0
170.0
147.0
168.0
168.0
130.0
165.0
143.0
143.0
160.0
159.0
170.0
136.0
154.0
147.0
164.0
427.0
174.0
144.0
395.0
158.0
143.0
130.0
158.0
161.0
137.0
147.0
173.0
166.0
428.0
156.0
172.0
138.0
136.0
161.0
172.0
135.0
165.0
166.0
145.0
157.0
136.0
164.0
157.0
132.0
119.0
145.0
468.0
165.0
140.0
141.0
155.0
137.0
140.0
173.0
158.0
131.0
418.0
132.0
383.0
159.0
393.0
447.0
444.0
403.0
385.0
463.0
463.0
467.0
471.0
141.0
149.0
140.0
151.0
130.0
154.0
144.0
136.0
134.0
168.0
155.0
147.0
140.0
481.0
171.0
160.0
146.0
132.0
172.0
147.0
132.0
176.0
173.0
132.0
149.0
132.0
156.0
476.0
152.0
135.0
174.0
162.0
171.0
165.0
160.0
155.0
389.0
158.0
145.0
170.0
165.0
148.0
147.0
177.0
136.0
165.0
148.0
175.0
173.0
159.0
160.0
140.0
149.0
163.0
439.0
145.0
140.0
484.0
169.0
141.0
160.0
177.0
171.0
174.0
158.0
174.0
164.0
448.0
153.0
159.0
156.0
167.0
166.0
169.0
141.0
146.0
161.0
167.0
174.0
139.0
135.0
151.0
149.0
116.0
147.0
441.0
160.0
168.0
136.0
150.0
130.0
156.0
163.0
171.0
170.0
410.0
172.0
385.0
151.0
436.0
494.0
392.0
474.0
403.0
391.0
479.0
417.0
409.0
172.0
141.0
169.0
137.0
173.0
142.0
157.0
137.0
168.0
195.0
204.0
165.0
157.0
412.0
145.0
139.0
140.0
160.0
149.0
175.0
153.0
140.0
147.0
151.0
148.0
133.0
134.0
459.0
141.0
146.0
145.0
163.0
167.0
161.0
132.0
145.0
386.0
145.0
151.0
149.0
177.0
147.0
155.0
167.0
167.0
135.0
131.0
171.0
150.0
160.0
132.0
175.0
147.0
146.0
370.0
131.0
146.0
456.0
163.0
148.0
157.0
160.0
160.0
167.0
162.0
137.0
163.0
483.0
144.0
154.0
159.0
175.0
152.0
149.0
146.0
139.0
147.0
159.0
170.0
152.0
165.0
161.0
163.0
148.0
162.0
435.0
167.0
154.0
134.0
165.0
137.0
161.0
133.0
167.0
167.0
476.0
173.0
405.0
161.0
492.0
448.0
406.0
441.0
484.0
370.0
367.0
434.0
460.0
169.0
153.0
154.0
142.0
142.0
135.0
140.0
155.0
149.0
174.0
205.0
163.0
131.0
468.0
156.0
175.0
142.0
153.0
153.0
172.0
144.0
142.0
177.0
147.0
138.0
176.0
145.0
429.0
153.0
147.0
142.0
164.0
135.0
132.0
148.0
167.0
407.0
170.0
132.0
133.0
169.0
137.0
161.0
175.0
134.0
155.0
136.0
168.0
172.0
137.0
142.0
167.0
137.0
162.0
431.0
167.0
171.0
403.0
162.0
130.0
173.0
159.0
175.0
137.0
135.0
142.0
168.0
494.0
136.0
149.0
156.0
177.0
157.0
168.0
140.0
143.0
150.0
163.0
165.0
171.0
149.0
171.0
130.0
123.0
143.0
479.0
147.0
168.0
149.0
174.0
132.0
171.0
146.0
135.0
132.0
438.0
141.0
473.0
170.0
389.0
377.0
475.0
458.0
394.0
452.0
376.0
455.0
403.0
172.0
139.0
152.0
172.0
155.0
153.0
154.0
131.0
161.0
195.0
180.0
175.0
154.0
393.0
168.0
163.0
143.0
145.0
150.0
143.0
171.0
144.0
160.0
137.0
156.0
174.0
160.0
379.0
130.0
154.0
152.0
147.0
154.0
133.0
136.0
173.0
460.0
161.0
175.0
159.0
169.0
174.0
141.0
160.0
160.0
146.0
174.0
145.0
141.0
170.0
174.0
140.0
113.0
175.0
370.0
132.0
135.0
377.0
177.0
152.0
175.0
148.0
161.0
153.0
135.0
155.0
166.0
379.0
171.0
169.0
153.0
161.0
174.0
160.0
167.0
145.0
151.0
140.0
151.0
166.0
140.0
156.0
175.0
115.0
165.0
479.0
137.0
158.0
147.0
153.0
160.0
156.0
168.0
170.0
169.0
429.0
167.0
368.0
141.0
491.0
445.0
403.0
462.0
451.0
474.0
481.0
464.0
414.0
143.0
164.0
175.0
144.0
142.0
152.0
175.0
148.0
162.0
