60 8 108
32780.5
33128.5
31829.5
32707.5
31523.5
30856.5
33192.5
29510.5
36244.5
29927.5
35311.5
30775.5
31937.5
31639.5
34927.5
32818.5
28813.5
29519.5
32023.5
35259.5
33010.5
35043.5
29258.5
29919.5
36163.5
29712.5
29217.5
32313.5
28933.5
36134.5
35478.5
34692.5
35152.5
33220.5
34651.5
29791.5
35784.5
29130.5
35576.5
30004.5
29819.5
35874.5
36087.5
33050.5
30565.5
32795.5
30408.5
31842.5
33671.5
33448.5
31400.5
34219.5
33058.5
33811.5
34589.5
30608.5
35660.5
35890.5
33621.5
31979.5
0.01857280030663788
0.01356827795695046
0.018584599395153664
0.014587695671991113
0.01737150704269125
0.016394593254452264
0.01968921690363469
0.01647552953918039
0.01997919924526981
0.016153031625630934
0.01769032048106773
0.015012956446721848
0.018014837350788994
0.015710726126248416
0.019071824481250027
0.014387638963249154
0.019385642087013173
0.014493446557112273
0.017142764035461115
0.015966345318867054
0.019753755809086324
0.01420798556279726
0.019170424141930188
0.01621518442482501
0.019068570686778794
0.014562430644988847
0.019147219539754127
0.014005289722868498
0.01921056131272124
0.013494311507533734
0.01706952098778437
0.013583147462671922
0.01869154695893767
0.015345648731773357
0.019724459734097116
0.015445050838309493
0.019526232787198006
0.015915466342048865
0.019702748153946764
0.014877947947317135
0.0198306311252426
0.015374366319318416
0.01868172687927481
0.013680904839159352
0.016747889206754702
0.015308968295270925
0.017953186148154044
0.01456252484482875
0.017951136021096017
0.014676384413856818
0.017038348974308164
0.016586617797810416
0.01955955085034071
0.01452377248901343
0.016704407029614534
0.013811200350947642
0.01716127676088964
0.016298710932898412
0.01910650807722196
0.0074714325572577955
121.0
109.0
121.0
125.0
111.0
125.0
118.0
115.0
1912.0
26.0
954.0
981.0
49.0
393.0
1914.0
6.0
505.0
1297.0
34.0
543.0
113.0
188.0
44.0
335.0
244.0
373.0
56.0
301.0
510.0
288.0
75.0
252.0
80.0
288.0
28.0
370.0
173.0
832.0
1354.0
594.0
359.0
1136.0
275.0
152.0
822.0
4976.0
6007.0
125.0
164.0
331.0
47.0
27.0
181.0
224.0
193.0
532.0
353.0
72.0
66.0
27.0
120.0
32.0
20.0
173.0
842.0
52.0
119.0
67.0
46.0
158.0
148.0
71.0
158.0
143.0
770.0
35.0
20.0
24.0
29.0
8.0
72.0
252.0
113.0
74.0
90.0
58.0
38.0
89.0
152.0
46.0
26.0
57.0
164.0
172.0
111.0
84.0
130.0
48.0
61.0
1621.0
55.0
55.0
71.0
26.0
158.0
292.0
32.0
266.0
121.0
251.0
78.0
137.0
828.0
223.0
70.0
1229.0
126.0
119.0
71.0
88.0
115.0
20.0
265.0
193.0
476.0
1260.0
33.0
523.0
120.0
176.0
46.0
319.0
255.0
367.0
60.0
307.0
551.0
278.0
72.0
244.0
76.0
295.0
28.0
356.0
167.0
787.0
1316.0
600.0
354.0
1151.0
290.0
147.0
831.0
5002.0
5869.0
127.0
160.0
315.0
47.0
29.0
188.0
208.0
179.0
513.0
363.0
72.0
62.0
25.0
126.0
31.0
20.0
176.0
823.0
52.0
128.0
63.0
43.0
166.0
155.0
71.0
162.0
148.0
760.0
37.0
21.0
26.0
30.0
8.0
74.0
254.0
108.0
71.0
84.0
59.0
38.0
86.0
139.0
47.0
27.0
53.0
150.0
161.0
105.0
83.0
126.0
48.0
65.0
1620.0
56.0
55.0
67.0
24.0
160.0
292.0
33.0
278.0
120.0
258.0
79.0
131.0
802.0
219.0
70.0
1281.0
123.0
124.0
68.0
86.0
119.0
20.0
272.0
206.0
476.0
1329.0
34.0
523.0
111.0
184.0
45.0
330.0
250.0
372.0
58.0
311.0
528.0
271.0
75.0
235.0
78.0
290.0
28.0
366.0
159.0
834.0
1328.0
597.0
333.0
1104.0
283.0
148.0
816.0
5159.0
5568.0
123.0
167.0
316.0
48.0
28.0
185.0
226.0
182.0
513.0
348.0
72.0
65.0
25.0
125.0
33.0
20.0
163.0
892.0
51.0
124.0
67.0
44.0
162.0
147.0
73.0
155.0
141.0
797.0
36.0
20.0
26.0
30.0
8.0
72.0
261.0
106.0
70.0
86.0
54.0
39.0
87.0
146.0
48.0
27.0
57.0
159.0
162.0
107.0
86.0
132.0
48.0
62.0
1602.0
58.0
56.0
64.0
26.0
162.0
281.0
31.0
277.0
128.0
249.0
77.0
134.0
767.0
214.0
65.0
1262.0
130.0
115.0
68.0
94.0
115.0
19.0
259.0
201.0
508.0
1228.0
34.0
509.0
109.0
181.0
44.0
330.0
266.0
382.0
61.0
307.0
558.0
272.0
71.0
248.0
79.0
298.0
28.0
365.0
165.0
778.0
1273.0
549.0
329.0
1125.0
297.0
150.0
859.0
5291.0
5478.0
123.0
172.0
307.0
47.0
29.0
187.0
207.0
189.0
490.0
360.0
78.0
65.0
26.0
124.0
32.0
20.0
163.0
893.0
50.0
122.0
61.0
43.0
163.0
155.0
74.0
159.0
151.0
748.0
36.0
21.0
24.0
32.0
8.0
73.0
277.0
110.0
74.0
84.0
54.0
39.0
84.0
149.0
45.0
27.0
54.0
157.0
169.0
101.0
80.0
133.0
47.0
64.0
1655.0
56.0
58.0
70.0
24.0
152.0
270.0
30.0
276.0
120.0
238.0
83.0
135.0
783.0
224.0
68.0
1279.0
133.0
119.0
71.0
88.0
112.0
19.0
254.0
204.0
491.0
1294.0
36.0
515.0
119.0
190.0
46.0
349.0
252.0
401.0
57.0
319.0
558.0
275.0
71.0
247.0
75.0
293.0
28.0
375.0
158.0
810.0
1359.0
579.0
339.0
1115.0
287.0
148.0
866.0
5487.0
5593.0
121.0
172.0
316.0
49.0
28.0
179.0
212.0
196.0
505.0
374.0
76.0
63.0
26.0
128.0
32.0
19.0
168.0
875.0
50.0
124.0
64.0
42.0
163.0
150.0
73.0
161.0
152.0
754.0
38.0
21.0
25.0
32.0
8.0
75.0
269.0
111.0
68.0
91.0
57.0
41.0
86.0
152.0
49.0
27.0
56.0
153.0
170.0
107.0
85.0
138.0
46.0
64.0
1658.0
55.0
55.0
67.0
26.0
153.0
281.0
32.0
268.0
126.0
259.0
81.0
130.0
810.0
213.0
69.0
1273.0
122.0
127.0
71.0
93.0
111.0
20.0
253.0
189.0
500.0
1227.0
34.0
512.0
112.0
180.0
47.0
339.0
251.0
385.0
58.0
315.0
519.0
288.0
75.0
253.0
76.0
291.0
29.0
350.0
171.0
835.0
1259.0
547.0
334.0
1112.0
285.0
157.0
837.0
5044.0
5589.0
121.0
165.0
322.0
50.0
28.0
186.0
219.0
177.0
524.0
359.0
78.0
62.0
25.0
118.0
33.0
20.0
167.0
871.0
52.0
120.0
66.0
45.0
151.0
142.0
76.0
154.0
139.0
742.0
36.0
20.0
24.0
30.0
8.0
73.0
272.0
107.0
68.0
86.0
58.0
39.0
84.0
146.0
46.0
27.0
57.0
158.0
161.0
111.0
80.0
127.0
44.0
64.0
1619.0
58.0
58.0
68.0
24.0
163.0
290.0
33.0
263.0
125.0
250.0
75.0
137.0
819.0
220.0
67.0
1257.0
124.0
122.0
71.0
85.0
113.0
20.0
249.0
191.0
505.0
1259.0
35.0
514.0
115.0
176.0
47.0
320.0
270.0
373.0
56.0
293.0
546.0
293.0
73.0
252.0
75.0
292.0
27.0
364.0
171.0
810.0
1373.0
600.0
333.0
1126.0
282.0
153.0
821.0
5490.0
5915.0
128.0
167.0
305.0
51.0
27.0
183.0
206.0
190.0
493.0
358.0
75.0
63.0
26.0
121.0
33.0
19.0
164.0
870.0
49.0
124.0
67.0
44.0
157.0
155.0
76.0
161.0
139.0
795.0
35.0
21.0
25.0
32.0
8.0
74.0
253.0
109.0
69.0
86.0
59.0
38.0
85.0
141.0
48.0
26.0
54.0
158.0
166.0
107.0
83.0
136.0
46.0
63.0
1607.0
54.0
54.0
66.0
26.0
152.0
291.0
31.0
280.0
124.0
236.0
83.0
131.0
786.0
221.0
68.0
1276.0
130.0
125.0
67.0
88.0
111.0
20.0
250.0
195.0
475.0
1318.0
33.0
514.0
118.0
188.0
45.0
338.0
253.0
397.0
61.0
290.0
558.0
295.0
74.0
253.0
76.0
300.0
29.0
357.0
166.0
830.0
1275.0
596.0
354.0
1130.0
272.0
156.0
809.0
5285.0
5789.0
126.0
173.0
312.0
50.0
28.0
194.0
221.0
181.0
507.0
349.0
77.0
66.0
27.0
123.0
31.0
20.0
162.0
824.0
51.0
130.0
61.0
44.0
153.0
154.0
75.0
157.0
146.0
750.0
37.0
21.0
26.0
31.0
8.0
74.0
275.0
112.0
73.0
88.0
56.0
39.0
87.0
140.0
45.0
27.0
55.0
153.0
160.0
106.0
81.0
127.0
44.0
64.0
1565.0
59.0
58.0
68.0
24.0
153.0
274.0
31.0
285.0
120.0
250.0
81.0
134.0
780.0
219.0
67.0
1187.0
129.0
121.0
68.0
90.0
112.0
20.0
267.0
191.0
479.0
1245.0
34.0
519.0
120.0
187.0
46.0
319.0
251.0
381.0
56.0
297.0
533.0
285.0
73.0
241.0
79.0
281.0
28.0
342.0
165.0
823.0
1360.0
564.0
340.0
1110.0
299.0
146.0
849.0
5398.0
5673.0
122.0
158.0
335.0
51.0
27.0
188.0
218.0
189.0
519.0
367.0
76.0
66.0
26.0
122.0
31.0
20.0
168.0
895.0
51.0
123.0
61.0
45.0
163.0
140.0
76.0
158.0
152.0
767.0
36.0
21.0
24.0
32.0
8.0
75.0
271.0
104.0
74.0
88.0
55.0
38.0
85.0
150.0
47.0
25.0
54.0
152.0
168.0
102.0
80.0
132.0
45.0
63.0
1658.0
56.0
59.0
67.0
25.0
157.0
277.0
31.0
282.0
125.0
248.0
78.0
130.0
791.0
225.0
65.0
1261.0
134.0
116.0
70.0
86.0
122.0
19.0
250.0
207.0
473.0
1350.0
34.0
546.0
120.0
193.0
44.0
338.0
258.0
398.0
59.0
320.0
549.0
287.0
70.0
242.0
82.0
299.0
29.0
355.0
156.0
819.0
1297.0
550.0
331.0
1180.0
286.0
153.0
866.0
5364.0
5581.0
124.0
160.0
329.0
49.0
28.0
193.0
206.0
193.0
481.0
363.0
74.0
66.0
27.0
126.0
33.0
19.0
170.0
827.0
53.0
118.0
64.0
42.0
158.0
148.0
72.0
160.0
140.0
762.0
38.0
21.0
26.0
31.0
8.0
72.0
258.0
105.0
69.0
90.0
59.0
40.0
88.0
148.0
48.0
25.0
54.0
158.0
169.0
109.0
84.0
137.0
47.0
63.0
1519.0
58.0
54.0
70.0
25.0
156.0
288.0
33.0
287.0
130.0
252.0
76.0
136.0
828.0
220.0
68.0
1202.0
131.0
123.0
71.0
91.0
120.0
20.0
252.0
190.0
519.0
1288.0
33.0
513.0
116.0
189.0
44.0
347.0
253.0
383.0
56.0
302.0
541.0
267.0
76.0
233.0
75.0
280.0
28.0
357.0
161.0
779.0
1350.0
546.0
329.0
1141.0
299.0
159.0
872.0
5436.0
5867.0
120.0
162.0
330.0
51.0
27.0
178.0
222.0
190.0
520.0
339.0
75.0
66.0
27.0
125.0
33.0
20.0
168.0
864.0
52.0
131.0
61.0
45.0
152.0
144.0
72.0
154.0
143.0
761.0
38.0
21.0
24.0
30.0
8.0
76.0
253.0
107.0
73.0
88.0
56.0
37.0
88.0
140.0
46.0
27.0
55.0
151.0
165.0
111.0
83.0
131.0
48.0
67.0
1613.0
58.0
55.0
67.0
24.0
161.0
292.0
33.0
273.0
122.0
240.0
82.0
134.0
797.0
212.0
67.0
1229.0
125.0
123.0
73.0
89.0
121.0
20.0
266.0
198.0
487.0
1218.0
34.0
543.0
112.0
185.0
47.0
348.0
263.0
375.0
60.0
296.0
536.0
274.0
71.0
233.0
78.0
299.0
27.0
346.0
160.0
803.0
1380.0
565.0
338.0
1114.0
287.0
149.0
847.0
5198.0
5798.0
122.0
170.0
315.0
51.0
28.0
183.0
213.0
178.0
507.0
339.0
73.0
65.0
25.0
125.0
33.0
20.0
165.0
889.0
48.0
130.0
63.0
46.0
151.0
149.0
73.0
153.0
141.0
732.0
36.0
20.0
25.0
31.0
8.0
70.0
251.0
104.0
68.0
83.0
56.0
40.0
89.0
150.0
45.0
26.0
53.0
162.0
160.0
101.0
80.0
130.0
44.0
61.0
1527.0
56.0
54.0
66.0
26.0
156.0
278.0
33.0
287.0
122.0
255.0
77.0
137.0
799.0
211.0
69.0
1188.0
129.0
125.0
73.0
91.0
122.0
20.0
253.0
206.0
473.0
1264.0
34.0
536.0
117.0
181.0
48.0
345.0
260.0
375.0
61.0
316.0
551.0
275.0
76.0
241.0
82.0
276.0
29.0
355.0
162.0
769.0
1274.0
552.0
330.0
1096.0
285.0
159.0
820.0
5145.0
5630.0
120.0
159.0
306.0
46.0
29.0
187.0
210.0
188.0
517.0
347.0
74.0
63.0
25.0
117.0
32.0
20.0
175.0
875.0
48.0
120.0
66.0
45.0
156.0
148.0
73.0
154.0
148.0
796.0
38.0
20.0
25.0
32.0
8.0
73.0
264.0
108.0
68.0
91.0
58.0
39.0
87.0
145.0
47.0
25.0
58.0
155.0
168.0
103.0
82.0
137.0
48.0
65.0
1640.0
54.0
54.0
69.0
24.0
163.0
293.0
31.0
267.0
119.0
247.0
83.0
131.0
756.0
207.0
67.0
1163.0
123.0
120.0
68.0
90.0
113.0
20.0
259.0
198.0
479.0
1262.0
35.0
535.0
109.0
183.0
48.0
333.0
251.0
385.0
58.0
318.0
554.0
269.0
76.0
244.0
77.0
273.0
27.0
367.0
169.0
844.0
1321.0
551.0
351.0
1173.0
272.0
158.0
841.0
5186.0
5997.0
125.0
162.0
320.0
47.0
28.0
184.0
214.0
189.0
503.0
350.0
73.0
65.0
25.0
122.0
30.0
19.0
162.0
829.0
51.0
126.0
64.0
44.0
165.0
151.0
71.0
166.0
147.0
729.0
38.0
21.0
26.0
29.0
8.0
71.0
264.0
108.0
71.0
84.0
56.0
41.0
83.0
153.0
49.0
25.0
57.0
154.0
168.0
104.0
79.0
133.0
45.0
62.0
1554.0
59.0
56.0
70.0
26.0
160.0
278.0
33.0
268.0
126.0
254.0
81.0
130.0
788.0
209.0
65.0
1166.0
126.0
117.0
72.0
89.0
113.0
20.0
251.0
206.0
484.0
1234.0
35.0
519.0
115.0
176.0
48.0
322.0
256.0
368.0
58.0
297.0
525.0
293.0
76.0
243.0
81.0
278.0
29.0
373.0
169.0
763.0
1320.0
584.0
351.0
1104.0
286.0
153.0
803.0
5199.0
5802.0
129.0
171.0
313.0
47.0
27.0
188.0
225.0
187.0
493.0
358.0
77.0
64.0
26.0
125.0
33.0
19.0
173.0
898.0
49.0
130.0
66.0
43.0
167.0
155.0
74.0
156.0
139.0
742.0
37.0
21.0
24.0
30.0
8.0
70.0
269.0
103.0
72.0
91.0
55.0
38.0
81.0
150.0
49.0
25.0
55.0
154.0
174.0
103.0
84.0
131.0
46.0
64.0
1526.0
55.0
55.0
69.0
25.0
159.0
292.0
32.0
285.0
128.0
255.0
81.0
140.0
786.0
216.0
70.0
1231.0
130.0
116.0
67.0
87.0
117.0
20.0
272.0
188.0
495.0
1247.0
36.0
540.0
118.0
187.0
44.0
343.0
268.0
377.0
60.0
292.0
550.0
282.0
75.0
251.0
75.0
296.0
29.0
368.0
160.0
833.0
1344.0
581.0
330.0
1083.0
272.0
147.0
797.0
5174.0
5993.0
130.0
162.0
306.0
47.0
28.0
179.0
215.0
186.0
508.0
364.0
77.0
61.0
27.0
120.0
33.0
19.0
179.0
884.0
48.0
120.0
63.0
45.0
162.0
140.0
75.0
152.0
149.0
733.0
38.0
21.0
24.0
31.0
8.0
76.0
253.0
103.0
67.0
87.0
55.0
39.0
81.0
152.0
45.0
27.0
58.0
162.0
162.0
106.0
87.0
128.0
44.0
63.0
1656.0
54.0
55.0
68.0
25.0
154.0
276.0
31.0
287.0
129.0
248.0
79.0
128.0
816.0
207.0
68.0
1249.0
128.0
127.0
67.0
85.0
117.0
19.0
268.0
193.0
488.0
1285.0
36.0
542.0
110.0
185.0
47.0
324.0
253.0
392.0
58.0
295.0
518.0
269.0
73.0
249.0
79.0
293.0
28.0
341.0
159.0
787.0
1331.0
571.0
341.0
1137.0
293.0
148.0
800.0
5384.0
5631.0
130.0
161.0
311.0
50.0
29.0
179.0
225.0
180.0
526.0
350.0
79.0
66.0
26.0
120.0
33.0
19.0
162.0
872.0
53.0
129.0
61.0
42.0
154.0
155.0
71.0
167.0
140.0
744.0
38.0
21.0
24.0
31.0
8.0
73.0
253.0
103.0
74.0
83.0
55.0
40.0
83.0
145.0
45.0
27.0
56.0
152.0
162.0
104.0
87.0
127.0
44.0
65.0
1510.0
59.0
55.0
69.0
25.0
163.0
295.0
33.0
267.0
123.0
243.0
82.0
140.0
763.0
224.0
66.0
1281.0
133.0
122.0
70.0
90.0
121.0
20.0
252.0
203.0
496.0
1247.0
34.0
530.0
112.0
188.0
45.0
344.0
254.0
367.0
59.0
301.0
537.0
273.0
74.0
235.0
79.0
273.0
27.0
354.0
160.0
782.0
1378.0
601.0
331.0
1135.0
301.0
144.0
846.0
5511.0
5787.0
120.0
159.0
323.0
51.0
28.0
193.0
206.0
184.0
533.0
347.0
79.0
66.0
27.0
125.0
31.0
19.0
172.0
894.0
53.0
130.0
67.0
44.0
153.0
146.0
71.0
160.0
144.0
760.0
35.0
21.0
25.0
30.0
8.0
72.0
257.0
113.0
72.0
84.0
58.0
41.0
83.0
154.0
46.0
26.0
55.0
149.0
160.0
108.0
80.0
129.0
46.0
64.0
1522.0
56.0
55.0
65.0
24.0
162.0
295.0
33.0
277.0
129.0
248.0
81.0
141.0
793.0
207.0
67.0
1231.0
127.0
125.0
70.0
85.0
119.0
19.0
263.0
206.0
496.0
1333.0
33.0
517.0
110.0
183.0
44.0
347.0
261.0
362.0
58.0
313.0
508.0
287.0
71.0
237.0
80.0
291.0
28.0
364.0
165.0
776.0
1257.0
551.0
363.0
1107.0
286.0
147.0
868.0
5076.0
5554.0
120.0
163.0
315.0
50.0
29.0
185.0
221.0
179.0
496.0
371.0
73.0
65.0
26.0
123.0
32.0
19.0
178.0
841.0
53.0
127.0
65.0
46.0
161.0
143.0
73.0
165.0
138.0
757.0
38.0
20.0
24.0
29.0
8.0
72.0
276.0
106.0
73.0
87.0
56.0
39.0
89.0
151.0
49.0
26.0
56.0
153.0
172.0
108.0
82.0
138.0
46.0
63.0
1587.0
54.0
55.0
69.0
24.0
160.0
279.0
31.0
269.0
119.0
243.0
83.0
141.0
765.0
209.0
68.0
1216.0
123.0
117.0
66.0
89.0
119.0
19.0
252.0
188.0
498.0
1244.0
35.0
536.0
109.0
181.0
45.0
322.0
260.0
400.0
59.0
295.0
505.0
274.0
69.0
243.0
82.0
277.0
29.0
372.0
164.0
768.0
1345.0
561.0
350.0
1116.0
284.0
148.0
814.0
5505.0
6009.0
129.0
164.0
330.0
51.0
27.0
180.0
218.0
192.0
524.0
375.0
77.0
66.0
27.0
119.0
32.0
19.0
165.0
861.0
51.0
128.0
65.0
43.0
167.0
153.0
70.0
154.0
145.0
798.0
37.0
21.0
25.0
31.0
8.0
75.0
269.0
104.0
73.0
90.0
59.0
38.0
85.0
150.0
49.0
25.0
58.0
164.0
166.0
110.0
82.0
136.0
48.0
65.0
1617.0
58.0
54.0
68.0
25.0
164.0
278.0
31.0
262.0
127.0
239.0
78.0
128.0
798.0
221.0
69.0
1288.0
131.0
127.0
72.0
86.0
113.0
20.0
263.0
189.0
506.0
1247.0
36.0
521.0
119.0
190.0
45.0
334.0
253.0
369.0
56.0
295.0
525.0
281.0
73.0
242.0
77.0
276.0
27.0
338.0
162.0
804.0
1348.0
583.0
333.0
1189.0
297.0
145.0
863.0
5397.0
5522.0
128.0
163.0
315.0
48.0
27.0
190.0
222.0
188.0
523.0
350.0
72.0
61.0
25.0
127.0
31.0
19.0
175.0
869.0
49.0
128.0
65.0
43.0
163.0
142.0
75.0
162.0
152.0
748.0
38.0
20.0
24.0
30.0
8.0
69.0
252.0
104.0
74.0
91.0
55.0
41.0
81.0
142.0
47.0
26.0
58.0
160.0
170.0
104.0
82.0
132.0
45.0
63.0
1553.0
57.0
56.0
68.0
26.0
155.0
279.0
30.0
274.0
129.0
240.0
78.0
140.0
816.0
205.0
66.0
1171.0
127.0
127.0
67.0
89.0
114.0
19.0
256.0
188.0
476.0
1276.0
35.0
543.0
116.0
191.0
47.0
336.0
265.0
383.0
60.0
291.0
519.0
285.0
73.0
238.0
80.0
299.0
29.0
346.0
166.0
808.0
1303.0
566.0
341.0
1092.0
296.0
152.0
809.0
5068.0
5550.0
122.0
161.0
323.0
49.0
27.0
193.0
215.0
183.0
496.0
338.0
77.0
65.0
27.0
116.0
31.0
20.0
174.0
902.0
51.0
122.0
62.0
45.0
163.0
142.0
74.0
165.0
139.0
743.0
38.0
21.0
24.0
29.0
8.0
73.0
250.0
110.0
70.0
88.0
57.0
40.0
83.0
141.0
45.0
26.0
55.0
155.0
167.0
106.0
81.0
132.0
47.0
65.0
1522.0
59.0
58.0
68.0
26.0
161.0
298.0
32.0
274.0
122.0
240.0
81.0
138.0
831.0
205.0
66.0
1288.0
131.0
126.0
68.0
87.0
114.0
19.0
253.0
197.0
475.0
1343.0
33.0
551.0
115.0
187.0
47.0
327.0
246.0
380.0
61.0
290.0
511.0
284.0
75.0
242.0
78.0
281.0
28.0
365.0
164.0
809.0
1311.0
561.0
340.0
1085.0
283.0
145.0
867.0
5038.0
5793.0
130.0
173.0
321.0
48.0
27.0
187.0
223.0
180.0
508.0
343.0
73.0
67.0
25.0
117.0
31.0
20.0
179.0
894.0
50.0
125.0
65.0
46.0
156.0
146.0
69.0
164.0
150.0
726.0
36.0
20.0
25.0
31.0
8.0
76.0
258.0
106.0
70.0
85.0
59.0
39.0
88.0
144.0
48.0
27.0
55.0
151.0
171.0
111.0
80.0
134.0
44.0
63.0
1541.0
58.0
55.0
71.0
24.0
164.0
276.0
33.0
283.0
122.0
243.0
77.0
130.0
828.0
206.0
70.0
1165.0
132.0
116.0
71.0
91.0
119.0
19.0
246.0
199.0
476.0
1247.0
33.0
532.0
116.0
176.0
48.0
318.0
246.0
395.0
59.0
317.0
522.0
271.0
74.0
244.0
80.0
295.0
29.0
354.0
166.0
804.0
1348.0
597.0
337.0
1131.0
273.0
146.0
811.0
5418.0
5743.0
125.0
159.0
309.0
47.0
27.0
194.0
214.0
195.0
513.0
375.0
72.0
67.0
27.0
117.0
32.0
19.0
178.0
847.0
50.0
125.0
66.0
45.0
156.0
144.0
73.0
163.0
138.0
794.0
36.0
20.0
24.0
31.0
8.0
69.0
264.0
111.0
67.0
91.0
57.0
40.0
85.0
150.0
46.0
26.0
56.0
155.0
159.0
110.0
82.0
126.0
46.0
66.0
1554.0
58.0
57.0
65.0
25.0
162.0
286.0
32.0
270.0
126.0
245.0
79.0
135.0
802.0
213.0
69.0
1213.0
128.0
127.0
69.0
85.0
112.0
20.0
271.0
207.0
483.0
1295.0
34.0
540.0
115.0
187.0
44.0
321.0
266.0
376.0
59.0
320.0
529.0
273.0
69.0
235.0
82.0
291.0
29.0
343.0
172.0
791.0
1294.0
596.0
347.0
1190.0
290.0
146.0
867.0
5496.0
5673.0
131.0
167.0
311.0
48.0
28.0
181.0
212.0
191.0
510.0
342.0
76.0
61.0
26.0
117.0
31.0
19.0
172.0
823.0
49.0
123.0
61.0
44.0
161.0
147.0
69.0
153.0
142.0
797.0
35.0
21.0
25.0
30.0
8.0
74.0
267.0
103.0
72.0
84.0
58.0
39.0
87.0
140.0
46.0
25.0
58.0
151.0
166.0
111.0
87.0
128.0
45.0
67.0
1615.0
58.0
54.0
69.0
24.0
161.0
289.0
31.0
273.0
128.0
235.0
78.0
130.0
762.0
212.0
66.0
1180.0
122.0
127.0
70.0
91.0
120.0
19.0
258.0
191.0
491.0
1290.0
35.0
537.0
110.0
190.0
44.0
348.0
251.0
381.0
57.0
317.0
531.0
276.0
76.0
237.0
81.0
290.0
27.0
347.0
166.0
768.0
1358.0
571.0
331.0
1197.0
298.0
153.0
819.0
5243.0
5701.0
131.0
168.0
317.0
47.0
27.0
189.0
222.0
194.0
521.0
365.0
75.0
67.0
27.0
127.0
31.0
20.0
175.0
872.0
49.0
125.0
62.0
45.0
167.0
147.0
71.0
167.0
146.0
801.0
35.0
21.0
24.0
32.0
8.0
75.0
254.0
111.0
68.0
83.0
55.0
41.0
84.0
149.0
47.0
26.0
58.0
157.0
163.0
104.0
80.0
127.0
44.0
66.0
1574.0
56.0
58.0
64.0
24.0
165.0
290.0
32.0
280.0
129.0
255.0
83.0
132.0
810.0
225.0
68.0
1217.0
130.0
120.0
70.0
92.0
116.0
20.0
257.0
204.0
496.0
1317.0
36.0
525.0
116.0
184.0
46.0
331.0
259.0
378.0
60.0
296.0
534.0
288.0
73.0
250.0
82.0
301.0
29.0
351.0
164.0
840.0
1279.0
577.0
362.0
1152.0
276.0
148.0
862.0
4998.0
5935.0
120.0
156.0
321.0
50.0
27.0
186.0
218.0
191.0
488.0
367.0
78.0
63.0
26.0
125.0
30.0
20.0
168.0
831.0
51.0
126.0
62.0
45.0
166.0
148.0
73.0
159.0
138.0
734.0
38.0
21.0
24.0
31.0
8.0
70.0
255.0
112.0
73.0
84.0
55.0
41.0
89.0
152.0
49.0
27.0
55.0
162.0
170.0
100.0
84.0
131.0
47.0
62.0
1520.0
55.0
54.0
71.0
25.0
166.0
294.0
33.0
278.0
123.0
252.0
77.0
130.0
806.0
218.0
70.0
1244.0
134.0
116.0
70.0
90.0
113.0
20.0
256.0
195.0
490.0
1250.0
36.0
558.0
118.0
188.0
46.0
321.0
260.0
367.0
58.0
314.0
555.0
273.0
69.0
239.0
79.0
287.0
27.0
347.0
172.0
773.0
1347.0
558.0
341.0
1174.0
276.0
150.0
876.0
5309.0
6015.0
121.0
173.0
329.0
50.0
29.0
184.0
206.0
191.0
500.0
339.0
76.0
61.0
27.0
126.0
31.0
20.0
178.0
863.0
53.0
121.0
67.0
43.0
161.0
149.0
71.0
160.0
140.0
799.0
38.0
20.0
26.0
30.0
8.0
74.0
259.0
111.0
69.0
88.0
56.0
40.0
89.0
150.0
48.0
27.0
54.0
151.0
161.0
108.0
82.0
129.0
44.0
61.0
1570.0
55.0
59.0
70.0
25.0
163.0
275.0
32.0
286.0
120.0
246.0
80.0
135.0
762.0
224.0
66.0
1255.0
134.0
121.0
72.0
94.0
112.0
19.0
252.0
200.0
478.0
1218.0
35.0
508.0
114.0
177.0
46.0
319.0
252.0
381.0
56.0
316.0
552.0
267.0
76.0
245.0
77.0
299.0
27.0
367.0
164.0
787.0
1328.0
547.0
354.0
1164.0
275.0
158.0
844.0
5158.0
5568.0
123.0
169.0
323.0
50.0
28.0
181.0
212.0
185.0
510.0
351.0
78.0
67.0
26.0
122.0
32.0
18.0
167.0
822.0
49.0
122.0
61.0
45.0
160.0
153.0
70.0
158.0
147.0
768.0
38.0
20.0
26.0
31.0
8.0
75.0
271.0
103.0
69.0
83.0
59.0
39.0
83.0
149.0
47.0
25.0
56.0
153.0
158.0
109.0
80.0
136.0
47.0
63.0
1506.0
58.0
54.0
66.0
25.0
158.0
292.0
30.0
261.0
130.0
243.0
75.0
134.0
790.0
223.0
68.0
1169.0
123.0
124.0
67.0
91.0
118.0
19.0
251.0
190.0
477.0
1252.0
35.0
556.0
109.0
187.0
47.0
346.0
248.0
374.0
61.0
308.0
507.0
275.0
71.0
245.0
81.0
274.0
29.0
339.0
170.0
842.0
1373.0
559.0
352.0
1195.0
300.0
148.0
856.0
5211.0
6010.0
122.0
168.0
305.0
47.0
29.0
188.0
209.0
188.0
533.0
372.0
75.0
65.0
27.0
118.0
31.0
19.0
168.0
814.0
52.0
128.0
65.0
44.0
152.0
145.0
72.0
155.0
139.0
733.0
36.0
20.0
25.0
31.0
8.0
70.0
254.0
108.0
72.0
83.0
55.0
39.0
89.0
143.0
47.0
27.0
55.0
148.0
170.0
110.0
85.0
127.0
44.0
62.0
1612.0
57.0
55.0
66.0
24.0
164.0
280.0
32.0
277.0
122.0
259.0
83.0
134.0
770.0
225.0
71.0
1241.0
124.0
126.0
72.0
87.0
113.0
19.0
269.0
201.0
512.0
1322.0
34.0
530.0
119.0
184.0
45.0
323.0
255.0
387.0
60.0
302.0
535.0
269.0
73.0
236.0
77.0
302.0
29.0
366.0
172.0
785.0
1352.0
547.0
350.0
1130.0
289.0
154.0
862.0
5219.0
5822.0
124.0
172.0
320.0
51.0
27.0
188.0
218.0
184.0
485.0
344.0
76.0
67.0
25.0
123.0
33.0
20.0
176.0
897.0
48.0
120.0
67.0
46.0
155.0
145.0
76.0
162.0
142.0
766.0
38.0
20.0
24.0
31.0
8.0
71.0
273.0
110.0
73.0
87.0
54.0
38.0
86.0
139.0
49.0
25.0
55.0
155.0
159.0
108.0
80.0
126.0
45.0
64.0
1625.0
59.0
59.0
66.0
25.0
164.0
283.0
32.0
269.0
129.0
246.0
80.0
134.0
774.0
218.0
65.0
1187.0
134.0
122.0
67.0
89.0
116.0
20.0
267.0
194.0
487.0
1271.0
35.0
524.0
120.0
177.0
44.0
349.0
270.0
375.0
56.0
305.0
511.0
282.0
73.0
249.0
74.0
295.0
28.0
354.0
169.0
821.0
1361.0
563.0
349.0
1130.0
285.0
159.0
837.0
5256.0
5760.0
130.0
170.0
306.0
47.0
28.0
189.0
207.0
188.0
493.0
365.0
78.0
63.0
27.0
120.0
32.0
20.0
171.0
872.0
53.0
127.0
66.0
43.0
152.0
143.0
70.0
152.0
148.0
800.0
37.0
20.0
25.0
31.0
8.0
70.0
271.0
110.0
73.0
83.0
58.0
39.0
86.0
147.0
46.0
27.0
54.0
150.0
159.0
102.0
83.0
127.0
46.0
61.0
1565.0
57.0
55.0
69.0
25.0
160.0
270.0
33.0
271.0
125.0
236.0
77.0
130.0
800.0
217.0
67.0
1174.0
124.0
126.0
68.0
92.0
121.0
20.0
264.0
189.0
492.0
1264.0
36.0
557.0
113.0
184.0
48.0
335.0
262.0
382.0
61.0
308.0
506.0
294.0
75.0
243.0
75.0
273.0
28.0
348.0
158.0
763.0
1314.0
565.0
353.0
1126.0
277.0
147.0
864.0
5155.0
5562.0
120.0
156.0
327.0
50.0
27.0
183.0
204.0
183.0
521.0
351.0
75.0
62.0
25.0
124.0
30.0
19.0
172.0
904.0
51.0
129.0
63.0
45.0
156.0
150.0
72.0
167.0
152.0
724.0
38.0
19.0
25.0
30.0
8.0
70.0
251.0
112.0
70.0
87.0
58.0
39.0
85.0
142.0
49.0
27.0
57.0
157.0
163.0
105.0
86.0
132.0
47.0
64.0
1608.0
59.0
57.0
65.0
26.0
155.0
279.0
32.0
281.0
118.0
260.0
77.0
141.0
789.0
215.0
68.0
1214.0
128.0
121.0
70.0
85.0
122.0
19.0
263.0
202.0
513.0
1229.0
35.0
524.0
109.0
184.0
47.0
339.0
269.0
395.0
59.0
307.0
532.0
270.0
74.0
231.0
80.0
294.0
28.0
358.0
172.0
783.0
1319.0
585.0
358.0
1106.0
300.0
145.0
797.0
5473.0
5877.0
128.0
161.0
332.0
50.0
29.0
189.0
225.0
193.0
501.0
368.0
79.0
63.0
27.0
117.0
32.0
18.0
174.0
866.0
53.0
119.0
61.0
42.0
152.0
148.0
75.0
157.0
144.0
757.0
38.0
20.0
25.0
29.0
8.0
69.0
260.0
104.0
67.0
86.0
56.0
40.0
89.0
153.0
45.0
27.0
55.0
153.0
163.0
101.0
80.0
136.0
48.0
65.0
1516.0
58.0
57.0
68.0
24.0
152.0
273.0
31.0
277.0
123.0
247.0
77.0
141.0
784.0
215.0
69.0
1273.0
134.0
127.0
67.0
87.0
111.0
20.0
266.0
192.0
503.0
1324.0
34.0
507.0
115.0
183.0
46.0
329.0
262.0
372.0
60.0
297.0
546.0
290.0
70.0
237.0
76.0
283.0
28.0
370.0
170.0
796.0
1374.0
549.0
357.0
1179.0
291.0
145.0
800.0
5201.0
5740.0
119.0
158.0
329.0
49.0
28.0
187.0
226.0
195.0
487.0
352.0
73.0
62.0
27.0
117.0
33.0
19.0
177.0
816.0
50.0
120.0
63.0
43.0
162.0
145.0
70.0
153.0
144.0
764.0
36.0
21.0
25.0
30.0
8.0
71.0
264.0
107.0
69.0
86.0
58.0
39.0
82.0
140.0
46.0
27.0
56.0
150.0
174.0
105.0
82.0
135.0
47.0
67.0
1553.0
56.0
58.0
65.0
25.0
163.0
284.0
32.0
284.0
119.0
257.0
80.0
128.0
755.0
222.0
68.0
1270.0
124.0
120.0
70.0
92.0
111.0
20.0
253.0
196.0
475.0
1317.0
36.0
531.0
112.0
180.0
48.0
349.0
254.0
370.0
60.0
305.0
507.0
292.0
69.0
244.0
75.0
297.0
27.0
359.0
162.0
823.0
1325.0
560.0
343.0
1184.0
276.0
157.0
806.0
5318.0
6013.0
131.0
164.0
331.0
47.0
28.0
184.0
205.0
187.0
527.0
346.0
79.0
66.0
27.0
125.0
31.0
19.0
178.0
843.0
53.0
125.0
63.0
46.0
156.0
151.0
75.0
155.0
152.0
798.0
37.0
21.0
24.0
31.0
8.0
72.0
274.0
108.0
73.0
86.0
54.0
40.0
89.0
152.0
47.0
25.0
57.0
156.0
161.0
102.0
84.0
137.0
45.0
64.0
1628.0
54.0
57.0
66.0
26.0
154.0
283.0
30.0
281.0
119.0
244.0
77.0
135.0
800.0
214.0
64.0
1173.0
129.0
124.0
68.0
92.0
122.0
20.0
263.0
206.0
511.0
1234.0
33.0
550.0
120.0
180.0
47.0
336.0
261.0
401.0
56.0
294.0
526.0
282.0
76.0
234.0
81.0
285.0
29.0
368.0
162.0
776.0
1352.0
585.0
342.0
1132.0
293.0
158.0
852.0
5406.0
5768.0
126.0
171.0
308.0
51.0
29.0
175.0
218.0
192.0
524.0
365.0
75.0
61.0
27.0
127.0
30.0
19.0
167.0
901.0
52.0
123.0
66.0
46.0
165.0
152.0
76.0
154.0
143.0
755.0
35.0
20.0
25.0
32.0
8.0
71.0
254.0
107.0
74.0
85.0
58.0
41.0
86.0
140.0
45.0
25.0
55.0
158.0
169.0
111.0
81.0
131.0
46.0
64.0
1521.0
57.0
59.0
65.0
24.0
165.0
273.0
30.0
281.0
125.0
245.0
79.0
131.0
803.0
221.0
67.0
1172.0
125.0
115.0
72.0
92.0
117.0
18.0
252.0
199.0
481.0
1234.0
36.0
509.0
120.0
185.0
46.0
317.0
250.0
390.0
61.0
289.0
539.0
292.0
75.0
251.0
76.0
301.0
28.0
367.0
169.0
790.0
1355.0
583.0
339.0
1106.0
273.0
156.0
804.0
5481.0
5981.0
123.0
169.0
329.0
47.0
27.0
176.0
205.0
194.0
487.0
364.0
77.0
61.0
25.0
117.0
33.0
18.0
171.0
825.0
51.0
120.0
62.0
46.0
155.0
150.0
72.0
160.0
145.0
753.0
37.0
21.0
24.0
32.0
8.0
72.0
270.0
110.0
72.0
86.0
58.0
37.0
82.0
147.0
49.0
25.0
55.0
157.0
158.0
109.0
83.0
132.0
44.0
66.0
1527.0
55.0
55.0
68.0
24.0
153.0
296.0
31.0
261.0
124.0
240.0
79.0
136.0
802.0
224.0
69.0
1201.0
122.0
124.0
69.0
93.0
119.0
20.0
247.0
193.0
480.0
1250.0
35.0
542.0
114.0
191.0
48.0
329.0
267.0
388.0
60.0
305.0
507.0
282.0
73.0
235.0
77.0
298.0
28.0
346.0
162.0
832.0
1388.0
596.0
358.0
1149.0
299.0
155.0
876.0
5473.0
5992.0
125.0
169.0
329.0
47.0
28.0
182.0
220.0
192.0
494.0
345.0
78.0
65.0
26.0
125.0
30.0
20.0
174.0
831.0
51.0
126.0
61.0
43.0
156.0
143.0
76.0
157.0
152.0
726.0
37.0
21.0
25.0
31.0
8.0
69.0
252.0
107.0
73.0
90.0
57.0
39.0
87.0
144.0
46.0
26.0
53.0
159.0
167.0
106.0
84.0
136.0
46.0
64.0
1606.0
55.0
55.0
67.0
25.0
162.0
299.0
31.0
284.0
126.0
249.0
81.0
138.0
768.0
219.0
65.0
1249.0
129.0
122.0
67.0
87.0
113.0
19.0
267.0
206.0
508.0
1249.0
36.0
528.0
116.0
182.0
47.0
325.0
254.0
377.0
59.0
303.0
516.0
293.0
69.0
247.0
82.0
292.0
28.0
346.0
159.0
763.0
1296.0
582.0
329.0
1120.0
272.0
145.0
876.0
5427.0
5583.0
127.0
165.0
317.0
50.0
28.0
191.0
223.0
185.0
505.0
371.0
74.0
67.0
25.0
122.0
30.0
20.0
169.0
836.0
49.0
128.0
61.0
43.0
166.0
153.0
72.0
168.0
146.0
787.0
37.0
20.0
24.0
29.0
8.0
70.0
252.0
103.0
71.0
90.0
58.0
37.0
81.0
143.0
45.0
25.0
56.0
161.0
174.0
111.0
85.0
133.0
48.0
64.0
1635.0
58.0
58.0
69.0
25.0
164.0
287.0
32.0
260.0
124.0
248.0
80.0
140.0
758.0
220.0
71.0
1162.0
132.0
121.0
67.0
93.0
119.0
20.0
269.0
188.0
473.0
1236.0
33.0
553.0
108.0
184.0
46.0
328.0
254.0
395.0
57.0
291.0
549.0
283.0
70.0
241.0
82.0
280.0
28.0
362.0
162.0
795.0
1364.0
574.0
333.0
1117.0
288.0
147.0
849.0
5182.0
5699.0
126.0
168.0
335.0
46.0
27.0
180.0
206.0
187.0
526.0
362.0
77.0
64.0
25.0
120.0
30.0
19.0
177.0
844.0
49.0
122.0
66.0
44.0
166.0
151.0
74.0
163.0
147.0
750.0
36.0
21.0
24.0
32.0
8.0
71.0
255.0
112.0
69.0
91.0
57.0
38.0
87.0
142.0
47.0
26.0
54.0
153.0
171.0
106.0
86.0
138.0
47.0
67.0
1590.0
54.0
55.0
68.0
26.0
161.0
292.0
31.0
276.0
128.0
255.0
78.0
134.0
761.0
224.0
68.0
1180.0
131.0
117.0
71.0
94.0
119.0
20.0
254.0
200.0
476.0
1249.0
34.0
551.0
117.0
183.0
46.0
348.0
270.0
396.0
56.0
292.0
527.0
275.0
73.0
236.0
75.0
273.0
28.0
353.0
170.0
792.0
1357.0
571.0
353.0
1195.0
272.0
152.0
850.0
5240.0
5847.0
120.0
164.0
303.0
48.0
27.0
177.0
225.0
183.0
493.0
363.0
78.0
66.0
26.0
123.0
31.0
19.0
177.0
880.0
48.0
130.0
66.0
46.0
160.0
142.0
71.0
164.0
153.0
728.0
37.0
20.0
25.0
29.0
8.0
76.0
250.0
104.0
68.0
89.0
55.0
40.0
82.0
145.0
45.0
26.0
54.0
149.0
162.0
111.0
81.0
127.0
47.0
64.0
1524.0
58.0
55.0
71.0
26.0
161.0
291.0
33.0
271.0
130.0
252.0
82.0
136.0
752.0
215.0
69.0
1204.0
122.0
122.0
72.0
86.0
117.0
19.0
268.0
190.0
508.0
1345.0
36.0
558.0
115.0
175.0
48.0
340.0
256.0
380.0
56.0
317.0
523.0
277.0
73.0
243.0
78.0
285.0
27.0
354.0
170.0
836.0
1378.0
569.0
342.0
1152.0
290.0
155.0
873.0
5096.0
6008.0
125.0
166.0
308.0
50.0
28.0
177.0
204.0
194.0
512.0
348.0
77.0
64.0
25.0
123.0
30.0
19.0
163.0
848.0
51.0
120.0
64.0
44.0
157.0
148.0
74.0
160.0
138.0
727.0
37.0
19.0
25.0
30.0
8.0
74.0
263.0
105.0
72.0
85.0
54.0
40.0
86.0
151.0
45.0
25.0
53.0
159.0
174.0
102.0
86.0
126.0
44.0
64.0
1564.0
59.0
59.0
67.0
26.0
160.0
287.0
31.0
270.0
120.0
260.0
77.0
136.0
820.0
203.0
66.0
1263.0
122.0
115.0
72.0
86.0
116.0
20.0
268.0
199.0
476.0
1347.0
33.0
540.0
114.0
177.0
46.0
327.0
252.0
393.0
56.0
307.0
536.0
276.0
74.0
231.0
76.0
299.0
29.0
370.0
172.0
788.0
1275.0
595.0
337.0
1080.0
294.0
145.0
833.0
5413.0
5951.0
121.0
173.0
322.0
50.0
29.0
189.0
210.0
188.0
533.0
338.0
76.0
64.0
26.0
126.0
31.0
19.0
164.0
835.0
49.0
131.0
61.0
45.0
151.0
146.0
71.0
164.0
139.0
744.0
38.0
21.0
26.0
32.0
8.0
74.0
264.0
103.0
68.0
83.0
58.0
38.0
83.0
147.0
49.0
26.0
58.0
160.0
162.0
108.0
82.0
129.0
46.0
65.0
1551.0
59.0
58.0
70.0
25.0
162.0
284.0
31.0
282.0
128.0
254.0
81.0
139.0
821.0
216.0
71.0
1226.0
130.0
118.0
69.0
87.0
121.0
19.0
253.0
203.0
500.0
1246.0
35.0
528.0
113.0
193.0
44.0
328.0
250.0
388.0
56.0
314.0
505.0
292.0
75.0
251.0
75.0
302.0
27.0
359.0
159.0
808.0
1269.0
542.0
336.0
1132.0
279.0
152.0
872.0
5093.0
5877.0
130.0
169.0
331.0
51.0
29.0
176.0
208.0
190.0
488.0
345.0
76.0
66.0
26.0
124.0
33.0
19.0
163.0
851.0
48.0
122.0
64.0
46.0
163.0
151.0
69.0
167.0
150.0
762.0
36.0
21.0
25.0
32.0
8.0
72.0
268.0
107.0
68.0
87.0
57.0
41.0
88.0
141.0
48.0
27.0
56.0
159.0
164.0
102.0
81.0
130.0
44.0
64.0
1635.0
54.0
59.0
66.0
26.0
153.0
285.0
33.0
282.0
122.0
257.0
76.0
140.0
811.0
204.0
68.0
1163.0
129.0
119.0
69.0
91.0
111.0
20.0
269.0
193.0
498.0
1268.0
35.0
509.0
118.0
184.0
46.0
323.0
264.0
369.0
59.0
314.0
513.0
274.0
74.0
235.0
81.0
278.0
28.0
365.0
163.0
773.0
1310.0
571.0
355.0
1138.0
287.0
145.0
799.0
5414.0
5791.0
123.0
170.0
334.0
49.0
29.0
193.0
221.0
190.0
533.0
359.0
75.0
61.0
26.0
119.0
33.0
20.0
173.0
825.0
50.0
122.0
67.0
43.0
157.0
152.0
76.0
163.0
143.0
733.0
37.0
20.0
25.0
32.0
8.0
74.0
253.0
113.0
69.0
91.0
54.0
38.0
87.0
147.0
47.0
25.0
53.0
162.0
163.0
107.0
82.0
128.0
47.0
65.0
1520.0
57.0
56.0
68.0
24.0
166.0
276.0
32.0
270.0
118.0
245.0
79.0
136.0
761.0
224.0
65.0
1203.0
128.0
116.0
67.0
94.0
119.0
20.0
256.0
205.0
477.0
1219.0
34.0
530.0
115.0
192.0
45.0
317.0
246.0
392.0
61.0
300.0
559.0
284.0
75.0
231.0
81.0
298.0
27.0
358.0
163.0
765.0
1324.0
594.0
339.0
1091.0
290.0
146.0
811.0
5385.0
6027.0
131.0
159.0
313.0
51.0
27.0
186.0
224.0
177.0
488.0
365.0
72.0
65.0
27.0
127.0
32.0
20.0
179.0
880.0
52.0
125.0
67.0
46.0
159.0
152.0
73.0
167.0
145.0
727.0
36.0
21.0
25.0
32.0
8.0
76.0
268.0
108.0
70.0
88.0
55.0
40.0
87.0
146.0
45.0
26.0
57.0
150.0
159.0
103.0
87.0
130.0
48.0
64.0
1605.0
54.0
57.0
69.0
25.0
154.0
279.0
31.0
281.0
120.0
243.0
80.0
128.0
831.0
221.0
68.0
1225.0
125.0
127.0
69.0
88.0
119.0
18.0
249.0
198.0
478.0
1305.0
35.0
515.0
118.0
187.0
47.0
348.0
266.0
384.0
58.0
300.0
552.0
286.0
75.0
232.0
79.0
301.0
29.0
374.0
166.0
780.0
1339.0
552.0
330.0
1159.0
296.0
156.0
861.0
5175.0
6038.0
126.0
168.0
320.0
50.0
27.0
193.0
212.0
178.0
518.0
374.0
75.0
64.0
26.0
120.0
33.0
20.0
177.0
883.0
49.0
123.0
65.0
46.0
155.0
140.0
72.0
152.0
140.0
724.0
38.0
19.0
25.0
29.0
8.0
74.0
263.0
107.0
69.0
91.0
58.0
41.0
82.0
142.0
48.0
27.0
57.0
154.0
174.0
106.0
81.0
130.0
48.0
61.0
1616.0
56.0
57.0
68.0
25.0
161.0
297.0
32.0
270.0
119.0
254.0
78.0
131.0
758.0
204.0
65.0
1214.0
123.0
120.0
68.0
92.0
118.0
20.0
265.0
206.0
470.0
1257.0
34.0
559.0
115.0
181.0
47.0
318.0
247.0
364.0
56.0
314.0
537.0
279.0
72.0
235.0
76.0
302.0
27.0
351.0
168.0
775.0
1341.0
558.0
356.0
1119.0
287.0
148.0
870.0
5363.0
5965.0
128.0
163.0
327.0
46.0
27.0
192.0
215.0
195.0
493.0
374.0
78.0
64.0
25.0
122.0
32.0
19.0
162.0
857.0
52.0
120.0
61.0
45.0
167.0
144.0
74.0
168.0
141.0
737.0
37.0
21.0
24.0
30.0
8.0
71.0
260.0
104.0
72.0
84.0
58.0
41.0
88.0
152.0
48.0
26.0
57.0
148.0
165.0
103.0
81.0
130.0
45.0
63.0
1560.0
58.0
56.0
68.0
25.0
151.0
289.0
33.0
260.0
121.0
251.0
76.0
135.0
761.0
223.0
66.0
1264.0
125.0
117.0
72.0
90.0
111.0
19.0
259.0
199.0
518.0
1246.0
34.0
531.0
115.0
178.0
47.0
320.0
261.0
387.0
59.0
301.0
553.0
281.0
72.0
245.0
76.0
274.0
28.0
372.0
168.0
771.0
1322.0
597.0
354.0
1147.0
275.0
154.0
852.0
5349.0
5995.0
126.0
170.0
305.0
51.0
29.0
187.0
212.0
178.0
513.0
340.0
78.0
65.0
27.0
118.0
31.0
20.0
176.0
830.0
52.0
129.0
63.0
45.0
164.0
155.0
69.0
160.0
139.0
731.0
38.0
21.0
25.0
31.0
8.0
76.0
268.0
108.0
74.0
84.0
54.0
40.0
85.0
142.0
48.0
25.0
56.0
161.0
175.0
108.0
84.0
127.0
48.0
66.0
1533.0
55.0
56.0
67.0
25.0
152.0
276.0
32.0
279.0
121.0
242.0
77.0
129.0
805.0
204.0
67.0
1234.0
134.0
125.0
70.0
89.0
111.0
19.0
272.0
196.0
514.0
1222.0
33.0
539.0
109.0
189.0
45.0
326.0
261.0
396.0
60.0
298.0
556.0
274.0
76.0
251.0
75.0
296.0
27.0
368.0
173.0
812.0
1297.0
585.0
348.0
1171.0
293.0
145.0
827.0
5487.0
5913.0
124.0
160.0
334.0
51.0
29.0
190.0
226.0
180.0
486.0
372.0
77.0
62.0
26.0
122.0
32.0
20.0
175.0
878.0
53.0
131.0
63.0
44.0
160.0
142.0
69.0
155.0
139.0
803.0
37.0
21.0
25.0
31.0
8.0
74.0
277.0
108.0
73.0
90.0
57.0
40.0
88.0
141.0
45.0
25.0
55.0
160.0
174.0
109.0
87.0
135.0
45.0
67.0
1603.0
58.0
59.0
67.0
26.0
157.0
273.0
33.0
283.0
121.0
242.0
83.0
128.0
753.0
210.0
68.0
1275.0
133.0
124.0
71.0
89.0
120.0
20.0
270.0
189.0
483.0
1269.0
36.0
532.0
119.0
176.0
48.0
331.0
260.0
369.0
56.0
307.0
559.0
288.0
71.0
239.0
75.0
295.0
27.0
348.0
172.0
794.0
1258.0
567.0
363.0
1151.0
277.0
152.0
859.0
4978.0
5585.0
122.0
170.0
303.0
48.0
29.0
175.0
220.0
180.0
533.0
355.0
74.0
66.0
25.0
123.0
32.0
20.0
167.0
872.0
53.0
128.0
64.0
44.0
167.0
153.0
72.0
168.0
153.0
729.0
36.0
21.0
25.0
31.0
8.0
69.0
254.0
108.0
69.0
87.0
59.0
41.0
89.0
147.0
46.0
25.0
54.0
160.0
169.0
109.0
80.0
127.0
46.0
65.0
1557.0
55.0
58.0
70.0
26.0
161.0
274.0
31.0
283.0
120.0
236.0
80.0
140.0
791.0
212.0
66.0
1263.0
122.0
118.0
73.0
93.0
112.0
20.0
256.0
194.0
485.0
1312.0
34.0
516.0
112.0
192.0
44.0
343.0
260.0
377.0
60.0
294.0
550.0
287.0
76.0
233.0
81.0
298.0
29.0
368.0
162.0
781.0
1341.0
545.0
359.0
1087.0
287.0
152.0
797.0
5336.0
5465.0
121.0
170.0
322.0
49.0
29.0
192.0
207.0
184.0
498.0
375.0
79.0
64.0
25.0
118.0
31.0
20.0
166.0
816.0
50.0
120.0
64.0
42.0
166.0
142.0
76.0
167.0
150.0
762.0
35.0
21.0
25.0
31.0
8.0
71.0
276.0
110.0
67.0
91.0
54.0
40.0
88.0
147.0
49.0
25.0
55.0
148.0
165.0
106.0
79.0
135.0
46.0
62.0
1666.0
54.0
55.0
71.0
25.0
152.0
288.0
32.0
269.0
123.0
251.0
83.0
129.0
780.0
215.0
65.0
1163.0
133.0
119.0
67.0
85.0
118.0
20.0
262.0
204.0
509.0
1351.0
36.0
534.0
109.0
179.0
48.0
329.0
246.0
376.0
56.0
316.0
549.0
276.0
74.0
234.0
80.0
277.0
27.0
354.0
166.0
824.0
1260.0
551.0
332.0
1166.0
281.0
151.0
795.0
5100.0
5739.0
123.0
162.0
324.0
47.0
27.0
176.0
209.0
187.0
485.0
348.0
75.0
62.0
26.0
128.0
33.0
20.0
173.0
889.0
48.0
131.0
65.0
44.0
160.0
140.0
70.0
153.0
140.0
800.0
35.0
20.0
25.0
31.0
8.0
70.0
274.0
104.0
70.0
84.0
57.0
40.0
89.0
142.0
46.0
25.0
53.0
153.0
170.0
110.0
83.0
134.0
48.0
65.0
1657.0
56.0
55.0
66.0
26.0
158.0
296.0
31.0
281.0
124.0
244.0
76.0
128.0
793.0
212.0
71.0
1223.0
126.0
117.0
68.0
94.0
122.0
18.0
253.0
194.0
516.0
1282.0
35.0
505.0
109.0
183.0
44.0
331.0
268.0
397.0
56.0
302.0
546.0
274.0
75.0
244.0
82.0
294.0
27.0
369.0
160.0
801.0
1307.0
593.0
344.0
1132.0
282.0
144.0
826.0
5268.0
5928.0
125.0
160.0
303.0
51.0
29.0
185.0
222.0
177.0
497.0
348.0
78.0
65.0
26.0
119.0
32.0
19.0
166.0
857.0
51.0
129.0
65.0
43.0
167.0
146.0
76.0
159.0
152.0
751.0
37.0
20.0
24.0
32.0
8.0
71.0
260.0
104.0
69.0
83.0
58.0
39.0
85.0
146.0
48.0
27.0
54.0
159.0
161.0
103.0
86.0
131.0
48.0
62.0
1628.0
58.0
54.0
68.0
26.0
166.0
278.0
32.0
263.0
124.0
245.0
76.0
130.0
784.0
223.0
65.0
1238.0
128.0
116.0
73.0
91.0
115.0
20.0
250.0
203.0
518.0
1297.0
36.0
558.0
111.0
179.0
46.0
330.0
261.0
398.0
58.0
302.0
550.0
295.0
72.0
242.0
77.0
280.0
28.0
353.0
173.0
840.0
1257.0
572.0
327.0
1155.0
287.0
148.0
841.0
5347.0
5670.0
128.0
156.0
303.0
49.0
28.0
194.0
210.0
183.0
494.0
343.0
77.0
62.0
27.0
124.0
33.0
19.0
168.0
896.0
50.0
128.0
63.0
42.0
160.0
147.0
76.0
155.0
151.0
765.0
36.0
19.0
25.0
30.0
8.0
74.0
268.0
113.0
70.0
86.0
54.0
40.0
85.0
143.0
45.0
26.0
55.0
158.0
171.0
101.0
85.0
128.0
48.0
65.0
1530.0
58.0
56.0
64.0
24.0
159.0
271.0
32.0
275.0
128.0
236.0
81.0
141.0
777.0
215.0
68.0
1198.0
122.0
124.0
71.0
88.0
121.0
19.0
270.0
196.0
517.0
1317.0
35.0
533.0
116.0
192.0
45.0
337.0
265.0
386.0
56.0
299.0
517.0
277.0
72.0
234.0
82.0
287.0
29.0
368.0
168.0
773.0
1358.0
571.0
328.0
1188.0
291.0
146.0
796.0
5333.0
5780.0
129.0
163.0
319.0
49.0
29.0
187.0
213.0
177.0
525.0
369.0
73.0
65.0
27.0
119.0
32.0
20.0
164.0
836.0
51.0
119.0
66.0
44.0
155.0
140.0
74.0
165.0
151.0
752.0
37.0
20.0
25.0
32.0
8.0
71.0
252.0
108.0
67.0
86.0
55.0
39.0
84.0
154.0
45.0
25.0
58.0
162.0
175.0
101.0
81.0
127.0
46.0
66.0
1512.0
59.0
58.0
69.0
25.0
164.0
270.0
31.0
277.0
118.0
236.0
75.0
132.0
802.0
209.0
68.0
1216.0
130.0
120.0
73.0
94.0
116.0
19.0
271.0
190.0
488.0
1305.0
35.0
542.0
109.0
193.0
47.0
317.0
246.0
372.0
56.0
290.0
531.0
269.0
69.0
241.0
77.0
299.0
28.0
368.0
172.0
844.0
1382.0
542.0
352.0
1136.0
290.0
157.0
840.0
5390.0
5796.0
127.0
160.0
335.0
48.0
27.0
193.0
223.0
183.0
501.0
350.0
73.0
66.0
26.0
125.0
32.0
20.0
163.0
819.0
48.0
127.0
67.0
42.0
153.0
152.0
71.0
160.0
152.0
790.0
35.0
20.0
24.0
30.0
8.0
71.0
272.0
109.0
72.0
84.0
54.0
41.0
83.0
150.0
46.0
25.0
58.0
151.0
166.0
104.0
80.0
129.0
47.0
62.0
1512.0
57.0
58.0
71.0
24.0
158.0
296.0
32.0
286.0
126.0
249.0
81.0
131.0
765.0
218.0
66.0
1172.0
122.0
127.0
68.0
87.0
120.0
20.0
266.0
200.0
487.0
1270.0
36.0
558.0
110.0
187.0
44.0
336.0
248.0
399.0
59.0
301.0
517.0
277.0
76.0
229.0
76.0
292.0
29.0
366.0
166.0
791.0
1321.0
555.0
338.0
1179.0
286.0
151.0
844.0
5036.0
5846.0
129.0
158.0
304.0
48.0
27.0
193.0
223.0
180.0
529.0
368.0
78.0
64.0
27.0
120.0
32.0
19.0
177.0
858.0
49.0
126.0
61.0
44.0
161.0
144.0
74.0
164.0
150.0
758.0
35.0
20.0
25.0
30.0
8.0
74.0
253.0
106.0
70.0
85.0
55.0
38.0
84.0
140.0
46.0
27.0
57.0
153.0
171.0
108.0
85.0
129.0
45.0
67.0
1659.0
55.0
54.0
70.0
26.0
153.0
280.0
30.0
282.0
123.0
250.0
76.0
140.0
778.0
206.0
67.0
1266.0
130.0
120.0
71.0
92.0
115.0
19.0
253.0
205.0
511.0
1258.0
33.0
518.0
115.0
184.0
45.0
325.0
252.0
371.0
59.0
289.0
517.0
285.0
70.0
237.0
82.0
287.0
29.0
364.0
160.0
770.0
1279.0
592.0
347.0
1148.0
293.0
148.0
821.0
5436.0
5739.0
124.0
161.0
313.0
46.0
28.0
184.0
206.0
189.0
498.0
350.0
76.0
61.0
27.0
117.0
33.0
19.0
175.0
819.0
52.0
123.0
64.0
46.0
157.0
154.0
73.0
161.0
153.0
750.0
35.0
20.0
26.0
32.0
8.0
76.0
255.0
111.0
72.0
88.0
55.0
41.0
89.0
141.0
45.0
26.0
58.0
154.0
172.0
106.0
79.0
138.0
47.0
67.0
1583.0
58.0
56.0
66.0
25.0
151.0
283.0
31.0
282.0
122.0
259.0
83.0
140.0
827.0
221.0
66.0
1252.0
128.0
119.0
69.0
86.0
116.0
20.0
253.0
196.0
178.0
165.0
155.0
167.0
455.0
138.0
133.0
165.0
137.0
159.0
163.0
155.0
171.0
141.0
163.0
142.0
159.0
143.0
475.0
175.0
134.0
163.0
151.0
154.0
159.0
169.0
157.0
489.0
149.0
144.0
151.0
174.0
148.0
172.0
162.0
160.0
176.0
135.0
136.0
131.0
163.0
171.0
171.0
148.0
132.0
439.0
166.0
134.0
372.0
143.0
139.0
165.0
136.0
135.0
141.0
172.0
130.0
167.0
395.0
147.0
168.0
175.0
158.0
161.0
146.0
173.0
136.0
175.0
158.0
160.0
160.0
162.0
169.0
151.0
112.0
157.0
403.0
157.0
151.0
148.0
156.0
148.0
155.0
146.0
164.0
148.0
366.0
135.0
459.0
164.0
478.0
484.0
454.0
406.0
449.0
380.0
410.0
445.0
437.0
144.0
146.0
150.0
153.0
157.0
140.0
160.0
176.0
171.0
152.0
192.0
175.0
153.0
444.0
136.0
161.0
165.0
134.0
139.0
138.0
169.0
164.0
171.0
139.0
145.0
163.0
172.0
406.0
159.0
152.0
166.0
175.0
148.0
139.0
161.0
137.0
491.0
174.0
159.0
156.0
134.0
151.0
177.0
134.0
147.0
161.0
150.0
173.0
158.0
143.0
165.0
167.0
138.0
137.0
416.0
136.0
163.0
393.0
162.0
140.0
156.0
143.0
149.0
137.0
134.0
163.0
132.0
370.0
158.0
135.0
153.0
176.0
150.0
155.0
175.0
170.0
161.0
151.0
158.0
164.0
141.0
167.0
165.0
124.0
138.0
481.0
145.0
148.0
158.0
130.0
141.0
144.0
158.0
157.0
136.0
409.0
151.0
451.0
170.0
392.0
441.0
400.0
401.0
426.0
371.0
388.0
454.0
485.0
167.0
158.0
148.0
139.0
167.0
133.0
155.0
176.0
173.0
159.0
190.0
173.0
132.0
440.0
164.0
158.0
158.0
164.0
173.0
160.0
170.0
158.0
174.0
166.0
161.0
135.0
177.0
480.0
138.0
175.0
172.0
140.0
170.0
138.0
131.0
157.0
368.0
132.0
177.0
150.0
150.0
167.0
149.0
152.0
160.0
171.0
171.0
156.0
165.0
146.0
141.0
158.0
147.0
140.0
461.0
151.0
175.0
463.0
157.0
132.0
174.0
154.0
171.0
148.0
168.0
138.0
143.0
472.0
160.0
162.0
162.0
137.0
143.0
139.0
156.0
137.0
152.0
163.0
134.0
163.0
151.0
165.0
135.0
140.0
149.0
375.0
150.0
137.0
141.0
154.0
134.0
150.0
161.0
140.0
158.0
417.0
148.0
376.0
149.0
383.0
367.0
426.0
466.0
374.0
385.0
426.0
380.0
483.0
140.0
144.0
150.0
134.0
155.0
151.0
134.0
177.0
163.0
155.0
196.0
153.0
171.0
403.0
157.0
158.0
162.0
157.0
166.0
134.0
137.0
150.0
143.0
154.0
154.0
130.0
140.0
378.0
170.0
140.0
142.0
136.0
139.0
173.0
160.0
170.0
379.0
168.0
145.0
153.0
148.0
167.0
145.0
143.0
167.0
139.0
140.0
170.0
153.0
172.0
164.0
155.0
135.0
140.0
404.0
137.0
141.0
420.0
160.0
159.0
141.0
172.0
138.0
133.0
144.0
140.0
143.0
464.0
166.0
151.0
157.0
167.0
150.0
146.0
143.0
133.0
159.0
174.0
144.0
158.0
165.0
161.0
159.0
143.0
132.0
440.0
158.0
138.0
146.0
135.0
148.0
177.0
149.0
149.0
141.0
426.0
138.0
487.0
158.0
461.0
417.0
474.0
392.0
441.0
403.0
459.0
459.0
456.0
160.0
156.0
143.0
131.0
141.0
139.0
148.0
144.0
172.0
166.0
201.0
176.0
168.0
367.0
162.0
138.0
159.0
165.0
176.0
134.0
135.0
148.0
161.0
149.0
153.0
170.0
147.0
393.0
171.0
146.0
152.0
172.0
171.0
166.0
167.0
157.0
368.0
137.0
166.0
151.0
146.0
133.0
158.0
173.0
163.0
149.0
155.0
138.0
148.0
144.0
136.0
139.0
118.0
172.0
412.0
155.0
174.0
394.0
167.0
137.0
156.0
156.0
140.0
158.0
133.0
158.0
161.0
424.0
151.0
130.0
144.0
135.0
165.0
156.0
171.0
165.0
177.0
137.0
166.0
161.0
152.0
157.0
162.0
114.0
135.0
424.0
153.0
163.0
136.0
138.0
131.0
155.0
141.0
142.0
153.0
461.0
166.0
486.0
176.0
392.0
367.0
445.0
423.0
383.0
416.0
426.0
445.0
380.0
166.0
153.0
137.0
148.0
174.0
162.0
168.0
158.0
158.0
165.0
191.0
166.0
135.0
470.0
147.0
165.0
148.0
146.0
164.0
159.0
144.0
174.0
136.0
141.0
162.0
167.0
159.0
364.0
163.0
142.0
157.0
144.0
137.0
150.0
145.0
167.0
384.0
168.0
134.0
169.0
131.0
131.0
155.0
145.0
148.0
168.0
173.0
172.0
132.0
144.0
145.0
151.0
146.0
162.0
469.0
143.0
160.0
460.0
133.0
138.0
136.0
160.0
140.0
149.0
148.0
144.0
173.0
438.0
172.0
166.0
146.0
149.0
162.0
170.0
157.0
149.0
137.0
169.0
159.0
149.0
172.0
163.0
159.0
151.0
152.0
452.0
131.0
131.0
153.0
162.0
133.0
166.0
145.0
136.0
174.0
392.0
168.0
398.0
152.0
376.0
393.0
439.0
468.0
386.0
466.0
427.0
401.0
470.0
140.0
136.0
142.0
152.0
142.0
165.0
175.0
172.0
135.0
170.0
161.0
159.0
142.0
405.0
173.0
176.0
132.0
157.0
174.0
156.0
175.0
174.0
158.0
132.0
164.0
176.0
131.0
450.0
149.0
176.0
142.0
169.0
134.0
131.0
156.0
162.0
376.0
167.0
161.0
150.0
162.0
156.0
132.0
136.0
149.0
150.0
173.0
164.0
142.0
161.0
150.0
170.0
133.0
168.0
487.0
170.0
147.0
487.0
133.0
162.0
158.0
139.0
131.0
159.0
175.0
151.0
136.0
419.0
137.0
169.0
137.0
174.0
176.0
141.0
172.0
139.0
170.0
144.0
150.0
135.0
138.0
152.0
152.0
138.0
154.0
473.0
139.0
146.0
160.0
138.0
146.0
165.0
149.0
143.0
144.0
473.0
166.0
433.0
155.0
438.0
474.0
385.0
488.0
400.0
481.0
474.0
418.0
422.0
176.0
149.0
173.0
176.0
139.0
131.0
136.0
139.0
134.0
206.0
162.0
137.0
153.0
457.0
170.0
166.0
172.0
145.0
168.0
136.0
140.0
132.0
148.0
171.0
149.0
168.0
162.0
432.0
143.0
171.0
169.0
134.0
166.0
167.0
176.0
148.0
375.0
165.0
155.0
174.0
165.0
161.0
168.0
146.0
152.0
150.0
130.0
150.0
137.0
165.0
154.0
160.0
145.0
176.0
393.0
158.0
170.0
367.0
134.0
147.0
134.0
149.0
169.0
151.0
164.0
161.0
147.0
392.0
172.0
134.0
166.0
132.0
144.0
150.0
139.0
171.0
161.0
157.0
170.0
167.0
148.0
175.0
152.0
137.0
174.0
376.0
165.0
174.0
132.0
175.0
136.0
161.0
144.0
164.0
164.0
425.0
174.0
488.0
131.0
455.0
491.0
363.0
494.0
487.0
485.0
406.0
449.0
385.0
167.0
140.0
175.0
168.0
169.0
167.0
130.0
172.0
164.0
175.0
188.0
162.0
163.0
364.0
176.0
131.0
134.0
162.0
147.0
142.0
137.0
169.0
134.0
171.0
135.0
151.0
155.0
478.0
137.0
158.0
164.0
161.0
137.0
176.0
153.0
170.0
489.0
134.0
159.0
146.0
143.0
166.0
167.0
162.0
152.0
155.0
132.0
145.0
165.0
149.0
144.0
159.0
142.0
138.0
493.0
137.0
154.0
364.0
167.0
148.0
175.0
132.0
138.0
143.0
167.0
144.0
144.0
404.0
146.0
140.0
136.0
158.0
161.0
146.0
137.0
145.0
172.0
142.0
130.0
140.0
165.0
162.0
162.0
134.0
168.0
389.0
149.0
174.0
166.0
147.0
145.0
173.0
164.0
162.0
134.0
494.0
148.0
393.0
171.0
495.0
469.0
437.0
446.0
414.0
473.0
385.0
485.0
383.0
152.0
169.0
170.0
159.0
165.0
157.0
144.0
171.0
135.0
204.0
173.0
131.0
176.0
466.0
172.0
141.0
146.0
140.0
172.0
148.0
147.0
166.0
148.0
167.0
147.0
137.0
156.0
392.0
166.0
163.0
151.0
149.0
163.0
150.0
172.0
147.0
459.0
175.0
166.0
161.0
138.0
164.0
140.0
138.0
165.0
167.0
155.0
134.0
139.0
159.0
146.0
135.0
151.0
152.0
469.0
133.0
145.0
379.0
161.0
168.0
149.0
145.0
147.0
150.0
137.0
137.0
170.0
444.0
172.0
176.0
147.0
166.0
146.0
169.0
162.0
164.0
139.0
154.0
151.0
162.0
141.0
157.0
156.0
132.0
137.0
363.0
167.0
147.0
144.0
140.0
137.0
160.0
169.0
172.0
156.0
406.0
147.0
457.0
167.0
425.0
460.0
449.0
387.0
422.0
463.0
484.0
480.0
490.0
131.0
148.0
139.0
135.0
173.0
136.0
134.0
132.0
164.0
187.0
199.0
167.0
139.0
412.0
160.0
156.0
137.0
141.0
139.0
152.0
132.0
168.0
143.0
151.0
137.0
149.0
135.0
473.0
148.0
159.0
150.0
169.0
154.0
156.0
159.0
135.0
412.0
134.0
175.0
174.0
146.0
165.0
143.0
157.0
144.0
143.0
137.0
137.0
157.0
165.0
169.0
176.0
150.0
167.0
397.0
133.0
146.0
429.0
172.0
151.0
133.0
130.0
146.0
145.0
159.0
154.0
174.0
412.0
145.0
161.0
161.0
159.0
158.0
152.0
141.0
163.0
143.0
170.0
142.0
153.0
154.0
170.0
146.0
124.0
130.0
374.0
141.0
145.0
176.0
164.0
136.0
167.0
156.0
138.0
138.0
378.0
172.0
431.0
163.0
388.0
381.0
488.0
382.0
400.0
487.0
372.0
470.0
400.0
142.0
164.0
177.0
151.0
152.0
156.0
177.0
164.0
146.0
198.0
165.0
142.0
134.0
466.0
146.0
167.0
156.0
167.0
131.0
177.0
159.0
141.0
173.0
177.0
174.0
151.0
176.0
421.0
167.0
158.0
175.0
141.0
165.0
172.0
177.0
149.0
392.0
131.0
154.0
172.0
143.0
145.0
166.0
151.0
140.0
172.0
175.0
149.0
164.0
155.0
154.0
153.0
144.0
138.0
366.0
167.0
154.0
449.0
142.0
150.0
155.0
145.0
158.0
163.0
168.0
140.0
151.0
448.0
166.0
133.0
133.0
148.0
148.0
156.0
132.0
159.0
149.0
146.0
150.0
137.0
164.0
165.0
171.0
125.0
137.0
400.0
174.0
169.0
152.0
153.0
162.0
174.0
159.0
148.0
161.0
450.0
176.0
473.0
136.0
494.0
411.0
446.0
404.0
386.0
428.0
473.0
467.0
372.0
138.0
175.0
135.0
157.0
142.0
170.0
130.0
132.0
142.0
179.0
156.0
130.0
136.0
485.0
157.0
156.0
151.0
139.0
132.0
149.0
146.0
170.0
153.0
143.0
157.0
150.0
150.0
397.0
165.0
138.0
151.0
144.0
161.0
160.0
154.0
170.0
370.0
175.0
150.0
149.0
151.0
136.0
147.0
152.0
162.0
153.0
176.0
144.0
158.0
134.0
165.0
134.0
135.0
167.0
449.0
172.0
144.0
416.0
138.0
134.0
159.0
175.0
135.0
154.0
157.0
175.0
133.0
400.0
176.0
147.0
145.0
131.0
173.0
159.0
147.0
137.0
138.0
167.0
157.0
136.0
161.0
164.0
167.0
124.0
176.0
378.0
150.0
144.0
166.0
143.0
168.0
137.0
174.0
149.0
157.0
368.0
139.0
447.0
150.0
472.0
494.0
381.0
449.0
480.0
457.0
481.0
383.0
394.0
154.0
176.0
167.0
153.0
150.0
165.0
144.0
155.0
151.0
197.0
174.0
158.0
162.0
375.0
145.0
154.0
176.0
133.0
151.0
133.0
155.0
134.0
142.0
160.0
141.0
156.0
134.0
474.0
171.0
175.0
154.0
167.0
155.0
151.0
169.0
172.0
474.0
140.0
158.0
163.0
157.0
171.0
169.0
132.0
133.0
163.0
142.0
145.0
148.0
151.0
130.0
132.0
122.0
174.0
422.0
157.0
131.0
452.0
135.0
138.0
143.0
150.0
169.0
137.0
176.0
140.0
162.0
405.0
131.0
141.0
137.0
166.0
162.0
169.0
173.0
157.0
153.0
146.0
171.0
146.0
145.0
152.0
149.0
119.0
162.0
438.0
132.0
168.0
171.0
173.0
177.0
134.0
170.0
133.0
141.0
452.0
160.0
425.0
135.0
481.0
406.0
410.0
439.0
388.0
465.0
407.0
433.0
406.0
175.0
139.0
137.0
154.0
147.0
133.0
160.0
133.0
176.0
189.0
171.0
142.0
157.0
434.0
171.0
144.0
153.0
142.0
156.0
131.0
141.0
139.0
168.0
145.0
149.0
141.0
167.0
429.0
160.0
160.0
156.0
139.0
130.0
168.0
166.0
151.0
455.0
157.0
155.0
140.0
131.0
164.0
169.0
136.0
138.0
138.0
164.0
153.0
135.0
162.0
146.0
170.0
135.0
158.0
403.0
152.0
137.0
376.0
174.0
167.0
172.0
137.0
160.0
145.0
165.0
164.0
140.0
489.0
130.0
152.0
170.0
152.0
154.0
156.0
145.0
156.0
134.0
147.0
153.0
175.0
166.0
160.0
130.0
124.0
155.0
457.0
132.0
171.0
169.0
143.0
152.0
142.0
174.0
175.0
151.0
455.0
169.0
364.0
166.0
446.0
440.0
461.0
393.0
450.0
492.0
480.0
483.0
492.0
130.0
136.0
130.0
176.0
153.0
166.0
164.0
155.0
133.0
201.0
178.0
142.0
132.0
464.0
138.0
167.0
132.0
145.0
155.0
160.0
156.0
164.0
154.0
145.0
145.0
152.0
146.0
373.0
170.0
171.0
132.0
168.0
131.0
150.0
135.0
154.0
438.0
152.0
154.0
141.0
143.0
144.0
173.0
135.0
165.0
163.0
137.0
150.0
149.0
145.0
153.0
144.0
145.0
152.0
422.0
164.0
167.0
408.0
168.0
130.0
151.0
156.0
157.0
171.0
161.0
165.0
158.0
444.0
147.0
152.0
144.0
138.0
149.0
158.0
166.0
138.0
147.0
175.0
174.0
173.0
133.0
142.0
172.0
124.0
143.0
364.0
151.0
168.0
139.0
142.0
143.0
143.0
177.0
152.0
162.0
490.0
168.0
442.0
146.0
365.0
422.0
412.0
487.0
463.0
487.0
396.0
429.0
492.0
164.0
160.0
152.0
142.0
136.0
141.0
147.0
135.0
140.0
189.0
168.0
153.0
154.0
465.0
153.0
168.0
164.0
139.0
131.0
149.0
173.0
134.0
142.0
160.0
160.0
137.0
139.0
428.0
155.0
143.0
158.0
149.0
138.0
159.0
136.0
139.0
437.0
163.0
160.0
165.0
162.0
173.0
165.0
133.0
148.0
161.0
140.0
132.0
169.0
168.0
167.0
155.0
147.0
150.0
410.0
137.0
176.0
454.0
167.0
157.0
137.0
159.0
160.0
139.0
157.0
134.0
168.0
469.0
150.0
130.0
154.0
136.0
154.0
175.0
156.0
165.0
143.0
150.0
147.0
159.0
155.0
151.0
155.0
123.0
135.0
417.0
167.0
152.0
168.0
146.0
153.0
148.0
131.0
166.0
149.0
424.0
142.0
367.0
170.0
363.0
471.0
474.0
492.0
470.0
401.0
387.0
426.0
392.0
152.0
173.0
132.0
168.0
137.0
171.0
150.0
162.0
159.0
155.0
199.0
143.0
167.0
419.0
135.0
133.0
162.0
140.0
167.0
143.0
141.0
169.0
140.0
132.0
172.0
171.0
137.0
404.0
153.0
164.0
146.0
139.0
132.0
164.0
153.0
133.0
372.0
174.0
140.0
146.0
177.0
132.0
131.0
161.0
174.0
167.0
152.0
177.0
130.0
135.0
171.0
136.0
113.0
166.0
417.0
134.0
174.0
391.0
149.0
167.0
149.0
130.0
133.0
171.0
175.0
169.0
137.0
442.0
166.0
140.0
137.0
135.0
152.0
144.0
130.0
151.0
158.0
144.0
155.0
147.0
145.0
159.0
130.0
133.0
171.0
429.0
155.0
165.0
146.0
175.0
143.0
153.0
143.0
141.0
160.0
437.0
134.0
373.0
165.0
472.0
484.0
416.0
389.0
426.0
479.0
426.0
466.0
487.0
157.0
150.0
149.0
163.0
145.0
160.0
166.0
152.0
159.0
192.0
171.0
157.0
163.0
461.0
161.0
146.0
140.0
131.0
142.0
136.0
139.0
163.0
142.0
176.0
146.0
177.0
174.0
386.0
168.0
157.0
157.0
145.0
135.0
163.0
146.0
147.0
377.0
137.0
132.0
132.0
169.0
155.0
141.0
158.0
169.0
141.0
162.0
151.0
144.0
166.0
140.0
156.0
114.0
173.0
489.0
157.0
135.0
450.0
158.0
163.0
155.0
146.0
175.0
141.0
173.0
147.0
165.0
377.0
145.0
173.0
132.0
171.0
167.0
136.0
147.0
171.0
163.0
165.0
168.0
157.0
159.0
145.0
135.0
133.0
149.0
407.0
153.0
131.0
153.0
173.0
139.0
169.0
133.0
174.0
169.0
399.0
138.0
465.0
144.0
444.0
376.0
481.0
406.0
458.0
438.0
389.0
436.0
368.0
160.0
159.0
171.0
169.0
143.0
151.0
163.0
170.0
130.0
188.0
198.0
134.0
134.0
438.0
151.0
137.0
140.0
148.0
151.0
158.0
161.0
176.0
175.0
131.0
134.0
169.0
168.0
492.0
131.0
156.0
150.0
168.0
140.0
173.0
136.0
131.0
417.0
150.0
133.0
135.0
161.0
131.0
148.0
149.0
166.0
143.0
171.0
159.0
159.0
135.0
154.0
145.0
138.0
143.0
479.0
151.0
154.0
457.0
171.0
140.0
169.0
157.0
149.0
152.0
146.0
169.0
139.0
399.0
142.0
152.0
157.0
135.0
144.0
165.0
176.0
135.0
166.0
134.0
166.0
131.0
164.0
154.0
136.0
121.0
132.0
462.0
159.0
155.0
141.0
150.0
144.0
164.0
153.0
169.0
164.0
430.0
143.0
404.0
139.0
438.0
380.0
408.0
480.0
419.0
487.0
446.0
481.0
397.0
161.0
174.0
145.0
161.0
170.0
150.0
175.0
137.0
150.0
193.0
154.0
174.0
162.0
389.0
147.0
131.0
150.0
156.0
151.0
133.0
164.0
155.0
164.0
142.0
156.0
171.0
135.0
489.0
165.0
161.0
173.0
152.0
151.0
140.0
155.0
162.0
397.0
164.0
130.0
157.0
174.0
150.0
149.0
172.0
131.0
135.0
171.0
148.0
130.0
139.0
157.0
154.0
140.0
150.0
481.0
158.0
137.0
426.0
161.0
151.0
132.0
151.0
146.0
145.0
156.0
144.0
147.0
461.0
136.0
168.0
176.0
136.0
153.0
146.0
147.0
167.0
133.0
164.0
137.0
148.0
152.0
172.0
130.0
149.0
167.0
397.0
147.0
141.0
168.0
163.0
151.0
177.0
150.0
169.0
132.0
366.0
172.0
370.0
162.0
430.0
443.0
387.0
365.0
386.0
452.0
483.0
370.0
445.0
146.0
153.0
135.0
150.0
134.0
136.0
158.0
161.0
177.0
158.0
171.0
169.0
160.0
456.0
168.0
160.0
162.0
146.0
152.0
170.0
169.0
148.0
145.0
139.0
170.0
173.0
174.0
398.0
171.0
176.0
132.0
156.0
139.0
149.0
142.0
145.0
382.0
135.0
138.0
173.0
170.0
149.0
163.0
155.0
177.0
172.0
157.0
169.0
172.0
165.0
163.0
162.0
123.0
166.0
376.0
133.0
130.0
388.0
137.0
165.0
139.0
145.0
150.0
152.0
163.0
150.0
163.0
458.0
174.0
152.0
157.0
138.0
150.0
156.0
174.0
152.0
157.0
147.0
134.0
176.0
149.0
160.0
150.0
137.0
164.0
464.0
173.0
177.0
146.0
173.0
164.0
141.0
161.0
141.0
169.0
421.0
167.0
379.0
142.0
457.0
479.0
443.0
457.0
470.0
416.0
403.0
390.0
414.0
147.0
149.0
143.0
177.0
176.0
172.0
132.0
148.0
141.0
184.0
189.0
176.0
139.0
385.0
150.0
138.0
130.0
176.0
150.0
147.0
139.0
134.0
152.0
146.0
151.0
148.0
155.0
442.0
131.0
149.0
147.0
134.0
164.0
139.0
160.0
170.0
447.0
140.0
163.0
176.0
152.0
157.0
148.0
161.0
177.0
164.0
165.0
148.0
176.0
148.0
132.0
149.0
136.0
155.0
429.0
137.0
142.0
434.0
135.0
141.0
140.0
135.0
132.0
177.0
151.0
134.0
142.0
370.0
173.0
164.0
141.0
135.0
167.0
167.0
139.0
175.0
148.0
162.0
172.0
155.0
136.0
147.0
134.0
134.0
157.0
472.0
148.0
163.0
137.0
145.0
162.0
171.0
155.0
161.0
157.0
454.0
163.0
416.0
171.0
390.0
453.0
418.0
398.0
469.0
386.0
430.0
416.0
416.0
136.0
169.0
172.0
165.0
131.0
150.0
161.0
136.0
158.0
153.0
202.0
134.0
133.0
487.0
158.0
161.0
143.0
172.0
138.0
150.0
136.0
166.0
174.0
155.0
145.0
166.0
142.0
479.0
149.0
166.0
152.0
171.0
144.0
148.0
158.0
132.0
385.0
140.0
154.0
149.0
139.0
146.0
160.0
152.0
143.0
135.0
150.0
141.0
152.0
163.0
168.0
163.0
147.0
162.0
440.0
149.0
163.0
382.0
151.0
154.0
173.0
171.0
135.0
175.0
136.0
147.0
162.0
492.0
133.0
131.0
138.0
131.0
168.0
165.0
132.0
162.0
142.0
160.0
131.0
148.0
171.0
159.0
147.0
140.0
157.0
382.0
162.0
173.0
139.0
154.0
130.0
165.0
177.0
176.0
142.0
446.0
138.0
384.0
161.0
373.0
399.0
414.0
478.0
441.0
363.0
430.0
426.0
449.0
167.0
171.0
151.0
146.0
133.0
143.0
156.0
175.0
151.0
158.0
201.0
145.0
164.0
465.0
175.0
132.0
162.0
155.0
135.0
162.0
143.0
134.0
131.0
150.0
149.0
156.0
162.0
392.0
148.0
160.0
138.0
176.0
175.0
143.0
133.0
158.0
424.0
134.0
134.0
164.0
143.0
176.0
160.0
162.0
170.0
152.0
144.0
168.0
173.0
172.0
141.0
144.0
140.0
174.0
385.0
139.0
138.0
364.0
151.0
177.0
159.0
154.0
147.0
153.0
141.0
130.0
158.0
384.0
145.0
156.0
158.0
162.0
151.0
141.0
140.0
143.0
161.0
139.0
175.0
173.0
149.0
171.0
152.0
135.0
175.0
418.0
151.0
135.0
148.0
133.0
172.0
157.0
157.0
147.0
139.0
459.0
152.0
410.0
132.0
404.0
466.0
367.0
451.0
404.0
363.0
481.0
466.0
399.0
177.0
138.0
170.0
140.0
172.0
137.0
134.0
131.0
133.0
197.0
167.0
134.0
134.0
411.0
158.0
163.0
141.0
168.0
171.0
155.0
173.0
145.0
173.0
130.0
175.0
133.0
176.0
436.0
161.0
133.0
148.0
135.0
143.0
167.0
175.0
137.0
488.0
174.0
164.0
138.0
151.0
148.0
130.0
163.0
151.0
147.0
133.0
163.0
168.0
147.0
159.0
155.0
124.0
137.0
365.0
150.0
169.0
370.0
138.0
141.0
170.0
153.0
176.0
136.0
163.0
136.0
142.0
383.0
137.0
149.0
151.0
132.0
177.0
177.0
136.0
162.0
172.0
174.0
166.0
133.0
163.0
132.0
164.0
138.0
168.0
477.0
163.0
156.0
150.0
164.0
131.0
161.0
163.0
132.0
153.0
375.0
139.0
429.0
172.0
404.0
374.0
398.0
472.0
452.0
375.0
447.0
390.0
431.0
133.0
171.0
134.0
173.0
157.0
169.0
159.0
165.0
136.0
196.0
193.0
161.0
167.0
447.0
149.0
136.0
139.0
144.0
171.0
161.0
151.0
174.0
131.0
169.0
145.0
146.0
173.0
456.0
161.0
172.0
174.0
176.0
174.0
149.0
153.0
159.0
418.0
139.0
169.0
176.0
155.0
133.0
150.0
170.0
176.0
168.0
146.0
152.0
131.0
133.0
131.0
130.0
150.0
165.0
373.0
155.0
155.0
365.0
142.0
170.0
139.0
153.0
137.0
157.0
165.0
166.0
149.0
394.0
154.0
163.0
133.0
154.0
169.0
139.0
161.0
157.0
137.0
137.0
130.0
157.0
165.0
169.0
176.0
122.0
131.0
372.0
157.0
153.0
152.0
168.0
131.0
152.0
165.0
175.0
172.0
389.0
136.0
452.0
148.0
382.0
426.0
425.0
393.0
485.0
418.0
445.0
472.0
396.0
157.0
132.0
167.0
173.0
168.0
151.0
167.0
134.0
171.0
175.0
167.0
152.0
175.0
480.0
174.0
133.0
132.0
173.0
150.0
156.0
134.0
172.0
133.0
152.0
147.0
164.0
151.0
468.0
148.0
138.0
177.0
161.0
160.0
170.0
146.0
134.0
432.0
154.0
160.0
142.0
159.0
136.0
138.0
152.0
132.0
160.0
145.0
171.0
150.0
169.0
142.0
165.0
112.0
167.0
388.0
162.0
156.0
405.0
134.0
140.0
152.0
159.0
168.0
155.0
172.0
152.0
156.0
405.0
136.0
176.0
172.0
134.0
141.0
177.0
157.0
144.0
173.0
138.0
139.0
145.0
174.0
150.0
137.0
143.0
165.0
470.0
162.0
134.0
176.0
145.0
170.0
145.0
133.0
141.0
159.0
382.0
137.0
476.0
158.0
369.0
471.0
455.0
367.0
365.0
464.0
453.0
371.0
375.0
177.0
168.0
142.0
158.0
147.0
143.0
142.0
136.0
158.0
155.0
190.0
151.0
175.0
426.0
165.0
171.0
147.0
148.0
152.0
166.0
149.0
156.0
131.0
149.0
167.0
172.0
168.0
387.0
137.0
148.0
156.0
167.0
174.0
164.0
173.0
139.0
387.0
142.0
130.0
141.0
148.0
166.0
153.0
147.0
147.0
166.0
135.0
160.0
142.0
170.0
137.0
139.0
149.0
140.0
454.0
167.0
142.0
460.0
139.0
170.0
149.0
143.0
145.0
165.0
161.0
145.0
144.0
414.0
163.0
139.0
140.0
133.0
152.0
172.0
164.0
174.0
158.0
174.0
163.0
137.0
152.0
159.0
138.0
127.0
143.0
379.0
172.0
145.0
152.0
171.0
148.0
133.0
158.0
133.0
134.0
387.0
150.0
488.0
148.0
475.0
369.0
397.0
379.0
443.0
464.0
452.0
398.0
390.0
159.0
130.0
160.0
132.0
154.0
140.0
172.0
168.0
148.0
196.0
171.0
155.0
166.0
482.0
174.0
133.0
169.0
155.0
175.0
169.0
169.0
142.0
170.0
135.0
136.0
159.0
149.0
419.0
168.0
131.0
145.0
168.0
177.0
173.0
156.0
162.0
471.0
146.0
152.0
138.0
152.0
149.0
138.0
161.0
158.0
130.0
165.0
172.0
148.0
131.0
155.0
145.0
144.0
171.0
407.0
135.0
168.0
479.0
140.0
140.0
164.0
139.0
149.0
145.0
174.0
169.0
155.0
449.0
160.0
148.0
173.0
169.0
139.0
149.0
131.0
150.0
156.0
149.0
177.0
173.0
161.0
131.0
171.0
145.0
163.0
467.0
143.0
164.0
167.0
163.0
139.0
142.0
145.0
143.0
153.0
363.0
145.0
483.0
136.0
405.0
383.0
480.0
379.0
405.0
445.0
494.0
372.0
415.0
150.0
172.0
147.0
145.0
142.0
162.0
159.0
155.0
146.0
155.0
153.0
146.0
164.0
394.0
154.0
131.0
134.0
162.0
172.0
136.0
162.0
163.0
153.0
146.0
155.0
139.0
174.0
489.0
143.0
163.0
130.0
157.0
138.0
150.0
171.0
161.0
490.0
146.0
171.0
140.0
174.0
136.0
172.0
144.0
143.0
165.0
174.0
164.0
142.0
164.0
149.0
162.0
125.0
164.0
405.0
141.0
171.0
482.0
134.0
144.0
139.0
172.0
136.0
173.0
130.0
156.0
133.0
419.0
168.0
132.0
151.0
164.0
142.0
159.0
135.0
156.0
133.0
133.0
166.0
165.0
167.0
136.0
143.0
142.0
144.0
485.0
173.0
169.0
145.0
148.0
148.0
164.0
169.0
142.0
145.0
483.0
151.0
369.0
175.0
432.0
376.0
376.0
450.0
436.0
441.0
441.0
492.0
366.0
166.0
139.0
176.0
141.0
151.0
158.0
143.0
140.0
150.0
171.0
165.0
172.0
133.0
410.0
157.0
175.0
144.0
151.0
136.0
132.0
141.0
149.0
131.0
169.0
152.0
158.0
156.0
408.0
166.0
143.0
166.0
145.0
134.0
165.0
140.0
162.0
470.0
143.0
164.0
134.0
147.0
153.0
170.0
157.0
146.0
150.0
152.0
156.0
141.0
153.0
166.0
147.0
133.0
146.0
416.0
164.0
169.0
486.0
169.0
150.0
138.0
155.0
168.0
137.0
171.0
158.0
166.0
404.0
143.0
147.0
151.0
139.0
159.0
132.0
134.0
131.0
153.0
156.0
176.0
154.0
172.0
150.0
137.0
112.0
167.0
414.0
165.0
158.0
156.0
146.0
171.0
146.0
172.0
146.0
157.0
478.0
132.0
399.0
161.0
467.0
386.0
438.0
488.0
453.0
440.0
390.0
489.0
475.0
132.0
161.0
133.0
163.0
138.0
165.0
174.0
164.0
171.0
171.0
169.0
149.0
144.0
423.0
170.0
150.0
159.0
149.0
158.0
133.0
164.0
160.0
163.0
160.0
162.0
162.0
144.0
426.0
155.0
147.0
142.0
162.0
159.0
135.0
172.0
153.0
442.0
176.0
155.0
151.0
135.0
170.0
130.0
141.0
142.0
167.0
164.0
142.0
164.0
160.0
158.0
177.0
118.0
144.0
422.0
166.0
176.0
377.0
143.0
172.0
165.0
158.0
157.0
163.0
134.0
141.0
165.0
396.0
153.0
140.0
138.0
164.0
141.0
175.0
153.0
167.0
177.0
144.0
138.0
142.0
144.0
164.0
154.0
121.0
173.0
388.0
143.0
133.0
136.0
148.0
146.0
135.0
149.0
135.0
144.0
386.0
156.0
489.0
137.0
474.0
471.0
445.0
480.0
417.0
429.0
438.0
368.0
473.0
160.0
175.0
168.0
137.0
138.0
159.0
149.0
134.0
162.0
158.0
175.0
173.0
145.0
456.0
160.0
166.0
167.0
175.0
162.0
177.0
146.0
137.0
169.0
139.0
147.0
177.0
159.0
365.0
162.0
134.0
163.0
175.0
167.0
136.0
133.0
158.0
494.0
133.0
162.0
141.0
156.0
139.0
175.0
160.0
163.0
153.0
136.0
148.0
135.0
146.0
171.0
137.0
116.0
146.0
467.0
168.0
162.0
396.0
136.0
148.0
132.0
169.0
145.0
170.0
159.0
146.0
143.0
442.0
137.0
141.0
175.0
137.0
169.0
157.0
173.0
139.0
152.0
172.0
154.0
132.0
165.0
146.0
172.0
125.0
168.0
386.0
145.0
145.0
137.0
132.0
137.0
137.0
156.0
158.0
153.0
368.0
172.0
442.0
165.0
385.0
487.0
376.0
389.0
463.0
395.0
463.0
392.0
435.0
175.0
143.0
146.0
169.0
135.0
146.0
167.0
152.0
167.0
201.0
155.0
130.0
132.0
385.0
149.0
142.0
161.0
143.0
162.0
143.0
176.0
130.0
161.0
165.0
152.0
134.0
164.0
471.0
169.0
143.0
169.0
144.0
159.0
170.0
177.0
143.0
466.0
158.0
154.0
139.0
164.0
174.0
175.0
145.0
153.0
140.0
154.0
157.0
156.0
142.0
140.0
137.0
149.0
146.0
399.0
166.0
167.0
435.0
137.0
158.0
134.0
135.0
160.0
137.0
133.0
136.0
164.0
383.0
154.0
164.0
133.0
148.0
165.0
151.0
148.0
149.0
156.0
132.0
137.0
146.0
131.0
133.0
145.0
134.0
148.0
429.0
170.0
142.0
171.0
144.0
158.0
143.0
172.0
147.0
158.0
429.0
135.0
430.0
164.0
455.0
390.0
398.0
422.0
461.0
419.0
475.0
383.0
454.0
142.0
143.0
134.0
164.0
160.0
169.0
136.0
145.0
169.0
156.0
190.0
141.0
160.0
389.0
156.0
159.0
160.0
160.0
165.0
175.0
165.0
164.0
136.0
147.0
131.0
143.0
167.0
407.0
169.0
143.0
153.0
146.0
158.0
174.0
136.0
146.0
449.0
168.0
166.0
161.0
148.0
170.0
138.0
147.0
131.0
158.0
177.0
147.0
140.0
161.0
137.0
168.0
123.0
152.0
494.0
141.0
149.0
456.0
143.0
131.0
154.0
139.0
134.0
168.0
156.0
170.0
137.0
475.0
135.0
176.0
143.0
161.0
176.0
150.0
170.0
149.0
176.0
174.0
148.0
170.0
131.0
168.0
135.0
138.0
142.0
475.0
151.0
160.0
130.0
135.0
143.0
135.0
158.0
173.0
139.0
422.0
140.0
399.0
143.0
415.0
475.0
428.0
473.0
488.0
408.0
445.0
411.0
469.0
155.0
142.0
165.0
153.0
130.0
159.0
176.0
170.0
157.0
153.0
187.0
157.0
172.0
363.0
142.0
169.0
165.0
133.0
159.0
173.0
164.0
149.0
163.0
139.0
156.0
145.0
157.0
380.0
132.0
135.0
157.0
139.0
167.0
163.0
158.0
146.0
464.0
144.0
146.0
134.0
150.0
156.0
165.0
149.0
149.0
156.0
173.0
168.0
141.0
140.0
161.0
167.0
125.0
173.0
478.0
132.0
165.0
445.0
165.0
146.0
155.0
172.0
155.0
172.0
176.0
135.0
136.0
448.0
152.0
144.0
131.0
174.0
151.0
136.0
133.0
138.0
144.0
130.0
140.0
164.0
130.0
146.0
144.0
114.0
148.0
414.0
153.0
172.0
170.0
151.0
164.0
166.0
136.0
169.0
156.0
432.0
151.0
429.0
134.0
404.0
489.0
473.0
375.0
403.0
447.0
365.0
372.0
405.0
166.0
141.0
145.0
165.0
160.0
147.0
136.0
163.0
152.0
154.0
178.0
143.0
141.0
377.0
130.0
139.0
134.0
140.0
139.0
152.0
166.0
158.0
174.0
153.0
166.0
149.0
170.0
369.0
151.0
155.0
145.0
136.0
149.0
145.0
163.0
135.0
421.0
165.0
150.0
138.0
147.0
132.0
134.0
175.0
140.0
171.0
144.0
156.0
161.0
144.0
147.0
149.0
141.0
150.0
462.0
132.0
136.0
409.0
176.0
152.0
168.0
162.0
160.0
143.0
144.0
131.0
138.0
441.0
149.0
172.0
137.0
175.0
131.0
141.0
172.0
150.0
134.0
145.0
154.0
147.0
131.0
164.0
143.0
147.0
146.0
459.0
148.0
140.0
134.0
145.0
152.0
169.0
137.0
159.0
130.0
407.0
132.0
406.0
172.0
380.0
406.0
471.0
365.0
369.0
461.0
432.0
469.0
415.0
138.0
132.0
165.0
150.0
151.0
139.0
154.0
169.0
173.0
187.0
174.0
176.0
148.0
478.0
163.0
173.0
151.0
137.0
163.0
147.0
168.0
131.0
148.0
143.0
166.0
159.0
152.0
442.0
133.0
153.0
139.0
146.0
169.0
133.0
150.0
138.0
388.0
176.0
134.0
133.0
132.0
132.0
137.0
162.0
159.0
176.0
151.0
156.0
140.0
150.0
144.0
148.0
122.0
137.0
442.0
166.0
136.0
488.0
166.0
145.0
171.0
172.0
166.0
133.0
154.0
150.0
142.0
407.0
161.0
144.0
149.0
171.0
161.0
145.0
169.0
156.0
140.0
157.0
174.0
137.0
158.0
141.0
161.0
149.0
164.0
445.0
175.0
131.0
161.0
162.0
177.0
134.0
148.0
139.0
165.0
388.0
166.0
447.0
144.0
417.0
407.0
372.0
410.0
426.0
376.0
455.0
416.0
401.0
153.0
131.0
171.0
140.0
145.0
166.0
177.0
158.0
136.0
190.0
170.0
165.0
154.0
402.0
134.0
152.0
143.0
133.0
169.0
165.0
146.0
146.0
175.0
139.0
170.0
144.0
145.0
446.0
133.0
169.0
167.0
150.0
162.0
166.0
150.0
171.0
473.0
174.0
173.0
155.0
133.0
152.0
133.0
147.0
164.0
156.0
172.0
140.0
157.0
132.0
140.0
159.0
115.0
163.0
367.0
146.0
132.0
448.0
139.0
135.0
164.0
148.0
165.0
134.0
172.0
163.0
146.0
421.0
141.0
135.0
150.0
131.0
171.0
156.0
137.0
159.0
144.0
172.0
136.0
169.0
168.0
171.0
160.0
118.0
135.0
374.0
165.0
172.0
174.0
175.0
151.0
142.0
161.0
154.0
131.0
402.0
144.0
477.0
173.0
484.0
408.0
423.0
365.0
490.0
435.0
424.0
369.0
376.0
140.0
132.0
155.0
135.0
175.0
139.0
152.0
161.0
164.0
177.0
197.0
165.0
168.0
469.0
135.0
153.0
131.0
149.0
142.0
163.0
176.0
171.0
131.0
155.0
165.0
159.0
158.0
422.0
171.0
139.0
171.0
164.0
153.0
156.0
165.0
159.0
430.0
176.0
160.0
173.0
155.0
174.0
148.0
144.0
139.0
131.0
171.0
173.0
150.0
168.0
139.0
175.0
116.0
152.0
386.0
144.0
169.0
385.0
158.0
142.0
149.0
166.0
147.0
145.0
137.0
142.0
153.0
397.0
156.0
137.0
165.0
165.0
150.0
151.0
138.0
170.0
176.0
139.0
131.0
164.0
133.0
157.0
153.0
127.0
171.0
370.0
156.0
152.0
165.0
138.0
130.0
148.0
156.0
165.0
173.0
383.0
144.0
484.0
152.0
473.0
453.0
493.0
365.0
436.0
448.0
375.0
423.0
396.0
144.0
141.0
158.0
169.0
164.0
140.0
174.0
146.0
159.0
167.0
153.0
137.0
156.0
453.0
147.0
160.0
155.0
167.0
160.0
150.0
137.0
160.0
155.0
154.0
137.0
168.0
151.0
466.0
166.0
166.0
132.0
147.0
164.0
174.0
143.0
149.0
471.0
147.0
149.0
174.0
164.0
149.0
136.0
170.0
136.0
145.0
167.0
133.0
154.0
136.0
146.0
169.0
115.0
153.0
441.0
149.0
171.0
409.0
165.0
155.0
168.0
162.0
149.0
157.0
140.0
149.0
154.0
400.0
149.0
146.0
171.0
151.0
169.0
134.0
141.0
171.0
146.0
167.0
134.0
157.0
153.0
139.0
160.0
115.0
158.0
487.0
163.0
134.0
146.0
150.0
147.0
131.0
136.0
172.0
159.0
422.0
137.0
453.0
155.0
452.0
391.0
459.0
427.0
475.0
451.0
457.0
423.0
492.0
173.0
146.0
161.0
151.0
151.0
132.0
171.0
150.0
149.0
181.0
157.0
134.0
170.0
417.0
156.0
140.0
160.0
168.0
152.0
134.0
148.0
142.0
148.0
156.0
164.0
169.0
156.0
416.0
142.0
175.0
163.0
173.0
157.0
151.0
161.0
168.0
412.0
175.0
143.0
142.0
152.0
141.0
138.0
153.0
147.0
164.0
152.0
139.0
161.0
165.0
151.0
167.0
120.0
158.0
487.0
142.0
134.0
395.0
160.0
137.0
169.0
147.0
166.0
169.0
134.0
139.0
174.0
392.0
139.0
173.0
172.0
152.0
176.0
138.0
160.0
151.0
161.0
149.0
130.0
172.0
135.0
153.0
167.0
134.0
155.0
445.0
174.0
177.0
146.0
149.0
155.0
150.0
172.0
173.0
143.0
488.0
139.0
479.0
133.0
392.0
488.0
394.0
448.0
391.0
425.0
487.0
415.0
451.0
143.0
162.0
132.0
149.0
147.0
165.0
151.0
155.0
164.0
171.0
153.0
148.0
141.0
371.0
143.0
152.0
144.0
151.0
169.0
130.0
165.0
155.0
152.0
168.0
162.0
175.0
149.0
392.0
166.0
146.0
161.0
176.0
157.0
151.0
147.0
164.0
424.0
165.0
142.0
164.0
167.0
143.0
165.0
176.0
149.0
171.0
142.0
170.0
141.0
142.0
171.0
169.0
139.0
150.0
410.0
177.0
158.0
428.0
175.0
153.0
130.0
166.0
177.0
170.0
168.0
167.0
161.0
384.0
130.0
163.0
170.0
144.0
145.0
133.0
160.0
168.0
146.0
171.0
140.0
133.0
141.0
159.0
173.0
145.0
132.0
451.0
166.0
146.0
175.0
135.0
133.0
165.0
168.0
167.0
143.0
490.0
135.0
433.0
163.0
478.0
400.0
424.0
456.0
406.0
446.0
365.0
399.0
484.0
151.0
134.0
141.0
133.0
142.0
145.0
148.0
155.0
134.0
189.0
189.0
154.0
143.0
423.0
156.0
175.0
136.0
165.0
169.0
161.0
153.0
168.0
138.0
150.0
139.0
173.0
140.0
386.0
159.0
154.0
138.0
171.0
132.0
175.0
167.0
167.0
455.0
139.0
169.0
139.0
139.0
163.0
171.0
164.0
139.0
134.0
140.0
172.0
149.0
135.0
145.0
157.0
112.0
156.0
477.0
146.0
150.0
436.0
164.0
134.0
174.0
161.0
174.0
144.0
151.0
177.0
169.0
449.0
150.0
160.0
167.0
141.0
131.0
148.0
140.0
148.0
160.0
133.0
176.0
163.0
157.0
141.0
174.0
113.0
158.0
492.0
160.0
156.0
145.0
133.0
152.0
165.0
176.0
168.0
143.0
420.0
174.0
386.0
165.0
377.0
469.0
381.0
483.0
466.0
420.0
406.0
422.0
433.0
163.0
149.0
169.0
145.0
131.0
163.0
144.0
168.0
143.0
166.0
179.0
133.0
133.0
471.0
165.0
163.0
174.0
132.0
130.0
159.0
168.0
158.0
150.0
140.0
164.0
169.0
130.0
397.0
159.0
155.0
146.0
151.0
171.0
158.0
173.0
137.0
464.0
175.0
158.0
145.0
134.0
171.0
152.0
145.0
158.0
147.0
169.0
132.0
164.0
163.0
134.0
171.0
131.0
175.0
404.0
133.0
160.0
366.0
131.0
170.0
133.0
130.0
163.0
135.0
171.0
141.0
154.0
425.0
144.0
167.0
154.0
155.0
138.0
144.0
174.0
173.0
162.0
132.0
133.0
169.0
139.0
176.0
162.0
128.0
148.0
364.0
148.0
152.0
159.0
163.0
133.0
134.0
159.0
143.0
150.0
463.0
169.0
427.0
136.0
367.0
469.0
481.0
405.0
385.0
461.0
420.0
407.0
484.0
177.0
150.0
172.0
159.0
130.0
147.0
135.0
136.0
136.0
166.0
164.0
146.0
144.0
373.0
155.0
146.0
152.0
172.0
153.0
152.0
141.0
159.0
154.0
156.0
132.0
149.0
172.0
424.0
138.0
139.0
149.0
160.0
133.0
173.0
169.0
134.0
457.0
144.0
131.0
141.0
150.0
147.0
176.0
143.0
131.0
136.0
176.0
149.0
143.0
176.0
176.0
160.0
151.0
154.0
446.0
145.0
152.0
412.0
166.0
157.0
131.0
131.0
136.0
175.0
147.0
143.0
157.0
426.0
169.0
156.0
142.0
162.0
141.0
162.0
157.0
138.0
170.0
137.0
146.0
172.0
133.0
167.0
138.0
130.0
150.0
399.0
166.0
159.0
142.0
149.0
136.0
138.0
131.0
149.0
169.0
488.0
145.0
380.0
176.0
382.0
468.0
477.0
368.0
462.0
449.0
477.0
428.0
440.0
151.0
139.0
167.0
177.0
149.0
138.0
156.0
157.0
149.0
190.0
181.0
145.0
142.0
370.0
171.0
174.0
137.0
149.0
134.0
150.0
145.0
152.0
136.0
135.0
134.0
151.0
170.0
437.0
134.0
146.0
131.0
150.0
146.0
164.0
172.0
166.0
407.0
140.0
168.0
155.0
141.0
165.0
169.0
151.0
135.0
152.0
159.0
134.0
162.0
139.0
173.0
151.0
145.0
143.0
405.0
156.0
138.0
433.0
158.0
159.0
138.0
169.0
136.0
149.0
167.0
132.0
157.0
477.0
149.0
160.0
170.0
146.0
168.0
141.0
133.0
158.0
142.0
172.0
165.0
176.0
136.0
161.0
161.0
144.0
144.0
488.0
137.0
151.0
156.0
169.0
157.0
144.0
173.0
175.0
160.0
440.0
171.0
484.0
136.0
484.0
468.0
418.0
484.0
490.0
433.0
398.0
487.0
446.0
176.0
136.0
151.0
153.0
147.0
166.0
137.0
160.0
143.0
203.0
179.0
174.0
171.0
385.0
154.0
153.0
157.0
160.0
134.0
172.0
154.0
130.0
148.0
138.0
140.0
144.0
157.0
483.0
152.0
164.0
162.0
131.0
146.0
139.0
164.0
165.0
446.0
144.0
159.0
172.0
153.0
134.0
156.0
175.0
170.0
174.0
156.0
131.0
171.0
167.0
175.0
163.0
131.0
153.0
436.0
174.0
132.0
404.0
164.0
163.0
145.0
172.0
174.0
157.0
148.0
163.0
150.0
428.0
155.0
138.0
169.0
175.0
164.0
155.0
174.0
167.0
147.0
160.0
150.0
138.0
170.0
163.0
155.0
124.0
154.0
431.0
148.0
140.0
145.0
144.0
158.0
152.0
148.0
173.0
173.0
465.0
130.0
436.0
146.0
455.0
381.0
389.0
363.0
363.0
491.0
466.0
446.0
435.0
152.0
152.0
143.0
145.0
131.0
163.0
177.0
152.0
140.0
197.0
160.0
135.0
165.0
430.0
174.0
151.0
163.0
149.0
146.0
152.0
134.0
146.0
135.0
133.0
173.0
148.0
175.0
460.0
151.0
157.0
130.0
163.0
150.0
169.0
174.0
149.0
414.0
156.0
155.0
177.0
141.0
137.0
162.0
153.0
165.0
130.0
169.0
153.0
132.0
171.0
153.0
143.0
129.0
174.0
410.0
158.0
170.0
448.0
134.0
167.0
157.0
144.0
175.0
159.0
167.0
166.0
162.0
419.0
149.0
135.0
140.0
137.0
136.0
174.0
150.0
148.0
156.0
145.0
173.0
159.0
174.0
145.0
144.0
121.0
174.0
494.0
163.0
133.0
150.0
140.0
148.0
143.0
133.0
152.0
169.0
381.0
142.0
445.0
154.0
367.0
373.0
465.0
385.0
413.0
439.0
448.0
421.0
448.0
136.0
174.0
144.0
158.0
161.0
170.0
144.0
143.0
153.0
183.0
193.0
158.0
163.0
400.0
152.0
146.0
174.0
147.0
153.0
132.0
130.0
155.0
132.0
131.0
175.0
131.0
155.0
447.0
142.0
153.0
151.0
147.0
143.0
166.0
159.0
147.0
410.0
177.0
161.0
162.0
133.0
152.0
137.0
137.0
143.0
149.0
161.0
164.0
154.0
154.0
148.0
159.0
128.0
174.0
438.0
173.0
139.0
495.0
153.0
132.0
175.0
168.0
171.0
153.0
159.0
168.0
133.0
451.0
130.0
151.0
144.0
167.0
164.0
131.0
161.0
137.0
148.0
137.0
176.0
139.0
154.0
139.0
154.0
118.0
141.0
375.0
134.0
148.0
155.0
176.0
146.0
148.0
158.0
166.0
168.0
403.0
162.0
434.0
154.0
435.0
424.0
423.0
476.0
408.0
455.0
413.0
381.0
480.0
172.0
155.0
138.0
138.0
131.0
131.0
153.0
157.0
164.0
189.0
172.0
173.0
150.0
489.0
153.0
160.0
143.0
161.0
138.0
177.0
173.0
156.0
147.0
170.0
153.0
151.0
163.0
382.0
147.0
140.0
155.0
136.0
145.0
161.0
166.0
141.0
438.0
149.0
159.0
168.0
152.0
140.0
173.0
143.0
176.0
136.0
153.0
153.0
140.0
162.0
158.0
137.0
139.0
132.0
460.0
167.0
169.0
432.0
130.0
155.0
144.0
137.0
131.0
160.0
174.0
135.0
133.0
447.0
136.0
139.0
169.0
152.0
156.0
165.0
134.0
131.0
175.0
151.0
135.0
173.0
173.0
144.0
157.0
124.0
144.0
405.0
150.0
152.0
137.0
176.0
167.0
175.0
145.0
147.0
175.0
456.0
163.0
444.0
140.0
473.0
386.0
376.0
463.0
402.0
432.0
390.0
366.0
373.0
176.0
138.0
144.0
160.0
134.0
168.0
151.0
153.0
136.0
173.0
206.0
150.0
137.0
468.0
171.0
149.0
153.0
132.0
172.0
161.0
147.0
153.0
141.0
132.0
162.0
142.0
170.0
458.0
153.0
134.0
167.0
140.0
147.0
146.0
143.0
164.0
465.0
175.0
147.0
165.0
158.0
149.0
160.0
135.0
159.0
145.0
131.0
135.0
139.0
130.0
164.0
150.0
129.0
140.0
363.0
165.0
139.0
465.0
141.0
148.0
135.0
171.0
145.0
160.0
141.0
148.0
155.0
377.0
142.0
146.0
152.0
159.0
134.0
146.0
153.0
153.0
144.0
158.0
171.0
172.0
134.0
137.0
156.0
113.0
144.0
488.0
147.0
140.0
169.0
143.0
173.0
164.0
157.0
159.0
153.0
427.0
159.0
438.0
171.0
371.0
393.0
367.0
470.0
464.0
385.0
409.0
420.0
433.0
136.0
134.0
131.0
168.0
141.0
130.0
171.0
139.0
138.0
154.0
157.0
135.0
145.0
418.0
161.0
147.0
167.0
154.0
135.0
148.0
146.0
159.0
150.0
168.0
163.0
134.0
148.0
420.0
155.0
149.0
138.0
167.0
138.0
132.0
132.0
161.0
370.0
146.0
153.0
165.0
138.0
158.0
174.0
174.0
131.0
148.0
138.0
169.0
139.0
144.0
131.0
173.0
119.0
137.0
460.0
176.0
137.0
368.0
140.0
130.0
177.0
170.0
146.0
168.0
159.0
137.0
155.0
430.0
149.0
156.0
160.0
142.0
145.0
130.0
162.0
156.0
130.0
151.0
130.0
175.0
130.0
175.0
134.0
122.0
169.0
401.0
163.0
139.0
150.0
154.0
147.0
155.0
157.0
167.0
151.0
470.0
171.0
492.0
136.0
392.0
439.0
407.0
487.0
434.0
444.0
425.0
383.0
473.0
130.0
155.0
160.0
150.0
134.0
133.0
140.0
159.0
173.0
160.0
190.0
159.0
173.0
446.0
174.0
143.0
155.0
168.0
177.0
137.0
156.0
158.0
153.0
177.0
146.0
136.0
153.0
389.0
131.0
153.0
143.0
132.0
156.0
164.0
156.0
148.0
372.0
155.0
147.0
167.0
136.0
148.0
153.0
149.0
150.0
162.0
137.0
139.0
146.0
146.0
148.0
169.0
134.0
131.0
422.0
172.0
177.0
454.0
169.0
135.0
155.0
152.0
132.0
154.0
171.0
165.0
138.0
473.0
147.0
173.0
163.0
163.0
136.0
164.0
151.0
144.0
147.0
157.0
145.0
156.0
169.0
146.0
134.0
114.0
132.0
468.0
174.0
145.0
147.0
157.0
133.0
176.0
138.0
140.0
161.0
366.0
132.0
436.0
175.0
405.0
385.0
376.0
422.0
492.0
450.0
427.0
419.0
380.0
161.0
147.0
175.0
146.0
133.0
161.0
157.0
167.0
155.0
182.0
154.0
163.0
170.0
463.0
168.0
174.0
133.0
149.0
149.0
152.0
176.0
172.0
149.0
146.0
155.0
167.0
133.0
413.0
156.0
135.0
168.0
147.0
170.0
168.0
165.0
174.0
431.0
165.0
149.0
141.0
170.0
149.0
132.0
170.0
151.0
132.0
143.0
174.0
149.0
142.0
170.0
144.0
128.0
163.0
384.0
175.0
146.0
495.0
140.0
150.0
165.0
163.0
158.0
161.0
135.0
172.0
158.0
435.0
177.0
131.0
142.0
149.0
140.0
162.0
155.0
157.0
169.0
164.0
141.0
148.0
157.0
174.0
167.0
116.0
130.0
473.0
173.0
142.0
149.0
161.0
168.0
171.0
145.0
157.0
150.0
403.0
141.0
412.0
160.0
463.0
459.0
433.0
477.0
444.0
401.0
399.0
394.0
389.0
143.0
130.0
138.0
162.0
134.0
136.0
140.0
135.0
145.0
174.0
180.0
174.0
153.0
374.0
130.0
141.0
158.0
166.0
156.0
171.0
165.0
142.0
145.0
134.0
150.0
148.0
139.0
373.0
137.0
145.0
142.0
136.0
169.0
158.0
138.0
161.0
454.0
158.0
154.0
165.0
174.0
148.0
177.0
168.0
142.0
155.0
143.0
149.0
133.0
154.0
174.0
162.0
146.0
151.0
416.0
152.0
139.0
414.0
149.0
147.0
147.0
157.0
176.0
144.0
140.0
141.0
133.0
395.0
146.0
163.0
145.0
137.0
145.0
141.0
159.0
147.0
149.0
164.0
152.0
134.0
151.0
173.0
143.0
125.0
155.0
377.0
176.0
170.0
164.0
151.0
168.0
176.0
176.0
135.0
137.0
471.0
174.0
388.0
148.0
474.0
400.0
477.0
453.0
450.0
368.0
401.0
476.0
398.0
160.0
149.0
166.0
145.0
166.0
146.0
176.0
139.0
155.0
172.0
181.0
162.0
139.0
389.0
133.0
171.0
160.0
164.0
174.0
148.0
143.0
170.0
152.0
177.0
131.0
140.0
131.0
423.0
163.0
146.0
152.0
172.0
165.0
168.0
165.0
137.0
411.0
131.0
142.0
134.0
149.0
162.0
173.0
151.0
146.0
155.0
133.0
176.0
153.0
153.0
170.0
172.0
126.0
138.0
414.0
169.0
151.0
369.0
139.0
176.0
174.0
141.0
155.0
170.0
155.0
142.0
151.0
490.0
173.0
158.0
136.0
160.0
158.0
156.0
152.0
140.0
154.0
133.0
131.0
165.0
146.0
146.0
172.0
150.0
139.0
399.0
134.0
160.0
166.0
146.0
153.0
156.0
157.0
143.0
149.0
435.0
130.0
455.0
145.0
386.0
419.0
432.0
421.0
479.0
408.0
478.0
493.0
381.0
164.0
164.0
155.0
162.0
157.0
157.0
157.0
148.0
158.0
206.0
173.0
149.0
156.0
410.0
163.0
168.0
154.0
171.0
171.0
164.0
142.0
137.0
148.0
163.0
147.0
168.0
173.0
476.0
171.0
159.0
166.0
130.0
157.0
142.0
154.0
170.0
399.0
148.0
170.0
168.0
146.0
143.0
172.0
142.0
171.0
134.0
136.0
145.0
172.0
130.0
134.0
173.0
136.0
144.0
375.0
151.0
157.0
413.0
139.0
131.0
142.0
140.0
158.0
168.0
150.0
166.0
145.0
420.0
140.0
146.0
141.0
134.0
139.0
173.0
142.0
138.0
138.0
172.0
160.0
134.0
177.0
167.0
158.0
114.0
154.0
372.0
155.0
174.0
150.0
162.0
169.0
171.0
160.0
142.0
173.0
389.0
144.0
396.0
168.0
395.0
482.0
367.0
476.0
365.0
474.0
484.0
363.0
399.0
151.0
171.0
161.0
133.0
147.0
176.0
152.0
131.0
166.0
154.0
172.0
166.0
165.0
384.0
148.0
150.0
135.0
171.0
161.0
133.0
132.0
136.0
139.0
143.0
157.0
152.0
149.0
449.0
177.0
134.0
161.0
158.0
138.0
158.0
140.0
165.0
476.0
153.0
140.0
132.0
147.0
132.0
168.0
137.0
172.0
172.0
147.0
167.0
166.0
147.0
152.0
133.0
120.0
165.0
405.0
140.0
143.0
457.0
139.0
177.0
150.0
159.0
167.0
151.0
146.0
153.0
130.0
439.0
157.0
132.0
173.0
148.0
159.0
167.0
168.0
154.0
166.0
177.0
145.0
159.0
167.0
160.0
159.0
117.0
139.0
488.0
152.0
130.0
171.0
148.0
142.0
151.0
175.0
151.0
174.0
366.0
158.0
413.0
148.0
443.0
487.0
429.0
381.0
467.0
391.0
383.0
487.0
477.0
171.0
142.0
173.0
166.0
153.0
172.0
131.0
132.0
144.0
