60 8 108
31963.5
31862.5
34384.5
34369.5
31609.5
34193.5
29262.5
31358.5
33212.5
30638.5
30162.5
30277.5
32118.5
35613.5
35657.5
30850.5
29830.5
35559.5
34292.5
35168.5
29372.5
30611.5
29688.5
34435.5
30151.5
33177.5
30408.5
35242.5
33307.5
29559.5
29796.5
29238.5
32276.5
29330.5
32011.5
34128.5
31900.5
31057.5
30413.5
35280.5
30022.5
30474.5
33081.5
33654.5
34498.5
29256.5
35215.5
36007.5
32253.5
32290.5
32335.5
35596.5
35492.5
32102.5
34651.5
30661.5
35514.5
32482.5
35827.5
33847.5
0.016885173340535763
0.01424400829052497
0.0169328371782512
0.016067228094054396
0.018416634109725293
0.016665504224319817
0.018523408377293226
0.01582792825019114
0.01984835589564104
0.016582699027037077
0.017125899918723042
0.014997424945316492
0.01970398687668801
0.013454281162153522
0.019675703525892704
0.015181653763382513
0.01928574662289563
0.014327288032048666
0.01970849284009592
0.015403130257292482
0.018739987715924465
0.013489720793139658
0.01710092986719118
0.014160102913343988
0.016706592424615117
0.014536307654738786
0.016769606158738005
0.014456665134649951
0.019028380739844822
0.01417185854806548
0.016688834562936416
0.014095391837480558
0.019499960081567444
0.01423485720531783
0.018976580463129243
0.016046851719149043
0.01907620339196916
0.01547797216192593
0.01879065737872781
0.014462299236466806
0.019338797644738333
0.013592039067643669
0.017707653356219006
0.014210305206332804
0.018001725251155013
0.014805769189026506
0.017791557465554258
0.015695035396540456
0.018823131296766223
0.015134975391934697
0.01969772927776907
0.015486675335788378
0.018815116476626894
0.013992477506017722
0.01956735759955183
0.013629784662480007
0.01877125173892486
0.016069717430440254
0.018481228713915086
0.015020527271590312
126.0
111.0
113.0
121.0
103.0
115.0
121.0
106.0
1912.0
26.0
954.0
981.0
49.0
393.0
1914.0
6.0
513.0
1257.0
36.0
551.0
117.0
190.0
47.0
343.0
258.0
376.0
61.0
305.0
522.0
281.0
71.0
248.0
76.0
278.0
29.0
341.0
162.0
797.0
1287.0
563.0
353.0
1128.0
301.0
158.0
868.0
5476.0
5934.0
129.0
165.0
336.0
51.0
29.0
179.0
222.0
188.0
526.0
352.0
77.0
62.0
26.0
121.0
33.0
19.0
176.0
863.0
50.0
131.0
67.0
44.0
156.0
144.0
69.0
161.0
141.0
740.0
38.0
20.0
25.0
30.0
8.0
70.0
272.0
108.0
74.0
91.0
56.0
39.0
84.0
141.0
45.0
25.0
58.0
159.0
160.0
103.0
79.0
128.0
45.0
62.0
1562.0
55.0
56.0
71.0
25.0
167.0
282.0
30.0
277.0
119.0
248.0
77.0
134.0
790.0
216.0
71.0
1216.0
133.0
118.0
72.0
85.0
114.0
19.0
248.0
195.0
497.0
1276.0
36.0
537.0
114.0
190.0
44.0
340.0
254.0
369.0
57.0
296.0
530.0
278.0
75.0
235.0
81.0
273.0
28.0
346.0
157.0
819.0
1298.0
577.0
341.0
1180.0
281.0
154.0
811.0
5101.0
5888.0
122.0
162.0
307.0
48.0
29.0
182.0
219.0
190.0
505.0
350.0
74.0
62.0
26.0
124.0
32.0
19.0
166.0
900.0
48.0
129.0
65.0
42.0
165.0
150.0
73.0
152.0
151.0
730.0
36.0
21.0
25.0
31.0
8.0
76.0
277.0
104.0
72.0
91.0
57.0
41.0
85.0
139.0
49.0
26.0
56.0
157.0
167.0
109.0
79.0
132.0
47.0
61.0
1611.0
57.0
58.0
71.0
24.0
160.0
279.0
33.0
276.0
128.0
240.0
75.0
138.0
772.0
224.0
67.0
1264.0
133.0
119.0
73.0
91.0
115.0
19.0
246.0
192.0
517.0
1333.0
35.0
547.0
120.0
174.0
46.0
342.0
250.0
375.0
57.0
294.0
521.0
269.0
75.0
231.0
80.0
296.0
29.0
365.0
172.0
828.0
1288.0
600.0
334.0
1132.0
300.0
154.0
834.0
5371.0
5838.0
127.0
166.0
308.0
51.0
29.0
193.0
207.0
186.0
505.0
357.0
77.0
64.0
26.0
122.0
30.0
19.0
171.0
862.0
49.0
127.0
63.0
46.0
153.0
143.0
72.0
153.0
139.0
749.0
37.0
19.0
26.0
32.0
8.0
72.0
275.0
110.0
71.0
86.0
57.0
38.0
84.0
142.0
48.0
25.0
57.0
155.0
162.0
101.0
79.0
126.0
46.0
66.0
1590.0
56.0
54.0
66.0
26.0
166.0
287.0
30.0
260.0
120.0
249.0
78.0
136.0
832.0
216.0
67.0
1190.0
131.0
120.0
67.0
93.0
121.0
20.0
266.0
198.0
506.0
1274.0
35.0
534.0
112.0
180.0
45.0
330.0
256.0
393.0
57.0
306.0
531.0
283.0
72.0
248.0
78.0
294.0
27.0
367.0
168.0
845.0
1391.0
599.0
339.0
1156.0
299.0
155.0
838.0
4986.0
5811.0
122.0
172.0
310.0
50.0
29.0
191.0
221.0
189.0
501.0
374.0
78.0
61.0
27.0
122.0
32.0
19.0
168.0
859.0
51.0
126.0
64.0
42.0
159.0
155.0
69.0
163.0
144.0
761.0
36.0
20.0
24.0
30.0
8.0
71.0
256.0
111.0
74.0
91.0
55.0
38.0
89.0
145.0
46.0
25.0
58.0
158.0
167.0
107.0
80.0
135.0
45.0
66.0
1667.0
58.0
56.0
71.0
24.0
163.0
280.0
31.0
262.0
123.0
236.0
81.0
140.0
777.0
218.0
64.0
1245.0
132.0
115.0
72.0
89.0
115.0
20.0
256.0
204.0
515.0
1243.0
35.0
557.0
110.0
185.0
46.0
348.0
261.0
367.0
56.0
295.0
509.0
293.0
70.0
232.0
79.0
295.0
28.0
363.0
161.0
782.0
1282.0
580.0
335.0
1132.0
284.0
150.0
874.0
4985.0
5984.0
128.0
158.0
316.0
51.0
29.0
181.0
218.0
179.0
510.0
375.0
76.0
67.0
25.0
120.0
32.0
20.0
169.0
822.0
48.0
120.0
64.0
42.0
166.0
147.0
72.0
156.0
141.0
781.0
35.0
21.0
24.0
32.0
8.0
76.0
276.0
113.0
73.0
91.0
57.0
41.0
84.0
148.0
46.0
27.0
56.0
154.0
161.0
109.0
82.0
137.0
47.0
66.0
1539.0
58.0
57.0
66.0
24.0
167.0
279.0
33.0
288.0
129.0
241.0
75.0
140.0
830.0
216.0
69.0
1266.0
130.0
123.0
69.0
86.0
119.0
20.0
258.0
196.0
501.0
1219.0
35.0
541.0
113.0
178.0
48.0
319.0
263.0
363.0
61.0
301.0
545.0
271.0
76.0
229.0
78.0
295.0
29.0
338.0
167.0
803.0
1351.0
571.0
362.0
1145.0
275.0
158.0
821.0
5115.0
5437.0
124.0
163.0
312.0
48.0
29.0
186.0
217.0
195.0
489.0
373.0
76.0
65.0
25.0
117.0
33.0
19.0
163.0
858.0
49.0
120.0
65.0
42.0
157.0
151.0
74.0
164.0
147.0
777.0
38.0
21.0
26.0
30.0
8.0
69.0
263.0
109.0
71.0
86.0
54.0
38.0
84.0
146.0
49.0
27.0
54.0
156.0
165.0
106.0
84.0
138.0
46.0
65.0
1555.0
54.0
59.0
70.0
25.0
158.0
277.0
30.0
277.0
119.0
255.0
75.0
131.0
775.0
212.0
68.0
1241.0
133.0
125.0
73.0
86.0
115.0
20.0
250.0
189.0
485.0
1220.0
35.0
513.0
116.0
183.0
45.0
327.0
253.0
400.0
56.0
317.0
521.0
268.0
70.0
239.0
82.0
293.0
28.0
359.0
168.0
821.0
1363.0
579.0
355.0
1081.0
284.0
147.0
838.0
5349.0
5538.0
121.0
161.0
317.0
50.0
27.0
194.0
208.0
186.0
521.0
367.0
78.0
63.0
27.0
126.0
32.0
20.0
177.0
902.0
49.0
122.0
62.0
44.0
165.0
145.0
69.0
152.0
144.0
770.0
37.0
20.0
25.0
30.0
8.0
73.0
257.0
105.0
71.0
89.0
54.0
41.0
84.0
143.0
47.0
27.0
53.0
159.0
163.0
110.0
81.0
134.0
48.0
62.0
1630.0
57.0
59.0
68.0
25.0
155.0
297.0
33.0
264.0
122.0
256.0
80.0
141.0
769.0
205.0
70.0
1286.0
131.0
116.0
67.0
86.0
120.0
20.0
254.0
204.0
498.0
1344.0
33.0
521.0
115.0
180.0
47.0
351.0
267.0
364.0
61.0
289.0
553.0
292.0
71.0
236.0
77.0
301.0
29.0
372.0
165.0
844.0
1349.0
597.0
358.0
1116.0
298.0
145.0
874.0
5344.0
5651.0
123.0
173.0
331.0
51.0
27.0
180.0
205.0
192.0
493.0
355.0
78.0
65.0
26.0
119.0
32.0
20.0
179.0
893.0
48.0
130.0
67.0
42.0
159.0
154.0
76.0
159.0
152.0
758.0
36.0
21.0
26.0
31.0
8.0
74.0
261.0
113.0
73.0
85.0
56.0
40.0
84.0
145.0
47.0
26.0
56.0
152.0
170.0
104.0
83.0
130.0
45.0
65.0
1638.0
54.0
55.0
69.0
26.0
159.0
294.0
31.0
274.0
117.0
251.0
80.0
137.0
832.0
220.0
66.0
1199.0
129.0
122.0
73.0
94.0
122.0
20.0
271.0
199.0
483.0
1329.0
36.0
560.0
112.0
175.0
48.0
334.0
244.0
364.0
61.0
299.0
515.0
278.0
70.0
244.0
79.0
292.0
29.0
340.0
157.0
806.0
1303.0
562.0
348.0
1136.0
288.0
144.0
825.0
5240.0
5570.0
122.0
171.0
326.0
47.0
28.0
191.0
216.0
187.0
481.0
346.0
73.0
67.0
26.0
126.0
32.0
19.0
179.0
899.0
48.0
119.0
62.0
42.0
160.0
155.0
76.0
162.0
151.0
759.0
35.0
21.0
26.0
31.0
8.0
72.0
250.0
104.0
73.0
88.0
59.0
40.0
82.0
151.0
47.0
25.0
55.0
154.0
159.0
107.0
87.0
138.0
48.0
66.0
1645.0
58.0
59.0
65.0
25.0
156.0
294.0
33.0
260.0
127.0
257.0
79.0
140.0
773.0
213.0
68.0
1268.0
129.0
121.0
70.0
87.0
117.0
19.0
261.0
189.0
494.0
1317.0
36.0
542.0
114.0
184.0
45.0
333.0
257.0
371.0
61.0
316.0
537.0
282.0
76.0
236.0
79.0
292.0
27.0
368.0
159.0
785.0
1285.0
582.0
358.0
1185.0
277.0
146.0
834.0
5269.0
5691.0
124.0
160.0
307.0
48.0
29.0
181.0
205.0
194.0
484.0
353.0
72.0
67.0
26.0
118.0
31.0
19.0
171.0
848.0
49.0
129.0
66.0
42.0
154.0
145.0
72.0
153.0
148.0
782.0
38.0
21.0
26.0
32.0
8.0
75.0
252.0
105.0
69.0
87.0
57.0
39.0
89.0
139.0
45.0
25.0
56.0
163.0
159.0
103.0
82.0
137.0
44.0
63.0
1589.0
54.0
54.0
68.0
24.0
165.0
283.0
31.0
261.0
130.0
249.0
80.0
140.0
773.0
221.0
67.0
1213.0
124.0
125.0
72.0
92.0
114.0
20.0
262.0
192.0
508.0
1268.0
33.0
528.0
116.0
182.0
47.0
330.0
254.0
393.0
57.0
308.0
559.0
267.0
74.0
241.0
77.0
276.0
27.0
344.0
166.0
802.0
1367.0
553.0
359.0
1154.0
276.0
152.0
804.0
5095.0
5728.0
123.0
163.0
304.0
47.0
28.0
181.0
222.0
195.0
530.0
359.0
79.0
63.0
27.0
123.0
30.0
19.0
164.0
845.0
53.0
129.0
67.0
46.0
153.0
152.0
72.0
160.0
145.0
771.0
37.0
20.0
26.0
29.0
8.0
71.0
277.0
105.0
70.0
84.0
55.0
40.0
87.0
148.0
48.0
27.0
54.0
156.0
171.0
101.0
83.0
133.0
45.0
64.0
1533.0
54.0
55.0
67.0
25.0
164.0
271.0
32.0
262.0
120.0
254.0
83.0
132.0
833.0
225.0
68.0
1209.0
130.0
117.0
70.0
89.0
122.0
20.0
255.0
196.0
501.0
1322.0
35.0
550.0
113.0
180.0
47.0
327.0
263.0
395.0
58.0
299.0
541.0
282.0
76.0
252.0
78.0
285.0
29.0
362.0
167.0
803.0
1301.0
601.0
359.0
1147.0
290.0
146.0
856.0
5047.0
5976.0
124.0
160.0
305.0
50.0
28.0
180.0
223.0
191.0
482.0
354.0
79.0
62.0
25.0
121.0
30.0
19.0
173.0
896.0
51.0
120.0
62.0
46.0
158.0
141.0
72.0
159.0
140.0
739.0
36.0
20.0
26.0
30.0
8.0
76.0
262.0
111.0
70.0
84.0
58.0
41.0
82.0
143.0
48.0
25.0
58.0
163.0
162.0
108.0
86.0
134.0
46.0
61.0
1667.0
58.0
59.0
70.0
25.0
153.0
284.0
31.0
267.0
128.0
255.0
78.0
127.0
772.0
216.0
69.0
1269.0
127.0
120.0
68.0
90.0
110.0
20.0
264.0
204.0
471.0
1298.0
33.0
539.0
120.0
188.0
44.0
327.0
265.0
364.0
60.0
316.0
557.0
293.0
75.0
235.0
80.0
292.0
27.0
372.0
173.0
808.0
1330.0
558.0
347.0
1153.0
285.0
149.0
813.0
5483.0
5588.0
120.0
173.0
332.0
48.0
27.0
179.0
219.0
195.0
517.0
370.0
77.0
62.0
27.0
122.0
30.0
20.0
162.0
873.0
49.0
125.0
66.0
42.0
167.0
146.0
70.0
167.0
141.0
798.0
37.0
21.0
25.0
32.0
8.0
71.0
273.0
109.0
70.0
88.0
54.0
39.0
81.0
142.0
47.0
27.0
53.0
152.0
169.0
108.0
86.0
138.0
44.0
67.0
1600.0
56.0
55.0
66.0
26.0
162.0
277.0
33.0
266.0
123.0
237.0
78.0
138.0
778.0
209.0
67.0
1210.0
132.0
127.0
68.0
91.0
115.0
20.0
247.0
207.0
509.0
1275.0
33.0
558.0
120.0
179.0
45.0
335.0
264.0
367.0
57.0
309.0
532.0
272.0
75.0
236.0
81.0
295.0
28.0
366.0
167.0
808.0
1323.0
573.0
359.0
1176.0
272.0
150.0
808.0
5050.0
5784.0
125.0
160.0
332.0
51.0
27.0
194.0
218.0
194.0
528.0
374.0
76.0
66.0
25.0
119.0
32.0
20.0
173.0
857.0
49.0
127.0
67.0
46.0
161.0
142.0
72.0
168.0
150.0
780.0
35.0
20.0
26.0
30.0
8.0
71.0
274.0
103.0
72.0
85.0
58.0
39.0
88.0
148.0
46.0
25.0
58.0
148.0
163.0
104.0
84.0
138.0
48.0
66.0
1547.0
58.0
57.0
69.0
26.0
156.0
281.0
32.0
261.0
118.0
258.0
80.0
132.0
815.0
219.0
69.0
1281.0
126.0
120.0
68.0
88.0
121.0
19.0
270.0
197.0
494.0
1273.0
35.0
559.0
113.0
179.0
45.0
345.0
257.0
384.0
57.0
289.0
540.0
274.0
75.0
244.0
77.0
300.0
29.0
349.0
166.0
821.0
1275.0
566.0
334.0
1092.0
282.0
150.0
819.0
5402.0
5530.0
122.0
161.0
336.0
47.0
28.0
193.0
225.0
180.0
505.0
362.0
76.0
66.0
26.0
120.0
33.0
20.0
168.0
836.0
50.0
126.0
66.0
43.0
167.0
147.0
76.0
164.0
140.0
783.0
37.0
21.0
24.0
30.0
8.0
70.0
259.0
105.0
69.0
91.0
54.0
38.0
87.0
143.0
45.0
26.0
57.0
162.0
168.0
102.0
85.0
139.0
45.0
61.0
1532.0
56.0
56.0
69.0
25.0
167.0
276.0
33.0
277.0
122.0
237.0
77.0
131.0
769.0
217.0
65.0
1220.0
123.0
120.0
73.0
90.0
112.0
20.0
253.0
195.0
515.0
1337.0
33.0
534.0
114.0
175.0
47.0
325.0
253.0
400.0
60.0
312.0
520.0
278.0
76.0
240.0
80.0
288.0
29.0
341.0
163.0
828.0
1356.0
546.0
335.0
1099.0
300.0
159.0
803.0
5207.0
5742.0
125.0
171.0
330.0
47.0
27.0
183.0
209.0
182.0
502.0
375.0
73.0
66.0
27.0
126.0
33.0
20.0
178.0
842.0
48.0
131.0
61.0
45.0
155.0
149.0
71.0
162.0
144.0
790.0
35.0
20.0
25.0
32.0
8.0
75.0
257.0
108.0
71.0
90.0
59.0
38.0
87.0
154.0
47.0
25.0
56.0
158.0
160.0
108.0
81.0
129.0
45.0
65.0
1614.0
59.0
58.0
71.0
25.0
155.0
272.0
32.0
262.0
127.0
248.0
83.0
132.0
758.0
204.0
68.0
1238.0
131.0
117.0
69.0
92.0
119.0
20.0
254.0
200.0
514.0
1348.0
34.0
546.0
113.0
184.0
48.0
321.0
251.0
393.0
56.0
302.0
539.0
294.0
74.0
230.0
80.0
274.0
28.0
363.0
163.0
800.0
1311.0
593.0
343.0
1124.0
295.0
148.0
802.0
5070.0
5636.0
129.0
165.0
309.0
47.0
28.0
185.0
218.0
184.0
506.0
341.0
72.0
66.0
27.0
117.0
30.0
18.0
175.0
825.0
51.0
131.0
64.0
43.0
155.0
147.0
76.0
163.0
143.0
727.0
38.0
20.0
24.0
31.0
8.0
70.0
271.0
107.0
69.0
83.0
58.0
38.0
87.0
141.0
49.0
26.0
53.0
152.0
170.0
108.0
79.0
129.0
45.0
67.0
1525.0
58.0
56.0
68.0
24.0
166.0
281.0
33.0
271.0
128.0
260.0
83.0
133.0
784.0
220.0
66.0
1232.0
131.0
125.0
68.0
91.0
116.0
19.0
267.0
203.0
468.0
1243.0
33.0
537.0
110.0
189.0
45.0
319.0
269.0
381.0
59.0
291.0
543.0
273.0
70.0
243.0
76.0
289.0
28.0
339.0
163.0
824.0
1360.0
590.0
342.0
1191.0
282.0
150.0
870.0
5388.0
5770.0
124.0
158.0
322.0
50.0
29.0
188.0
205.0
196.0
495.0
369.0
73.0
62.0
25.0
127.0
32.0
20.0
176.0
855.0
51.0
131.0
64.0
46.0
151.0
146.0
73.0
168.0
148.0
754.0
36.0
20.0
25.0
31.0
8.0
70.0
262.0
110.0
71.0
84.0
56.0
41.0
81.0
145.0
47.0
25.0
57.0
149.0
158.0
105.0
84.0
133.0
48.0
66.0
1636.0
56.0
54.0
68.0
25.0
166.0
294.0
31.0
265.0
125.0
254.0
83.0
128.0
771.0
220.0
67.0
1247.0
127.0
122.0
73.0
85.0
121.0
20.0
246.0
206.0
494.0
1318.0
35.0
532.0
116.0
176.0
45.0
342.0
270.0
379.0
56.0
290.0
523.0
285.0
73.0
254.0
77.0
297.0
28.0
375.0
172.0
809.0
1383.0
565.0
337.0
1177.0
275.0
155.0
851.0
5221.0
5926.0
131.0
170.0
315.0
50.0
28.0
175.0
209.0
182.0
500.0
369.0
76.0
66.0
25.0
121.0
31.0
20.0
174.0
894.0
52.0
121.0
62.0
44.0
165.0
143.0
73.0
158.0
147.0
790.0
37.0
20.0
25.0
31.0
8.0
76.0
268.0
106.0
73.0
87.0
56.0
41.0
89.0
141.0
47.0
25.0
57.0
160.0
160.0
104.0
83.0
136.0
48.0
63.0
1564.0
57.0
54.0
69.0
25.0
153.0
287.0
33.0
270.0
121.0
259.0
80.0
130.0
800.0
212.0
71.0
1238.0
131.0
119.0
73.0
91.0
111.0
20.0
272.0
203.0
485.0
1330.0
35.0
555.0
117.0
182.0
45.0
335.0
244.0
387.0
60.0
312.0
523.0
294.0
72.0
236.0
78.0
299.0
27.0
371.0
167.0
769.0
1335.0
569.0
335.0
1186.0
273.0
152.0
800.0
5470.0
6032.0
120.0
159.0
335.0
51.0
27.0
181.0
207.0
183.0
496.0
357.0
77.0
64.0
26.0
128.0
33.0
19.0
174.0
868.0
52.0
119.0
67.0
42.0
164.0
143.0
76.0
152.0
142.0
784.0
35.0
20.0
26.0
31.0
8.0
71.0
253.0
112.0
70.0
91.0
55.0
39.0
84.0
150.0
47.0
25.0
55.0
152.0
164.0
108.0
85.0
131.0
44.0
62.0
1568.0
56.0
59.0
68.0
25.0
161.0
284.0
30.0
260.0
119.0
246.0
82.0
138.0
786.0
222.0
65.0
1171.0
124.0
117.0
67.0
91.0
115.0
19.0
247.0
190.0
508.0
1237.0
34.0
517.0
115.0
189.0
45.0
318.0
251.0
392.0
56.0
319.0
535.0
272.0
69.0
236.0
77.0
278.0
27.0
372.0
168.0
787.0
1257.0
549.0
340.0
1128.0
300.0
150.0
869.0
5384.0
5830.0
125.0
159.0
315.0
47.0
28.0
177.0
218.0
181.0
503.0
349.0
78.0
65.0
26.0
121.0
32.0
18.0
172.0
875.0
49.0
128.0
66.0
44.0
153.0
150.0
72.0
156.0
139.0
786.0
38.0
21.0
24.0
32.0
8.0
69.0
260.0
110.0
68.0
91.0
57.0
40.0
85.0
146.0
49.0
27.0
57.0
153.0
164.0
111.0
82.0
135.0
47.0
63.0
1646.0
54.0
54.0
68.0
26.0
165.0
298.0
33.0
264.0
126.0
246.0
83.0
127.0
789.0
214.0
69.0
1234.0
129.0
123.0
69.0
89.0
116.0
20.0
246.0
203.0
471.0
1301.0
35.0
529.0
117.0
174.0
48.0
349.0
263.0
397.0
56.0
295.0
535.0
268.0
74.0
252.0
81.0
273.0
29.0
359.0
157.0
830.0
1258.0
554.0
327.0
1176.0
277.0
152.0
805.0
5353.0
5751.0
125.0
166.0
333.0
51.0
29.0
185.0
206.0
189.0
534.0
354.0
73.0
67.0
27.0
119.0
32.0
19.0
167.0
850.0
52.0
119.0
61.0
44.0
151.0
149.0
76.0
159.0
148.0
756.0
37.0
20.0
25.0
30.0
8.0
76.0
277.0
103.0
71.0
87.0
56.0
41.0
81.0
142.0
49.0
26.0
56.0
162.0
169.0
102.0
82.0
136.0
48.0
62.0
1570.0
56.0
54.0
65.0
24.0
151.0
273.0
31.0
279.0
118.0
251.0
76.0
140.0
828.0
208.0
66.0
1201.0
131.0
118.0
71.0
93.0
115.0
19.0
248.0
194.0
490.0
1338.0
33.0
536.0
112.0
176.0
45.0
317.0
257.0
374.0
58.0
315.0
555.0
281.0
70.0
237.0
75.0
273.0
29.0
366.0
159.0
766.0
1303.0
579.0
353.0
1139.0
300.0
153.0
817.0
5289.0
5600.0
128.0
164.0
323.0
48.0
28.0
176.0
207.0
194.0
532.0
365.0
75.0
62.0
27.0
122.0
30.0
19.0
174.0
842.0
48.0
125.0
66.0
43.0
165.0
150.0
69.0
153.0
145.0
726.0
38.0
21.0
25.0
30.0
8.0
71.0
253.0
106.0
72.0
91.0
56.0
40.0
82.0
144.0
47.0
26.0
56.0
164.0
171.0
102.0
87.0
131.0
44.0
63.0
1663.0
57.0
58.0
70.0
25.0
158.0
270.0
31.0
272.0
127.0
239.0
79.0
136.0
752.0
225.0
66.0
1246.0
130.0
118.0
71.0
85.0
122.0
19.0
248.0
188.0
477.0
1232.0
36.0
536.0
120.0
189.0
44.0
332.0
270.0
368.0
59.0
308.0
512.0
283.0
76.0
246.0
78.0
281.0
27.0
346.0
164.0
791.0
1371.0
567.0
346.0
1196.0
293.0
147.0
849.0
5197.0
5638.0
130.0
161.0
307.0
49.0
29.0
185.0
223.0
177.0
494.0
346.0
73.0
65.0
27.0
116.0
32.0
19.0
176.0
898.0
51.0
121.0
63.0
46.0
153.0
143.0
71.0
158.0
144.0
740.0
37.0
21.0
25.0
32.0
8.0
76.0
271.0
105.0
70.0
89.0
59.0
41.0
82.0
146.0
49.0
27.0
57.0
154.0
164.0
102.0
83.0
137.0
47.0
67.0
1661.0
54.0
56.0
69.0
26.0
166.0
275.0
31.0
275.0
122.0
240.0
81.0
132.0
773.0
225.0
68.0
1242.0
134.0
127.0
70.0
91.0
115.0
20.0
256.0
202.0
485.0
1347.0
34.0
527.0
112.0
178.0
46.0
345.0
257.0
384.0
56.0
289.0
511.0
286.0
76.0
242.0
78.0
301.0
29.0
369.0
169.0
795.0
1357.0
591.0
334.0
1147.0
301.0
144.0
838.0
5252.0
5748.0
129.0
159.0
335.0
48.0
28.0
179.0
212.0
194.0
516.0
369.0
78.0
64.0
26.0
121.0
33.0
18.0
163.0
852.0
52.0
130.0
67.0
46.0
153.0
145.0
76.0
161.0
145.0
747.0
36.0
21.0
26.0
30.0
8.0
73.0
254.0
111.0
69.0
85.0
57.0
41.0
83.0
145.0
46.0
27.0
54.0
163.0
175.0
101.0
80.0
139.0
47.0
67.0
1543.0
59.0
56.0
66.0
25.0
160.0
295.0
32.0
284.0
124.0
259.0
76.0
131.0
815.0
210.0
68.0
1162.0
126.0
120.0
67.0
87.0
118.0
19.0
264.0
193.0
513.0
1252.0
36.0
533.0
120.0
183.0
48.0
339.0
270.0
390.0
56.0
306.0
522.0
275.0
70.0
253.0
82.0
293.0
27.0
339.0
159.0
777.0
1337.0
546.0
330.0
1143.0
296.0
152.0
803.0
5065.0
5769.0
126.0
170.0
335.0
50.0
29.0
191.0
222.0
191.0
509.0
341.0
73.0
66.0
27.0
127.0
32.0
19.0
165.0
882.0
53.0
130.0
62.0
43.0
167.0
148.0
70.0
160.0
140.0
790.0
38.0
20.0
24.0
32.0
8.0
75.0
274.0
109.0
74.0
83.0
55.0
39.0
88.0
153.0
47.0
27.0
57.0
156.0
166.0
106.0
83.0
134.0
48.0
65.0
1578.0
55.0
56.0
68.0
26.0
151.0
295.0
32.0
282.0
118.0
255.0
83.0
137.0
827.0
208.0
65.0
1238.0
125.0
121.0
71.0
93.0
118.0
20.0
250.0
203.0
513.0
1256.0
33.0
538.0
110.0
182.0
48.0
341.0
263.0
365.0
61.0
317.0
515.0
288.0
71.0
246.0
80.0
276.0
28.0
349.0
161.0
801.0
1355.0
556.0
340.0
1128.0
286.0
158.0
851.0
5275.0
6006.0
130.0
166.0
336.0
48.0
27.0
182.0
204.0
189.0
533.0
370.0
79.0
62.0
26.0
119.0
33.0
18.0
177.0
891.0
52.0
130.0
63.0
44.0
152.0
154.0
71.0
153.0
148.0
730.0
35.0
21.0
26.0
31.0
8.0
70.0
269.0
106.0
69.0
88.0
56.0
38.0
87.0
153.0
47.0
27.0
54.0
155.0
159.0
102.0
87.0
136.0
46.0
62.0
1567.0
58.0
55.0
67.0
26.0
153.0
283.0
32.0
273.0
121.0
247.0
76.0
137.0
778.0
220.0
71.0
1206.0
131.0
124.0
71.0
88.0
121.0
20.0
257.0
190.0
519.0
1316.0
35.0
547.0
117.0
193.0
46.0
317.0
262.0
394.0
60.0
298.0
540.0
280.0
71.0
230.0
81.0
275.0
29.0
371.0
170.0
783.0
1293.0
549.0
359.0
1179.0
282.0
145.0
841.0
5338.0
5862.0
119.0
169.0
330.0
47.0
28.0
180.0
220.0
179.0
486.0
362.0
78.0
62.0
26.0
117.0
32.0
20.0
166.0
820.0
50.0
126.0
66.0
46.0
166.0
146.0
76.0
157.0
148.0
724.0
38.0
20.0
26.0
30.0
8.0
70.0
257.0
110.0
70.0
86.0
57.0
41.0
88.0
152.0
46.0
26.0
55.0
149.0
168.0
105.0
84.0
133.0
48.0
67.0
1607.0
59.0
59.0
68.0
24.0
159.0
299.0
32.0
267.0
123.0
252.0
79.0
129.0
833.0
204.0
68.0
1212.0
122.0
127.0
71.0
90.0
115.0
20.0
271.0
194.0
468.0
1219.0
36.0
518.0
111.0
186.0
45.0
336.0
250.0
378.0
57.0
291.0
521.0
287.0
73.0
241.0
78.0
294.0
29.0
372.0
173.0
838.0
1304.0
596.0
334.0
1098.0
273.0
149.0
826.0
5336.0
5942.0
125.0
173.0
335.0
50.0
29.0
179.0
214.0
189.0
511.0
353.0
79.0
61.0
27.0
122.0
30.0
19.0
162.0
893.0
50.0
131.0
62.0
44.0
151.0
144.0
75.0
153.0
143.0
745.0
38.0
20.0
25.0
32.0
8.0
74.0
272.0
110.0
71.0
89.0
55.0
38.0
81.0
142.0
46.0
26.0
53.0
161.0
170.0
107.0
80.0
130.0
48.0
63.0
1605.0
54.0
59.0
66.0
26.0
164.0
278.0
33.0
278.0
128.0
244.0
80.0
133.0
812.0
225.0
71.0
1205.0
127.0
123.0
71.0
94.0
118.0
19.0
269.0
200.0
483.0
1259.0
34.0
531.0
112.0
191.0
44.0
317.0
249.0
370.0
55.0
318.0
513.0
277.0
74.0
246.0
79.0
276.0
27.0
348.0
158.0
834.0
1348.0
565.0
362.0
1148.0
278.0
146.0
822.0
5427.0
5845.0
127.0
168.0
326.0
48.0
27.0
176.0
215.0
185.0
520.0
362.0
74.0
67.0
27.0
121.0
33.0
19.0
169.0
855.0
53.0
126.0
62.0
43.0
158.0
145.0
71.0
167.0
146.0
802.0
36.0
21.0
26.0
32.0
8.0
73.0
254.0
105.0
67.0
91.0
56.0
38.0
81.0
141.0
46.0
26.0
55.0
150.0
169.0
109.0
87.0
130.0
48.0
67.0
1622.0
56.0
54.0
71.0
25.0
156.0
286.0
31.0
270.0
128.0
257.0
83.0
139.0
808.0
216.0
65.0
1209.0
122.0
126.0
71.0
87.0
114.0
20.0
258.0
203.0
509.0
1290.0
35.0
555.0
120.0
191.0
48.0
350.0
246.0
380.0
57.0
312.0
542.0
268.0
71.0
249.0
76.0
299.0
27.0
353.0
161.0
765.0
1349.0
580.0
328.0
1171.0
280.0
157.0
796.0
5487.0
5701.0
128.0
171.0
318.0
47.0
27.0
184.0
217.0
182.0
523.0
373.0
73.0
64.0
27.0
123.0
32.0
19.0
179.0
892.0
52.0
131.0
67.0
43.0
163.0
145.0
76.0
160.0
142.0
782.0
36.0
21.0
24.0
32.0
8.0
70.0
262.0
111.0
74.0
83.0
55.0
41.0
81.0
146.0
48.0
27.0
53.0
161.0
161.0
104.0
79.0
131.0
45.0
65.0
1524.0
58.0
57.0
69.0
25.0
158.0
271.0
31.0
282.0
119.0
244.0
77.0
134.0
773.0
220.0
71.0
1267.0
130.0
126.0
73.0
86.0
122.0
20.0
262.0
188.0
494.0
1226.0
34.0
560.0
120.0
178.0
48.0
329.0
270.0
362.0
59.0
301.0
532.0
274.0
74.0
248.0
75.0
298.0
28.0
371.0
163.0
800.0
1296.0
580.0
339.0
1080.0
291.0
156.0
797.0
5474.0
5794.0
129.0
168.0
325.0
51.0
28.0
194.0
208.0
185.0
518.0
364.0
73.0
61.0
27.0
117.0
31.0
19.0
166.0
880.0
53.0
131.0
67.0
43.0
157.0
146.0
71.0
153.0
145.0
770.0
35.0
21.0
25.0
30.0
8.0
71.0
266.0
109.0
69.0
90.0
58.0
39.0
82.0
150.0
45.0
26.0
55.0
161.0
167.0
106.0
86.0
133.0
47.0
62.0
1597.0
57.0
58.0
68.0
24.0
160.0
272.0
31.0
280.0
124.0
251.0
76.0
138.0
817.0
213.0
67.0
1221.0
123.0
126.0
71.0
89.0
121.0
20.0
272.0
187.0
504.0
1224.0
35.0
531.0
120.0
188.0
46.0
340.0
256.0
395.0
57.0
293.0
517.0
282.0
73.0
240.0
80.0
287.0
29.0
373.0
157.0
816.0
1321.0
550.0
352.0
1130.0
293.0
152.0
836.0
5493.0
5978.0
126.0
165.0
328.0
49.0
27.0
190.0
226.0
188.0
490.0
358.0
74.0
67.0
26.0
123.0
30.0
19.0
168.0
880.0
51.0
126.0
64.0
46.0
154.0
152.0
76.0
168.0
144.0
757.0
37.0
21.0
26.0
31.0
8.0
76.0
267.0
111.0
72.0
84.0
58.0
39.0
82.0
154.0
47.0
26.0
58.0
155.0
167.0
106.0
86.0
135.0
45.0
67.0
1526.0
56.0
56.0
67.0
26.0
161.0
281.0
33.0
285.0
120.0
244.0
78.0
129.0
833.0
224.0
66.0
1243.0
125.0
126.0
70.0
89.0
116.0
19.0
265.0
189.0
482.0
1295.0
34.0
528.0
114.0
187.0
47.0
332.0
267.0
392.0
59.0
312.0
519.0
278.0
76.0
234.0
79.0
294.0
27.0
365.0
161.0
831.0
1302.0
600.0
338.0
1182.0
291.0
157.0
843.0
5238.0
5564.0
121.0
164.0
308.0
47.0
28.0
176.0
206.0
187.0
526.0
361.0
76.0
62.0
27.0
118.0
33.0
20.0
162.0
847.0
51.0
119.0
62.0
42.0
153.0
155.0
75.0
163.0
142.0
777.0
36.0
20.0
26.0
32.0
8.0
73.0
272.0
113.0
73.0
82.0
57.0
39.0
84.0
151.0
48.0
25.0
53.0
156.0
175.0
103.0
79.0
131.0
48.0
66.0
1654.0
54.0
55.0
66.0
25.0
160.0
270.0
32.0
261.0
120.0
250.0
82.0
138.0
809.0
217.0
71.0
1268.0
130.0
126.0
70.0
91.0
121.0
20.0
259.0
187.0
481.0
1345.0
34.0
506.0
113.0
182.0
47.0
350.0
245.0
386.0
59.0
307.0
514.0
284.0
70.0
240.0
81.0
291.0
27.0
373.0
166.0
841.0
1351.0
556.0
339.0
1119.0
276.0
146.0
873.0
5390.0
5710.0
126.0
173.0
323.0
51.0
29.0
184.0
219.0
180.0
482.0
363.0
79.0
67.0
27.0
125.0
32.0
20.0
169.0
878.0
51.0
123.0
62.0
42.0
156.0
147.0
73.0
163.0
148.0
755.0
36.0
21.0
24.0
30.0
8.0
75.0
277.0
103.0
69.0
86.0
56.0
41.0
82.0
145.0
48.0
25.0
53.0
151.0
162.0
109.0
84.0
128.0
48.0
61.0
1646.0
55.0
59.0
66.0
26.0
167.0
271.0
33.0
286.0
128.0
246.0
81.0
137.0
810.0
213.0
69.0
1230.0
123.0
127.0
72.0
92.0
112.0
20.0
249.0
193.0
519.0
1340.0
36.0
506.0
119.0
183.0
46.0
325.0
269.0
401.0
59.0
301.0
524.0
275.0
73.0
236.0
76.0
273.0
28.0
370.0
157.0
775.0
1392.0
567.0
350.0
1124.0
278.0
156.0
796.0
5418.0
5601.0
122.0
172.0
308.0
49.0
29.0
185.0
206.0
192.0
490.0
367.0
77.0
62.0
25.0
117.0
32.0
20.0
174.0
822.0
50.0
125.0
64.0
44.0
153.0
144.0
75.0
158.0
153.0
738.0
35.0
20.0
25.0
31.0
8.0
76.0
273.0
109.0
71.0
89.0
58.0
37.0
88.0
147.0
48.0
27.0
53.0
149.0
168.0
102.0
81.0
136.0
44.0
64.0
1584.0
57.0
58.0
66.0
25.0
163.0
271.0
32.0
268.0
123.0
253.0
79.0
129.0
800.0
224.0
67.0
1202.0
129.0
119.0
71.0
90.0
115.0
20.0
265.0
201.0
500.0
1303.0
33.0
512.0
115.0
193.0
45.0
351.0
267.0
393.0
60.0
306.0
515.0
294.0
70.0
248.0
79.0
284.0
29.0
347.0
165.0
778.0
1273.0
548.0
363.0
1127.0
275.0
154.0
817.0
5020.0
5642.0
127.0
162.0
308.0
49.0
29.0
184.0
209.0
184.0
528.0
345.0
72.0
67.0
27.0
122.0
32.0
20.0
166.0
818.0
49.0
119.0
62.0
44.0
151.0
151.0
71.0
163.0
150.0
752.0
36.0
20.0
26.0
30.0
8.0
76.0
252.0
105.0
71.0
85.0
58.0
40.0
87.0
140.0
45.0
27.0
55.0
149.0
163.0
106.0
81.0
127.0
48.0
65.0
1517.0
56.0
54.0
70.0
25.0
161.0
297.0
33.0
281.0
125.0
253.0
80.0
128.0
814.0
216.0
71.0
1230.0
132.0
123.0
73.0
89.0
121.0
19.0
261.0
199.0
482.0
1309.0
35.0
560.0
110.0
193.0
46.0
336.0
254.0
378.0
57.0
299.0
529.0
290.0
74.0
230.0
81.0
291.0
28.0
352.0
157.0
818.0
1363.0
543.0
342.0
1088.0
291.0
146.0
806.0
5065.0
5629.0
121.0
169.0
315.0
47.0
29.0
192.0
208.0
187.0
517.0
351.0
78.0
62.0
25.0
122.0
33.0
20.0
179.0
899.0
52.0
130.0
65.0
42.0
155.0
142.0
69.0
168.0
140.0
762.0
35.0
21.0
26.0
30.0
8.0
72.0
269.0
111.0
73.0
83.0
55.0
39.0
86.0
148.0
49.0
26.0
53.0
151.0
162.0
100.0
82.0
133.0
48.0
65.0
1581.0
58.0
57.0
67.0
24.0
158.0
279.0
33.0
266.0
130.0
254.0
77.0
129.0
773.0
217.0
71.0
1180.0
125.0
118.0
68.0
89.0
121.0
20.0
249.0
194.0
490.0
1258.0
35.0
527.0
118.0
182.0
47.0
326.0
253.0
382.0
57.0
295.0
554.0
291.0
74.0
253.0
82.0
297.0
27.0
351.0
158.0
804.0
1371.0
575.0
351.0
1123.0
288.0
145.0
868.0
5040.0
5981.0
122.0
168.0
334.0
50.0
29.0
188.0
208.0
183.0
497.0
351.0
76.0
63.0
25.0
128.0
33.0
20.0
163.0
901.0
48.0
126.0
64.0
42.0
163.0
143.0
76.0
164.0
150.0
734.0
38.0
21.0
24.0
31.0
8.0
72.0
261.0
107.0
74.0
91.0
58.0
38.0
88.0
145.0
47.0
25.0
53.0
149.0
167.0
110.0
83.0
134.0
48.0
61.0
1635.0
54.0
57.0
67.0
25.0
153.0
284.0
30.0
270.0
121.0
237.0
77.0
136.0
761.0
208.0
67.0
1211.0
132.0
121.0
67.0
91.0
119.0
20.0
257.0
195.0
505.0
1329.0
35.0
557.0
114.0
188.0
45.0
320.0
266.0
370.0
61.0
301.0
534.0
266.0
69.0
236.0
82.0
277.0
28.0
349.0
159.0
835.0
1316.0
594.0
359.0
1151.0
294.0
148.0
825.0
5288.0
5736.0
119.0
170.0
312.0
49.0
29.0
176.0
207.0
195.0
493.0
345.0
72.0
65.0
25.0
117.0
31.0
19.0
162.0
866.0
52.0
121.0
66.0
43.0
161.0
146.0
74.0
162.0
144.0
755.0
36.0
20.0
24.0
31.0
8.0
74.0
266.0
107.0
70.0
86.0
54.0
39.0
89.0
147.0
49.0
26.0
54.0
160.0
174.0
107.0
86.0
132.0
45.0
65.0
1601.0
58.0
55.0
69.0
24.0
160.0
284.0
30.0
281.0
126.0
248.0
83.0
132.0
831.0
218.0
65.0
1223.0
127.0
116.0
68.0
91.0
121.0
19.0
248.0
190.0
491.0
1220.0
36.0
520.0
115.0
187.0
45.0
325.0
258.0
395.0
60.0
294.0
542.0
276.0
73.0
247.0
82.0
275.0
28.0
346.0
158.0
781.0
1349.0
561.0
355.0
1179.0
293.0
151.0
831.0
5257.0
5702.0
123.0
164.0
304.0
47.0
29.0
182.0
226.0
189.0
499.0
369.0
77.0
61.0
25.0
122.0
30.0
19.0
170.0
862.0
49.0
120.0
64.0
43.0
163.0
153.0
76.0
159.0
139.0
774.0
37.0
21.0
24.0
30.0
8.0
73.0
273.0
112.0
71.0
90.0
55.0
40.0
88.0
146.0
45.0
26.0
53.0
159.0
167.0
105.0
84.0
136.0
46.0
65.0
1548.0
55.0
59.0
68.0
26.0
166.0
278.0
33.0
262.0
122.0
234.0
83.0
128.0
788.0
217.0
66.0
1229.0
123.0
121.0
67.0
90.0
116.0
19.0
248.0
205.0
515.0
1288.0
34.0
540.0
115.0
186.0
46.0
334.0
244.0
399.0
55.0
308.0
545.0
281.0
72.0
238.0
78.0
297.0
29.0
362.0
157.0
806.0
1345.0
591.0
333.0
1113.0
273.0
144.0
826.0
5187.0
5932.0
120.0
164.0
307.0
48.0
27.0
185.0
205.0
193.0
491.0
365.0
78.0
63.0
27.0
119.0
31.0
19.0
162.0
821.0
50.0
129.0
61.0
45.0
160.0
154.0
74.0
165.0
149.0
760.0
37.0
20.0
25.0
30.0
8.0
72.0
253.0
108.0
73.0
85.0
55.0
39.0
81.0
142.0
46.0
25.0
58.0
155.0
172.0
102.0
80.0
133.0
48.0
65.0
1611.0
54.0
54.0
64.0
25.0
152.0
290.0
31.0
275.0
119.0
250.0
79.0
133.0
820.0
203.0
70.0
1187.0
123.0
125.0
70.0
88.0
113.0
20.0
272.0
187.0
506.0
1334.0
35.0
515.0
119.0
183.0
46.0
333.0
257.0
372.0
56.0
301.0
547.0
282.0
75.0
241.0
81.0
293.0
28.0
342.0
160.0
813.0
1359.0
569.0
352.0
1163.0
279.0
149.0
837.0
4983.0
5609.0
131.0
169.0
318.0
48.0
27.0
183.0
209.0
188.0
500.0
342.0
79.0
67.0
26.0
118.0
33.0
19.0
177.0
893.0
51.0
128.0
64.0
45.0
167.0
148.0
75.0
160.0
138.0
790.0
37.0
21.0
26.0
32.0
8.0
70.0
254.0
112.0
70.0
86.0
57.0
38.0
86.0
150.0
49.0
27.0
55.0
163.0
159.0
108.0
85.0
130.0
44.0
63.0
1552.0
55.0
54.0
68.0
25.0
158.0
284.0
31.0
276.0
123.0
238.0
83.0
132.0
778.0
222.0
68.0
1170.0
133.0
121.0
68.0
92.0
121.0
19.0
254.0
197.0
512.0
1315.0
34.0
540.0
113.0
176.0
45.0
350.0
243.0
385.0
56.0
310.0
551.0
282.0
71.0
229.0
75.0
278.0
29.0
354.0
159.0
791.0
1299.0
551.0
346.0
1180.0
273.0
147.0
835.0
5180.0
5692.0
129.0
166.0
327.0
51.0
27.0
191.0
220.0
195.0
521.0
365.0
78.0
64.0
27.0
125.0
33.0
19.0
166.0
894.0
53.0
131.0
64.0
46.0
158.0
146.0
73.0
156.0
150.0
797.0
37.0
21.0
24.0
31.0
8.0
73.0
258.0
113.0
70.0
91.0
59.0
38.0
84.0
151.0
46.0
27.0
55.0
150.0
168.0
111.0
85.0
137.0
46.0
61.0
1626.0
59.0
56.0
65.0
26.0
158.0
287.0
32.0
273.0
122.0
260.0
77.0
128.0
791.0
225.0
67.0
1223.0
124.0
118.0
67.0
94.0
119.0
20.0
270.0
197.0
495.0
1258.0
34.0
558.0
117.0
175.0
48.0
340.0
258.0
393.0
58.0
312.0
553.0
287.0
73.0
240.0
75.0
300.0
27.0
375.0
166.0
766.0
1379.0
581.0
340.0
1140.0
297.0
148.0
804.0
5140.0
5791.0
119.0
173.0
325.0
47.0
29.0
184.0
218.0
191.0
516.0
361.0
76.0
65.0
27.0
123.0
31.0
20.0
176.0
830.0
53.0
120.0
66.0
46.0
161.0
146.0
71.0
160.0
146.0
730.0
36.0
21.0
25.0
30.0
8.0
71.0
270.0
109.0
71.0
86.0
58.0
40.0
88.0
147.0
46.0
26.0
53.0
159.0
168.0
108.0
79.0
126.0
48.0
63.0
1640.0
55.0
55.0
65.0
26.0
164.0
295.0
32.0
275.0
121.0
253.0
82.0
131.0
793.0
220.0
67.0
1212.0
129.0
120.0
71.0
93.0
121.0
20.0
272.0
202.0
512.0
1347.0
34.0
511.0
110.0
187.0
46.0
345.0
250.0
385.0
57.0
293.0
529.0
290.0
69.0
244.0
79.0
296.0
27.0
367.0
160.0
776.0
1368.0
588.0
328.0
1169.0
283.0
153.0
818.0
5326.0
5595.0
124.0
166.0
313.0
48.0
29.0
192.0
210.0
178.0
489.0
367.0
77.0
65.0
27.0
116.0
30.0
20.0
172.0
845.0
50.0
121.0
61.0
45.0
154.0
140.0
72.0
152.0
149.0
800.0
35.0
20.0
25.0
32.0
8.0
72.0
265.0
103.0
71.0
83.0
58.0
40.0
84.0
151.0
45.0
26.0
58.0
164.0
165.0
109.0
81.0
128.0
44.0
61.0
1633.0
54.0
57.0
69.0
26.0
158.0
273.0
31.0
272.0
129.0
241.0
78.0
138.0
769.0
209.0
71.0
1249.0
125.0
125.0
67.0
88.0
114.0
19.0
271.0
204.0
491.0
1305.0
35.0
528.0
116.0
177.0
46.0
344.0
266.0
391.0
59.0
296.0
555.0
271.0
72.0
251.0
77.0
284.0
27.0
367.0
167.0
802.0
1389.0
587.0
359.0
1103.0
282.0
145.0
870.0
5200.0
5634.0
129.0
156.0
312.0
46.0
27.0
187.0
220.0
182.0
496.0
347.0
79.0
66.0
26.0
118.0
32.0
19.0
169.0
825.0
52.0
126.0
63.0
42.0
159.0
141.0
70.0
159.0
151.0
773.0
38.0
21.0
26.0
31.0
8.0
74.0
258.0
108.0
72.0
87.0
56.0
38.0
85.0
141.0
47.0
25.0
56.0
155.0
166.0
102.0
81.0
137.0
45.0
66.0
1628.0
56.0
56.0
68.0
25.0
152.0
286.0
30.0
265.0
126.0
239.0
79.0
139.0
784.0
205.0
66.0
1247.0
130.0
124.0
71.0
89.0
118.0
20.0
268.0
196.0
490.0
1309.0
34.0
533.0
113.0
184.0
47.0
347.0
259.0
382.0
58.0
289.0
541.0
287.0
74.0
238.0
80.0
301.0
27.0
371.0
158.0
761.0
1349.0
567.0
341.0
1167.0
295.0
153.0
814.0
5517.0
5930.0
127.0
173.0
309.0
51.0
27.0
187.0
223.0
192.0
517.0
364.0
73.0
63.0
26.0
118.0
31.0
20.0
178.0
841.0
49.0
123.0
63.0
42.0
156.0
147.0
75.0
161.0
153.0
768.0
38.0
20.0
25.0
30.0
8.0
69.0
261.0
112.0
69.0
85.0
56.0
40.0
83.0
150.0
47.0
26.0
53.0
162.0
172.0
106.0
79.0
133.0
44.0
67.0
1648.0
56.0
59.0
66.0
25.0
163.0
276.0
32.0
276.0
125.0
238.0
80.0
140.0
770.0
225.0
69.0
1288.0
126.0
123.0
73.0
89.0
122.0
20.0
270.0
200.0
501.0
1326.0
35.0
532.0
117.0
180.0
46.0
318.0
268.0
373.0
61.0
302.0
522.0
276.0
72.0
238.0
82.0
299.0
27.0
355.0
169.0
803.0
1307.0
545.0
346.0
1172.0
273.0
155.0
825.0
5187.0
5470.0
122.0
161.0
331.0
51.0
27.0
184.0
224.0
181.0
524.0
369.0
78.0
63.0
26.0
116.0
33.0
19.0
178.0
821.0
50.0
127.0
67.0
46.0
156.0
142.0
71.0
156.0
149.0
750.0
38.0
21.0
25.0
32.0
8.0
75.0
255.0
110.0
67.0
84.0
58.0
39.0
84.0
151.0
49.0
26.0
54.0
152.0
163.0
101.0
83.0
138.0
45.0
61.0
1531.0
58.0
56.0
65.0
26.0
154.0
283.0
30.0
282.0
123.0
242.0
76.0
140.0
790.0
214.0
66.0
1288.0
124.0
119.0
67.0
85.0
113.0
19.0
266.0
187.0
468.0
1328.0
33.0
528.0
112.0
175.0
46.0
325.0
249.0
392.0
56.0
292.0
525.0
281.0
76.0
239.0
79.0
273.0
28.0
351.0
167.0
800.0
1295.0
574.0
339.0
1079.0
285.0
144.0
844.0
5074.0
5581.0
120.0
164.0
315.0
50.0
27.0
184.0
223.0
177.0
493.0
369.0
78.0
66.0
27.0
123.0
33.0
19.0
166.0
846.0
49.0
127.0
64.0
44.0
162.0
145.0
73.0
163.0
143.0
783.0
35.0
21.0
24.0
30.0
8.0
70.0
264.0
113.0
73.0
86.0
57.0
39.0
89.0
140.0
48.0
26.0
54.0
157.0
158.0
101.0
83.0
128.0
44.0
67.0
1644.0
56.0
56.0
65.0
26.0
156.0
286.0
32.0
269.0
121.0
247.0
75.0
130.0
789.0
217.0
66.0
1206.0
121.0
125.0
68.0
94.0
121.0
19.0
254.0
190.0
481.0
1348.0
34.0
522.0
115.0
185.0
47.0
325.0
256.0
381.0
58.0
320.0
531.0
280.0
74.0
234.0
78.0
277.0
29.0
373.0
163.0
809.0
1300.0
601.0
340.0
1124.0
282.0
157.0
871.0
5287.0
5949.0
121.0
161.0
331.0
49.0
27.0
185.0
224.0
192.0
487.0
366.0
77.0
65.0
25.0
125.0
31.0
20.0
162.0
881.0
49.0
129.0
63.0
44.0
158.0
143.0
69.0
153.0
142.0
773.0
38.0
19.0
24.0
31.0
8.0
69.0
255.0
107.0
69.0
83.0
56.0
39.0
84.0
144.0
45.0
26.0
53.0
154.0
159.0
102.0
86.0
129.0
47.0
66.0
1617.0
56.0
56.0
69.0
26.0
160.0
277.0
32.0
273.0
123.0
252.0
75.0
131.0
830.0
225.0
68.0
1229.0
128.0
123.0
73.0
90.0
118.0
19.0
272.0
189.0
497.0
1221.0
35.0
525.0
118.0
180.0
46.0
336.0
244.0
376.0
55.0
312.0
520.0
295.0
70.0
241.0
79.0
276.0
28.0
346.0
173.0
783.0
1260.0
543.0
332.0
1145.0
301.0
159.0
794.0
5334.0
5731.0
119.0
171.0
336.0
49.0
28.0
178.0
217.0
180.0
485.0
338.0
72.0
62.0
27.0
117.0
32.0
20.0
177.0
831.0
50.0
126.0
65.0
44.0
151.0
143.0
70.0
158.0
149.0
758.0
35.0
21.0
26.0
32.0
8.0
71.0
254.0
112.0
68.0
86.0
58.0
41.0
81.0
147.0
47.0
26.0
55.0
156.0
175.0
106.0
87.0
126.0
46.0
64.0
1619.0
55.0
59.0
65.0
25.0
157.0
271.0
33.0
281.0
120.0
256.0
78.0
132.0
800.0
225.0
67.0
1191.0
126.0
127.0
71.0
90.0
113.0
20.0
254.0
207.0
505.0
1318.0
34.0
556.0
111.0
191.0
45.0
344.0
269.0
364.0
61.0
313.0
547.0
280.0
74.0
245.0
78.0
276.0
28.0
358.0
169.0
842.0
1282.0
567.0
345.0
1111.0
279.0
158.0
852.0
4985.0
6037.0
126.0
164.0
333.0
49.0
27.0
190.0
217.0
193.0
496.0
364.0
78.0
65.0
27.0
122.0
33.0
20.0
170.0
862.0
49.0
124.0
67.0
42.0
157.0
145.0
74.0
162.0
141.0
778.0
35.0
21.0
24.0
32.0
8.0
75.0
252.0
109.0
68.0
88.0
56.0
40.0
85.0
149.0
48.0
27.0
56.0
157.0
164.0
102.0
87.0
130.0
48.0
61.0
1546.0
55.0
54.0
69.0
24.0
166.0
272.0
30.0
270.0
118.0
252.0
79.0
138.0
783.0
211.0
69.0
1186.0
121.0
125.0
72.0
87.0
121.0
20.0
267.0
204.0
515.0
1221.0
35.0
545.0
112.0
182.0
46.0
325.0
257.0
375.0
59.0
319.0
519.0
295.0
74.0
245.0
76.0
277.0
28.0
344.0
160.0
838.0
1312.0
579.0
354.0
1101.0
284.0
154.0
869.0
5003.0
6007.0
126.0
173.0
333.0
47.0
29.0
186.0
224.0
182.0
483.0
365.0
75.0
67.0
25.0
123.0
31.0
19.0
172.0
854.0
50.0
121.0
66.0
44.0
165.0
150.0
74.0
160.0
141.0
761.0
36.0
21.0
25.0
32.0
8.0
75.0
274.0
105.0
74.0
84.0
56.0
40.0
82.0
147.0
47.0
25.0
55.0
148.0
161.0
105.0
87.0
128.0
44.0
64.0
1545.0
57.0
54.0
68.0
25.0
151.0
278.0
33.0
276.0
129.0
255.0
82.0
141.0
798.0
220.0
66.0
1240.0
126.0
122.0
70.0
87.0
112.0
20.0
259.0
198.0
487.0
1238.0
36.0
557.0
113.0
184.0
45.0
316.0
262.0
396.0
60.0
320.0
540.0
276.0
70.0
241.0
75.0
299.0
29.0
361.0
163.0
828.0
1365.0
570.0
363.0
1109.0
292.0
158.0
807.0
5333.0
5977.0
125.0
160.0
303.0
47.0
29.0
175.0
212.0
194.0
511.0
348.0
78.0
62.0
26.0
118.0
33.0
20.0
173.0
850.0
53.0
129.0
63.0
43.0
161.0
143.0
75.0
164.0
149.0
788.0
36.0
20.0
26.0
31.0
8.0
71.0
251.0
103.0
72.0
83.0
57.0
38.0
86.0
150.0
48.0
26.0
58.0
159.0
159.0
109.0
87.0
127.0
46.0
67.0
1519.0
56.0
59.0
69.0
25.0
154.0
272.0
33.0
262.0
129.0
253.0
83.0
132.0
800.0
223.0
65.0
1209.0
134.0
117.0
67.0
93.0
122.0
20.0
247.0
201.0
474.0
1309.0
35.0
535.0
120.0
181.0
44.0
326.0
268.0
372.0
59.0
302.0
536.0
270.0
75.0
237.0
76.0
282.0
29.0
370.0
157.0
801.0
1346.0
558.0
363.0
1160.0
280.0
150.0
795.0
5124.0
6027.0
122.0
162.0
329.0
50.0
27.0
188.0
212.0
186.0
514.0
361.0
79.0
61.0
27.0
122.0
31.0
20.0
178.0
886.0
52.0
125.0
62.0
44.0
160.0
155.0
73.0
157.0
145.0
767.0
35.0
20.0
26.0
30.0
8.0
75.0
251.0
111.0
69.0
90.0
54.0
38.0
81.0
143.0
47.0
26.0
57.0
160.0
175.0
109.0
84.0
132.0
46.0
67.0
1604.0
58.0
58.0
69.0
24.0
158.0
299.0
33.0
277.0
122.0
260.0
78.0
132.0
774.0
211.0
70.0
1258.0
132.0
116.0
72.0
88.0
116.0
19.0
265.0
201.0
468.0
1228.0
36.0
549.0
120.0
177.0
46.0
329.0
259.0
401.0
60.0
312.0
526.0
267.0
70.0
231.0
75.0
286.0
27.0
360.0
167.0
823.0
1354.0
591.0
333.0
1194.0
281.0
156.0
793.0
5234.0
5853.0
126.0
170.0
308.0
51.0
27.0
193.0
220.0
186.0
487.0
347.0
77.0
61.0
26.0
117.0
31.0
19.0
165.0
851.0
52.0
129.0
61.0
45.0
151.0
144.0
73.0
167.0
148.0
732.0
36.0
20.0
25.0
29.0
8.0
70.0
259.0
110.0
72.0
86.0
56.0
39.0
81.0
143.0
47.0
26.0
56.0
159.0
169.0
111.0
80.0
131.0
46.0
67.0
1512.0
59.0
58.0
70.0
26.0
163.0
272.0
31.0
271.0
122.0
260.0
77.0
139.0
780.0
208.0
69.0
1182.0
121.0
119.0
68.0
89.0
115.0
19.0
262.0
195.0
491.0
1236.0
36.0
541.0
110.0
177.0
45.0
320.0
255.0
385.0
61.0
315.0
532.0
291.0
75.0
250.0
76.0
273.0
29.0
344.0
171.0
816.0
1295.0
545.0
335.0
1152.0
291.0
152.0
807.0
5162.0
5438.0
128.0
167.0
326.0
49.0
28.0
183.0
204.0
190.0
527.0
353.0
78.0
64.0
26.0
118.0
31.0
19.0
173.0
863.0
49.0
122.0
67.0
46.0
157.0
146.0
72.0
162.0
146.0
738.0
35.0
20.0
26.0
32.0
8.0
71.0
256.0
105.0
69.0
87.0
55.0
39.0
89.0
141.0
46.0
27.0
57.0
154.0
168.0
103.0
82.0
129.0
45.0
61.0
1654.0
55.0
59.0
68.0
25.0
155.0
279.0
30.0
287.0
128.0
250.0
82.0
128.0
814.0
215.0
70.0
1201.0
123.0
123.0
67.0
90.0
120.0
20.0
271.0
191.0
502.0
1299.0
36.0
505.0
113.0
181.0
44.0
344.0
257.0
379.0
56.0
317.0
556.0
287.0
74.0
241.0
77.0
299.0
29.0
375.0
157.0
843.0
1318.0
578.0
355.0
1147.0
283.0
148.0
795.0
5267.0
5506.0
121.0
167.0
327.0
51.0
28.0
177.0
214.0
184.0
491.0
342.0
73.0
66.0
26.0
121.0
33.0
19.0
171.0
886.0
49.0
121.0
61.0
45.0
155.0
154.0
70.0
154.0
144.0
743.0
35.0
20.0
25.0
31.0
8.0
72.0
251.0
108.0
73.0
91.0
57.0
41.0
84.0
148.0
49.0
26.0
55.0
159.0
167.0
100.0
85.0
126.0
45.0
62.0
1520.0
58.0
56.0
67.0
24.0
154.0
289.0
32.0
265.0
121.0
253.0
80.0
137.0
802.0
207.0
64.0
1247.0
125.0
126.0
72.0
86.0
114.0
20.0
247.0
197.0
490.0
1317.0
34.0
529.0
114.0
182.0
45.0
347.0
252.0
399.0
57.0
310.0
544.0
283.0
75.0
252.0
80.0
281.0
29.0
352.0
158.0
832.0
1277.0
553.0
345.0
1119.0
301.0
148.0
790.0
5392.0
5739.0
124.0
157.0
330.0
46.0
27.0
176.0
224.0
182.0
485.0
343.0
76.0
61.0
25.0
119.0
33.0
20.0
174.0
842.0
49.0
131.0
65.0
46.0
165.0
144.0
75.0
156.0
144.0
765.0
38.0
20.0
25.0
30.0
8.0
70.0
262.0
112.0
73.0
88.0
59.0
41.0
81.0
140.0
46.0
27.0
55.0
159.0
174.0
107.0
80.0
136.0
45.0
67.0
1645.0
56.0
58.0
64.0
24.0
164.0
299.0
31.0
269.0
128.0
258.0
79.0
141.0
802.0
218.0
68.0
1188.0
125.0
118.0
73.0
91.0
112.0
19.0
271.0
201.0
169.0
177.0
140.0
139.0
475.0
153.0
160.0
174.0
157.0
174.0
162.0
147.0
150.0
132.0
163.0
132.0
150.0
165.0
464.0
134.0
155.0
174.0
167.0
137.0
138.0
159.0
144.0
424.0
140.0
136.0
138.0
150.0
155.0
151.0
150.0
169.0
135.0
155.0
173.0
156.0
172.0
141.0
170.0
144.0
165.0
373.0
132.0
169.0
457.0
171.0
149.0
170.0
175.0
134.0
145.0
153.0
144.0
165.0
476.0
137.0
139.0
157.0
160.0
135.0
157.0
136.0
137.0
177.0
173.0
149.0
170.0
139.0
145.0
146.0
112.0
148.0
460.0
171.0
153.0
176.0
148.0
154.0
165.0
147.0
175.0
173.0
463.0
142.0
419.0
159.0
452.0
419.0
424.0
450.0
419.0
444.0
429.0
452.0
436.0
157.0
142.0
166.0
131.0
151.0
142.0
142.0
163.0
161.0
174.0
156.0
174.0
156.0
491.0
150.0
138.0
137.0
145.0
176.0
167.0
158.0
142.0
162.0
153.0
149.0
171.0
135.0
462.0
169.0
151.0
157.0
157.0
141.0
151.0
172.0
136.0
489.0
167.0
138.0
140.0
170.0
133.0
139.0
167.0
142.0
145.0
138.0
159.0
153.0
151.0
175.0
131.0
139.0
148.0
374.0
154.0
177.0
481.0
131.0
138.0
141.0
135.0
168.0
157.0
145.0
155.0
162.0
442.0
154.0
140.0
149.0
135.0
130.0
130.0
161.0
158.0
149.0
134.0
145.0
138.0
146.0
160.0
166.0
135.0
171.0
485.0
157.0
130.0
168.0
138.0
172.0
132.0
176.0
141.0
163.0
463.0
177.0
466.0
164.0
371.0
368.0
437.0
424.0
456.0
477.0
473.0
471.0
426.0
176.0
144.0
143.0
160.0
155.0
168.0
152.0
153.0
163.0
204.0
189.0
167.0
143.0
493.0
163.0
135.0
172.0
141.0
134.0
169.0
140.0
146.0
146.0
173.0
162.0
132.0
133.0
450.0
132.0
138.0
132.0
162.0
160.0
171.0
155.0
176.0
453.0
175.0
147.0
148.0
172.0
177.0
157.0
163.0
163.0
172.0
174.0
132.0
154.0
162.0
144.0
151.0
142.0
162.0
442.0
169.0
165.0
465.0
138.0
153.0
130.0
134.0
161.0
135.0
166.0
135.0
154.0
480.0
142.0
161.0
130.0
172.0
150.0
165.0
142.0
144.0
138.0
136.0
156.0
173.0
134.0
168.0
137.0
143.0
143.0
382.0
145.0
143.0
169.0
133.0
133.0
133.0
132.0
163.0
132.0
484.0
156.0
408.0
164.0
411.0
442.0
451.0
402.0
392.0
425.0
422.0
433.0
394.0
164.0
142.0
134.0
165.0
162.0
133.0
133.0
175.0
147.0
180.0
162.0
137.0
167.0
387.0
144.0
140.0
148.0
158.0
161.0
175.0
172.0
145.0
162.0
138.0
130.0
148.0
148.0
461.0
157.0
150.0
177.0
169.0
145.0
159.0
161.0
136.0
377.0
162.0
176.0
165.0
153.0
150.0
158.0
136.0
168.0
163.0
167.0
138.0
140.0
153.0
131.0
146.0
135.0
168.0
371.0
149.0
162.0
418.0
169.0
150.0
157.0
162.0
135.0
160.0
169.0
173.0
177.0
445.0
133.0
135.0
154.0
130.0
135.0
136.0
177.0
148.0
148.0
137.0
168.0
139.0
161.0
163.0
168.0
151.0
139.0
380.0
161.0
131.0
169.0
136.0
156.0
150.0
161.0
147.0
141.0
488.0
136.0
454.0
152.0
408.0
374.0
454.0
483.0
389.0
453.0
460.0
439.0
487.0
150.0
153.0
132.0
176.0
170.0
162.0
170.0
134.0
140.0
192.0
176.0
150.0
161.0
383.0
172.0
160.0
149.0
148.0
162.0
145.0
138.0
173.0
135.0
155.0
158.0
131.0
133.0
487.0
161.0
176.0
156.0
148.0
140.0
160.0
160.0
145.0
493.0
155.0
138.0
168.0
133.0
156.0
154.0
169.0
149.0
172.0
160.0
137.0
170.0
170.0
160.0
137.0
146.0
152.0
452.0
131.0
177.0
449.0
161.0
156.0
158.0
159.0
134.0
141.0
152.0
132.0
138.0
440.0
143.0
155.0
130.0
157.0
133.0
168.0
144.0
176.0
149.0
136.0
133.0
169.0
150.0
160.0
145.0
116.0
141.0
458.0
162.0
168.0
156.0
153.0
131.0
156.0
135.0
132.0
144.0
445.0
149.0
391.0
166.0
389.0
370.0
463.0
477.0
471.0
435.0
402.0
414.0
444.0
133.0
150.0
175.0
172.0
132.0
176.0
130.0
168.0
151.0
153.0
172.0
158.0
160.0
412.0
145.0
140.0
172.0
163.0
149.0
162.0
162.0
137.0
131.0
142.0
167.0
153.0
154.0
411.0
168.0
132.0
164.0
175.0
174.0
170.0
159.0
144.0
391.0
171.0
174.0
139.0
166.0
140.0
166.0
142.0
155.0
161.0
153.0
136.0
172.0
168.0
158.0
136.0
133.0
132.0
381.0
177.0
134.0
470.0
133.0
132.0
139.0
167.0
156.0
142.0
166.0
143.0
177.0
427.0
172.0
164.0
153.0
139.0
160.0
143.0
168.0
150.0
161.0
160.0
146.0
161.0
135.0
160.0
140.0
148.0
164.0
446.0
172.0
147.0
165.0
137.0
175.0
140.0
138.0
157.0
151.0
416.0
151.0
380.0
156.0
453.0
448.0
474.0
376.0
383.0
462.0
458.0
396.0
372.0
152.0
138.0
154.0
154.0
172.0
144.0
163.0
155.0
161.0
201.0
191.0
156.0
168.0
461.0
177.0
142.0
140.0
140.0
148.0
146.0
136.0
166.0
151.0
158.0
161.0
174.0
149.0
421.0
177.0
138.0
164.0
171.0
157.0
138.0
156.0
144.0
455.0
135.0
161.0
164.0
143.0
150.0
159.0
151.0
156.0
142.0
150.0
136.0
131.0
169.0
166.0
163.0
122.0
134.0
426.0
172.0
166.0
455.0
137.0
174.0
154.0
173.0
168.0
174.0
161.0
137.0
175.0
365.0
147.0
137.0
170.0
175.0
143.0
135.0
148.0
144.0
154.0
142.0
173.0
171.0
148.0
150.0
149.0
122.0
152.0
368.0
138.0
163.0
150.0
143.0
147.0
157.0
167.0
151.0
131.0
388.0
161.0
458.0
137.0
443.0
493.0
474.0
401.0
488.0
492.0
439.0
426.0
383.0
157.0
166.0
159.0
140.0
144.0
150.0
159.0
152.0
169.0
160.0
193.0
139.0
170.0
482.0
140.0
172.0
159.0
175.0
172.0
176.0
162.0
138.0
157.0
153.0
130.0
151.0
139.0
388.0
149.0
164.0
135.0
148.0
175.0
167.0
139.0
132.0
367.0
134.0
140.0
133.0
162.0
130.0
139.0
133.0
174.0
144.0
138.0
154.0
135.0
171.0
175.0
158.0
116.0
177.0
452.0
132.0
141.0
445.0
135.0
153.0
148.0
142.0
144.0
142.0
142.0
167.0
168.0
480.0
132.0
140.0
157.0
157.0
167.0
174.0
145.0
137.0
147.0
144.0
133.0
164.0
171.0
148.0
168.0
143.0
155.0
410.0
176.0
142.0
171.0
172.0
169.0
155.0
151.0
142.0
169.0
426.0
152.0
406.0
139.0
439.0
378.0
432.0
441.0
457.0
406.0
413.0
462.0
474.0
160.0
147.0
175.0
131.0
168.0
130.0
135.0
142.0
172.0
190.0
156.0
135.0
156.0
395.0
154.0
145.0
131.0
163.0
147.0
162.0
132.0
156.0
165.0
162.0
146.0
144.0
168.0
381.0
173.0
153.0
174.0
163.0
131.0
133.0
145.0
158.0
415.0
136.0
161.0
144.0
151.0
140.0
162.0
139.0
150.0
161.0
164.0
170.0
146.0
174.0
150.0
177.0
148.0
160.0
415.0
131.0
137.0
471.0
147.0
168.0
161.0
160.0
141.0
174.0
162.0
163.0
177.0
472.0
154.0
151.0
146.0
142.0
170.0
151.0
160.0
142.0
131.0
157.0
148.0
154.0
151.0
142.0
152.0
132.0
150.0
427.0
168.0
145.0
148.0
176.0
134.0
157.0
137.0
131.0
174.0
366.0
163.0
461.0
142.0
487.0
441.0
442.0
403.0
368.0
377.0
464.0
363.0
449.0
155.0
154.0
171.0
160.0
149.0
153.0
169.0
172.0
157.0
158.0
168.0
158.0
143.0
463.0
154.0
164.0
155.0
135.0
140.0
136.0
130.0
149.0
170.0
151.0
159.0
160.0
169.0
453.0
161.0
173.0
131.0
176.0
157.0
153.0
177.0
137.0
377.0
149.0
171.0
172.0
172.0
139.0
172.0
167.0
152.0
168.0
171.0
154.0
155.0
137.0
146.0
163.0
133.0
140.0
493.0
162.0
136.0
437.0
153.0
172.0
150.0
155.0
139.0
154.0
151.0
164.0
135.0
484.0
153.0
147.0
174.0
169.0
150.0
165.0
149.0
141.0
137.0
172.0
137.0
161.0
152.0
169.0
153.0
152.0
138.0
422.0
147.0
146.0
143.0
173.0
132.0
155.0
169.0
164.0
143.0
467.0
132.0
487.0
132.0
420.0
419.0
457.0
412.0
384.0
487.0
422.0
423.0
393.0
176.0
155.0
137.0
171.0
145.0
162.0
173.0
157.0
169.0
193.0
167.0
133.0
173.0
394.0
162.0
139.0
165.0
154.0
145.0
136.0
171.0
136.0
141.0
143.0
171.0
153.0
159.0
368.0
169.0
144.0
149.0
156.0
136.0
152.0
152.0
153.0
450.0
162.0
175.0
173.0
152.0
157.0
156.0
170.0
153.0
159.0
167.0
165.0
162.0
151.0
166.0
139.0
118.0
172.0
455.0
160.0
168.0
470.0
140.0
167.0
137.0
137.0
155.0
176.0
146.0
139.0
158.0
472.0
170.0
165.0
132.0
169.0
137.0
172.0
161.0
164.0
138.0
141.0
140.0
166.0
161.0
136.0
147.0
129.0
170.0
374.0
131.0
172.0
144.0
153.0
168.0
151.0
164.0
137.0
174.0
474.0
131.0
426.0
169.0
481.0
483.0
404.0
464.0
379.0
491.0
426.0
457.0
385.0
173.0
173.0
136.0
140.0
148.0
162.0
144.0
163.0
158.0
171.0
181.0
134.0
157.0
427.0
138.0
146.0
134.0
148.0
162.0
156.0
136.0
175.0
151.0
168.0
161.0
168.0
170.0
494.0
141.0
160.0
152.0
163.0
149.0
158.0
139.0
170.0
385.0
145.0
137.0
167.0
169.0
154.0
135.0
154.0
177.0
155.0
146.0
157.0
158.0
145.0
164.0
136.0
125.0
159.0
450.0
145.0
163.0
388.0
140.0
162.0
147.0
159.0
148.0
149.0
135.0
174.0
153.0
467.0
130.0
175.0
177.0
170.0
170.0
146.0
154.0
139.0
133.0
158.0
154.0
157.0
147.0
149.0
131.0
141.0
176.0
406.0
159.0
152.0
150.0
156.0
133.0
172.0
131.0
142.0
163.0
418.0
146.0
463.0
157.0
376.0
439.0
435.0
411.0
376.0
456.0
476.0
377.0
421.0
159.0
151.0
136.0
158.0
148.0
155.0
156.0
136.0
135.0
172.0
182.0
175.0
136.0
434.0
167.0
149.0
135.0
148.0
147.0
155.0
144.0
162.0
156.0
142.0
146.0
168.0
146.0
387.0
148.0
130.0
135.0
149.0
157.0
136.0
175.0
144.0
437.0
160.0
143.0
148.0
156.0
175.0
159.0
167.0
175.0
177.0
136.0
160.0
165.0
150.0
137.0
161.0
113.0
158.0
370.0
162.0
155.0
450.0
157.0
168.0
164.0
135.0
154.0
158.0
144.0
158.0
131.0
401.0
160.0
137.0
143.0
141.0
175.0
169.0
137.0
165.0
176.0
149.0
137.0
132.0
147.0
174.0
161.0
128.0
156.0
382.0
145.0
146.0
136.0
165.0
142.0
141.0
155.0
151.0
139.0
405.0
145.0
382.0
165.0
436.0
410.0
449.0
451.0
455.0
458.0
460.0
433.0
488.0
140.0
151.0
141.0
165.0
165.0
136.0
145.0
158.0
167.0
173.0
162.0
138.0
130.0
367.0
140.0
169.0
156.0
166.0
169.0
148.0
160.0
177.0
171.0
135.0
148.0
141.0
166.0
437.0
136.0
175.0
144.0
148.0
162.0
157.0
137.0
133.0
494.0
147.0
154.0
168.0
162.0
138.0
136.0
164.0
171.0
142.0
174.0
156.0
155.0
169.0
131.0
154.0
133.0
169.0
443.0
151.0
149.0
389.0
176.0
175.0
146.0
169.0
136.0
150.0
146.0
153.0
136.0
493.0
160.0
164.0
153.0
169.0
138.0
168.0
144.0
158.0
145.0
155.0
157.0
157.0
141.0
173.0
148.0
148.0
163.0
396.0
156.0
135.0
137.0
152.0
176.0
172.0
151.0
146.0
173.0
410.0
143.0
452.0
168.0
467.0
439.0
437.0
425.0
405.0
399.0
432.0
439.0
369.0
173.0
168.0
130.0
163.0
154.0
148.0
148.0
163.0
145.0
176.0
196.0
140.0
150.0
389.0
157.0
163.0
149.0
158.0
165.0
174.0
157.0
176.0
145.0
153.0
140.0
175.0
161.0
398.0
133.0
177.0
156.0
151.0
137.0
152.0
169.0
130.0
398.0
138.0
155.0
162.0
130.0
156.0
172.0
177.0
133.0
141.0
173.0
163.0
142.0
146.0
130.0
172.0
132.0
135.0
407.0
148.0
149.0
402.0
142.0
153.0
164.0
173.0
158.0
171.0
153.0
168.0
151.0
398.0
155.0
146.0
148.0
159.0
170.0
147.0
177.0
143.0
135.0
164.0
147.0
159.0
177.0
158.0
147.0
130.0
147.0
378.0
130.0
162.0
154.0
170.0
156.0
142.0
157.0
152.0
172.0
443.0
152.0
446.0
131.0
438.0
427.0
450.0
433.0
485.0
432.0
458.0
462.0
375.0
163.0
156.0
160.0
139.0
159.0
132.0
167.0
174.0
164.0
155.0
159.0
169.0
152.0
387.0
172.0
164.0
137.0
173.0
151.0
163.0
160.0
163.0
158.0
168.0
153.0
131.0
161.0
379.0
140.0
135.0
150.0
137.0
139.0
130.0
167.0
161.0
392.0
162.0
158.0
140.0
142.0
146.0
131.0
144.0
166.0
169.0
163.0
155.0
136.0
137.0
134.0
152.0
137.0
145.0
370.0
140.0
137.0
375.0
156.0
148.0
163.0
138.0
174.0
148.0
138.0
137.0
142.0
399.0
131.0
142.0
154.0
143.0
175.0
152.0
164.0
173.0
154.0
162.0
158.0
143.0
153.0
134.0
159.0
113.0
139.0
477.0
138.0
174.0
142.0
165.0
138.0
135.0
150.0
141.0
169.0
429.0
152.0
424.0
172.0
481.0
410.0
479.0
447.0
460.0
492.0
416.0
481.0
422.0
150.0
161.0
145.0
137.0
149.0
149.0
162.0
170.0
143.0
168.0
191.0
151.0
174.0
452.0
162.0
147.0
151.0
172.0
144.0
152.0
139.0
146.0
176.0
153.0
162.0
153.0
156.0
415.0
170.0
138.0
173.0
140.0
174.0
136.0
170.0
146.0
418.0
171.0
176.0
142.0
173.0
162.0
142.0
140.0
156.0
171.0
150.0
155.0
155.0
151.0
146.0
135.0
141.0
161.0
395.0
161.0
164.0
424.0
145.0
165.0
148.0
146.0
170.0
154.0
137.0
153.0
148.0
447.0
146.0
177.0
133.0
177.0
150.0
167.0
157.0
139.0
172.0
138.0
177.0
166.0
137.0
154.0
161.0
135.0
172.0
391.0
176.0
137.0
146.0
131.0
152.0
156.0
165.0
162.0
158.0
391.0
172.0
452.0
148.0
488.0
417.0
438.0
449.0
459.0
406.0
428.0
404.0
401.0
131.0
169.0
142.0
152.0
153.0
154.0
164.0
173.0
167.0
171.0
206.0
150.0
164.0
486.0
134.0
143.0
153.0
153.0
166.0
141.0
167.0
165.0
159.0
170.0
139.0
136.0
149.0
443.0
150.0
153.0
140.0
176.0
152.0
173.0
150.0
130.0
441.0
142.0
168.0
157.0
176.0
150.0
157.0
139.0
144.0
170.0
170.0
166.0
158.0
146.0
172.0
136.0
121.0
147.0
383.0
132.0
163.0
428.0
136.0
166.0
168.0
160.0
136.0
166.0
138.0
132.0
131.0
367.0
141.0
147.0
134.0
176.0
152.0
149.0
166.0
173.0
170.0
130.0
130.0
159.0
152.0
152.0
142.0
137.0
151.0
402.0
152.0
131.0
150.0
148.0
162.0
170.0
174.0
159.0
130.0
464.0
155.0
459.0
174.0
382.0
376.0
485.0
438.0
493.0
456.0
408.0
377.0
404.0
154.0
161.0
152.0
168.0
131.0
145.0
134.0
133.0
154.0
155.0
174.0
151.0
145.0
470.0
136.0
158.0
158.0
149.0
174.0
141.0
151.0
131.0
150.0
148.0
162.0
175.0
138.0
427.0
161.0
173.0
170.0
177.0
164.0
161.0
167.0
142.0
447.0
137.0
155.0
133.0
149.0
144.0
138.0
168.0
170.0
166.0
162.0
145.0
177.0
168.0
138.0
133.0
126.0
130.0
401.0
167.0
149.0
490.0
165.0
173.0
168.0
177.0
175.0
171.0
151.0
173.0
139.0
395.0
143.0
155.0
161.0
174.0
130.0
152.0
155.0
170.0
132.0
159.0
166.0
151.0
165.0
133.0
141.0
126.0
139.0
404.0
162.0
169.0
161.0
150.0
135.0
167.0
140.0
135.0
132.0
465.0
130.0
369.0
162.0
365.0
422.0
467.0
436.0
394.0
384.0
399.0
451.0
389.0
154.0
164.0
130.0
133.0
174.0
142.0
169.0
173.0
157.0
190.0
168.0
133.0
166.0
413.0
135.0
138.0
156.0
133.0
157.0
174.0
141.0
167.0
130.0
146.0
143.0
162.0
143.0
416.0
163.0
140.0
143.0
170.0
151.0
174.0
147.0
151.0
382.0
173.0
176.0
167.0
160.0
152.0
146.0
161.0
130.0
174.0
157.0
145.0
134.0
148.0
163.0
155.0
130.0
158.0
450.0
175.0
154.0
473.0
174.0
137.0
151.0
136.0
160.0
160.0
164.0
135.0
132.0
439.0
152.0
155.0
176.0
168.0
141.0
139.0
159.0
167.0
167.0
168.0
151.0
135.0
166.0
173.0
152.0
122.0
155.0
385.0
130.0
137.0
157.0
144.0
165.0
132.0
144.0
164.0
157.0
480.0
171.0
452.0
159.0
453.0
434.0
382.0
423.0
383.0
481.0
376.0
426.0
401.0
154.0
169.0
165.0
162.0
140.0
144.0
164.0
166.0
172.0
205.0
166.0
146.0
158.0
372.0
177.0
135.0
140.0
134.0
155.0
171.0
135.0
137.0
177.0
167.0
158.0
166.0
151.0
467.0
169.0
158.0
173.0
139.0
162.0
153.0
156.0
169.0
464.0
157.0
139.0
143.0
158.0
162.0
150.0
154.0
149.0
161.0
134.0
141.0
140.0
142.0
158.0
147.0
128.0
163.0
428.0
139.0
153.0
363.0
145.0
135.0
130.0
171.0
156.0
139.0
173.0
152.0
141.0
445.0
155.0
158.0
156.0
136.0
144.0
175.0
157.0
167.0
159.0
157.0
161.0
167.0
156.0
165.0
155.0
116.0
154.0
437.0
171.0
133.0
163.0
155.0
175.0
148.0
138.0
148.0
164.0
391.0
177.0
393.0
140.0
488.0
415.0
455.0
413.0
386.0
405.0
453.0
444.0
491.0
159.0
171.0
154.0
136.0
157.0
177.0
167.0
152.0
175.0
193.0
169.0
174.0
149.0
451.0
159.0
146.0
172.0
151.0
151.0
174.0
173.0
149.0
139.0
177.0
132.0
136.0
141.0
429.0
162.0
163.0
151.0
134.0
159.0
163.0
161.0
137.0
475.0
131.0
156.0
171.0
135.0
149.0
153.0
142.0
152.0
171.0
134.0
161.0
156.0
163.0
154.0
144.0
145.0
153.0
383.0
168.0
131.0
450.0
163.0
167.0
135.0
142.0
130.0
171.0
163.0
168.0
148.0
463.0
139.0
172.0
167.0
147.0
139.0
153.0
160.0
172.0
155.0
145.0
163.0
154.0
149.0
159.0
153.0
115.0
138.0
393.0
144.0
168.0
166.0
130.0
146.0
175.0
136.0
155.0
142.0
407.0
169.0
375.0
142.0
426.0
451.0
393.0
398.0
378.0
404.0
388.0
426.0
448.0
175.0
146.0
145.0
137.0
159.0
135.0
164.0
151.0
161.0
168.0
161.0
145.0
157.0
424.0
171.0
161.0
130.0
140.0
140.0
144.0
170.0
136.0
141.0
174.0
160.0
168.0
155.0
365.0
155.0
155.0
148.0
172.0
174.0
134.0
148.0
145.0
397.0
134.0
151.0
148.0
146.0
161.0
160.0
137.0
164.0
149.0
130.0
166.0
171.0
176.0
130.0
172.0
136.0
163.0
435.0
148.0
167.0
364.0
133.0
137.0
169.0
170.0
142.0
175.0
154.0
174.0
175.0
485.0
149.0
169.0
164.0
144.0
155.0
143.0
176.0
134.0
151.0
168.0
162.0
131.0
160.0
133.0
172.0
116.0
171.0
402.0
170.0
144.0
137.0
150.0
138.0
146.0
139.0
147.0
165.0
462.0
156.0
375.0
166.0
422.0
373.0
456.0
429.0
437.0
493.0
430.0
474.0
410.0
176.0
165.0
173.0
149.0
137.0
168.0
145.0
145.0
151.0
193.0
162.0
168.0
138.0
410.0
136.0
162.0
159.0
162.0
133.0
145.0
171.0
136.0
138.0
157.0
147.0
156.0
165.0
363.0
170.0
163.0
146.0
144.0
158.0
130.0
176.0
168.0
385.0
136.0
172.0
172.0
139.0
157.0
134.0
145.0
163.0
145.0
135.0
134.0
137.0
149.0
140.0
143.0
117.0
152.0
408.0
159.0
148.0
404.0
143.0
151.0
163.0
163.0
131.0
167.0
159.0
156.0
144.0
430.0
147.0
132.0
151.0
155.0
131.0
164.0
157.0
130.0
132.0
160.0
146.0
168.0
174.0
153.0
174.0
127.0
132.0
483.0
133.0
137.0
147.0
154.0
130.0
144.0
156.0
148.0
177.0
468.0
153.0
375.0
160.0
452.0
417.0
407.0
379.0
366.0
488.0
491.0
377.0
404.0
177.0
172.0
177.0
175.0
139.0
176.0
161.0
137.0
143.0
166.0
152.0
154.0
160.0
470.0
168.0
175.0
175.0
141.0
169.0
175.0
166.0
157.0
176.0
175.0
176.0
173.0
143.0
444.0
136.0
152.0
166.0
156.0
169.0
155.0
145.0
130.0
404.0
149.0
163.0
140.0
152.0
164.0
156.0
142.0
161.0
154.0
161.0
153.0
177.0
168.0
162.0
133.0
117.0
164.0
446.0
174.0
165.0
420.0
160.0
160.0
172.0
146.0
137.0
147.0
149.0
148.0
162.0
420.0
169.0
146.0
137.0
131.0
148.0
155.0
176.0
170.0
135.0
136.0
158.0
133.0
143.0
143.0
145.0
135.0
155.0
449.0
143.0
166.0
154.0
170.0
143.0
175.0
165.0
134.0
153.0
406.0
136.0
378.0
153.0
379.0
433.0
363.0
365.0
403.0
473.0
424.0
417.0
366.0
172.0
171.0
167.0
153.0
130.0
130.0
135.0
139.0
133.0
167.0
205.0
159.0
136.0
477.0
159.0
158.0
150.0
143.0
162.0
149.0
131.0
172.0
145.0
176.0
148.0
162.0
137.0
435.0
165.0
145.0
171.0
149.0
134.0
141.0
156.0
167.0
371.0
131.0
134.0
149.0
134.0
171.0
136.0
140.0
158.0
156.0
155.0
139.0
174.0
175.0
140.0
157.0
143.0
167.0
487.0
148.0
161.0
402.0
146.0
159.0
139.0
156.0
144.0
131.0
135.0
152.0
147.0
458.0
173.0
159.0
177.0
175.0
144.0
163.0
162.0
150.0
134.0
168.0
146.0
156.0
158.0
140.0
146.0
120.0
163.0
414.0
143.0
171.0
174.0
131.0
147.0
141.0
151.0
161.0
160.0
477.0
160.0
381.0
176.0
399.0
460.0
471.0
396.0
417.0
445.0
420.0
494.0
461.0
176.0
174.0
167.0
140.0
130.0
165.0
130.0
168.0
170.0
169.0
183.0
151.0
133.0
454.0
174.0
155.0
176.0
170.0
167.0
148.0
165.0
162.0
146.0
141.0
150.0
174.0
133.0
456.0
149.0
164.0
174.0
168.0
168.0
137.0
139.0
174.0
381.0
146.0
174.0
147.0
175.0
163.0
139.0
145.0
145.0
149.0
170.0
157.0
151.0
154.0
160.0
130.0
145.0
172.0
454.0
163.0
161.0
374.0
148.0
160.0
146.0
164.0
172.0
177.0
150.0
136.0
148.0
389.0
146.0
151.0
161.0
173.0
157.0
167.0
174.0
144.0
146.0
130.0
171.0
173.0
171.0
164.0
141.0
141.0
162.0
427.0
157.0
159.0
168.0
166.0
130.0
151.0
154.0
160.0
170.0
477.0
175.0
434.0
165.0
475.0
413.0
449.0
429.0
391.0
366.0
424.0
479.0
415.0
139.0
163.0
174.0
132.0
154.0
170.0
158.0
157.0
157.0
186.0
201.0
144.0
137.0
409.0
156.0
144.0
151.0
142.0
148.0
167.0
170.0
155.0
142.0
155.0
153.0
144.0
161.0
372.0
151.0
163.0
151.0
146.0
149.0
153.0
130.0
133.0
491.0
177.0
173.0
139.0
137.0
147.0
170.0
131.0
164.0
159.0
154.0
170.0
139.0
151.0
163.0
149.0
147.0
145.0
440.0
142.0
146.0
483.0
139.0
130.0
170.0
140.0
152.0
133.0
176.0
166.0
143.0
368.0
141.0
159.0
156.0
146.0
162.0
148.0
137.0
151.0
154.0
142.0
145.0
165.0
141.0
166.0
160.0
119.0
140.0
455.0
130.0
173.0
137.0
170.0
136.0
166.0
137.0
171.0
139.0
406.0
149.0
468.0
132.0
454.0
452.0
491.0
493.0
419.0
471.0
407.0
480.0
391.0
145.0
154.0
144.0
138.0
159.0
170.0
165.0
174.0
152.0
184.0
180.0
168.0
162.0
455.0
148.0
167.0
136.0
145.0
144.0
137.0
168.0
145.0
169.0
171.0
134.0
164.0
175.0
372.0
171.0
150.0
159.0
154.0
176.0
157.0
166.0
150.0
490.0
135.0
144.0
148.0
159.0
152.0
168.0
141.0
139.0
174.0
172.0
169.0
156.0
152.0
177.0
151.0
144.0
177.0
419.0
130.0
165.0
421.0
151.0
157.0
163.0
176.0
147.0
153.0
139.0
137.0
131.0
407.0
152.0
137.0
146.0
161.0
139.0
135.0
148.0
175.0
162.0
147.0
159.0
150.0
140.0
130.0
175.0
128.0
161.0
363.0
171.0
168.0
147.0
135.0
161.0
156.0
167.0
174.0
164.0
490.0
165.0
375.0
150.0
486.0
488.0
407.0
448.0
474.0
387.0
481.0
426.0
460.0
160.0
163.0
153.0
150.0
168.0
177.0
151.0
140.0
144.0
183.0
178.0
160.0
141.0
452.0
137.0
145.0
143.0
148.0
170.0
165.0
150.0
167.0
148.0
171.0
172.0
146.0
171.0
426.0
136.0
152.0
139.0
172.0
144.0
133.0
158.0
157.0
387.0
146.0
143.0
150.0
143.0
149.0
174.0
136.0
138.0
159.0
167.0
156.0
175.0
137.0
150.0
147.0
113.0
167.0
411.0
131.0
154.0
447.0
152.0
137.0
137.0
142.0
151.0
169.0
158.0
156.0
134.0
493.0
140.0
146.0
171.0
157.0
172.0
149.0
142.0
161.0
157.0
149.0
170.0
168.0
147.0
140.0
170.0
129.0
155.0
401.0
131.0
176.0
161.0
134.0
167.0
177.0
175.0
174.0
133.0
438.0
137.0
461.0
142.0
461.0
477.0
396.0
405.0
455.0
381.0
363.0
483.0
490.0
152.0
134.0
174.0
173.0
166.0
147.0
134.0
145.0
175.0
191.0
158.0
157.0
130.0
415.0
135.0
138.0
170.0
132.0
166.0
142.0
148.0
140.0
156.0
146.0
143.0
165.0
146.0
474.0
169.0
169.0
164.0
158.0
154.0
170.0
137.0
164.0
391.0
161.0
169.0
156.0
154.0
136.0
159.0
151.0
176.0
164.0
159.0
153.0
171.0
153.0
140.0
163.0
131.0
135.0
449.0
143.0
166.0
432.0
149.0
159.0
156.0
139.0
176.0
152.0
133.0
149.0
130.0
419.0
156.0
174.0
152.0
154.0
158.0
176.0
163.0
157.0
168.0
136.0
153.0
171.0
163.0
131.0
134.0
150.0
152.0
451.0
151.0
157.0
167.0
167.0
162.0
163.0
162.0
158.0
154.0
416.0
137.0
454.0
155.0
396.0
427.0
420.0
381.0
461.0
469.0
416.0
471.0
461.0
159.0
141.0
172.0
175.0
166.0
170.0
131.0
165.0
139.0
191.0
157.0
144.0
135.0
466.0
135.0
150.0
155.0
143.0
160.0
162.0
157.0
145.0
143.0
172.0
156.0
140.0
167.0
454.0
130.0
171.0
162.0
138.0
146.0
156.0
133.0
153.0
390.0
135.0
164.0
136.0
150.0
140.0
177.0
135.0
162.0
148.0
151.0
141.0
142.0
168.0
139.0
155.0
148.0
136.0
409.0
134.0
140.0
470.0
135.0
136.0
146.0
166.0
143.0
174.0
170.0
142.0
142.0
371.0
130.0
151.0
174.0
175.0
169.0
169.0
176.0
167.0
169.0
155.0
141.0
143.0
175.0
154.0
160.0
138.0
153.0
451.0
150.0
137.0
171.0
160.0
163.0
163.0
142.0
165.0
131.0
445.0
177.0
432.0
171.0
420.0
486.0
432.0
435.0
406.0
367.0
417.0
377.0
458.0
135.0
169.0
173.0
172.0
160.0
132.0
132.0
168.0
156.0
197.0
196.0
152.0
170.0
442.0
177.0
153.0
154.0
153.0
161.0
165.0
155.0
137.0
148.0
140.0
159.0
154.0
155.0
402.0
159.0
157.0
174.0
155.0
156.0
134.0
168.0
139.0
412.0
130.0
135.0
144.0
136.0
139.0
151.0
131.0
154.0
159.0
144.0
151.0
143.0
132.0
144.0
147.0
122.0
133.0
426.0
144.0
157.0
451.0
134.0
142.0
138.0
137.0
148.0
152.0
153.0
166.0
137.0
434.0
139.0
144.0
140.0
156.0
138.0
170.0
176.0
133.0
141.0
137.0
174.0
134.0
135.0
153.0
156.0
133.0
176.0
477.0
177.0
152.0
139.0
172.0
156.0
155.0
147.0
169.0
168.0
379.0
162.0
447.0
136.0
377.0
388.0
474.0
420.0
439.0
442.0
446.0
459.0
414.0
150.0
162.0
134.0
172.0
132.0
146.0
153.0
172.0
157.0
172.0
154.0
172.0
171.0
387.0
153.0
173.0
172.0
158.0
134.0
166.0
148.0
139.0
174.0
149.0
156.0
175.0
158.0
434.0
141.0
170.0
168.0
135.0
158.0
146.0
131.0
170.0
428.0
141.0
160.0
141.0
132.0
133.0
172.0
159.0
174.0
141.0
167.0
137.0
158.0
143.0
157.0
131.0
122.0
142.0
462.0
167.0
156.0
492.0
145.0
144.0
173.0
163.0
132.0
133.0
149.0
146.0
176.0
372.0
151.0
144.0
134.0
174.0
152.0
167.0
139.0
139.0
163.0
175.0
154.0
157.0
149.0
138.0
138.0
124.0
158.0
421.0
168.0
133.0
160.0
167.0
176.0
175.0
153.0
173.0
136.0
410.0
158.0
442.0
144.0
392.0
413.0
469.0
427.0
431.0
380.0
373.0
480.0
380.0
156.0
174.0
138.0
151.0
151.0
149.0
148.0
151.0
134.0
196.0
175.0
175.0
148.0
404.0
167.0
144.0
171.0
136.0
155.0
173.0
137.0
139.0
148.0
135.0
147.0
161.0
134.0
396.0
152.0
170.0
141.0
150.0
175.0
132.0
155.0
165.0
369.0
159.0
144.0
137.0
136.0
140.0
130.0
157.0
159.0
132.0
170.0
151.0
132.0
157.0
160.0
131.0
122.0
173.0
461.0
139.0
131.0
483.0
165.0
159.0
136.0
171.0
172.0
137.0
151.0
131.0
167.0
420.0
165.0
151.0
159.0
154.0
161.0
132.0
137.0
136.0
148.0
161.0
137.0
144.0
136.0
156.0
162.0
145.0
146.0
471.0
133.0
138.0
159.0
144.0
176.0
168.0
134.0
142.0
175.0
489.0
163.0
473.0
155.0
390.0
405.0
495.0
461.0
446.0
397.0
437.0
440.0
400.0
176.0
148.0
157.0
135.0
148.0
173.0
171.0
171.0
132.0
195.0
165.0
149.0
134.0
472.0
130.0
148.0
154.0
134.0
171.0
157.0
155.0
146.0
167.0
172.0
172.0
152.0
166.0
373.0
138.0
157.0
141.0
167.0
131.0
163.0
131.0
130.0
390.0
160.0
146.0
161.0
150.0
172.0
143.0
155.0
130.0
140.0
165.0
162.0
174.0
170.0
162.0
148.0
112.0
169.0
378.0
130.0
171.0
442.0
155.0
151.0
148.0
172.0
143.0
175.0
151.0
168.0
145.0
428.0
142.0
149.0
141.0
137.0
167.0
140.0
157.0
177.0
164.0
152.0
172.0
148.0
140.0
132.0
169.0
149.0
147.0
422.0
154.0
146.0
131.0
143.0
157.0
171.0
157.0
170.0
138.0
394.0
155.0
376.0
146.0
369.0
417.0
367.0
461.0
405.0
476.0
378.0
454.0
432.0
144.0
151.0
171.0
133.0
158.0
160.0
147.0
152.0
134.0
198.0
181.0
150.0
153.0
368.0
144.0
158.0
138.0
174.0
159.0
165.0
131.0
167.0
131.0
157.0
168.0
133.0
132.0
448.0
164.0
171.0
155.0
163.0
157.0
145.0
175.0
164.0
459.0
163.0
169.0
152.0
131.0
158.0
145.0
135.0
170.0
156.0
173.0
151.0
151.0
138.0
162.0
164.0
151.0
148.0
409.0
130.0
173.0
405.0
153.0
163.0
174.0
139.0
148.0
155.0
139.0
138.0
144.0
404.0
163.0
169.0
150.0
139.0
141.0
170.0
159.0
131.0
136.0
140.0
152.0
149.0
153.0
168.0
168.0
118.0
177.0
395.0
151.0
167.0
153.0
147.0
152.0
159.0
153.0
168.0
168.0
476.0
161.0
427.0
169.0
393.0
370.0
459.0
492.0
386.0
392.0
464.0
465.0
394.0
168.0
162.0
171.0
136.0
138.0
164.0
167.0
145.0
136.0
155.0
184.0
150.0
163.0
374.0
156.0
162.0
171.0
173.0
171.0
131.0
147.0
162.0
153.0
172.0
171.0
165.0
174.0
463.0
168.0
135.0
169.0
160.0
172.0
145.0
130.0
153.0
413.0
177.0
171.0
137.0
174.0
151.0
138.0
131.0
135.0
141.0
154.0
170.0
136.0
165.0
177.0
145.0
134.0
162.0
373.0
143.0
165.0
417.0
152.0
161.0
142.0
163.0
155.0
156.0
173.0
171.0
162.0
378.0
168.0
152.0
164.0
131.0
156.0
151.0
171.0
167.0
160.0
173.0
143.0
140.0
168.0
135.0
135.0
134.0
152.0
410.0
149.0
150.0
168.0
173.0
151.0
154.0
142.0
133.0
143.0
403.0
177.0
474.0
162.0
476.0
385.0
399.0
431.0
366.0
450.0
375.0
437.0
441.0
166.0
136.0
133.0
160.0
133.0
171.0
160.0
156.0
141.0
162.0
167.0
176.0
169.0
458.0
154.0
144.0
176.0
170.0
145.0
160.0
171.0
136.0
168.0
149.0
135.0
144.0
175.0
454.0
158.0
171.0
148.0
153.0
149.0
145.0
146.0
139.0
457.0
158.0
154.0
164.0
134.0
161.0
153.0
161.0
138.0
131.0
134.0
131.0
136.0
150.0
161.0
148.0
147.0
155.0
478.0
166.0
146.0
472.0
141.0
150.0
144.0
146.0
168.0
143.0
176.0
173.0
173.0
465.0
137.0
174.0
140.0
157.0
138.0
174.0
175.0
174.0
173.0
144.0
150.0
135.0
172.0
149.0
134.0
145.0
130.0
396.0
169.0
169.0
156.0
174.0
139.0
134.0
148.0
156.0
157.0
487.0
153.0
473.0
170.0
437.0
432.0
400.0
477.0
392.0
468.0
390.0
452.0
423.0
165.0
172.0
157.0
132.0
132.0
136.0
143.0
150.0
131.0
178.0
189.0
170.0
158.0
385.0
141.0
151.0
139.0
163.0
171.0
144.0
154.0
130.0
161.0
158.0
160.0
141.0
137.0
491.0
144.0
150.0
165.0
156.0
134.0
151.0
155.0
170.0
494.0
142.0
167.0
140.0
146.0
168.0
156.0
131.0
146.0
174.0
150.0
169.0
168.0
158.0
139.0
150.0
122.0
175.0
392.0
142.0
133.0
378.0
150.0
168.0
136.0
161.0
149.0
169.0
139.0
156.0
136.0
439.0
165.0
143.0
133.0
146.0
138.0
176.0
169.0
130.0
171.0
138.0
152.0
155.0
132.0
137.0
156.0
124.0
156.0
397.0
169.0
172.0
136.0
157.0
165.0
174.0
175.0
166.0
136.0
458.0
130.0
381.0
140.0
485.0
488.0
367.0
436.0
447.0
428.0
385.0
491.0
422.0
148.0
164.0
170.0
151.0
156.0
131.0
146.0
140.0
172.0
160.0
167.0
141.0
130.0
369.0
171.0
144.0
157.0
169.0
158.0
174.0
146.0
137.0
157.0
164.0
177.0
142.0
159.0
386.0
136.0
163.0
166.0
154.0
144.0
132.0
162.0
155.0
465.0
132.0
152.0
149.0
156.0
177.0
167.0
130.0
162.0
146.0
144.0
138.0
130.0
163.0
163.0
132.0
145.0
177.0
491.0
153.0
176.0
377.0
160.0
164.0
166.0
153.0
140.0
149.0
143.0
157.0
173.0
409.0
132.0
169.0
146.0
155.0
151.0
171.0
137.0
151.0
130.0
135.0
145.0
158.0
156.0
157.0
161.0
113.0
175.0
370.0
141.0
171.0
164.0
162.0
133.0
145.0
174.0
158.0
160.0
484.0
140.0
413.0
142.0
447.0
439.0
388.0
493.0
388.0
405.0
367.0
460.0
466.0
164.0
150.0
130.0
130.0
166.0
154.0
176.0
167.0
139.0
169.0
167.0
146.0
171.0
438.0
148.0
169.0
135.0
165.0
161.0
176.0
147.0
159.0
144.0
168.0
154.0
170.0
174.0
430.0
165.0
155.0
151.0
170.0
155.0
146.0
143.0
162.0
431.0
174.0
154.0
157.0
171.0
165.0
132.0
156.0
172.0
147.0
140.0
149.0
163.0
171.0
141.0
136.0
120.0
134.0
421.0
152.0
174.0
465.0
146.0
160.0
132.0
161.0
169.0
156.0
134.0
144.0
176.0
405.0
130.0
137.0
153.0
165.0
146.0
131.0
163.0
131.0
132.0
141.0
144.0
135.0
134.0
160.0
166.0
116.0
161.0
470.0
176.0
177.0
174.0
171.0
132.0
142.0
153.0
156.0
132.0
420.0
131.0
473.0
165.0
438.0
471.0
490.0
437.0
372.0
485.0
484.0
426.0
433.0
156.0
148.0
154.0
145.0
163.0
130.0
132.0
147.0
130.0
178.0
160.0
131.0
158.0
417.0
155.0
139.0
139.0
161.0
177.0
138.0
131.0
174.0
143.0
156.0
174.0
136.0
167.0
419.0
177.0
169.0
171.0
165.0
153.0
160.0
174.0
150.0
491.0
164.0
143.0
156.0
175.0
130.0
135.0
176.0
133.0
159.0
130.0
170.0
141.0
145.0
141.0
138.0
144.0
164.0
379.0
149.0
167.0
481.0
163.0
140.0
176.0
148.0
156.0
164.0
171.0
130.0
174.0
389.0
149.0
170.0
140.0
137.0
159.0
136.0
132.0
160.0
158.0
136.0
149.0
167.0
159.0
142.0
135.0
112.0
137.0
479.0
172.0
165.0
142.0
157.0
147.0
175.0
149.0
174.0
152.0
419.0
165.0
374.0
132.0
420.0
446.0
404.0
372.0
480.0
452.0
478.0
377.0
451.0
153.0
161.0
149.0
141.0
146.0
139.0
162.0
133.0
131.0
164.0
164.0
146.0
165.0
365.0
146.0
168.0
173.0
136.0
169.0
143.0
134.0
165.0
137.0
150.0
148.0
151.0
159.0
409.0
141.0
133.0
156.0
134.0
141.0
149.0
156.0
163.0
422.0
140.0
170.0
175.0
153.0
138.0
166.0
152.0
136.0
140.0
165.0
135.0
146.0
147.0
140.0
162.0
151.0
155.0
421.0
155.0
159.0
430.0
138.0
153.0
130.0
175.0
161.0
173.0
153.0
157.0
137.0
415.0
131.0
153.0
147.0
136.0
169.0
152.0
144.0
160.0
173.0
165.0
145.0
169.0
161.0
146.0
152.0
133.0
155.0
406.0
150.0
163.0
149.0
139.0
165.0
136.0
142.0
160.0
170.0
432.0
134.0
370.0
149.0
467.0
391.0
454.0
469.0
412.0
428.0
423.0
459.0
484.0
137.0
148.0
150.0
141.0
135.0
163.0
172.0
167.0
175.0
193.0
156.0
173.0
134.0
393.0
171.0
157.0
170.0
161.0
161.0
148.0
137.0
167.0
150.0
139.0
145.0
156.0
162.0
409.0
140.0
166.0
133.0
160.0
156.0
157.0
133.0
146.0
383.0
147.0
137.0
130.0
158.0
165.0
161.0
172.0
144.0
167.0
168.0
130.0
145.0
154.0
169.0
151.0
113.0
148.0
392.0
141.0
166.0
413.0
150.0
137.0
176.0
170.0
157.0
168.0
150.0
130.0
173.0
415.0
156.0
141.0
147.0
167.0
176.0
137.0
130.0
152.0
174.0
137.0
155.0
138.0
168.0
138.0
143.0
140.0
147.0
447.0
166.0
152.0
136.0
161.0
150.0
166.0
134.0
149.0
160.0
456.0
168.0
379.0
149.0
435.0
410.0
449.0
380.0
419.0
466.0
384.0
408.0
392.0
138.0
137.0
164.0
168.0
140.0
164.0
137.0
166.0
138.0
156.0
154.0
166.0
141.0
422.0
131.0
162.0
139.0
132.0
177.0
150.0
152.0
160.0
163.0
141.0
130.0
174.0
155.0
410.0
175.0
174.0
150.0
173.0
158.0
165.0
168.0
137.0
385.0
161.0
172.0
146.0
166.0
150.0
177.0
177.0
137.0
133.0
161.0
148.0
143.0
164.0
157.0
146.0
147.0
135.0
460.0
168.0
142.0
480.0
139.0
164.0
162.0
131.0
157.0
135.0
137.0
155.0
131.0
447.0
131.0
161.0
140.0
167.0
172.0
140.0
162.0
152.0
139.0
155.0
167.0
171.0
166.0
144.0
161.0
140.0
143.0
416.0
143.0
132.0
146.0
149.0
145.0
172.0
150.0
130.0
161.0
449.0
140.0
402.0
151.0
389.0
490.0
364.0
383.0
446.0
460.0
405.0
391.0
430.0
176.0
133.0
173.0
141.0
152.0
133.0
170.0
134.0
168.0
170.0
202.0
159.0
172.0
481.0
163.0
130.0
176.0
176.0
136.0
141.0
159.0
154.0
177.0
177.0
176.0
135.0
136.0
382.0
172.0
147.0
169.0
174.0
151.0
164.0
164.0
137.0
455.0
146.0
136.0
132.0
146.0
132.0
134.0
165.0
176.0
173.0
166.0
153.0
152.0
131.0
135.0
173.0
136.0
171.0
420.0
168.0
174.0
369.0
174.0
169.0
153.0
150.0
171.0
162.0
175.0
169.0
131.0
417.0
142.0
171.0
172.0
155.0
163.0
164.0
141.0
157.0
142.0
161.0
158.0
159.0
150.0
171.0
146.0
135.0
131.0
478.0
154.0
160.0
156.0
136.0
167.0
174.0
136.0
151.0
173.0
388.0
139.0
444.0
168.0
423.0
423.0
429.0
483.0
426.0
438.0
484.0
448.0
479.0
169.0
151.0
174.0
175.0
166.0
146.0
144.0
159.0
139.0
169.0
202.0
142.0
154.0
419.0
147.0
132.0
176.0
167.0
163.0
135.0
146.0
159.0
141.0
174.0
138.0
158.0
154.0
409.0
157.0
143.0
158.0
151.0
150.0
145.0
144.0
131.0
476.0
170.0
139.0
146.0
131.0
166.0
141.0
163.0
150.0
140.0
169.0
157.0
168.0
168.0
141.0
163.0
151.0
143.0
467.0
139.0
170.0
446.0
151.0
159.0
146.0
175.0
148.0
162.0
146.0
157.0
174.0
460.0
156.0
132.0
174.0
155.0
132.0
141.0
138.0
166.0
171.0
160.0
169.0
144.0
175.0
145.0
165.0
127.0
140.0
436.0
137.0
170.0
157.0
164.0
131.0
145.0
151.0
138.0
145.0
378.0
153.0
391.0
171.0
489.0
391.0
392.0
398.0
494.0
416.0
439.0
418.0
441.0
152.0
136.0
157.0
173.0
150.0
139.0
169.0
147.0
160.0
168.0
171.0
145.0
135.0
377.0
134.0
159.0
155.0
164.0
167.0
175.0
153.0
158.0
175.0
132.0
164.0
175.0
165.0
376.0
173.0
134.0
165.0
140.0
171.0
132.0
173.0
153.0
482.0
171.0
147.0
131.0
151.0
169.0
163.0
143.0
169.0
166.0
135.0
142.0
142.0
157.0
141.0
158.0
135.0
169.0
480.0
145.0
154.0
435.0
167.0
143.0
134.0
131.0
132.0
133.0
168.0
133.0
139.0
380.0
166.0
169.0
158.0
156.0
148.0
159.0
175.0
143.0
170.0
171.0
136.0
139.0
149.0
147.0
143.0
118.0
166.0
420.0
141.0
164.0
162.0
159.0
161.0
157.0
137.0
135.0
145.0
423.0
135.0
474.0
152.0
413.0
379.0
390.0
386.0
423.0
470.0
439.0
392.0
396.0
133.0
146.0
173.0
133.0
173.0
171.0
161.0
131.0
168.0
196.0
179.0
140.0
171.0
443.0
157.0
137.0
137.0
134.0
167.0
139.0
165.0
153.0
153.0
169.0
171.0
143.0
139.0
371.0
165.0
167.0
132.0
131.0
136.0
148.0
169.0
162.0
467.0
159.0
145.0
148.0
140.0
164.0
132.0
148.0
152.0
145.0
161.0
173.0
170.0
144.0
166.0
133.0
147.0
135.0
446.0
159.0
162.0
363.0
138.0
134.0
171.0
173.0
150.0
172.0
151.0
131.0
130.0
454.0
144.0
150.0
150.0
163.0
146.0
174.0
145.0
175.0
153.0
150.0
133.0
173.0
170.0
133.0
174.0
126.0
168.0
405.0
133.0
177.0
133.0
156.0
136.0
137.0
158.0
167.0
171.0
370.0
146.0
449.0
145.0
489.0
479.0
477.0
409.0
410.0
410.0
456.0
460.0
400.0
163.0
132.0
173.0
173.0
160.0
150.0
136.0
151.0
137.0
195.0
192.0
166.0
148.0
477.0
159.0
144.0
132.0
173.0
148.0
143.0
175.0
153.0
148.0
139.0
142.0
169.0
168.0
371.0
146.0
141.0
163.0
176.0
159.0
141.0
147.0
131.0
435.0
154.0
154.0
143.0
165.0
164.0
143.0
176.0
174.0
135.0
163.0
155.0
137.0
132.0
156.0
145.0
125.0
141.0
454.0
151.0
148.0
370.0
167.0
152.0
143.0
146.0
163.0
148.0
156.0
156.0
160.0
373.0
171.0
136.0
159.0
172.0
163.0
157.0
144.0
142.0
172.0
144.0
133.0
147.0
158.0
161.0
155.0
133.0
152.0
421.0
153.0
161.0
158.0
162.0
160.0
160.0
132.0
170.0
148.0
367.0
161.0
432.0
135.0
398.0
467.0
402.0
395.0
363.0
426.0
402.0
388.0
430.0
147.0
166.0
176.0
145.0
174.0
154.0
134.0
145.0
145.0
164.0
206.0
138.0
152.0
462.0
133.0
162.0
156.0
140.0
150.0
145.0
170.0
143.0
140.0
161.0
154.0
166.0
160.0
424.0
173.0
136.0
141.0
147.0
155.0
163.0
148.0
154.0
441.0
139.0
161.0
166.0
169.0
158.0
138.0
144.0
133.0
165.0
139.0
136.0
162.0
132.0
165.0
176.0
113.0
176.0
445.0
162.0
141.0
436.0
152.0
171.0
139.0
175.0
160.0
165.0
154.0
166.0
172.0
379.0
171.0
158.0
145.0
132.0
174.0
140.0
134.0
166.0
165.0
135.0
157.0
159.0
146.0
159.0
149.0
132.0
175.0
416.0
136.0
162.0
140.0
153.0
169.0
131.0
174.0
173.0
157.0
406.0
153.0
424.0
167.0
489.0
492.0
432.0
486.0
376.0
454.0
458.0
455.0
408.0
149.0
170.0
143.0
146.0
153.0
146.0
163.0
172.0
145.0
180.0
198.0
154.0
165.0
460.0
142.0
155.0
141.0
175.0
139.0
138.0
165.0
168.0
136.0
176.0
136.0
138.0
131.0
365.0
139.0
149.0
175.0
146.0
144.0
173.0
166.0
157.0
395.0
151.0
138.0
175.0
168.0
170.0
177.0
175.0
142.0
144.0
172.0
144.0
160.0
143.0
160.0
139.0
139.0
168.0
462.0
168.0
154.0
453.0
173.0
162.0
162.0
160.0
169.0
135.0
143.0
174.0
137.0
395.0
167.0
147.0
163.0
132.0
135.0
143.0
142.0
146.0
143.0
157.0
146.0
132.0
140.0
174.0
137.0
140.0
168.0
490.0
141.0
146.0
144.0
160.0
165.0
140.0
155.0
154.0
147.0
449.0
162.0
433.0
131.0
420.0
423.0
406.0
417.0
421.0
489.0
399.0
431.0
366.0
156.0
173.0
169.0
169.0
158.0
147.0
177.0
174.0
169.0
202.0
155.0
138.0
167.0
445.0
153.0
159.0
144.0
140.0
162.0
131.0
148.0
132.0
158.0
174.0
169.0
173.0
168.0
487.0
137.0
161.0
133.0
175.0
176.0
133.0
136.0
162.0
486.0
171.0
157.0
158.0
161.0
165.0
154.0
139.0
143.0
167.0
177.0
139.0
165.0
166.0
132.0
130.0
147.0
173.0
459.0
164.0
161.0
430.0
166.0
148.0
156.0
130.0
156.0
138.0
162.0
171.0
165.0
491.0
132.0
140.0
149.0
148.0
150.0
169.0
168.0
133.0
141.0
144.0
175.0
134.0
173.0
146.0
171.0
133.0
143.0
407.0
172.0
158.0
176.0
174.0
157.0
140.0
140.0
142.0
131.0
415.0
134.0
438.0
165.0
375.0
412.0
376.0
395.0
431.0
432.0
371.0
373.0
478.0
142.0
176.0
133.0
175.0
134.0
175.0
164.0
143.0
147.0
189.0
168.0
159.0
134.0
484.0
176.0
175.0
145.0
138.0
132.0
153.0
172.0
154.0
175.0
172.0
131.0
164.0
176.0
400.0
162.0
158.0
149.0
152.0
137.0
162.0
175.0
142.0
476.0
174.0
148.0
138.0
157.0
133.0
168.0
160.0
158.0
159.0
137.0
166.0
140.0
174.0
156.0
130.0
115.0
160.0
484.0
141.0
167.0
402.0
164.0
155.0
174.0
142.0
171.0
140.0
170.0
176.0
139.0
369.0
137.0
150.0
174.0
173.0
134.0
174.0
134.0
172.0
152.0
137.0
169.0
177.0
156.0
158.0
133.0
143.0
132.0
492.0
175.0
158.0
139.0
159.0
174.0
141.0
161.0
135.0
157.0
403.0
159.0
447.0
152.0
401.0
403.0
491.0
452.0
435.0
468.0
438.0
437.0
430.0
131.0
140.0
140.0
161.0
136.0
164.0
159.0
147.0
154.0
163.0
160.0
150.0
156.0
429.0
143.0
132.0
161.0
132.0
160.0
152.0
175.0
134.0
151.0
155.0
177.0
131.0
142.0
486.0
149.0
155.0
152.0
130.0
132.0
152.0
137.0
130.0
381.0
168.0
169.0
159.0
162.0
137.0
150.0
171.0
177.0
152.0
169.0
166.0
137.0
141.0
145.0
150.0
137.0
133.0
485.0
147.0
147.0
426.0
159.0
146.0
150.0
145.0
173.0
170.0
164.0
139.0
132.0
377.0
130.0
173.0
172.0
143.0
135.0
149.0
156.0
140.0
148.0
135.0
175.0
172.0
168.0
160.0
174.0
127.0
166.0
371.0
166.0
175.0
177.0
138.0
136.0
174.0
140.0
168.0
170.0
363.0
161.0
466.0
172.0
397.0
438.0
376.0
447.0
412.0
488.0
460.0
389.0
416.0
155.0
164.0
151.0
140.0
165.0
161.0
175.0
160.0
173.0
200.0
154.0
160.0
130.0
430.0
154.0
145.0
175.0
171.0
136.0
149.0
133.0
140.0
149.0
159.0
130.0
131.0
158.0
477.0
166.0
164.0
175.0
157.0
134.0
169.0
154.0
142.0
452.0
157.0
133.0
134.0
173.0
135.0
175.0
148.0
130.0
170.0
176.0
133.0
167.0
167.0
156.0
158.0
136.0
162.0
491.0
161.0
174.0
425.0
174.0
136.0
163.0
141.0
146.0
160.0
161.0
162.0
168.0
479.0
167.0
134.0
136.0
164.0
136.0
169.0
174.0
146.0
137.0
137.0
135.0
143.0
167.0
171.0
173.0
116.0
155.0
370.0
163.0
168.0
147.0
169.0
158.0
152.0
152.0
174.0
170.0
459.0
166.0
467.0
152.0
460.0
482.0
477.0
394.0
389.0
403.0
487.0
451.0
414.0
141.0
153.0
134.0
133.0
174.0
130.0
175.0
135.0
163.0
176.0
175.0
170.0
170.0
450.0
141.0
165.0
149.0
173.0
131.0
169.0
173.0
153.0
137.0
172.0
149.0
133.0
166.0
411.0
164.0
168.0
135.0
161.0
158.0
155.0
156.0
136.0
401.0
135.0
154.0
174.0
158.0
161.0
168.0
155.0
148.0
142.0
147.0
164.0
150.0
134.0
150.0
141.0
138.0
150.0
371.0
143.0
147.0
483.0
148.0
167.0
138.0
166.0
152.0
133.0
143.0
137.0
165.0
397.0
172.0
162.0
149.0
154.0
145.0
174.0
144.0
135.0
157.0
136.0
142.0
169.0
139.0
170.0
162.0
117.0
157.0
380.0
176.0
143.0
154.0
135.0
134.0
141.0
177.0
158.0
148.0
471.0
130.0
475.0
152.0
475.0
473.0
419.0
444.0
370.0
461.0
387.0
390.0
475.0
154.0
155.0
132.0
152.0
175.0
154.0
156.0
131.0
144.0
181.0
169.0
141.0
141.0
432.0
142.0
145.0
135.0
140.0
167.0
177.0
139.0
149.0
136.0
153.0
146.0
159.0
140.0
419.0
148.0
166.0
164.0
154.0
175.0
132.0
165.0
166.0
470.0
173.0
172.0
150.0
158.0
152.0
132.0
176.0
165.0
159.0
161.0
174.0
133.0
176.0
131.0
131.0
112.0
144.0
475.0
151.0
164.0
469.0
152.0
167.0
155.0
172.0
174.0
177.0
141.0
133.0
145.0
477.0
155.0
170.0
165.0
142.0
147.0
142.0
174.0
146.0
175.0
175.0
152.0
166.0
132.0
150.0
171.0
123.0
148.0
408.0
147.0
141.0
151.0
140.0
166.0
132.0
142.0
139.0
171.0
462.0
148.0
410.0
160.0
453.0
458.0
460.0
412.0
425.0
451.0
387.0
410.0
463.0
158.0
171.0
145.0
176.0
173.0
163.0
158.0
155.0
133.0
160.0
162.0
133.0
140.0
405.0
166.0
154.0
152.0
142.0
157.0
149.0
135.0
155.0
155.0
143.0
167.0
131.0
141.0
429.0
167.0
134.0
151.0
164.0
141.0
171.0
147.0
155.0
396.0
133.0
172.0
155.0
161.0
160.0
154.0
152.0
170.0
150.0
146.0
143.0
173.0
136.0
130.0
140.0
147.0
162.0
483.0
152.0
176.0
465.0
134.0
170.0
139.0
171.0
135.0
145.0
143.0
137.0
141.0
478.0
147.0
153.0
132.0
156.0
158.0
161.0
146.0
169.0
155.0
136.0
163.0
170.0
138.0
171.0
142.0
140.0
170.0
470.0
161.0
147.0
151.0
140.0
175.0
158.0
161.0
174.0
133.0
475.0
132.0
402.0
136.0
417.0
405.0
386.0
477.0
478.0
394.0
424.0
429.0
473.0
160.0
172.0
143.0
159.0
167.0
136.0
149.0
132.0
130.0
