70 10 108
34878.5
31795.5
31497.5
34532.5
32382.5
30464.5
33301.5
30495.5
30846.5
31368.5
29832.5
31453.5
34622.5
28934.5
34212.5
31212.5
31760.5
30446.5
32125.5
35477.5
29795.5
30343.5
34822.5
36534.5
31406.5
29211.5
29287.5
32514.5
29379.5
34741.5
34992.5
35253.5
32925.5
32238.5
34982.5
35732.5
29187.5
33959.5
35862.5
31299.5
35493.5
28941.5
35885.5
34034.5
29380.5
31659.5
30867.5
34270.5
29540.5
28959.5
32329.5
35133.5
34527.5
36040.5
34122.5
34166.5
34068.5
29020.5
35591.5
32671.5
32004.5
30580.5
32071.5
35112.5
36283.5
30807.5
34805.5
32099.5
33844.5
29844.5
0.016323192625999367
0.012564987503578571
0.01485330708530222
0.012690074775678474
0.01617455403618849
0.012700417029199393
0.015329971399320835
0.012537677803535466
0.01704474130380828
0.011667334035426878
0.01610079331237016
0.011457360387121165
0.016329186465127658
0.013768184176367732
0.016120921228765142
0.01337111306382184
0.014895455725192209
0.013533010007951951
0.016789590613918243
0.011906578060131734
0.015163558466408518
0.012589187941843653
0.016065317924862377
0.011440761838362649
0.01443493344403887
0.013091635414197217
0.014642734188965978
0.012445872347206153
0.015913698400786748
0.012699449924363341
0.01517398555623213
0.013063813617213833
0.01607189690275355
0.014229472857755077
0.016056132999902998
0.012292899118061223
0.01545076524926289
0.012601089091409674
0.015505202439212083
0.013538092596154194
0.014948190658798873
0.012509674203152786
0.015211753450013576
0.011983114533540715
0.015404250888071026
0.013857062693344253
0.014393485563403646
0.013860500019364876
0.014862014319804951
0.012611940540863674
0.014527472773736531
0.011652722744589923
0.015249642316715996
0.013899740189820237
0.015315267980576959
0.012268105355601643
0.01697369706652906
0.013159004957704364
0.016365477885550123
0.013870835225656655
0.0160324190447816
0.013006433768042787
0.015241915676809483
0.014162154966439178
0.015180172538970213
0.013740207204927456
0.016635369412736356
0.014223966665850829
0.01554311769870997
0.014681338698093294
115.0
112.0
113.0
115.0
119.0
133.0
114.0
119.0
115.0
113.0
1544.0
8.0
755.0
781.0
45.0
310.0
1537.0
20.0
767.0
774.0
480.0
1294.0
34.0
549.0
108.0
182.0
46.0
331.0
251.0
393.0
60.0
296.0
507.0
279.0
71.0
240.0
78.0
286.0
28.0
363.0
168.0
824.0
1291.0
592.0
353.0
1183.0
284.0
157.0
795.0
5214.0
5561.0
119.0
158.0
334.0
49.0
28.0
181.0
210.0
180.0
486.0
353.0
72.0
64.0
27.0
125.0
30.0
20.0
175.0
842.0
49.0
131.0
64.0
43.0
154.0
145.0
69.0
166.0
141.0
772.0
38.0
20.0
25.0
30.0
8.0
70.0
275.0
105.0
69.0
84.0
59.0
38.0
81.0
146.0
46.0
26.0
53.0
148.0
172.0
107.0
79.0
136.0
45.0
62.0
1594.0
57.0
58.0
68.0
25.0
165.0
293.0
33.0
266.0
128.0
260.0
80.0
128.0
828.0
207.0
65.0
1162.0
131.0
116.0
66.0
93.0
110.0
20.0
260.0
189.0
485.0
1251.0
34.0
538.0
111.0
185.0
46.0
326.0
253.0
401.0
61.0
306.0
518.0
287.0
70.0
245.0
81.0
296.0
29.0
373.0
159.0
787.0
1380.0
586.0
329.0
1156.0
272.0
151.0
819.0
5090.0
5954.0
121.0
168.0
329.0
51.0
27.0
187.0
209.0
187.0
499.0
371.0
73.0
65.0
26.0
120.0
32.0
19.0
175.0
819.0
49.0
121.0
64.0
44.0
162.0
148.0
74.0
152.0
139.0
751.0
36.0
20.0
26.0
31.0
8.0
74.0
251.0
103.0
67.0
87.0
55.0
37.0
85.0
153.0
46.0
27.0
54.0
154.0
167.0
111.0
86.0
127.0
45.0
65.0
1615.0
54.0
54.0
71.0
24.0
154.0
285.0
30.0
278.0
129.0
258.0
78.0
137.0
830.0
204.0
66.0
1168.0
134.0
118.0
73.0
91.0
119.0
20.0
257.0
207.0
494.0
1299.0
35.0
519.0
116.0
175.0
44.0
326.0
246.0
401.0
59.0
299.0
542.0
274.0
69.0
253.0
78.0
278.0
28.0
344.0
161.0
825.0
1325.0
564.0
328.0
1176.0
300.0
159.0
811.0
5125.0
5900.0
129.0
168.0
334.0
51.0
29.0
189.0
221.0
184.0
527.0
360.0
76.0
64.0
27.0
122.0
33.0
20.0
166.0
877.0
48.0
129.0
62.0
42.0
165.0
143.0
73.0
162.0
151.0
757.0
36.0
21.0
24.0
31.0
8.0
72.0
257.0
103.0
67.0
82.0
58.0
40.0
85.0
149.0
46.0
27.0
55.0
162.0
169.0
107.0
87.0
134.0
45.0
64.0
1572.0
55.0
57.0
71.0
25.0
162.0
287.0
31.0
261.0
127.0
255.0
81.0
139.0
780.0
223.0
68.0
1174.0
123.0
120.0
73.0
89.0
117.0
20.0
270.0
196.0
504.0
1288.0
35.0
545.0
109.0
179.0
45.0
341.0
251.0
395.0
61.0
299.0
520.0
277.0
75.0
230.0
76.0
302.0
29.0
371.0
161.0
787.0
1392.0
591.0
328.0
1195.0
274.0
146.0
863.0
5405.0
5894.0
131.0
165.0
303.0
51.0
27.0
183.0
212.0
180.0
504.0
360.0
73.0
62.0
25.0
116.0
32.0
19.0
167.0
857.0
49.0
131.0
62.0
46.0
153.0
140.0
70.0
168.0
153.0
802.0
38.0
21.0
26.0
30.0
8.0
69.0
269.0
112.0
69.0
90.0
54.0
40.0
82.0
146.0
46.0
25.0
53.0
154.0
167.0
106.0
82.0
135.0
45.0
64.0
1525.0
55.0
58.0
70.0
24.0
154.0
278.0
32.0
276.0
124.0
245.0
82.0
141.0
765.0
208.0
66.0
1218.0
129.0
120.0
69.0
88.0
111.0
20.0
261.0
190.0
511.0
1337.0
33.0
511.0
116.0
190.0
47.0
350.0
270.0
368.0
58.0
301.0
552.0
268.0
75.0
240.0
78.0
279.0
27.0
341.0
168.0
764.0
1304.0
571.0
362.0
1091.0
275.0
159.0
847.0
5025.0
5445.0
121.0
161.0
334.0
48.0
28.0
193.0
211.0
190.0
526.0
343.0
78.0
65.0
26.0
122.0
30.0
19.0
179.0
869.0
49.0
123.0
65.0
42.0
151.0
144.0
76.0
153.0
151.0
741.0
38.0
20.0
26.0
29.0
8.0
71.0
251.0
112.0
72.0
84.0
56.0
39.0
81.0
144.0
45.0
27.0
55.0
154.0
174.0
109.0
84.0
134.0
48.0
61.0
1518.0
54.0
57.0
66.0
24.0
164.0
294.0
32.0
284.0
119.0
249.0
80.0
140.0
762.0
212.0
70.0
1174.0
127.0
118.0
73.0
93.0
113.0
20.0
265.0
201.0
492.0
1287.0
35.0
544.0
111.0
189.0
46.0
326.0
267.0
363.0
57.0
300.0
511.0
283.0
72.0
251.0
76.0
294.0
27.0
357.0
168.0
817.0
1290.0
547.0
332.0
1158.0
296.0
155.0
856.0
4996.0
5509.0
125.0
159.0
303.0
51.0
29.0
185.0
211.0
182.0
510.0
361.0
78.0
65.0
26.0
122.0
33.0
19.0
173.0
852.0
52.0
120.0
63.0
46.0
165.0
145.0
69.0
166.0
149.0
728.0
38.0
20.0
25.0
32.0
8.0
70.0
265.0
107.0
69.0
86.0
58.0
37.0
84.0
143.0
49.0
27.0
57.0
150.0
158.0
110.0
84.0
130.0
45.0
67.0
1553.0
59.0
54.0
69.0
25.0
154.0
287.0
33.0
274.0
126.0
248.0
78.0
132.0
830.0
204.0
71.0
1285.0
126.0
126.0
69.0
88.0
113.0
20.0
246.0
207.0
469.0
1289.0
35.0
538.0
114.0
189.0
47.0
328.0
262.0
372.0
59.0
310.0
525.0
273.0
75.0
249.0
81.0
302.0
28.0
373.0
158.0
840.0
1390.0
548.0
342.0
1144.0
275.0
151.0
820.0
5475.0
5526.0
124.0
168.0
304.0
49.0
28.0
182.0
206.0
178.0
483.0
351.0
73.0
65.0
26.0
118.0
31.0
20.0
172.0
886.0
53.0
131.0
64.0
44.0
151.0
150.0
71.0
165.0
151.0
801.0
37.0
21.0
25.0
31.0
8.0
76.0
264.0
104.0
68.0
85.0
54.0
40.0
86.0
154.0
49.0
25.0
57.0
157.0
173.0
102.0
81.0
128.0
44.0
66.0
1560.0
57.0
55.0
69.0
26.0
161.0
287.0
32.0
272.0
130.0
252.0
80.0
136.0
804.0
203.0
66.0
1190.0
121.0
124.0
71.0
91.0
113.0
20.0
262.0
197.0
505.0
1234.0
34.0
536.0
115.0
186.0
45.0
332.0
258.0
375.0
58.0
289.0
506.0
275.0
71.0
236.0
82.0
298.0
29.0
339.0
167.0
784.0
1369.0
598.0
342.0
1184.0
285.0
157.0
817.0
5380.0
5455.0
123.0
163.0
315.0
49.0
27.0
187.0
216.0
178.0
485.0
339.0
78.0
62.0
25.0
121.0
33.0
20.0
178.0
868.0
51.0
119.0
67.0
42.0
163.0
154.0
74.0
163.0
153.0
762.0
37.0
21.0
25.0
31.0
8.0
71.0
264.0
107.0
70.0
88.0
55.0
39.0
87.0
153.0
47.0
27.0
56.0
163.0
163.0
107.0
87.0
129.0
45.0
65.0
1638.0
54.0
55.0
69.0
24.0
160.0
285.0
31.0
267.0
120.0
244.0
83.0
129.0
772.0
206.0
65.0
1250.0
133.0
123.0
66.0
85.0
120.0
20.0
262.0
204.0
487.0
1298.0
34.0
517.0
113.0
185.0
44.0
316.0
252.0
387.0
58.0
299.0
540.0
282.0
75.0
242.0
78.0
289.0
28.0
369.0
164.0
770.0
1353.0
576.0
342.0
1133.0
299.0
145.0
819.0
5356.0
5854.0
120.0
172.0
323.0
51.0
29.0
194.0
226.0
186.0
528.0
340.0
78.0
64.0
27.0
124.0
32.0
20.0
165.0
894.0
49.0
122.0
67.0
46.0
157.0
152.0
75.0
166.0
145.0
739.0
37.0
20.0
24.0
31.0
8.0
69.0
264.0
110.0
69.0
82.0
54.0
38.0
89.0
152.0
47.0
27.0
55.0
162.0
162.0
108.0
82.0
133.0
45.0
61.0
1565.0
57.0
58.0
70.0
24.0
159.0
290.0
32.0
288.0
128.0
258.0
76.0
135.0
754.0
224.0
67.0
1287.0
129.0
117.0
68.0
91.0
112.0
20.0
261.0
193.0
469.0
1249.0
34.0
543.0
113.0
188.0
48.0
350.0
258.0
392.0
56.0
317.0
528.0
295.0
76.0
231.0
78.0
294.0
28.0
360.0
159.0
807.0
1283.0
576.0
330.0
1116.0
273.0
158.0
820.0
5285.0
5849.0
131.0
158.0
335.0
48.0
28.0
187.0
219.0
192.0
521.0
367.0
75.0
66.0
25.0
117.0
33.0
20.0
162.0
822.0
52.0
127.0
61.0
46.0
165.0
150.0
75.0
163.0
144.0
728.0
36.0
20.0
26.0
31.0
8.0
70.0
258.0
111.0
71.0
89.0
58.0
40.0
81.0
151.0
49.0
25.0
55.0
154.0
168.0
102.0
84.0
132.0
48.0
63.0
1592.0
57.0
54.0
71.0
25.0
161.0
272.0
30.0
269.0
128.0
253.0
76.0
137.0
751.0
215.0
71.0
1248.0
134.0
119.0
72.0
87.0
115.0
19.0
269.0
206.0
513.0
1232.0
34.0
559.0
111.0
193.0
44.0
338.0
266.0
395.0
59.0
295.0
515.0
277.0
73.0
246.0
82.0
274.0
27.0
341.0
157.0
764.0
1336.0
577.0
349.0
1185.0
282.0
148.0
843.0
5348.0
5605.0
131.0
163.0
330.0
51.0
28.0
190.0
207.0
193.0
516.0
338.0
79.0
61.0
26.0
121.0
32.0
19.0
174.0
851.0
49.0
119.0
63.0
46.0
167.0
140.0
75.0
154.0
144.0
755.0
38.0
20.0
26.0
31.0
8.0
76.0
270.0
113.0
70.0
83.0
58.0
40.0
87.0
147.0
45.0
26.0
54.0
164.0
165.0
104.0
82.0
130.0
47.0
65.0
1601.0
57.0
55.0
68.0
25.0
162.0
275.0
31.0
261.0
123.0
238.0
80.0
138.0
777.0
214.0
67.0
1287.0
125.0
121.0
69.0
85.0
118.0
18.0
251.0
197.0
511.0
1247.0
36.0
552.0
115.0
189.0
45.0
351.0
268.0
373.0
59.0
296.0
509.0
289.0
71.0
250.0
81.0
276.0
27.0
358.0
173.0
766.0
1337.0
599.0
351.0
1148.0
283.0
149.0
830.0
5406.0
5611.0
122.0
160.0
312.0
48.0
28.0
192.0
224.0
185.0
528.0
352.0
76.0
63.0
27.0
121.0
32.0
19.0
166.0
825.0
51.0
129.0
63.0
46.0
161.0
143.0
72.0
157.0
153.0
796.0
38.0
20.0
26.0
31.0
8.0
69.0
257.0
104.0
73.0
89.0
58.0
40.0
89.0
154.0
47.0
26.0
56.0
149.0
174.0
101.0
79.0
134.0
45.0
61.0
1566.0
59.0
54.0
66.0
25.0
151.0
271.0
32.0
265.0
126.0
259.0
83.0
134.0
764.0
204.0
71.0
1207.0
132.0
118.0
69.0
92.0
110.0
20.0
247.0
205.0
474.0
1262.0
33.0
517.0
119.0
181.0
47.0
343.0
258.0
380.0
57.0
292.0
553.0
275.0
75.0
247.0
80.0
283.0
27.0
340.0
168.0
784.0
1367.0
583.0
358.0
1166.0
282.0
158.0
854.0
5347.0
5465.0
130.0
168.0
332.0
49.0
27.0
186.0
206.0
186.0
517.0
357.0
78.0
61.0
26.0
118.0
31.0
20.0
170.0
870.0
50.0
130.0
62.0
43.0
156.0
152.0
72.0
165.0
140.0
777.0
36.0
20.0
24.0
31.0
8.0
76.0
264.0
105.0
71.0
85.0
54.0
41.0
85.0
142.0
47.0
26.0
55.0
153.0
159.0
106.0
84.0
134.0
46.0
62.0
1638.0
55.0
59.0
70.0
26.0
167.0
271.0
33.0
275.0
127.0
235.0
83.0
134.0
822.0
208.0
67.0
1197.0
126.0
121.0
66.0
90.0
117.0
19.0
268.0
199.0
480.0
1276.0
36.0
507.0
116.0
190.0
44.0
327.0
247.0
363.0
57.0
320.0
531.0
286.0
70.0
230.0
82.0
299.0
28.0
348.0
173.0
807.0
1258.0
559.0
342.0
1118.0
298.0
154.0
818.0
5322.0
5632.0
127.0
167.0
319.0
47.0
27.0
186.0
205.0
189.0
521.0
366.0
77.0
63.0
26.0
120.0
31.0
20.0
167.0
838.0
52.0
125.0
67.0
46.0
157.0
140.0
74.0
162.0
150.0
789.0
36.0
21.0
25.0
30.0
8.0
71.0
257.0
105.0
69.0
87.0
59.0
40.0
84.0
147.0
48.0
27.0
54.0
149.0
165.0
102.0
83.0
127.0
47.0
62.0
1546.0
59.0
59.0
67.0
26.0
163.0
278.0
33.0
273.0
125.0
252.0
76.0
129.0
781.0
220.0
70.0
1174.0
122.0
123.0
73.0
90.0
121.0
19.0
254.0
195.0
492.0
1334.0
36.0
520.0
112.0
191.0
48.0
324.0
260.0
365.0
58.0
291.0
552.0
273.0
74.0
242.0
79.0
284.0
27.0
369.0
166.0
813.0
1381.0
542.0
348.0
1082.0
274.0
149.0
818.0
5488.0
5512.0
119.0
164.0
319.0
48.0
28.0
187.0
221.0
194.0
511.0
360.0
72.0
67.0
25.0
117.0
33.0
19.0
162.0
858.0
53.0
131.0
64.0
44.0
165.0
154.0
75.0
161.0
149.0
750.0
37.0
21.0
26.0
32.0
8.0
69.0
257.0
103.0
70.0
89.0
59.0
39.0
87.0
151.0
49.0
27.0
57.0
157.0
166.0
110.0
80.0
138.0
46.0
64.0
1562.0
54.0
58.0
65.0
26.0
165.0
285.0
32.0
266.0
126.0
239.0
76.0
138.0
790.0
210.0
71.0
1231.0
130.0
122.0
70.0
90.0
116.0
20.0
269.0
195.0
510.0
1251.0
36.0
526.0
115.0
187.0
47.0
343.0
262.0
379.0
58.0
290.0
551.0
289.0
74.0
247.0
75.0
293.0
28.0
348.0
172.0
818.0
1375.0
566.0
331.0
1103.0
279.0
159.0
858.0
4978.0
5815.0
131.0
173.0
308.0
50.0
28.0
183.0
221.0
179.0
493.0
349.0
72.0
65.0
25.0
127.0
32.0
19.0
165.0
872.0
48.0
118.0
65.0
44.0
152.0
155.0
75.0
162.0
145.0
752.0
35.0
21.0
26.0
30.0
8.0
73.0
277.0
106.0
71.0
85.0
58.0
40.0
87.0
154.0
45.0
26.0
56.0
157.0
173.0
101.0
85.0
139.0
45.0
65.0
1619.0
56.0
58.0
66.0
26.0
165.0
270.0
30.0
288.0
122.0
235.0
79.0
128.0
790.0
208.0
65.0
1216.0
129.0
124.0
68.0
87.0
113.0
19.0
254.0
189.0
513.0
1221.0
34.0
537.0
117.0
187.0
44.0
340.0
257.0
367.0
58.0
290.0
509.0
272.0
75.0
247.0
76.0
298.0
27.0
353.0
160.0
829.0
1387.0
580.0
336.0
1091.0
284.0
152.0
791.0
4991.0
5868.0
123.0
167.0
309.0
47.0
29.0
191.0
223.0
187.0
494.0
362.0
77.0
67.0
26.0
118.0
33.0
19.0
162.0
859.0
50.0
119.0
67.0
43.0
164.0
148.0
71.0
155.0
139.0
784.0
35.0
20.0
26.0
31.0
8.0
73.0
277.0
107.0
73.0
87.0
56.0
40.0
83.0
147.0
48.0
26.0
54.0
149.0
159.0
101.0
86.0
131.0
45.0
67.0
1597.0
56.0
55.0
71.0
25.0
163.0
293.0
33.0
284.0
130.0
248.0
81.0
131.0
827.0
215.0
69.0
1243.0
131.0
119.0
67.0
92.0
115.0
18.0
248.0
204.0
519.0
1235.0
36.0
546.0
115.0
188.0
44.0
342.0
245.0
401.0
56.0
294.0
534.0
281.0
69.0
249.0
80.0
300.0
28.0
367.0
162.0
772.0
1274.0
571.0
348.0
1134.0
282.0
159.0
794.0
5501.0
5951.0
128.0
169.0
304.0
50.0
27.0
183.0
204.0
185.0
506.0
343.0
75.0
66.0
27.0
118.0
31.0
18.0
179.0
866.0
50.0
125.0
63.0
44.0
167.0
142.0
70.0
157.0
150.0
799.0
35.0
20.0
26.0
31.0
8.0
69.0
262.0
103.0
67.0
85.0
59.0
39.0
82.0
142.0
46.0
27.0
58.0
154.0
165.0
108.0
80.0
137.0
44.0
66.0
1608.0
55.0
54.0
67.0
25.0
165.0
299.0
32.0
277.0
123.0
239.0
82.0
141.0
808.0
213.0
66.0
1206.0
134.0
118.0
72.0
87.0
117.0
19.0
270.0
207.0
468.0
1219.0
34.0
537.0
109.0
181.0
47.0
338.0
258.0
395.0
61.0
296.0
554.0
272.0
74.0
249.0
80.0
299.0
27.0
368.0
172.0
786.0
1308.0
555.0
353.0
1196.0
275.0
144.0
829.0
5155.0
5605.0
125.0
171.0
334.0
49.0
29.0
177.0
219.0
192.0
482.0
359.0
73.0
62.0
26.0
120.0
33.0
20.0
179.0
863.0
51.0
123.0
65.0
45.0
155.0
141.0
73.0
164.0
145.0
733.0
37.0
20.0
25.0
30.0
8.0
73.0
251.0
113.0
74.0
83.0
54.0
41.0
84.0
142.0
49.0
26.0
58.0
155.0
166.0
109.0
79.0
132.0
44.0
66.0
1542.0
58.0
56.0
66.0
26.0
155.0
291.0
32.0
260.0
125.0
255.0
82.0
138.0
818.0
223.0
68.0
1179.0
133.0
123.0
70.0
90.0
118.0
20.0
257.0
195.0
476.0
1251.0
34.0
530.0
111.0
180.0
46.0
350.0
261.0
365.0
61.0
289.0
510.0
295.0
76.0
234.0
81.0
277.0
29.0
363.0
157.0
796.0
1288.0
591.0
330.0
1150.0
279.0
156.0
860.0
5202.0
5891.0
125.0
165.0
312.0
51.0
29.0
180.0
204.0
187.0
526.0
371.0
74.0
66.0
27.0
124.0
32.0
20.0
173.0
839.0
52.0
122.0
66.0
43.0
165.0
141.0
74.0
163.0
149.0
769.0
36.0
20.0
25.0
32.0
8.0
74.0
273.0
112.0
69.0
91.0
57.0
39.0
82.0
141.0
49.0
26.0
56.0
155.0
165.0
106.0
84.0
130.0
44.0
61.0
1640.0
59.0
56.0
70.0
25.0
164.0
277.0
33.0
265.0
128.0
254.0
83.0
130.0
790.0
213.0
71.0
1214.0
131.0
125.0
67.0
89.0
110.0
20.0
261.0
201.0
468.0
1258.0
34.0
518.0
110.0
174.0
46.0
321.0
247.0
368.0
60.0
300.0
552.0
288.0
71.0
232.0
79.0
291.0
27.0
360.0
163.0
813.0
1390.0
547.0
353.0
1143.0
294.0
156.0
846.0
5198.0
5628.0
122.0
169.0
315.0
50.0
28.0
191.0
204.0
196.0
504.0
348.0
77.0
63.0
27.0
124.0
33.0
20.0
163.0
874.0
52.0
131.0
66.0
43.0
160.0
154.0
72.0
164.0
151.0
764.0
36.0
21.0
26.0
32.0
8.0
75.0
270.0
109.0
69.0
89.0
54.0
40.0
87.0
143.0
49.0
25.0
54.0
164.0
175.0
110.0
81.0
136.0
47.0
66.0
1576.0
59.0
54.0
68.0
25.0
160.0
279.0
30.0
282.0
120.0
253.0
79.0
134.0
765.0
218.0
65.0
1197.0
130.0
116.0
68.0
86.0
115.0
20.0
248.0
188.0
494.0
1237.0
36.0
553.0
109.0
189.0
46.0
332.0
253.0
372.0
58.0
316.0
529.0
273.0
74.0
240.0
80.0
293.0
29.0
372.0
168.0
762.0
1318.0
589.0
341.0
1132.0
295.0
147.0
820.0
5405.0
5939.0
120.0
165.0
331.0
48.0
29.0
177.0
205.0
193.0
530.0
343.0
73.0
67.0
27.0
117.0
30.0
20.0
164.0
896.0
51.0
127.0
66.0
44.0
154.0
148.0
70.0
162.0
141.0
779.0
36.0
20.0
24.0
30.0
8.0
75.0
267.0
102.0
68.0
87.0
55.0
39.0
85.0
141.0
49.0
26.0
54.0
151.0
167.0
106.0
82.0
139.0
47.0
64.0
1587.0
59.0
59.0
69.0
24.0
159.0
288.0
33.0
269.0
123.0
245.0
81.0
129.0
762.0
206.0
67.0
1276.0
133.0
122.0
73.0
92.0
121.0
19.0
271.0
190.0
498.0
1343.0
36.0
523.0
112.0
176.0
48.0
334.0
252.0
400.0
55.0
291.0
547.0
295.0
71.0
250.0
81.0
298.0
28.0
345.0
165.0
811.0
1294.0
579.0
329.0
1087.0
301.0
149.0
831.0
5022.0
5584.0
122.0
165.0
322.0
51.0
27.0
186.0
220.0
182.0
489.0
369.0
79.0
61.0
27.0
118.0
32.0
20.0
172.0
903.0
48.0
125.0
62.0
44.0
166.0
154.0
76.0
163.0
149.0
791.0
37.0
20.0
26.0
32.0
8.0
69.0
277.0
105.0
74.0
84.0
55.0
38.0
86.0
143.0
45.0
27.0
55.0
160.0
170.0
111.0
87.0
129.0
45.0
62.0
1549.0
54.0
54.0
67.0
26.0
157.0
289.0
33.0
275.0
129.0
260.0
80.0
138.0
771.0
224.0
70.0
1259.0
125.0
122.0
71.0
92.0
115.0
19.0
267.0
193.0
505.0
1335.0
35.0
544.0
109.0
186.0
48.0
327.0
268.0
384.0
56.0
302.0
556.0
289.0
76.0
252.0
80.0
286.0
28.0
349.0
163.0
785.0
1372.0
599.0
345.0
1131.0
286.0
148.0
840.0
5374.0
5936.0
131.0
164.0
312.0
48.0
27.0
178.0
212.0
180.0
522.0
359.0
73.0
66.0
25.0
123.0
32.0
19.0
178.0
877.0
53.0
121.0
66.0
43.0
160.0
141.0
70.0
163.0
142.0
768.0
36.0
21.0
26.0
32.0
8.0
69.0
252.0
104.0
67.0
83.0
59.0
38.0
85.0
145.0
48.0
26.0
56.0
156.0
158.0
107.0
83.0
131.0
46.0
67.0
1604.0
59.0
59.0
66.0
25.0
161.0
282.0
30.0
262.0
125.0
242.0
82.0
138.0
773.0
209.0
70.0
1243.0
127.0
127.0
68.0
90.0
117.0
19.0
263.0
201.0
503.0
1347.0
34.0
509.0
117.0
175.0
45.0
342.0
244.0
397.0
59.0
314.0
510.0
295.0
73.0
251.0
76.0
298.0
29.0
367.0
160.0
789.0
1302.0
562.0
328.0
1134.0
288.0
156.0
829.0
5231.0
5962.0
122.0
170.0
318.0
47.0
29.0
178.0
223.0
184.0
512.0
374.0
72.0
65.0
25.0
118.0
32.0
20.0
174.0
838.0
49.0
130.0
62.0
42.0
151.0
154.0
69.0
155.0
142.0
736.0
38.0
19.0
25.0
30.0
8.0
76.0
252.0
106.0
69.0
86.0
56.0
39.0
89.0
151.0
49.0
26.0
56.0
159.0
170.0
109.0
87.0
138.0
47.0
61.0
1507.0
59.0
54.0
67.0
26.0
155.0
280.0
32.0
267.0
129.0
260.0
78.0
140.0
750.0
203.0
68.0
1286.0
129.0
117.0
68.0
91.0
115.0
20.0
246.0
192.0
473.0
1251.0
35.0
538.0
115.0
192.0
44.0
324.0
267.0
379.0
60.0
305.0
531.0
290.0
74.0
231.0
80.0
277.0
27.0
363.0
163.0
818.0
1391.0
569.0
332.0
1109.0
294.0
147.0
804.0
5426.0
5769.0
120.0
161.0
323.0
51.0
29.0
192.0
224.0
194.0
497.0
345.0
73.0
67.0
27.0
124.0
32.0
19.0
178.0
857.0
53.0
124.0
63.0
46.0
159.0
153.0
76.0
162.0
141.0
787.0
38.0
21.0
25.0
31.0
8.0
73.0
268.0
113.0
74.0
84.0
55.0
40.0
82.0
146.0
45.0
26.0
55.0
151.0
162.0
111.0
81.0
136.0
44.0
65.0
1534.0
57.0
59.0
65.0
24.0
162.0
278.0
33.0
272.0
120.0
254.0
81.0
127.0
807.0
223.0
65.0
1168.0
130.0
122.0
68.0
93.0
116.0
19.0
264.0
188.0
497.0
1327.0
34.0
557.0
120.0
192.0
48.0
320.0
256.0
386.0
56.0
299.0
522.0
275.0
69.0
240.0
81.0
275.0
27.0
374.0
171.0
763.0
1369.0
601.0
352.0
1174.0
301.0
153.0
846.0
5237.0
6022.0
128.0
162.0
319.0
47.0
28.0
190.0
225.0
178.0
517.0
340.0
72.0
63.0
25.0
121.0
32.0
20.0
173.0
890.0
53.0
129.0
64.0
43.0
165.0
140.0
74.0
154.0
145.0
782.0
35.0
20.0
25.0
32.0
8.0
75.0
263.0
107.0
70.0
84.0
56.0
41.0
84.0
152.0
48.0
27.0
58.0
163.0
160.0
101.0
84.0
128.0
44.0
67.0
1538.0
59.0
59.0
67.0
25.0
161.0
287.0
32.0
276.0
130.0
244.0
76.0
139.0
820.0
219.0
65.0
1187.0
121.0
120.0
70.0
88.0
112.0
19.0
257.0
206.0
506.0
1298.0
35.0
514.0
114.0
182.0
48.0
337.0
254.0
388.0
57.0
310.0
538.0
288.0
72.0
251.0
78.0
298.0
28.0
361.0
167.0
819.0
1257.0
560.0
328.0
1153.0
286.0
158.0
828.0
5212.0
5781.0
129.0
169.0
331.0
51.0
29.0
191.0
218.0
193.0
519.0
363.0
77.0
63.0
26.0
117.0
32.0
20.0
173.0
836.0
51.0
122.0
65.0
44.0
155.0
146.0
73.0
156.0
139.0
763.0
37.0
21.0
25.0
31.0
8.0
71.0
260.0
106.0
71.0
89.0
56.0
41.0
81.0
139.0
48.0
26.0
57.0
158.0
167.0
104.0
82.0
126.0
48.0
67.0
1589.0
58.0
56.0
71.0
26.0
157.0
284.0
33.0
287.0
122.0
255.0
75.0
129.0
776.0
225.0
67.0
1267.0
126.0
122.0
67.0
89.0
116.0
20.0
246.0
207.0
487.0
1327.0
33.0
533.0
116.0
176.0
46.0
332.0
253.0
393.0
57.0
316.0
547.0
268.0
75.0
253.0
76.0
302.0
27.0
372.0
169.0
800.0
1309.0
568.0
333.0
1159.0
286.0
152.0
874.0
5255.0
5707.0
128.0
156.0
309.0
50.0
28.0
184.0
226.0
188.0
496.0
358.0
72.0
63.0
26.0
117.0
30.0
20.0
167.0
827.0
53.0
126.0
61.0
43.0
159.0
149.0
73.0
167.0
153.0
768.0
38.0
21.0
26.0
30.0
8.0
72.0
266.0
109.0
71.0
90.0
55.0
40.0
82.0
140.0
45.0
27.0
54.0
154.0
167.0
104.0
86.0
135.0
44.0
65.0
1517.0
54.0
56.0
68.0
26.0
166.0
291.0
33.0
266.0
129.0
243.0
83.0
138.0
761.0
225.0
69.0
1177.0
134.0
126.0
70.0
87.0
117.0
19.0
255.0
204.0
478.0
1287.0
34.0
529.0
110.0
189.0
45.0
323.0
262.0
394.0
56.0
302.0
532.0
287.0
73.0
235.0
80.0
287.0
28.0
351.0
172.0
774.0
1343.0
552.0
355.0
1148.0
298.0
154.0
832.0
5204.0
5584.0
123.0
162.0
315.0
49.0
29.0
175.0
205.0
191.0
500.0
339.0
77.0
65.0
27.0
117.0
31.0
20.0
166.0
826.0
52.0
128.0
64.0
44.0
160.0
154.0
75.0
162.0
146.0
759.0
35.0
21.0
26.0
32.0
8.0
74.0
269.0
110.0
70.0
84.0
55.0
40.0
89.0
144.0
48.0
27.0
55.0
161.0
171.0
109.0
85.0
129.0
44.0
67.0
1559.0
57.0
59.0
66.0
25.0
167.0
281.0
33.0
261.0
123.0
260.0
81.0
130.0
803.0
208.0
66.0
1250.0
124.0
118.0
70.0
92.0
113.0
20.0
261.0
198.0
479.0
1297.0
35.0
535.0
119.0
178.0
48.0
338.0
251.0
376.0
60.0
294.0
531.0
293.0
74.0
243.0
77.0
296.0
28.0
354.0
165.0
801.0
1337.0
583.0
354.0
1178.0
275.0
146.0
828.0
5273.0
5815.0
123.0
160.0
335.0
50.0
27.0
191.0
220.0
196.0
525.0
375.0
76.0
66.0
25.0
120.0
33.0
20.0
163.0
863.0
50.0
126.0
63.0
45.0
160.0
144.0
70.0
159.0
151.0
779.0
38.0
21.0
26.0
30.0
8.0
75.0
264.0
111.0
72.0
83.0
56.0
38.0
84.0
147.0
46.0
25.0
57.0
155.0
162.0
102.0
87.0
139.0
47.0
62.0
1503.0
58.0
54.0
65.0
25.0
164.0
276.0
30.0
277.0
122.0
257.0
82.0
138.0
820.0
209.0
71.0
1204.0
123.0
124.0
71.0
90.0
115.0
20.0
255.0
198.0
519.0
1249.0
36.0
542.0
116.0
180.0
44.0
344.0
251.0
390.0
61.0
290.0
554.0
266.0
69.0
253.0
75.0
278.0
27.0
347.0
170.0
788.0
1296.0
598.0
344.0
1177.0
298.0
151.0
790.0
5023.0
5798.0
128.0
163.0
333.0
50.0
28.0
181.0
218.0
190.0
504.0
358.0
72.0
62.0
27.0
116.0
33.0
20.0
166.0
852.0
52.0
120.0
66.0
44.0
161.0
153.0
73.0
157.0
140.0
797.0
38.0
19.0
24.0
32.0
8.0
74.0
258.0
112.0
71.0
85.0
59.0
41.0
83.0
140.0
48.0
27.0
54.0
162.0
168.0
102.0
79.0
127.0
44.0
63.0
1624.0
55.0
58.0
66.0
25.0
160.0
277.0
33.0
273.0
126.0
255.0
77.0
135.0
751.0
213.0
71.0
1285.0
126.0
126.0
68.0
94.0
122.0
19.0
257.0
201.0
501.0
1313.0
35.0
523.0
113.0
191.0
44.0
330.0
268.0
391.0
57.0
314.0
534.0
283.0
75.0
241.0
82.0
285.0
28.0
351.0
165.0
839.0
1377.0
572.0
335.0
1145.0
297.0
159.0
789.0
5154.0
5489.0
130.0
168.0
321.0
49.0
29.0
188.0
219.0
178.0
507.0
356.0
79.0
64.0
26.0
123.0
31.0
19.0
174.0
893.0
49.0
120.0
63.0
46.0
162.0
152.0
72.0
163.0
139.0
797.0
38.0
20.0
26.0
30.0
8.0
72.0
255.0
103.0
67.0
82.0
54.0
38.0
82.0
142.0
47.0
26.0
54.0
154.0
161.0
104.0
82.0
139.0
48.0
64.0
1539.0
59.0
58.0
66.0
24.0
151.0
287.0
30.0
272.0
125.0
244.0
81.0
140.0
830.0
211.0
66.0
1186.0
127.0
126.0
66.0
93.0
122.0
20.0
270.0
198.0
506.0
1343.0
36.0
540.0
112.0
191.0
46.0
316.0
267.0
379.0
56.0
302.0
518.0
286.0
74.0
236.0
76.0
284.0
27.0
361.0
172.0
772.0
1309.0
593.0
335.0
1145.0
286.0
152.0
823.0
5515.0
5775.0
124.0
167.0
322.0
50.0
28.0
191.0
216.0
184.0
488.0
368.0
74.0
65.0
26.0
120.0
33.0
20.0
177.0
899.0
49.0
124.0
64.0
43.0
164.0
150.0
71.0
168.0
147.0
772.0
36.0
20.0
25.0
31.0
8.0
75.0
272.0
106.0
68.0
90.0
58.0
39.0
86.0
141.0
49.0
25.0
58.0
156.0
158.0
110.0
85.0
134.0
45.0
66.0
1538.0
54.0
56.0
67.0
25.0
153.0
279.0
33.0
270.0
120.0
254.0
79.0
141.0
793.0
225.0
65.0
1182.0
123.0
122.0
68.0
93.0
115.0
19.0
264.0
197.0
499.0
1233.0
36.0
559.0
116.0
178.0
44.0
347.0
249.0
399.0
60.0
309.0
516.0
289.0
72.0
243.0
81.0
282.0
27.0
373.0
164.0
829.0
1284.0
556.0
330.0
1121.0
292.0
159.0
805.0
5027.0
5831.0
124.0
162.0
304.0
47.0
28.0
181.0
225.0
185.0
514.0
354.0
77.0
63.0
25.0
128.0
32.0
20.0
170.0
827.0
52.0
119.0
66.0
44.0
154.0
151.0
74.0
156.0
142.0
743.0
36.0
20.0
24.0
30.0
8.0
72.0
273.0
109.0
74.0
90.0
55.0
41.0
84.0
149.0
46.0
27.0
54.0
163.0
161.0
106.0
85.0
131.0
48.0
67.0
1602.0
54.0
59.0
65.0
25.0
161.0
272.0
32.0
282.0
121.0
253.0
76.0
140.0
762.0
213.0
66.0
1242.0
131.0
120.0
71.0
85.0
113.0
20.0
249.0
189.0
478.0
1306.0
35.0
522.0
112.0
186.0
47.0
327.0
270.0
380.0
61.0
309.0
533.0
269.0
74.0
239.0
76.0
286.0
28.0
340.0
162.0
794.0
1347.0
568.0
332.0
1127.0
275.0
151.0
827.0
5459.0
5453.0
131.0
163.0
321.0
49.0
29.0
184.0
226.0
190.0
516.0
375.0
79.0
62.0
27.0
121.0
33.0
20.0
172.0
863.0
49.0
119.0
65.0
46.0
162.0
146.0
75.0
154.0
144.0
733.0
35.0
20.0
25.0
32.0
8.0
72.0
276.0
107.0
74.0
88.0
55.0
39.0
89.0
143.0
48.0
25.0
55.0
164.0
169.0
109.0
86.0
139.0
47.0
65.0
1576.0
58.0
56.0
65.0
26.0
165.0
274.0
33.0
275.0
124.0
254.0
80.0
130.0
812.0
213.0
68.0
1205.0
130.0
120.0
68.0
91.0
111.0
19.0
254.0
195.0
470.0
1333.0
35.0
560.0
110.0
182.0
48.0
330.0
261.0
397.0
60.0
300.0
553.0
292.0
69.0
245.0
75.0
289.0
27.0
364.0
159.0
826.0
1363.0
561.0
348.0
1134.0
275.0
150.0
824.0
5149.0
6007.0
123.0
165.0
317.0
48.0
29.0
190.0
214.0
182.0
526.0
339.0
79.0
64.0
27.0
123.0
30.0
19.0
164.0
816.0
51.0
131.0
61.0
45.0
160.0
151.0
75.0
167.0
152.0
787.0
38.0
19.0
25.0
32.0
8.0
70.0
262.0
107.0
69.0
83.0
55.0
40.0
86.0
146.0
49.0
25.0
56.0
154.0
159.0
108.0
80.0
132.0
44.0
64.0
1624.0
57.0
54.0
69.0
26.0
161.0
297.0
33.0
284.0
118.0
241.0
81.0
131.0
753.0
209.0
69.0
1205.0
133.0
117.0
73.0
91.0
119.0
20.0
268.0
195.0
505.0
1251.0
34.0
556.0
109.0
177.0
46.0
324.0
253.0
370.0
56.0
318.0
512.0
284.0
69.0
234.0
80.0
293.0
29.0
339.0
171.0
776.0
1335.0
593.0
335.0
1174.0
289.0
157.0
828.0
5336.0
5614.0
130.0
172.0
318.0
51.0
28.0
177.0
204.0
189.0
521.0
357.0
72.0
67.0
27.0
125.0
31.0
18.0
171.0
901.0
48.0
130.0
61.0
42.0
152.0
151.0
71.0
154.0
139.0
768.0
35.0
20.0
26.0
30.0
8.0
69.0
274.0
107.0
71.0
90.0
59.0
40.0
81.0
154.0
49.0
27.0
57.0
159.0
160.0
101.0
84.0
126.0
46.0
64.0
1520.0
57.0
56.0
66.0
26.0
158.0
282.0
31.0
272.0
123.0
241.0
78.0
137.0
757.0
223.0
68.0
1231.0
122.0
117.0
73.0
88.0
113.0
20.0
264.0
195.0
503.0
1297.0
34.0
507.0
112.0
187.0
46.0
331.0
251.0
393.0
57.0
299.0
539.0
286.0
70.0
242.0
79.0
289.0
29.0
375.0
169.0
826.0
1291.0
596.0
358.0
1148.0
288.0
153.0
793.0
5507.0
5459.0
123.0
157.0
321.0
50.0
29.0
184.0
220.0
177.0
494.0
341.0
79.0
65.0
25.0
121.0
32.0
20.0
178.0
867.0
53.0
125.0
64.0
43.0
159.0
144.0
70.0
156.0
144.0
765.0
35.0
20.0
26.0
31.0
8.0
76.0
256.0
113.0
69.0
86.0
58.0
41.0
88.0
152.0
47.0
26.0
54.0
162.0
167.0
110.0
80.0
132.0
46.0
63.0
1660.0
59.0
57.0
66.0
26.0
157.0
271.0
31.0
273.0
130.0
251.0
79.0
131.0
824.0
213.0
65.0
1277.0
131.0
125.0
66.0
87.0
117.0
19.0
252.0
207.0
509.0
1325.0
36.0
528.0
115.0
184.0
46.0
336.0
270.0
387.0
58.0
309.0
557.0
268.0
74.0
252.0
80.0
284.0
28.0
374.0
169.0
762.0
1389.0
554.0
359.0
1139.0
299.0
155.0
868.0
5189.0
5629.0
122.0
171.0
328.0
48.0
27.0
194.0
208.0
190.0
534.0
364.0
77.0
62.0
25.0
117.0
33.0
20.0
178.0
878.0
48.0
131.0
61.0
43.0
165.0
154.0
70.0
162.0
153.0
785.0
35.0
20.0
26.0
32.0
8.0
70.0
250.0
109.0
71.0
88.0
57.0
38.0
86.0
151.0
45.0
25.0
57.0
150.0
172.0
104.0
86.0
134.0
44.0
67.0
1580.0
59.0
57.0
68.0
25.0
164.0
286.0
32.0
263.0
125.0
255.0
77.0
129.0
833.0
205.0
70.0
1280.0
127.0
123.0
73.0
94.0
112.0
19.0
246.0
207.0
495.0
1267.0
36.0
553.0
119.0
181.0
46.0
329.0
246.0
376.0
57.0
303.0
531.0
283.0
76.0
238.0
78.0
280.0
29.0
341.0
170.0
776.0
1294.0
550.0
333.0
1130.0
293.0
158.0
806.0
5443.0
5869.0
131.0
162.0
329.0
49.0
29.0
189.0
217.0
191.0
496.0
347.0
77.0
65.0
25.0
119.0
31.0
20.0
163.0
872.0
49.0
124.0
67.0
42.0
167.0
146.0
71.0
152.0
147.0
746.0
35.0
21.0
25.0
29.0
8.0
72.0
252.0
105.0
74.0
89.0
57.0
40.0
83.0
154.0
49.0
25.0
55.0
158.0
158.0
109.0
86.0
137.0
47.0
62.0
1632.0
55.0
56.0
69.0
26.0
158.0
275.0
31.0
263.0
129.0
240.0
82.0
132.0
817.0
207.0
69.0
1200.0
133.0
122.0
69.0
93.0
122.0
20.0
254.0
206.0
517.0
1234.0
33.0
528.0
119.0
192.0
47.0
317.0
246.0
382.0
61.0
299.0
559.0
287.0
73.0
244.0
78.0
281.0
29.0
366.0
168.0
791.0
1328.0
556.0
334.0
1147.0
279.0
146.0
825.0
5110.0
5646.0
124.0
158.0
326.0
47.0
28.0
177.0
206.0
194.0
515.0
366.0
72.0
61.0
26.0
128.0
32.0
20.0
174.0
849.0
52.0
120.0
64.0
43.0
152.0
152.0
73.0
159.0
145.0
774.0
36.0
20.0
26.0
31.0
8.0
73.0
271.0
113.0
73.0
89.0
58.0
38.0
83.0
152.0
47.0
26.0
53.0
155.0
160.0
106.0
84.0
138.0
44.0
65.0
1513.0
55.0
59.0
65.0
26.0
166.0
278.0
33.0
264.0
120.0
238.0
83.0
137.0
807.0
206.0
69.0
1168.0
123.0
118.0
73.0
85.0
115.0
20.0
265.0
192.0
504.0
1247.0
35.0
512.0
114.0
184.0
44.0
333.0
267.0
375.0
56.0
297.0
535.0
291.0
74.0
245.0
80.0
275.0
29.0
351.0
158.0
762.0
1309.0
583.0
355.0
1147.0
280.0
144.0
807.0
5229.0
5943.0
127.0
165.0
307.0
48.0
27.0
193.0
212.0
186.0
524.0
372.0
73.0
64.0
27.0
117.0
32.0
20.0
162.0
854.0
49.0
129.0
62.0
46.0
165.0
143.0
69.0
152.0
141.0
780.0
36.0
20.0
26.0
31.0
8.0
71.0
259.0
103.0
67.0
89.0
57.0
38.0
82.0
151.0
48.0
26.0
58.0
160.0
173.0
102.0
82.0
126.0
46.0
66.0
1549.0
54.0
55.0
68.0
25.0
152.0
270.0
31.0
283.0
126.0
247.0
76.0
139.0
776.0
207.0
65.0
1207.0
124.0
120.0
73.0
89.0
122.0
19.0
264.0
201.0
507.0
1332.0
36.0
534.0
112.0
179.0
48.0
340.0
253.0
381.0
57.0
308.0
525.0
287.0
72.0
247.0
77.0
287.0
29.0
361.0
164.0
835.0
1351.0
600.0
362.0
1127.0
283.0
157.0
823.0
5351.0
5661.0
125.0
166.0
307.0
47.0
29.0
184.0
210.0
190.0
494.0
340.0
75.0
64.0
25.0
126.0
31.0
20.0
173.0
904.0
50.0
120.0
64.0
46.0
151.0
152.0
73.0
168.0
140.0
795.0
36.0
21.0
26.0
32.0
8.0
72.0
251.0
110.0
72.0
85.0
59.0
38.0
85.0
139.0
47.0
25.0
54.0
148.0
163.0
105.0
81.0
133.0
46.0
67.0
1514.0
59.0
57.0
71.0
25.0
166.0
296.0
32.0
272.0
129.0
257.0
81.0
141.0
819.0
215.0
65.0
1275.0
133.0
118.0
70.0
89.0
122.0
19.0
262.0
199.0
511.0
1222.0
35.0
557.0
113.0
185.0
48.0
330.0
255.0
389.0
61.0
294.0
544.0
280.0
74.0
230.0
74.0
277.0
29.0
355.0
159.0
816.0
1273.0
588.0
334.0
1085.0
294.0
145.0
863.0
5454.0
5606.0
125.0
160.0
333.0
49.0
29.0
188.0
211.0
190.0
525.0
349.0
72.0
66.0
25.0
121.0
30.0
20.0
170.0
815.0
51.0
120.0
63.0
44.0
160.0
145.0
72.0
168.0
139.0
763.0
36.0
19.0
25.0
30.0
8.0
76.0
274.0
113.0
71.0
87.0
55.0
39.0
84.0
151.0
46.0
27.0
53.0
159.0
159.0
107.0
82.0
136.0
46.0
66.0
1634.0
54.0
54.0
71.0
24.0
163.0
273.0
31.0
270.0
125.0
236.0
76.0
138.0
800.0
207.0
66.0
1233.0
127.0
116.0
71.0
90.0
112.0
19.0
249.0
202.0
477.0
1277.0
36.0
557.0
109.0
189.0
47.0
350.0
259.0
397.0
60.0
310.0
513.0
267.0
73.0
230.0
80.0
278.0
29.0
355.0
171.0
845.0
1304.0
578.0
342.0
1117.0
276.0
149.0
876.0
5192.0
6012.0
128.0
167.0
309.0
50.0
27.0
178.0
223.0
180.0
526.0
359.0
78.0
67.0
26.0
118.0
30.0
18.0
163.0
882.0
53.0
124.0
62.0
46.0
156.0
148.0
69.0
158.0
144.0
746.0
35.0
20.0
25.0
31.0
8.0
70.0
266.0
112.0
71.0
90.0
58.0
38.0
82.0
145.0
49.0
27.0
58.0
157.0
172.0
111.0
81.0
136.0
44.0
67.0
1640.0
59.0
58.0
67.0
26.0
159.0
276.0
32.0
282.0
130.0
251.0
81.0
131.0
814.0
207.0
65.0
1265.0
132.0
119.0
71.0
94.0
121.0
19.0
266.0
199.0
510.0
1240.0
35.0
554.0
116.0
181.0
47.0
340.0
261.0
370.0
57.0
318.0
512.0
295.0
71.0
238.0
74.0
277.0
28.0
367.0
161.0
808.0
1363.0
574.0
363.0
1112.0
273.0
151.0
816.0
5048.0
6034.0
129.0
172.0
333.0
49.0
27.0
181.0
210.0
193.0
497.0
356.0
77.0
65.0
27.0
123.0
30.0
19.0
168.0
880.0
53.0
131.0
62.0
46.0
151.0
141.0
73.0
161.0
150.0
767.0
35.0
21.0
24.0
30.0
8.0
71.0
262.0
106.0
67.0
85.0
54.0
40.0
83.0
143.0
46.0
27.0
57.0
148.0
171.0
106.0
80.0
127.0
47.0
67.0
1605.0
56.0
57.0
68.0
26.0
160.0
275.0
33.0
278.0
129.0
255.0
81.0
140.0
828.0
221.0
68.0
1268.0
130.0
125.0
68.0
94.0
119.0
19.0
268.0
196.0
517.0
1327.0
36.0
546.0
109.0
181.0
48.0
333.0
251.0
383.0
59.0
300.0
560.0
271.0
72.0
249.0
75.0
282.0
28.0
358.0
160.0
778.0
1381.0
576.0
347.0
1097.0
298.0
148.0
849.0
5298.0
5965.0
119.0
163.0
326.0
47.0
29.0
190.0
211.0
195.0
530.0
352.0
74.0
67.0
26.0
118.0
30.0
19.0
169.0
890.0
50.0
129.0
64.0
46.0
167.0
155.0
74.0
158.0
146.0
803.0
37.0
20.0
26.0
32.0
8.0
71.0
275.0
110.0
70.0
90.0
56.0
41.0
87.0
151.0
46.0
26.0
54.0
149.0
175.0
103.0
83.0
134.0
46.0
66.0
1508.0
58.0
55.0
67.0
25.0
152.0
283.0
32.0
276.0
121.0
256.0
77.0
129.0
797.0
205.0
67.0
1223.0
132.0
125.0
72.0
88.0
114.0
20.0
261.0
201.0
480.0
1273.0
34.0
547.0
109.0
185.0
44.0
332.0
257.0
399.0
56.0
291.0
530.0
289.0
73.0
237.0
81.0
293.0
29.0
346.0
167.0
810.0
1269.0
599.0
363.0
1164.0
290.0
146.0
862.0
5401.0
5815.0
120.0
168.0
304.0
48.0
29.0
182.0
224.0
191.0
518.0
346.0
72.0
65.0
25.0
120.0
30.0
19.0
163.0
872.0
50.0
120.0
62.0
45.0
156.0
150.0
72.0
157.0
153.0
749.0
37.0
20.0
26.0
32.0
8.0
73.0
265.0
106.0
73.0
87.0
54.0
39.0
84.0
151.0
45.0
27.0
54.0
148.0
168.0
110.0
83.0
131.0
48.0
67.0
1516.0
56.0
57.0
67.0
26.0
154.0
272.0
32.0
264.0
121.0
238.0
78.0
134.0
827.0
213.0
68.0
1252.0
131.0
118.0
68.0
89.0
121.0
19.0
267.0
192.0
490.0
1348.0
36.0
521.0
118.0
190.0
45.0
325.0
259.0
361.0
59.0
299.0
506.0
295.0
70.0
243.0
76.0
300.0
27.0
361.0
167.0
822.0
1273.0
590.0
345.0
1127.0
281.0
154.0
797.0
4974.0
5530.0
129.0
165.0
312.0
50.0
28.0
187.0
215.0
187.0
522.0
364.0
77.0
62.0
25.0
119.0
32.0
19.0
179.0
870.0
50.0
127.0
64.0
46.0
163.0
152.0
69.0
168.0
147.0
756.0
35.0
20.0
25.0
31.0
8.0
72.0
259.0
110.0
74.0
83.0
59.0
39.0
85.0
146.0
49.0
25.0
56.0
149.0
158.0
107.0
85.0
130.0
44.0
65.0
1513.0
57.0
59.0
70.0
24.0
155.0
297.0
32.0
268.0
124.0
260.0
78.0
139.0
811.0
224.0
65.0
1254.0
133.0
125.0
71.0
90.0
118.0
20.0
250.0
204.0
468.0
1311.0
34.0
515.0
118.0
180.0
44.0
337.0
270.0
391.0
60.0
315.0
548.0
282.0
74.0
234.0
81.0
282.0
27.0
362.0
173.0
787.0
1363.0
593.0
329.0
1180.0
276.0
154.0
801.0
5387.0
5629.0
131.0
173.0
332.0
51.0
27.0
186.0
216.0
193.0
520.0
373.0
73.0
67.0
25.0
120.0
31.0
20.0
162.0
816.0
51.0
125.0
63.0
45.0
153.0
155.0
70.0
160.0
139.0
744.0
35.0
21.0
24.0
31.0
8.0
69.0
273.0
110.0
74.0
85.0
57.0
38.0
82.0
145.0
48.0
27.0
55.0
159.0
174.0
100.0
79.0
128.0
48.0
65.0
1594.0
58.0
54.0
71.0
26.0
165.0
274.0
33.0
277.0
122.0
257.0
78.0
134.0
823.0
205.0
70.0
1206.0
123.0
119.0
70.0
89.0
111.0
19.0
259.0
206.0
489.0
1242.0
36.0
523.0
110.0
191.0
46.0
348.0
262.0
398.0
57.0
316.0
532.0
285.0
74.0
249.0
79.0
274.0
28.0
355.0
157.0
835.0
1322.0
600.0
333.0
1127.0
296.0
156.0
841.0
5109.0
5981.0
131.0
168.0
314.0
50.0
28.0
189.0
211.0
188.0
533.0
375.0
79.0
66.0
27.0
126.0
31.0
19.0
162.0
888.0
50.0
124.0
67.0
43.0
151.0
140.0
71.0
157.0
142.0
757.0
37.0
21.0
25.0
31.0
8.0
71.0
263.0
109.0
69.0
84.0
57.0
41.0
82.0
144.0
49.0
25.0
55.0
160.0
160.0
111.0
86.0
129.0
47.0
61.0
1502.0
58.0
58.0
64.0
25.0
167.0
275.0
32.0
288.0
119.0
242.0
75.0
130.0
809.0
210.0
71.0
1175.0
123.0
122.0
67.0
86.0
121.0
19.0
254.0
203.0
502.0
1230.0
35.0
531.0
110.0
191.0
46.0
324.0
250.0
388.0
60.0
312.0
516.0
274.0
74.0
240.0
79.0
300.0
27.0
344.0
171.0
838.0
1370.0
593.0
333.0
1193.0
273.0
144.0
832.0
5253.0
5435.0
125.0
157.0
304.0
50.0
27.0
192.0
209.0
180.0
515.0
363.0
79.0
64.0
27.0
127.0
33.0
20.0
171.0
865.0
49.0
125.0
65.0
42.0
157.0
147.0
71.0
152.0
146.0
750.0
38.0
20.0
24.0
32.0
8.0
72.0
256.0
107.0
70.0
89.0
58.0
41.0
81.0
142.0
49.0
26.0
56.0
150.0
169.0
104.0
81.0
133.0
46.0
67.0
1630.0
56.0
58.0
70.0
25.0
166.0
281.0
33.0
284.0
122.0
241.0
81.0
133.0
829.0
208.0
67.0
1174.0
130.0
127.0
69.0
89.0
116.0
20.0
260.0
203.0
491.0
1243.0
33.0
513.0
116.0
184.0
46.0
321.0
268.0
398.0
57.0
291.0
535.0
277.0
69.0
235.0
80.0
274.0
27.0
370.0
164.0
829.0
1277.0
553.0
329.0
1086.0
274.0
148.0
797.0
5471.0
5750.0
125.0
161.0
334.0
49.0
28.0
178.0
221.0
188.0
534.0
341.0
79.0
67.0
26.0
126.0
31.0
20.0
163.0
839.0
51.0
129.0
64.0
46.0
159.0
152.0
72.0
160.0
143.0
786.0
37.0
21.0
24.0
29.0
8.0
76.0
272.0
107.0
72.0
85.0
56.0
40.0
85.0
154.0
46.0
26.0
53.0
161.0
172.0
104.0
83.0
138.0
47.0
61.0
1633.0
57.0
57.0
67.0
24.0
158.0
286.0
33.0
273.0
122.0
241.0
75.0
135.0
750.0
203.0
70.0
1257.0
131.0
121.0
72.0
87.0
115.0
19.0
256.0
204.0
474.0
1301.0
33.0
535.0
109.0
177.0
46.0
343.0
251.0
394.0
58.0
289.0
526.0
269.0
72.0
233.0
81.0
297.0
27.0
373.0
171.0
763.0
1365.0
548.0
334.0
1098.0
282.0
159.0
840.0
5264.0
5943.0
119.0
160.0
303.0
47.0
27.0
193.0
210.0
186.0
518.0
369.0
72.0
66.0
25.0
117.0
31.0
20.0
169.0
895.0
52.0
119.0
64.0
45.0
152.0
152.0
72.0
154.0
151.0
771.0
38.0
21.0
26.0
30.0
8.0
74.0
253.0
113.0
69.0
89.0
57.0
39.0
81.0
141.0
46.0
26.0
55.0
163.0
175.0
106.0
79.0
132.0
44.0
62.0
1542.0
57.0
54.0
66.0
25.0
160.0
288.0
33.0
277.0
129.0
236.0
76.0
138.0
792.0
219.0
66.0
1270.0
133.0
121.0
66.0
87.0
118.0
19.0
254.0
198.0
473.0
1346.0
33.0
536.0
109.0
177.0
48.0
328.0
260.0
382.0
61.0
301.0
549.0
282.0
74.0
247.0
79.0
302.0
29.0
372.0
160.0
838.0
1335.0
573.0
345.0
1145.0
298.0
146.0
833.0
5481.0
5893.0
126.0
157.0
308.0
50.0
27.0
194.0
218.0
178.0
529.0
375.0
79.0
66.0
26.0
120.0
33.0
19.0
179.0
861.0
53.0
128.0
63.0
44.0
151.0
154.0
75.0
160.0
151.0
732.0
36.0
21.0
25.0
32.0
8.0
73.0
268.0
112.0
72.0
88.0
59.0
39.0
89.0
143.0
45.0
26.0
54.0
159.0
163.0
100.0
83.0
139.0
47.0
67.0
1510.0
54.0
55.0
70.0
26.0
167.0
293.0
32.0
278.0
119.0
240.0
81.0
136.0
764.0
218.0
69.0
1244.0
132.0
126.0
67.0
92.0
112.0
19.0
247.0
204.0
510.0
1256.0
35.0
520.0
119.0
192.0
47.0
320.0
250.0
388.0
61.0
303.0
526.0
267.0
74.0
244.0
78.0
275.0
28.0
362.0
163.0
776.0
1367.0
601.0
361.0
1104.0
277.0
146.0
792.0
5489.0
5620.0
130.0
163.0
322.0
50.0
27.0
183.0
216.0
192.0
505.0
345.0
76.0
61.0
26.0
128.0
31.0
20.0
176.0
883.0
50.0
122.0
62.0
42.0
151.0
143.0
70.0
158.0
150.0
727.0
35.0
19.0
24.0
32.0
8.0
71.0
273.0
105.0
70.0
83.0
55.0
39.0
86.0
140.0
48.0
26.0
54.0
163.0
170.0
104.0
82.0
126.0
44.0
65.0
1650.0
56.0
55.0
65.0
24.0
164.0
297.0
32.0
260.0
123.0
243.0
77.0
129.0
769.0
221.0
69.0
1263.0
122.0
126.0
67.0
90.0
116.0
20.0
245.0
202.0
503.0
1274.0
35.0
555.0
119.0
177.0
45.0
330.0
264.0
383.0
58.0
307.0
511.0
282.0
75.0
244.0
82.0
280.0
27.0
366.0
173.0
818.0
1342.0
601.0
352.0
1159.0
288.0
151.0
835.0
5412.0
5502.0
119.0
161.0
323.0
47.0
29.0
182.0
222.0
185.0
504.0
353.0
72.0
67.0
26.0
120.0
33.0
20.0
171.0
896.0
53.0
119.0
62.0
46.0
154.0
151.0
74.0
157.0
144.0
799.0
37.0
20.0
25.0
30.0
8.0
73.0
266.0
108.0
74.0
90.0
59.0
41.0
85.0
140.0
46.0
27.0
57.0
153.0
168.0
103.0
86.0
136.0
44.0
62.0
1516.0
57.0
55.0
70.0
24.0
152.0
298.0
31.0
279.0
122.0
236.0
77.0
128.0
778.0
215.0
68.0
1203.0
129.0
118.0
69.0
92.0
111.0
20.0
246.0
202.0
485.0
1349.0
35.0
537.0
109.0
188.0
48.0
344.0
266.0
399.0
58.0
291.0
546.0
272.0
76.0
238.0
76.0
300.0
27.0
363.0
158.0
787.0
1322.0
590.0
356.0
1157.0
272.0
151.0
857.0
5321.0
5604.0
121.0
161.0
318.0
47.0
28.0
193.0
220.0
179.0
533.0
355.0
77.0
66.0
26.0
119.0
33.0
19.0
168.0
858.0
48.0
126.0
66.0
46.0
155.0
140.0
72.0
155.0
141.0
742.0
36.0
21.0
25.0
32.0
8.0
76.0
273.0
109.0
69.0
86.0
59.0
39.0
84.0
140.0
49.0
26.0
56.0
148.0
173.0
101.0
84.0
137.0
48.0
66.0
1619.0
57.0
59.0
66.0
24.0
165.0
299.0
31.0
272.0
123.0
237.0
83.0
138.0
780.0
205.0
70.0
1189.0
127.0
125.0
72.0
94.0
116.0
19.0
254.0
204.0
515.0
1334.0
36.0
547.0
110.0
191.0
45.0
334.0
252.0
390.0
57.0
291.0
510.0
290.0
74.0
233.0
77.0
295.0
27.0
373.0
171.0
771.0
1303.0
569.0
346.0
1090.0
284.0
159.0
796.0
4993.0
5477.0
129.0
173.0
314.0
50.0
28.0
193.0
205.0
186.0
531.0
374.0
72.0
66.0
26.0
128.0
33.0
20.0
179.0
882.0
52.0
123.0
61.0
45.0
160.0
143.0
74.0
164.0
151.0
759.0
37.0
20.0
24.0
30.0
8.0
71.0
269.0
107.0
71.0
89.0
54.0
38.0
86.0
154.0
48.0
26.0
57.0
154.0
175.0
105.0
85.0
139.0
46.0
61.0
1588.0
55.0
56.0
71.0
25.0
152.0
271.0
33.0
262.0
119.0
259.0
82.0
135.0
806.0
225.0
70.0
1164.0
134.0
118.0
72.0
92.0
122.0
19.0
251.0
195.0
505.0
1296.0
35.0
510.0
120.0
190.0
47.0
341.0
262.0
368.0
58.0
299.0
551.0
276.0
76.0
248.0
79.0
300.0
27.0
372.0
164.0
821.0
1352.0
555.0
355.0
1161.0
282.0
159.0
870.0
5224.0
5914.0
129.0
168.0
311.0
50.0
29.0
192.0
211.0
195.0
529.0
354.0
72.0
62.0
27.0
125.0
33.0
19.0
176.0
816.0
49.0
126.0
65.0
43.0
161.0
149.0
69.0
168.0
150.0
755.0
38.0
20.0
24.0
30.0
8.0
75.0
252.0
110.0
68.0
89.0
54.0
38.0
82.0
145.0
47.0
25.0
53.0
154.0
164.0
101.0
80.0
135.0
47.0
64.0
1635.0
59.0
56.0
67.0
26.0
155.0
278.0
33.0
270.0
117.0
254.0
80.0
135.0
814.0
218.0
67.0
1237.0
126.0
121.0
66.0
94.0
119.0
19.0
268.0
190.0
478.0
1243.0
35.0
554.0
109.0
177.0
47.0
331.0
247.0
380.0
60.0
316.0
547.0
290.0
75.0
241.0
78.0
276.0
28.0
365.0
167.0
823.0
1312.0
597.0
330.0
1108.0
301.0
158.0
874.0
5200.0
5864.0
125.0
161.0
333.0
48.0
28.0
181.0
206.0
190.0
521.0
343.0
79.0
61.0
27.0
118.0
33.0
19.0
164.0
889.0
52.0
128.0
61.0
46.0
167.0
153.0
75.0
160.0
138.0
737.0
38.0
20.0
25.0
29.0
8.0
70.0
266.0
112.0
71.0
85.0
55.0
41.0
88.0
150.0
46.0
27.0
56.0
164.0
166.0
110.0
83.0
130.0
45.0
66.0
1516.0
56.0
59.0
67.0
25.0
157.0
273.0
33.0
275.0
125.0
258.0
76.0
134.0
780.0
219.0
65.0
1173.0
131.0
119.0
73.0
89.0
121.0
20.0
251.0
188.0
508.0
1344.0
33.0
543.0
118.0
184.0
44.0
318.0
264.0
381.0
58.0
293.0
520.0
277.0
76.0
250.0
81.0
290.0
27.0
348.0
164.0
768.0
1276.0
590.0
332.0
1121.0
273.0
150.0
843.0
5471.0
5960.0
121.0
169.0
331.0
51.0
28.0
190.0
211.0
187.0
510.0
350.0
72.0
67.0
27.0
122.0
33.0
20.0
167.0
851.0
49.0
124.0
64.0
45.0
157.0
148.0
74.0
156.0
150.0
746.0
35.0
21.0
26.0
31.0
8.0
74.0
263.0
112.0
74.0
84.0
55.0
40.0
84.0
141.0
45.0
27.0
54.0
159.0
160.0
105.0
85.0
129.0
47.0
62.0
1557.0
58.0
54.0
68.0
26.0
165.0
290.0
33.0
276.0
127.0
236.0
79.0
141.0
767.0
204.0
70.0
1237.0
132.0
115.0
73.0
90.0
114.0
20.0
268.0
189.0
506.0
1335.0
36.0
541.0
114.0
191.0
44.0
333.0
266.0
370.0
60.0
306.0
507.0
275.0
75.0
248.0
76.0
284.0
27.0
352.0
164.0
761.0
1385.0
585.0
356.0
1103.0
273.0
152.0
816.0
5242.0
5522.0
128.0
165.0
335.0
50.0
28.0
185.0
220.0
186.0
511.0
339.0
73.0
66.0
25.0
118.0
33.0
20.0
179.0
904.0
51.0
129.0
63.0
46.0
154.0
153.0
72.0
162.0
140.0
757.0
37.0
20.0
24.0
32.0
8.0
74.0
263.0
106.0
73.0
89.0
58.0
40.0
81.0
142.0
46.0
25.0
57.0
158.0
175.0
105.0
87.0
139.0
45.0
64.0
1521.0
54.0
56.0
65.0
25.0
160.0
286.0
33.0
287.0
129.0
252.0
80.0
139.0
789.0
220.0
66.0
1168.0
123.0
122.0
69.0
86.0
110.0
19.0
256.0
204.0
494.0
1220.0
34.0
527.0
114.0
191.0
44.0
321.0
257.0
375.0
61.0
303.0
547.0
286.0
72.0
242.0
79.0
291.0
29.0
367.0
164.0
772.0
1375.0
554.0
338.0
1143.0
280.0
147.0
823.0
5445.0
6002.0
127.0
164.0
315.0
50.0
29.0
188.0
220.0
195.0
521.0
372.0
73.0
63.0
27.0
127.0
32.0
20.0
173.0
889.0
51.0
129.0
67.0
43.0
161.0
147.0
71.0
152.0
148.0
759.0
35.0
21.0
26.0
32.0
8.0
74.0
259.0
110.0
73.0
87.0
57.0
38.0
81.0
153.0
47.0
26.0
54.0
164.0
166.0
106.0
83.0
139.0
45.0
62.0
1645.0
56.0
59.0
65.0
26.0
153.0
291.0
33.0
274.0
127.0
244.0
75.0
134.0
769.0
210.0
68.0
1231.0
128.0
119.0
71.0
91.0
111.0
19.0
266.0
197.0
474.0
1329.0
36.0
552.0
113.0
178.0
48.0
325.0
253.0
394.0
57.0
292.0
528.0
270.0
70.0
249.0
81.0
296.0
28.0
349.0
161.0
793.0
1283.0
550.0
347.0
1093.0
291.0
149.0
800.0
5494.0
5614.0
127.0
163.0
328.0
47.0
28.0
190.0
226.0
193.0
481.0
364.0
75.0
67.0
25.0
118.0
32.0
20.0
179.0
823.0
51.0
118.0
66.0
45.0
153.0
143.0
71.0
159.0
152.0
785.0
36.0
20.0
24.0
30.0
8.0
72.0
264.0
109.0
68.0
85.0
59.0
41.0
88.0
144.0
48.0
26.0
53.0
151.0
158.0
105.0
81.0
133.0
46.0
67.0
1526.0
56.0
56.0
71.0
26.0
152.0
296.0
31.0
264.0
126.0
247.0
81.0
138.0
785.0
210.0
64.0
1267.0
122.0
116.0
73.0
86.0
114.0
19.0
272.0
187.0
486.0
1350.0
35.0
517.0
118.0
183.0
47.0
319.0
253.0
374.0
56.0
303.0
556.0
273.0
73.0
242.0
77.0
285.0
29.0
353.0
167.0
772.0
1311.0
579.0
343.0
1099.0
277.0
153.0
823.0
5447.0
5662.0
122.0
167.0
335.0
48.0
29.0
189.0
226.0
182.0
524.0
372.0
77.0
65.0
27.0
128.0
33.0
20.0
165.0
895.0
49.0
128.0
67.0
45.0
159.0
153.0
70.0
168.0
152.0
744.0
36.0
19.0
24.0
31.0
8.0
73.0
269.0
110.0
70.0
88.0
57.0
38.0
88.0
145.0
49.0
26.0
57.0
151.0
173.0
108.0
82.0
130.0
48.0
63.0
1608.0
56.0
55.0
66.0
25.0
153.0
275.0
30.0
273.0
129.0
237.0
83.0
141.0
788.0
211.0
68.0
1266.0
127.0
122.0
67.0
92.0
122.0
18.0
257.0
190.0
519.0
1339.0
33.0
557.0
118.0
175.0
46.0
348.0
270.0
368.0
57.0
316.0
523.0
288.0
69.0
245.0
74.0
302.0
29.0
340.0
168.0
841.0
1348.0
598.0
329.0
1157.0
292.0
156.0
853.0
5074.0
5771.0
124.0
159.0
316.0
49.0
29.0
184.0
205.0
196.0
500.0
347.0
73.0
67.0
25.0
118.0
33.0
20.0
165.0
821.0
50.0
119.0
62.0
46.0
157.0
146.0
71.0
164.0
153.0
729.0
35.0
20.0
25.0
31.0
8.0
71.0
264.0
106.0
71.0
84.0
54.0
38.0
85.0
149.0
49.0
25.0
58.0
162.0
159.0
104.0
86.0
136.0
45.0
61.0
1537.0
56.0
54.0
66.0
24.0
152.0
284.0
31.0
280.0
123.0
257.0
77.0
139.0
772.0
209.0
69.0
1231.0
124.0
121.0
71.0
89.0
114.0
20.0
261.0
199.0
489.0
1271.0
35.0
527.0
120.0
188.0
48.0
323.0
261.0
398.0
61.0
306.0
540.0
272.0
71.0
238.0
74.0
294.0
27.0
356.0
158.0
769.0
1273.0
590.0
340.0
1117.0
295.0
157.0
810.0
5211.0
5809.0
122.0
157.0
321.0
49.0
28.0
177.0
223.0
182.0
487.0
370.0
78.0
67.0
27.0
116.0
32.0
20.0
168.0
879.0
53.0
124.0
65.0
45.0
165.0
145.0
76.0
157.0
139.0
753.0
37.0
21.0
26.0
32.0
8.0
71.0
251.0
108.0
72.0
87.0
56.0
41.0
88.0
153.0
47.0
25.0
58.0
154.0
169.0
109.0
87.0
135.0
45.0
61.0
1546.0
58.0
56.0
65.0
25.0
162.0
288.0
31.0
274.0
123.0
249.0
78.0
140.0
786.0
223.0
71.0
1228.0
127.0
123.0
67.0
91.0
116.0
20.0
263.0
199.0
472.0
1263.0
36.0
542.0
118.0
190.0
48.0
317.0
253.0
383.0
61.0
316.0
544.0
295.0
70.0
235.0
75.0
286.0
28.0
355.0
166.0
792.0
1373.0
560.0
351.0
1198.0
296.0
148.0
811.0
5370.0
5892.0
127.0
172.0
330.0
49.0
28.0
178.0
222.0
196.0
507.0
370.0
76.0
67.0
26.0
128.0
30.0
19.0
163.0
843.0
49.0
123.0
62.0
43.0
165.0
145.0
70.0
160.0
138.0
775.0
37.0
20.0
25.0
31.0
8.0
74.0
273.0
113.0
72.0
83.0
55.0
38.0
82.0
149.0
47.0
26.0
54.0
155.0
160.0
110.0
84.0
128.0
48.0
62.0
1552.0
55.0
57.0
68.0
26.0
154.0
270.0
33.0
268.0
128.0
246.0
76.0
129.0
803.0
218.0
66.0
1246.0
131.0
120.0
72.0
88.0
110.0
19.0
250.0
189.0
181.0
159.0
161.0
133.0
398.0
142.0
135.0
150.0
143.0
165.0
131.0
173.0
163.0
142.0
153.0
148.0
174.0
143.0
418.0
162.0
137.0
142.0
160.0
143.0
177.0
158.0
158.0
457.0
167.0
155.0
167.0
149.0
138.0
176.0
130.0
158.0
162.0
167.0
135.0
162.0
164.0
139.0
165.0
150.0
134.0
402.0
153.0
160.0
455.0
171.0
139.0
167.0
163.0
167.0
150.0
142.0
154.0
174.0
416.0
176.0
167.0
149.0
166.0
137.0
150.0
144.0
139.0
137.0
130.0
148.0
154.0
145.0
141.0
158.0
150.0
162.0
396.0
172.0
157.0
154.0
132.0
140.0
142.0
141.0
142.0
151.0
431.0
132.0
372.0
147.0
370.0
395.0
492.0
440.0
379.0
383.0
446.0
413.0
455.0
134.0
134.0
138.0
142.0
176.0
140.0
134.0
160.0
138.0
204.0
197.0
144.0
174.0
437.0
157.0
172.0
154.0
162.0
132.0
174.0
165.0
176.0
164.0
137.0
157.0
134.0
156.0
440.0
176.0
157.0
146.0
165.0
147.0
143.0
135.0
135.0
369.0
170.0
135.0
135.0
164.0
140.0
162.0
137.0
169.0
135.0
171.0
144.0
140.0
138.0
142.0
171.0
145.0
137.0
363.0
170.0
168.0
488.0
160.0
137.0
164.0
176.0
132.0
163.0
148.0
174.0
134.0
401.0
165.0
161.0
144.0
156.0
177.0
134.0
133.0
142.0
140.0
139.0
172.0
140.0
174.0
164.0
162.0
118.0
177.0
448.0
156.0
151.0
161.0
135.0
134.0
157.0
133.0
135.0
137.0
460.0
140.0
365.0
173.0
486.0
379.0
374.0
455.0
427.0
489.0
494.0
422.0
458.0
141.0
162.0
139.0
147.0
150.0
157.0
169.0
172.0
148.0
160.0
155.0
173.0
159.0
401.0
137.0
132.0
145.0
140.0
136.0
143.0
156.0
156.0
147.0
161.0
135.0
174.0
158.0
415.0
175.0
147.0
143.0
145.0
134.0
136.0
140.0
177.0
432.0
174.0
142.0
171.0
153.0
152.0
153.0
144.0
137.0
130.0
131.0
155.0
149.0
136.0
148.0
158.0
139.0
140.0
391.0
134.0
155.0
491.0
165.0
138.0
166.0
137.0
131.0
174.0
140.0
154.0
142.0
426.0
143.0
146.0
151.0
136.0
141.0
141.0
143.0
153.0
157.0
130.0
173.0
151.0
175.0
167.0
137.0
121.0
157.0
472.0
142.0
148.0
137.0
152.0
140.0
164.0
157.0
144.0
137.0
379.0
138.0
440.0
155.0
465.0
478.0
395.0
364.0
438.0
492.0
391.0
397.0
433.0
141.0
170.0
134.0
135.0
144.0
163.0
158.0
163.0
176.0
200.0
171.0
164.0
162.0
447.0
157.0
148.0
133.0
147.0
142.0
160.0
167.0
155.0
139.0
176.0
167.0
158.0
156.0
411.0
156.0
176.0
162.0
142.0
148.0
151.0
174.0
147.0
425.0
158.0
172.0
168.0
144.0
134.0
148.0
175.0
169.0
144.0
168.0
159.0
148.0
176.0
175.0
175.0
117.0
151.0
416.0
169.0
163.0
399.0
170.0
157.0
145.0
150.0
145.0
168.0
146.0
157.0
171.0
490.0
145.0
169.0
138.0
148.0
167.0
175.0
152.0
177.0
147.0
142.0
152.0
150.0
141.0
151.0
133.0
145.0
155.0
480.0
143.0
145.0
158.0
165.0
165.0
162.0
137.0
141.0
151.0
385.0
151.0
415.0
154.0
396.0
425.0
491.0
437.0
457.0
419.0
392.0
468.0
421.0
134.0
130.0
157.0
170.0
171.0
138.0
153.0
167.0
162.0
172.0
207.0
137.0
169.0
420.0
144.0
131.0
156.0
153.0
171.0
162.0
136.0
130.0
160.0
158.0
148.0
149.0
144.0
367.0
135.0
152.0
165.0
135.0
172.0
134.0
164.0
162.0
383.0
146.0
146.0
161.0
158.0
173.0
168.0
143.0
130.0
150.0
166.0
152.0
157.0
138.0
176.0
157.0
149.0
175.0
393.0
176.0
148.0
458.0
160.0
137.0
155.0
159.0
173.0
152.0
166.0
166.0
135.0
461.0
156.0
143.0
130.0
139.0
160.0
159.0
132.0
152.0
139.0
172.0
157.0
168.0
174.0
161.0
167.0
133.0
154.0
473.0
154.0
152.0
163.0
147.0
131.0
174.0
146.0
151.0
137.0
406.0
173.0
424.0
156.0
450.0
391.0
380.0
369.0
426.0
447.0
379.0
389.0
469.0
171.0
159.0
152.0
148.0
131.0
143.0
172.0
137.0
165.0
190.0
205.0
168.0
152.0
372.0
176.0
168.0
134.0
137.0
156.0
139.0
161.0
145.0
153.0
140.0
175.0
144.0
147.0
431.0
169.0
139.0
172.0
141.0
173.0
157.0
153.0
158.0
482.0
173.0
161.0
158.0
161.0
161.0
146.0
174.0
167.0
153.0
141.0
147.0
142.0
171.0
158.0
175.0
135.0
166.0
377.0
177.0
143.0
368.0
136.0
166.0
174.0
142.0
175.0
134.0
163.0
151.0
174.0
415.0
148.0
149.0
131.0
175.0
155.0
152.0
167.0
151.0
165.0
163.0
165.0
169.0
147.0
140.0
176.0
123.0
152.0
492.0
142.0
169.0
154.0
173.0
173.0
162.0
137.0
170.0
151.0
448.0
135.0
382.0
154.0
478.0
367.0
385.0
468.0
490.0
487.0
487.0
465.0
397.0
151.0
159.0
162.0
159.0
174.0
168.0
171.0
144.0
149.0
178.0
184.0
148.0
164.0
417.0
158.0
139.0
143.0
141.0
162.0
157.0
158.0
147.0
145.0
165.0
140.0
162.0
150.0
413.0
163.0
157.0
137.0
177.0
133.0
164.0
152.0
171.0
437.0
165.0
167.0
176.0
169.0
158.0
149.0
162.0
166.0
149.0
155.0
144.0
158.0
173.0
140.0
158.0
117.0
133.0
471.0
174.0
135.0
371.0
141.0
159.0
130.0
132.0
140.0
160.0
169.0
151.0
171.0
489.0
173.0
142.0
163.0
165.0
150.0
135.0
131.0
160.0
148.0
164.0
151.0
157.0
131.0
138.0
130.0
148.0
146.0
372.0
176.0
177.0
167.0
156.0
146.0
138.0
148.0
164.0
163.0
491.0
134.0
461.0
176.0
367.0
460.0
382.0
368.0
368.0
406.0
449.0
419.0
436.0
137.0
163.0
158.0
161.0
135.0
155.0
143.0
165.0
149.0
182.0
162.0
168.0
136.0
377.0
163.0
144.0
165.0
140.0
170.0
138.0
146.0
160.0
140.0
157.0
177.0
144.0
163.0
459.0
131.0
145.0
156.0
162.0
159.0
159.0
163.0
172.0
374.0
148.0
164.0
174.0
141.0
154.0
148.0
175.0
177.0
169.0
140.0
150.0
151.0
174.0
149.0
145.0
122.0
166.0
424.0
172.0
168.0
407.0
136.0
167.0
152.0
137.0
139.0
166.0
138.0
146.0
132.0
457.0
169.0
152.0
146.0
150.0
151.0
153.0
131.0
147.0
139.0
159.0
161.0
164.0
142.0
157.0
161.0
148.0
164.0
474.0
176.0
162.0
151.0
176.0
147.0
162.0
133.0
165.0
138.0
435.0
142.0
469.0
152.0
403.0
487.0
413.0
449.0
465.0
403.0
483.0
385.0
462.0
152.0
159.0
166.0
158.0
154.0
161.0
153.0
147.0
170.0
166.0
178.0
155.0
155.0
461.0
174.0
132.0
163.0
162.0
137.0
143.0
143.0
155.0
147.0
133.0
168.0
139.0
160.0
461.0
173.0
162.0
151.0
141.0
160.0
165.0
141.0
146.0
489.0
136.0
147.0
164.0
131.0
158.0
138.0
152.0
171.0
146.0
133.0
134.0
168.0
137.0
171.0
146.0
138.0
139.0
466.0
136.0
158.0
479.0
166.0
166.0
135.0
165.0
136.0
167.0
154.0
145.0
170.0
429.0
175.0
165.0
150.0
173.0
174.0
136.0
170.0
153.0
158.0
145.0
160.0
141.0
147.0
150.0
135.0
138.0
173.0
379.0
152.0
176.0
143.0
173.0
131.0
155.0
158.0
156.0
138.0
474.0
176.0
422.0
146.0
433.0
418.0
462.0
425.0
429.0
442.0
417.0
461.0
375.0
139.0
153.0
137.0
154.0
175.0
148.0
160.0
144.0
160.0
198.0
196.0
171.0
161.0
465.0
132.0
152.0
171.0
163.0
139.0
166.0
133.0
163.0
157.0
143.0
171.0
147.0
130.0
378.0
148.0
165.0
167.0
168.0
153.0
155.0
171.0
142.0
464.0
134.0
148.0
130.0
156.0
155.0
171.0
150.0
151.0
153.0
176.0
145.0
148.0
147.0
158.0
150.0
148.0
154.0
431.0
154.0
154.0
395.0
143.0
130.0
134.0
165.0
150.0
162.0
166.0
152.0
168.0
430.0
161.0
145.0
147.0
165.0
155.0
168.0
158.0
137.0
142.0
138.0
159.0
161.0
150.0
169.0
151.0
140.0
167.0
472.0
142.0
151.0
136.0
135.0
143.0
157.0
172.0
173.0
169.0
487.0
160.0
403.0
162.0
442.0
381.0
365.0
463.0
379.0
445.0
481.0
445.0
494.0
159.0
154.0
152.0
148.0
144.0
134.0
164.0
177.0
142.0
182.0
157.0
145.0
145.0
395.0
169.0
174.0
152.0
131.0
167.0
147.0
143.0
149.0
135.0
162.0
152.0
174.0
174.0
376.0
136.0
151.0
148.0
168.0
132.0
147.0
162.0
146.0
391.0
146.0
136.0
169.0
131.0
134.0
151.0
171.0
145.0
177.0
157.0
145.0
174.0
171.0
169.0
173.0
123.0
136.0
428.0
142.0
160.0
371.0
152.0
146.0
157.0
173.0
141.0
175.0
135.0
141.0
136.0
463.0
151.0
153.0
143.0
145.0
135.0
175.0
132.0
172.0
139.0
145.0
176.0
169.0
176.0
157.0
141.0
120.0
168.0
411.0
135.0
163.0
148.0
141.0
138.0
173.0
166.0
137.0
146.0
469.0
146.0
473.0
153.0
468.0
402.0
462.0
444.0
461.0
466.0
390.0
474.0
462.0
167.0
146.0
151.0
166.0
168.0
145.0
132.0
136.0
156.0
207.0
159.0
168.0
146.0
451.0
139.0
160.0
169.0
175.0
168.0
142.0
146.0
159.0
138.0
136.0
135.0
134.0
156.0
366.0
161.0
131.0
135.0
176.0
165.0
171.0
145.0
142.0
389.0
163.0
132.0
144.0
167.0
152.0
161.0
142.0
171.0
148.0
173.0
168.0
140.0
154.0
161.0
143.0
147.0
143.0
422.0
151.0
147.0
472.0
150.0
144.0
165.0
140.0
149.0
162.0
157.0
173.0
169.0
462.0
158.0
149.0
176.0
157.0
150.0
147.0
167.0
144.0
143.0
171.0
135.0
157.0
168.0
130.0
173.0
131.0
167.0
408.0
148.0
177.0
160.0
136.0
156.0
152.0
147.0
167.0
163.0
389.0
165.0
391.0
141.0
442.0
365.0
449.0
403.0
453.0
366.0
473.0
441.0
375.0
165.0
155.0
172.0
155.0
168.0
138.0
157.0
156.0
133.0
186.0
207.0
131.0
163.0
441.0
142.0
161.0
144.0
151.0
145.0
156.0
156.0
169.0
168.0
155.0
140.0
165.0
154.0
447.0
167.0
141.0
136.0
148.0
149.0
142.0
168.0
144.0
484.0
164.0
162.0
173.0
173.0
166.0
136.0
153.0
155.0
162.0
173.0
169.0
166.0
137.0
176.0
132.0
124.0
156.0
480.0
140.0
159.0
443.0
174.0
147.0
162.0
157.0
158.0
176.0
145.0
174.0
170.0
486.0
144.0
176.0
146.0
135.0
167.0
171.0
161.0
151.0
142.0
145.0
174.0
142.0
152.0
158.0
173.0
139.0
143.0
441.0
170.0
167.0
148.0
146.0
172.0
139.0
147.0
136.0
138.0
393.0
158.0
494.0
150.0
439.0
441.0
408.0
464.0
426.0
406.0
483.0
411.0
439.0
147.0
153.0
172.0
134.0
161.0
169.0
168.0
168.0
165.0
206.0
164.0
147.0
151.0
455.0
162.0
147.0
144.0
170.0
142.0
163.0
144.0
173.0
152.0
174.0
176.0
171.0
142.0
439.0
155.0
146.0
134.0
170.0
156.0
157.0
151.0
169.0
368.0
162.0
168.0
160.0
132.0
135.0
159.0
158.0
158.0
162.0
160.0
159.0
165.0
132.0
146.0
155.0
138.0
168.0
422.0
168.0
140.0
464.0
145.0
166.0
160.0
157.0
160.0
171.0
172.0
135.0
150.0
488.0
176.0
146.0
163.0
163.0
158.0
149.0
172.0
139.0
147.0
130.0
137.0
161.0
167.0
167.0
134.0
117.0
171.0
478.0
149.0
158.0
160.0
175.0
159.0
165.0
144.0
154.0
176.0
443.0
165.0
381.0
173.0
412.0
414.0
491.0
468.0
421.0
485.0
451.0
374.0
424.0
139.0
163.0
163.0
166.0
149.0
154.0
150.0
157.0
145.0
152.0
203.0
173.0
139.0
433.0
132.0
132.0
154.0
138.0
134.0
165.0
174.0
170.0
135.0
177.0
171.0
133.0
130.0
459.0
162.0
164.0
151.0
168.0
149.0
157.0
168.0
140.0
420.0
155.0
153.0
139.0
157.0
143.0
142.0
133.0
155.0
150.0
165.0
159.0
163.0
133.0
137.0
146.0
137.0
134.0
442.0
140.0
159.0
382.0
171.0
149.0
163.0
173.0
153.0
144.0
143.0
167.0
142.0
484.0
162.0
156.0
162.0
135.0
144.0
152.0
144.0
155.0
174.0
168.0
137.0
142.0
163.0
170.0
151.0
124.0
151.0
468.0
138.0
155.0
159.0
138.0
161.0
167.0
131.0
160.0
134.0
389.0
131.0
411.0
173.0
485.0
477.0
394.0
462.0
465.0
420.0
447.0
443.0
440.0
149.0
162.0
130.0
144.0
171.0
169.0
153.0
172.0
156.0
192.0
205.0
175.0
155.0
383.0
143.0
140.0
173.0
172.0
148.0
152.0
169.0
165.0
172.0
173.0
166.0
163.0
165.0
426.0
137.0
160.0
153.0
167.0
166.0
148.0
148.0
176.0
363.0
152.0
130.0
147.0
155.0
165.0
151.0
162.0
166.0
160.0
148.0
158.0
173.0
167.0
172.0
143.0
148.0
144.0
435.0
165.0
135.0
375.0
133.0
171.0
173.0
158.0
130.0
154.0
156.0
138.0
166.0
375.0
152.0
173.0
176.0
145.0
156.0
159.0
156.0
153.0
155.0
143.0
150.0
172.0
170.0
132.0
154.0
139.0
155.0
476.0
154.0
130.0
164.0
131.0
157.0
156.0
151.0
155.0
174.0
428.0
135.0
453.0
130.0
423.0
394.0
434.0
449.0
423.0
410.0
402.0
431.0
411.0
174.0
144.0
158.0
165.0
172.0
160.0
159.0
172.0
132.0
166.0
191.0
155.0
155.0
397.0
155.0
154.0
170.0
169.0
174.0
145.0
162.0
155.0
151.0
152.0
167.0
155.0
160.0
482.0
142.0
159.0
135.0
177.0
169.0
136.0
175.0
171.0
436.0
138.0
176.0
134.0
175.0
169.0
147.0
175.0
154.0
134.0
161.0
165.0
159.0
166.0
151.0
130.0
125.0
167.0
472.0
160.0
145.0
404.0
172.0
172.0
142.0
167.0
155.0
143.0
130.0
168.0
149.0
452.0
165.0
157.0
170.0
166.0
169.0
130.0
136.0
138.0
171.0
174.0
137.0
164.0
158.0
133.0
169.0
134.0
132.0
434.0
151.0
133.0
159.0
137.0
162.0
138.0
174.0
169.0
154.0
485.0
138.0
444.0
165.0
473.0
464.0
428.0
374.0
404.0
421.0
470.0
364.0
492.0
175.0
173.0
167.0
176.0
134.0
152.0
146.0
146.0
166.0
174.0
160.0
133.0
139.0
456.0
166.0
160.0
160.0
143.0
145.0
173.0
177.0
158.0
161.0
163.0
151.0
172.0
176.0
437.0
168.0
147.0
152.0
154.0
143.0
145.0
169.0
159.0
476.0
137.0
138.0
170.0
148.0
133.0
142.0
161.0
144.0
151.0
145.0
170.0
149.0
158.0
167.0
133.0
116.0
130.0
474.0
173.0
131.0
437.0
152.0
145.0
137.0
150.0
148.0
167.0
162.0
135.0
138.0
467.0
138.0
148.0
150.0
133.0
167.0
169.0
167.0
132.0
172.0
146.0
175.0
152.0
133.0
162.0
146.0
134.0
136.0
488.0
173.0
173.0
143.0
163.0
134.0
171.0
176.0
177.0
138.0
408.0
141.0
441.0
145.0
404.0
469.0
491.0
401.0
364.0
482.0
381.0
406.0
394.0
166.0
142.0
170.0
173.0
139.0
155.0
134.0
151.0
167.0
199.0
182.0
155.0
156.0
410.0
131.0
154.0
132.0
165.0
164.0
158.0
143.0
166.0
150.0
138.0
135.0
169.0
173.0
411.0
165.0
133.0
137.0
153.0
153.0
156.0
163.0
169.0
391.0
158.0
166.0
142.0
169.0
176.0
150.0
147.0
166.0
132.0
135.0
137.0
155.0
157.0
155.0
153.0
134.0
177.0
409.0
130.0
131.0
427.0
156.0
172.0
146.0
174.0
138.0
172.0
153.0
159.0
164.0
439.0
148.0
153.0
167.0
150.0
134.0
132.0
146.0
153.0
148.0
141.0
173.0
164.0
172.0
140.0
159.0
113.0
136.0
422.0
159.0
163.0
135.0
161.0
155.0
132.0
175.0
163.0
134.0
486.0
133.0
411.0
168.0
480.0
475.0
414.0
405.0
481.0
445.0
445.0
383.0
480.0
159.0
170.0
163.0
169.0
131.0
162.0
162.0
164.0
154.0
192.0
180.0
172.0
157.0
460.0
143.0
151.0
174.0
163.0
144.0
174.0
152.0
167.0
149.0
142.0
162.0
160.0
144.0
445.0
157.0
168.0
173.0
176.0
142.0
173.0
156.0
139.0
396.0
169.0
130.0
141.0
156.0
143.0
134.0
153.0
144.0
146.0
149.0
153.0
167.0
176.0
132.0
161.0
146.0
152.0
456.0
158.0
172.0
389.0
151.0
135.0
144.0
159.0
168.0
138.0
170.0
173.0
145.0
394.0
145.0
171.0
158.0
168.0
160.0
131.0
143.0
141.0
172.0
169.0
163.0
166.0
146.0
174.0
144.0
145.0
146.0
385.0
154.0
159.0
151.0
145.0
144.0
175.0
149.0
160.0
140.0
420.0
160.0
430.0
162.0
438.0
430.0
490.0
382.0
475.0
449.0
474.0
458.0
389.0
163.0
172.0
138.0
163.0
156.0
166.0
174.0
157.0
132.0
168.0
175.0
156.0
147.0
484.0
140.0
147.0
167.0
155.0
166.0
166.0
161.0
173.0
139.0
157.0
157.0
160.0
134.0
424.0
175.0
136.0
132.0
145.0
170.0
175.0
134.0
131.0
465.0
136.0
163.0
137.0
139.0
150.0
163.0
155.0
160.0
140.0
154.0
161.0
156.0
151.0
146.0
166.0
142.0
155.0
399.0
173.0
170.0
423.0
159.0
175.0
152.0
143.0
163.0
130.0
144.0
171.0
175.0
401.0
157.0
156.0
140.0
142.0
176.0
173.0
153.0
138.0
148.0
139.0
147.0
171.0
139.0
165.0
136.0
116.0
157.0
418.0
144.0
131.0
141.0
150.0
167.0
148.0
164.0
143.0
135.0
430.0
168.0
408.0
159.0
425.0
487.0
365.0
377.0
458.0
460.0
411.0
457.0
379.0
168.0
140.0
172.0
139.0
156.0
147.0
160.0
137.0
158.0
200.0
185.0
164.0
142.0
441.0
148.0
136.0
171.0
140.0
161.0
160.0
131.0
153.0
142.0
151.0
138.0
152.0
173.0
488.0
175.0
138.0
137.0
155.0
141.0
152.0
141.0
160.0
472.0
152.0
165.0
150.0
142.0
171.0
151.0
160.0
134.0
157.0
138.0
144.0
163.0
166.0
162.0
137.0
131.0
146.0
420.0
154.0
131.0
417.0
138.0
153.0
141.0
132.0
150.0
163.0
138.0
154.0
154.0
414.0
162.0
172.0
162.0
138.0
172.0
166.0
138.0
171.0
155.0
135.0
164.0
149.0
160.0
167.0
157.0
126.0
163.0
420.0
135.0
176.0
160.0
145.0
153.0
156.0
148.0
156.0
135.0
425.0
143.0
476.0
172.0
428.0
386.0
460.0
380.0
476.0
458.0
446.0
383.0
416.0
138.0
152.0
157.0
169.0
172.0
168.0
169.0
161.0
134.0
169.0
190.0
159.0
162.0
400.0
154.0
156.0
152.0
161.0
165.0
170.0
154.0
153.0
158.0
144.0
172.0
170.0
140.0
459.0
132.0
172.0
169.0
162.0
143.0
138.0
140.0
145.0
413.0
159.0
173.0
177.0
134.0
131.0
176.0
144.0
143.0
152.0
130.0
160.0
165.0
141.0
166.0
155.0
113.0
145.0
490.0
132.0
172.0
417.0
155.0
146.0
136.0
172.0
165.0
139.0
173.0
146.0
136.0
446.0
166.0
164.0
155.0
153.0
139.0
164.0
149.0
148.0
135.0
164.0
169.0
140.0
168.0
159.0
163.0
126.0
143.0
474.0
153.0
145.0
168.0
148.0
140.0
134.0
144.0
144.0
160.0
482.0
172.0
416.0
168.0
482.0
439.0
480.0
423.0
480.0
484.0
382.0
470.0
416.0
149.0
177.0
131.0
151.0
156.0
136.0
132.0
176.0
133.0
183.0
196.0
161.0
169.0
383.0
172.0
164.0
175.0
166.0
146.0
170.0
174.0
151.0
169.0
145.0
135.0
165.0
163.0
382.0
171.0
137.0
161.0
153.0
176.0
175.0
167.0
172.0
387.0
157.0
149.0
142.0
155.0
155.0
164.0
134.0
164.0
175.0
170.0
172.0
158.0
147.0
175.0
160.0
136.0
172.0
471.0
159.0
158.0
395.0
150.0
174.0
168.0
141.0
177.0
174.0
143.0
155.0
158.0
481.0
146.0
169.0
151.0
170.0
137.0
176.0
146.0
156.0
176.0
152.0
173.0
161.0
172.0
140.0
167.0
114.0
143.0
486.0
155.0
154.0
134.0
140.0
135.0
137.0
158.0
137.0
152.0
457.0
149.0
409.0
136.0
392.0
369.0
404.0
367.0
465.0
482.0
460.0
490.0
437.0
160.0
145.0
156.0
133.0
159.0
174.0
150.0
153.0
148.0
160.0
199.0
149.0
161.0
477.0
150.0
156.0
144.0
145.0
148.0
133.0
138.0
148.0
148.0
155.0
166.0
158.0
135.0
478.0
136.0
168.0
140.0
161.0
156.0
161.0
175.0
161.0
475.0
137.0
165.0
153.0
140.0
173.0
170.0
166.0
142.0
148.0
151.0
135.0
141.0
150.0
166.0
175.0
115.0
149.0
443.0
175.0
151.0
474.0
171.0
149.0
163.0
174.0
132.0
176.0
141.0
159.0
174.0
492.0
168.0
137.0
175.0
148.0
135.0
135.0
170.0
164.0
170.0
150.0
153.0
164.0
174.0
176.0
145.0
138.0
148.0
432.0
152.0
158.0
154.0
150.0
164.0
154.0
175.0
131.0
164.0
464.0
175.0
480.0
134.0
378.0
365.0
403.0
445.0
455.0
411.0
425.0
408.0
446.0
152.0
159.0
144.0
158.0
138.0
164.0
153.0
140.0
136.0
194.0
206.0
133.0
174.0
412.0
144.0
169.0
168.0
169.0
173.0
172.0
169.0
142.0
167.0
143.0
144.0
159.0
164.0
461.0
148.0
140.0
136.0
153.0
137.0
136.0
130.0
174.0
375.0
147.0
156.0
134.0
138.0
154.0
155.0
177.0
143.0
176.0
157.0
174.0
164.0
145.0
165.0
149.0
142.0
134.0
384.0
142.0
169.0
404.0
159.0
136.0
159.0
158.0
144.0
160.0
132.0
139.0
138.0
402.0
136.0
171.0
155.0
158.0
140.0
137.0
131.0
159.0
162.0
144.0
166.0
176.0
165.0
148.0
163.0
115.0
152.0
489.0
138.0
177.0
133.0
143.0
138.0
146.0
160.0
145.0
144.0
377.0
148.0
448.0
168.0
397.0
383.0
391.0
408.0
419.0
469.0
433.0
462.0
399.0
173.0
161.0
155.0
134.0
159.0
139.0
170.0
174.0
160.0
155.0
188.0
137.0
173.0
456.0
163.0
140.0
138.0
141.0
174.0
144.0
158.0
151.0
150.0
172.0
146.0
165.0
165.0
398.0
150.0
153.0
157.0
173.0
148.0
140.0
168.0
131.0
452.0
171.0
162.0
164.0
170.0
168.0
145.0
155.0
164.0
153.0
132.0
150.0
135.0
163.0
147.0
150.0
122.0
140.0
373.0
143.0
148.0
473.0
149.0
142.0
154.0
151.0
169.0
161.0
140.0
154.0
132.0
444.0
177.0
172.0
143.0
153.0
158.0
148.0
168.0
164.0
140.0
171.0
159.0
139.0
157.0
143.0
141.0
115.0
137.0
458.0
147.0
135.0
149.0
145.0
174.0
156.0
150.0
169.0
152.0
412.0
142.0
485.0
133.0
409.0
407.0
462.0
397.0
382.0
413.0
390.0
456.0
441.0
162.0
174.0
147.0
159.0
171.0
136.0
158.0
168.0
145.0
181.0
177.0
136.0
132.0
376.0
172.0
170.0
156.0
164.0
130.0
133.0
135.0
144.0
138.0
172.0
142.0
149.0
171.0
490.0
163.0
154.0
157.0
167.0
171.0
135.0
172.0
145.0
445.0
159.0
132.0
153.0
133.0
147.0
137.0
165.0
149.0
159.0
171.0
171.0
145.0
145.0
158.0
158.0
117.0
149.0
393.0
157.0
134.0
469.0
130.0
134.0
135.0
170.0
176.0
143.0
135.0
165.0
148.0
490.0
165.0
168.0
161.0
133.0
130.0
168.0
174.0
153.0
140.0
151.0
151.0
177.0
138.0
152.0
131.0
113.0
156.0
429.0
157.0
177.0
177.0
152.0
138.0
134.0
141.0
161.0
157.0
489.0
143.0
443.0
167.0
460.0
425.0
363.0
373.0
484.0
376.0
456.0
481.0
441.0
168.0
166.0
144.0
163.0
163.0
141.0
168.0
146.0
148.0
200.0
159.0
154.0
175.0
365.0
159.0
154.0
169.0
166.0
132.0
132.0
172.0
149.0
162.0
174.0
149.0
145.0
154.0
429.0
160.0
167.0
173.0
155.0
132.0
173.0
137.0
137.0
440.0
150.0
138.0
168.0
156.0
143.0
149.0
167.0
171.0
160.0
145.0
147.0
163.0
172.0
139.0
164.0
114.0
149.0
416.0
151.0
155.0
388.0
169.0
168.0
146.0
136.0
156.0
155.0
154.0
174.0
172.0
450.0
162.0
133.0
133.0
157.0
172.0
160.0
159.0
142.0
154.0
162.0
176.0
162.0
173.0
143.0
177.0
138.0
160.0
468.0
133.0
148.0
144.0
169.0
153.0
173.0
148.0
164.0
140.0
369.0
153.0
372.0
156.0
406.0
366.0
491.0
395.0
394.0
387.0
423.0
433.0
467.0
161.0
137.0
136.0
133.0
163.0
136.0
155.0
151.0
135.0
176.0
183.0
151.0
157.0
476.0
162.0
155.0
145.0
130.0
132.0
150.0
173.0
146.0
147.0
152.0
171.0
145.0
143.0
408.0
137.0
146.0
162.0
134.0
131.0
144.0
135.0
138.0
432.0
136.0
135.0
143.0
165.0
138.0
160.0
159.0
163.0
168.0
141.0
156.0
142.0
147.0
132.0
144.0
132.0
133.0
455.0
139.0
163.0
378.0
157.0
172.0
157.0
159.0
145.0
144.0
145.0
133.0
134.0
403.0
134.0
132.0
145.0
145.0
155.0
155.0
171.0
158.0
159.0
160.0
168.0
153.0
169.0
163.0
135.0
121.0
166.0
409.0
143.0
174.0
146.0
165.0
150.0
174.0
140.0
165.0
149.0
434.0
145.0
455.0
137.0
475.0
419.0
395.0
487.0
413.0
405.0
383.0
466.0
409.0
163.0
143.0
166.0
136.0
139.0
175.0
131.0
136.0
175.0
189.0
154.0
176.0
170.0
429.0
131.0
131.0
173.0
176.0
166.0
147.0
170.0
138.0
143.0
174.0
171.0
138.0
134.0
411.0
164.0
148.0
165.0
162.0
130.0
135.0
142.0
130.0
376.0
159.0
152.0
173.0
142.0
145.0
141.0
176.0
162.0
137.0
153.0
166.0
159.0
168.0
174.0
146.0
146.0
172.0
420.0
169.0
135.0
491.0
139.0
169.0
141.0
167.0
137.0
163.0
137.0
159.0
147.0
483.0
175.0
143.0
136.0
173.0
161.0
136.0
154.0
154.0
161.0
149.0
174.0
152.0
150.0
154.0
149.0
139.0
149.0
366.0
153.0
158.0
141.0
172.0
133.0
154.0
142.0
159.0
146.0
418.0
150.0
469.0
173.0
420.0
460.0
381.0
452.0
429.0
373.0
461.0
470.0
444.0
176.0
153.0
153.0
151.0
155.0
163.0
153.0
154.0
164.0
163.0
175.0
156.0
164.0
487.0
170.0
169.0
135.0
152.0
162.0
140.0
166.0
165.0
163.0
155.0
138.0
158.0
167.0
436.0
146.0
146.0
155.0
143.0
145.0
164.0
142.0
167.0
415.0
169.0
150.0
163.0
141.0
173.0
136.0
167.0
155.0
146.0
136.0
153.0
131.0
163.0
158.0
150.0
145.0
138.0
422.0
133.0
162.0
453.0
140.0
131.0
143.0
136.0
153.0
176.0
168.0
173.0
151.0
456.0
161.0
166.0
149.0
140.0
159.0
138.0
163.0
165.0
135.0
135.0
130.0
174.0
142.0
130.0
156.0
145.0
130.0
490.0
168.0
140.0
149.0
163.0
167.0
153.0
161.0
166.0
175.0
399.0
131.0
365.0
148.0
389.0
389.0
402.0
436.0
451.0
463.0
486.0
395.0
458.0
146.0
155.0
175.0
173.0
134.0
176.0
139.0
141.0
152.0
188.0
176.0
138.0
142.0
450.0
152.0
159.0
146.0
134.0
164.0
143.0
139.0
159.0
151.0
153.0
140.0
159.0
133.0
481.0
171.0
161.0
132.0
149.0
166.0
166.0
133.0
132.0
468.0
156.0
142.0
174.0
139.0
131.0
130.0
156.0
176.0
172.0
147.0
165.0
139.0
149.0
135.0
139.0
151.0
152.0
397.0
157.0
140.0
485.0
136.0
152.0
152.0
172.0
156.0
150.0
149.0
143.0
172.0
396.0
167.0
162.0
161.0
144.0
175.0
158.0
141.0
131.0
136.0
153.0
164.0
148.0
140.0
143.0
176.0
146.0
164.0
494.0
157.0
170.0
132.0
175.0
130.0
140.0
149.0
164.0
148.0
475.0
173.0
428.0
158.0
417.0
435.0
455.0
434.0
401.0
418.0
383.0
491.0
456.0
138.0
175.0
134.0
168.0
153.0
170.0
167.0
142.0
146.0
201.0
173.0
153.0
173.0
422.0
132.0
167.0
176.0
148.0
149.0
164.0
158.0
140.0
175.0
168.0
164.0
175.0
142.0
492.0
136.0
144.0
134.0
170.0
149.0
159.0
137.0
154.0
400.0
153.0
159.0
135.0
150.0
155.0
174.0
133.0
153.0
165.0
167.0
134.0
168.0
164.0
166.0
161.0
128.0
140.0
414.0
161.0
135.0
410.0
150.0
135.0
158.0
177.0
163.0
142.0
134.0
141.0
176.0
465.0
130.0
142.0
140.0
146.0
143.0
162.0
165.0
135.0
169.0
144.0
169.0
175.0
130.0
165.0
170.0
122.0
131.0
467.0
175.0
164.0
163.0
169.0
176.0
156.0
140.0
132.0
132.0
479.0
152.0
426.0
170.0
390.0
403.0
430.0
365.0
444.0
478.0
478.0
449.0
434.0
152.0
137.0
133.0
157.0
139.0
140.0
148.0
164.0
169.0
163.0
177.0
166.0
166.0
478.0
139.0
177.0
150.0
161.0
157.0
144.0
164.0
154.0
150.0
142.0
134.0
147.0
137.0
482.0
175.0
177.0
170.0
145.0
153.0
157.0
156.0
134.0
424.0
134.0
153.0
148.0
175.0
143.0
147.0
132.0
168.0
137.0
162.0
141.0
161.0
130.0
177.0
144.0
117.0
154.0
463.0
165.0
155.0
394.0
153.0
176.0
133.0
168.0
173.0
171.0
152.0
154.0
160.0
372.0
150.0
135.0
159.0
139.0
148.0
176.0
176.0
130.0
159.0
175.0
151.0
176.0
150.0
163.0
142.0
127.0
174.0
383.0
142.0
148.0
134.0
151.0
164.0
177.0
156.0
153.0
166.0
450.0
156.0
380.0
173.0
370.0
400.0
401.0
451.0
404.0
477.0
469.0
412.0
447.0
146.0
164.0
174.0
136.0
144.0
147.0
160.0
143.0
155.0
163.0
196.0
148.0
158.0
447.0
144.0
175.0
156.0
139.0
171.0
166.0
154.0
147.0
145.0
135.0
170.0
153.0
176.0
438.0
131.0
151.0
150.0
134.0
152.0
162.0
130.0
154.0
487.0
135.0
166.0
154.0
150.0
176.0
161.0
171.0
141.0
148.0
157.0
144.0
138.0
155.0
133.0
146.0
140.0
151.0
382.0
148.0
157.0
488.0
146.0
132.0
148.0
142.0
172.0
139.0
171.0
140.0
134.0
396.0
140.0
138.0
158.0
175.0
141.0
176.0
163.0
153.0
158.0
164.0
163.0
147.0
147.0
136.0
165.0
119.0
139.0
421.0
132.0
155.0
156.0
166.0
134.0
157.0
146.0
169.0
149.0
366.0
170.0
436.0
131.0
420.0
375.0
406.0
426.0
396.0
467.0
405.0
393.0
486.0
164.0
160.0
168.0
132.0
130.0
135.0
169.0
141.0
162.0
194.0
159.0
147.0
156.0
422.0
134.0
145.0
144.0
149.0
155.0
145.0
138.0
138.0
143.0
156.0
168.0
153.0
140.0
425.0
135.0
146.0
137.0
151.0
133.0
160.0
172.0
138.0
493.0
165.0
168.0
138.0
159.0
162.0
170.0
144.0
136.0
155.0
167.0
142.0
159.0
159.0
167.0
138.0
115.0
150.0
476.0
132.0
168.0
395.0
133.0
156.0
153.0
133.0
176.0
147.0
160.0
140.0
176.0
382.0
138.0
169.0
163.0
171.0
142.0
174.0
142.0
177.0
156.0
174.0
140.0
164.0
160.0
168.0
160.0
129.0
144.0
365.0
149.0
171.0
169.0
145.0
167.0
173.0
151.0
166.0
166.0
447.0
174.0
430.0
132.0
418.0
421.0
409.0
396.0
491.0
433.0
390.0
472.0
459.0
171.0
163.0
131.0
174.0
167.0
163.0
159.0
143.0
138.0
182.0
164.0
130.0
170.0
389.0
158.0
172.0
170.0
156.0
143.0
150.0
131.0
163.0
136.0
132.0
167.0
174.0
168.0
419.0
143.0
159.0
158.0
132.0
177.0
145.0
158.0
158.0
437.0
170.0
141.0
167.0
156.0
132.0
139.0
177.0
142.0
157.0
146.0
148.0
171.0
166.0
176.0
156.0
134.0
159.0
400.0
141.0
141.0
417.0
149.0
177.0
137.0
146.0
138.0
142.0
161.0
150.0
173.0
398.0
155.0
140.0
138.0
150.0
173.0
155.0
130.0
151.0
165.0
175.0
149.0
140.0
133.0
161.0
176.0
112.0
170.0
395.0
163.0
169.0
176.0
145.0
169.0
167.0
162.0
134.0
165.0
493.0
153.0
393.0
167.0
373.0
420.0
456.0
377.0
435.0
418.0
428.0
369.0
443.0
150.0
137.0
168.0
173.0
148.0
169.0
138.0
161.0
167.0
167.0
191.0
171.0
147.0
426.0
156.0
168.0
145.0
160.0
137.0
160.0
177.0
135.0
163.0
136.0
137.0
162.0
174.0
366.0
170.0
150.0
152.0
171.0
170.0
166.0
140.0
175.0
388.0
167.0
141.0
154.0
131.0
157.0
162.0
137.0
172.0
153.0
174.0
152.0
149.0
146.0
172.0
177.0
139.0
134.0
493.0
135.0
167.0
422.0
162.0
162.0
163.0
149.0
141.0
145.0
177.0
170.0
175.0
434.0
146.0
152.0
160.0
153.0
170.0
170.0
145.0
163.0
144.0
143.0
132.0
137.0
147.0
166.0
136.0
142.0
177.0
420.0
167.0
165.0
161.0
172.0
158.0
171.0
140.0
158.0
135.0
391.0
146.0
400.0
134.0
493.0
385.0
469.0
450.0
473.0
410.0
363.0
422.0
406.0
157.0
158.0
171.0
162.0
153.0
134.0
169.0
130.0
148.0
158.0
156.0
149.0
147.0
482.0
137.0
131.0
148.0
166.0
165.0
159.0
171.0
151.0
147.0
144.0
154.0
140.0
154.0
449.0
149.0
169.0
138.0
138.0
131.0
159.0
141.0
174.0
390.0
162.0
158.0
167.0
148.0
145.0
164.0
158.0
165.0
177.0
134.0
135.0
131.0
169.0
161.0
169.0
118.0
160.0
411.0
163.0
167.0
379.0
142.0
152.0
160.0
148.0
172.0
140.0
139.0
150.0
171.0
400.0
176.0
162.0
173.0
161.0
156.0
137.0
155.0
153.0
131.0
165.0
150.0
142.0
166.0
149.0
146.0
150.0
145.0
452.0
151.0
138.0
176.0
157.0
172.0
165.0
156.0
164.0
142.0
473.0
131.0
432.0
153.0
390.0
408.0
424.0
369.0
383.0
434.0
490.0
391.0
423.0
165.0
150.0
155.0
140.0
133.0
144.0
139.0
152.0
134.0
174.0
196.0
175.0
163.0
448.0
149.0
149.0
155.0
139.0
145.0
144.0
168.0
149.0
164.0
167.0
130.0
140.0
136.0
410.0
138.0
176.0
154.0
160.0
171.0
152.0
134.0
174.0
404.0
134.0
159.0
162.0
171.0
139.0
152.0
135.0
141.0
134.0
166.0
149.0
169.0
136.0
152.0
146.0
122.0
133.0
391.0
140.0
168.0
421.0
136.0
151.0
150.0
168.0
136.0
150.0
165.0
177.0
140.0
368.0
168.0
156.0
131.0
145.0
163.0
157.0
150.0
132.0
152.0
167.0
174.0
140.0
162.0
149.0
155.0
139.0
154.0
437.0
162.0
147.0
166.0
153.0
177.0
139.0
151.0
130.0
169.0
492.0
138.0
412.0
151.0
420.0
465.0
414.0
479.0
368.0
412.0
444.0
433.0
372.0
135.0
145.0
176.0
147.0
140.0
166.0
164.0
153.0
139.0
180.0
199.0
146.0
137.0
378.0
156.0
154.0
159.0
156.0
151.0
169.0
150.0
166.0
165.0
166.0
152.0
155.0
165.0
491.0
148.0
158.0
160.0
170.0
153.0
153.0
130.0
177.0
443.0
159.0
167.0
131.0
149.0
158.0
157.0
173.0
153.0
176.0
161.0
130.0
159.0
151.0
174.0
147.0
126.0
158.0
434.0
131.0
136.0
473.0
141.0
140.0
177.0
153.0
156.0
176.0
168.0
169.0
144.0
408.0
133.0
146.0
172.0
135.0
166.0
140.0
169.0
137.0
156.0
138.0
136.0
151.0
147.0
137.0
146.0
126.0
141.0
386.0
169.0
176.0
133.0
155.0
139.0
150.0
144.0
150.0
138.0
440.0
131.0
386.0
141.0
408.0
472.0
492.0
466.0
447.0
432.0
473.0
461.0
483.0
152.0
169.0
170.0
146.0
135.0
142.0
174.0
153.0
131.0
159.0
158.0
167.0
160.0
469.0
156.0
144.0
140.0
145.0
146.0
165.0
174.0
137.0
149.0
135.0
141.0
162.0
166.0
386.0
151.0
162.0
160.0
147.0
163.0
155.0
165.0
154.0
424.0
171.0
135.0
173.0
141.0
176.0
151.0
154.0
145.0
143.0
155.0
136.0
153.0
147.0
134.0
133.0
120.0
167.0
442.0
151.0
165.0
394.0
164.0
150.0
176.0
140.0
133.0
156.0
133.0
174.0
170.0
432.0
149.0
139.0
156.0
167.0
131.0
162.0
157.0
161.0
165.0
157.0
154.0
145.0
167.0
156.0
152.0
120.0
150.0
481.0
171.0
152.0
176.0
161.0
137.0
166.0
137.0
158.0
168.0
481.0
169.0
397.0
146.0
399.0
411.0
380.0
387.0
464.0
391.0
389.0
469.0
452.0
162.0
169.0
138.0
173.0
163.0
141.0
167.0
153.0
133.0
195.0
181.0
132.0
163.0
453.0
141.0
170.0
167.0
145.0
174.0
163.0
162.0
170.0
156.0
155.0
138.0
164.0
140.0
434.0
145.0
173.0
136.0
153.0
137.0
142.0
154.0
137.0
467.0
159.0
149.0
143.0
158.0
159.0
137.0
145.0
175.0
142.0
168.0
132.0
146.0
163.0
169.0
167.0
143.0
161.0
364.0
152.0
136.0
457.0
138.0
149.0
158.0
142.0
142.0
132.0
148.0
161.0
168.0
365.0
157.0
143.0
130.0
159.0
151.0
135.0
166.0
146.0
176.0
138.0
150.0
132.0
131.0
149.0
141.0
147.0
167.0
473.0
151.0
137.0
135.0
134.0
176.0
167.0
133.0
139.0
160.0
481.0
171.0
487.0
166.0
453.0
443.0
469.0
420.0
462.0
378.0
483.0
447.0
431.0
144.0
154.0
149.0
145.0
172.0
174.0
142.0
141.0
172.0
164.0
202.0
134.0
152.0
443.0
170.0
162.0
155.0
169.0
151.0
159.0
148.0
160.0
149.0
136.0
153.0
139.0
169.0
445.0
135.0
142.0
155.0
137.0
166.0
138.0
170.0
163.0
463.0
143.0
150.0
140.0
171.0
170.0
159.0
168.0
136.0
145.0
154.0
146.0
159.0
168.0
162.0
149.0
113.0
154.0
393.0
159.0
174.0
420.0
161.0
151.0
133.0
148.0
157.0
131.0
155.0
153.0
161.0
484.0
143.0
145.0
162.0
162.0
134.0
158.0
141.0
146.0
160.0
133.0
133.0
161.0
169.0
175.0
138.0
137.0
146.0
493.0
138.0
144.0
163.0
134.0
162.0
139.0
162.0
138.0
150.0
471.0
139.0
452.0
156.0
378.0
363.0
421.0
424.0
442.0
434.0
437.0
455.0
460.0
139.0
136.0
138.0
169.0
154.0
167.0
157.0
147.0
137.0
195.0
190.0
161.0
165.0
459.0
132.0
137.0
170.0
160.0
137.0
167.0
162.0
148.0
137.0
147.0
148.0
132.0
163.0
445.0
170.0
163.0
146.0
161.0
158.0
159.0
173.0
165.0
490.0
177.0
151.0
168.0
165.0
145.0
161.0
133.0
139.0
156.0
143.0
151.0
159.0
149.0
150.0
139.0
127.0
143.0
494.0
139.0
168.0
367.0
170.0
155.0
149.0
144.0
173.0
170.0
149.0
134.0
176.0
451.0
150.0
131.0
144.0
177.0
171.0
150.0
160.0
147.0
147.0
171.0
147.0
159.0
142.0
144.0
150.0
146.0
135.0
423.0
154.0
140.0
159.0
149.0
173.0
168.0
140.0
157.0
160.0
457.0
171.0
367.0
157.0
447.0
378.0
442.0
433.0
383.0
463.0
449.0
447.0
406.0
168.0
160.0
165.0
133.0
143.0
172.0
174.0
162.0
142.0
159.0
160.0
152.0
138.0
467.0
156.0
138.0
137.0
136.0
136.0
168.0
177.0
151.0
156.0
133.0
142.0
141.0
157.0
411.0
136.0
130.0
148.0
141.0
147.0
130.0
143.0
159.0
422.0
176.0
146.0
142.0
162.0
177.0
143.0
137.0
171.0
172.0
130.0
135.0
166.0
154.0
158.0
149.0
136.0
145.0
414.0
143.0
136.0
464.0
171.0
131.0
144.0
147.0
138.0
149.0
138.0
168.0
152.0
379.0
171.0
137.0
164.0
142.0
168.0
174.0
149.0
131.0
137.0
135.0
138.0
148.0
154.0
167.0
164.0
152.0
144.0
395.0
140.0
131.0
134.0
173.0
171.0
148.0
136.0
131.0
130.0
455.0
162.0
386.0
142.0
477.0
488.0
404.0
467.0
376.0
449.0
415.0
492.0
493.0
156.0
132.0
160.0
157.0
160.0
176.0
168.0
170.0
157.0
198.0
200.0
175.0
157.0
468.0
136.0
136.0
133.0
141.0
157.0
133.0
165.0
176.0
141.0
139.0
153.0
140.0
177.0
416.0
170.0
131.0
160.0
158.0
164.0
130.0
164.0
160.0
403.0
163.0
164.0
154.0
166.0
144.0
172.0
144.0
137.0
151.0
144.0
170.0
141.0
166.0
146.0
133.0
133.0
150.0
439.0
132.0
161.0
489.0
155.0
155.0
164.0
136.0
134.0
158.0
155.0
158.0
153.0
418.0
156.0
159.0
176.0
148.0
138.0
132.0
159.0
140.0
159.0
146.0
138.0
157.0
151.0
149.0
153.0
129.0
165.0
433.0
136.0
148.0
133.0
158.0
146.0
136.0
140.0
142.0
139.0
426.0
174.0
384.0
168.0
381.0
411.0
366.0
456.0
391.0
493.0
382.0
387.0
425.0
172.0
175.0
164.0
146.0
138.0
152.0
131.0
157.0
150.0
192.0
174.0
169.0
169.0
437.0
140.0
163.0
131.0
163.0
132.0
176.0
138.0
148.0
144.0
130.0
164.0
145.0
168.0
443.0
149.0
169.0
153.0
172.0
138.0
145.0
135.0
165.0
444.0
150.0
167.0
135.0
140.0
142.0
158.0
139.0
151.0
145.0
165.0
132.0
157.0
133.0
172.0
159.0
142.0
169.0
430.0
163.0
158.0
439.0
170.0
160.0
160.0
135.0
146.0
173.0
172.0
152.0
164.0
413.0
167.0
142.0
151.0
149.0
139.0
174.0
162.0
172.0
133.0
167.0
150.0
171.0
135.0
164.0
141.0
121.0
148.0
418.0
168.0
172.0
130.0
135.0
138.0
145.0
173.0
141.0
149.0
379.0
168.0
369.0
141.0
422.0
424.0
389.0
444.0
374.0
368.0
422.0
416.0
447.0
145.0
174.0
159.0
141.0
159.0
152.0
174.0
154.0
138.0
206.0
180.0
168.0
177.0
481.0
173.0
135.0
156.0
142.0
142.0
167.0
176.0
167.0
157.0
143.0
142.0
135.0
167.0
443.0
176.0
176.0
142.0
170.0
150.0
143.0
159.0
141.0
493.0
172.0
133.0
155.0
154.0
167.0
167.0
166.0
164.0
141.0
177.0
155.0
175.0
157.0
151.0
146.0
144.0
135.0
368.0
168.0
160.0
370.0
150.0
165.0
171.0
167.0
161.0
141.0
141.0
152.0
163.0
411.0
173.0
132.0
134.0
144.0
139.0
135.0
173.0
161.0
155.0
139.0
141.0
160.0
160.0
150.0
152.0
152.0
133.0
435.0
142.0
139.0
176.0
171.0
176.0
138.0
139.0
160.0
167.0
405.0
141.0
462.0
136.0
382.0
371.0
483.0
473.0
391.0
418.0
460.0
368.0
432.0
169.0
138.0
144.0
155.0
146.0
152.0
171.0
141.0
132.0
174.0
167.0
144.0
155.0
451.0
172.0
173.0
137.0
150.0
168.0
175.0
158.0
154.0
140.0
159.0
176.0
175.0
155.0
455.0
168.0
152.0
150.0
133.0
144.0
149.0
166.0
175.0
490.0
140.0
138.0
144.0
147.0
138.0
154.0
139.0
156.0
146.0
164.0
177.0
159.0
161.0
165.0
171.0
120.0
171.0
399.0
173.0
139.0
444.0
169.0
161.0
151.0
162.0
148.0
139.0
168.0
156.0
138.0
465.0
159.0
164.0
132.0
169.0
139.0
138.0
170.0
166.0
142.0
135.0
132.0
170.0
139.0
176.0
159.0
121.0
164.0
379.0
165.0
164.0
142.0
173.0
172.0
132.0
174.0
170.0
143.0
432.0
151.0
382.0
131.0
434.0
452.0
491.0
392.0
394.0
387.0
492.0
455.0
384.0
172.0
136.0
156.0
173.0
143.0
164.0
151.0
134.0
154.0
171.0
162.0
173.0
162.0
481.0
144.0
148.0
150.0
135.0
160.0
175.0
160.0
140.0
169.0
177.0
169.0
152.0
156.0
416.0
155.0
130.0
174.0
148.0
163.0
171.0
135.0
138.0
369.0
152.0
141.0
130.0
166.0
171.0
142.0
175.0
135.0
141.0
143.0
143.0
158.0
164.0
137.0
139.0
117.0
164.0
380.0
159.0
133.0
467.0
134.0
134.0
131.0
132.0
177.0
168.0
134.0
166.0
164.0
447.0
155.0
154.0
133.0
153.0
156.0
171.0
172.0
156.0
140.0
163.0
153.0
176.0
164.0
162.0
163.0
120.0
176.0
387.0
155.0
136.0
165.0
133.0
133.0
156.0
132.0
166.0
171.0
456.0
153.0
460.0
159.0
488.0
443.0
418.0
376.0
451.0
465.0
473.0
385.0
380.0
170.0
166.0
142.0
173.0
164.0
138.0
147.0
172.0
159.0
160.0
194.0
134.0
156.0
435.0
174.0
176.0
159.0
142.0
140.0
166.0
154.0
161.0
142.0
169.0
132.0
158.0
158.0
446.0
140.0
137.0
149.0
145.0
175.0
133.0
155.0
138.0
383.0
138.0
151.0
152.0
173.0
163.0
161.0
147.0
161.0
136.0
150.0
136.0
148.0
160.0
141.0
159.0
150.0
176.0
413.0
162.0
156.0
462.0
130.0
135.0
159.0
159.0
141.0
158.0
164.0
175.0
171.0
377.0
143.0
174.0
160.0
135.0
138.0
135.0
140.0
160.0
161.0
171.0
155.0
168.0
167.0
149.0
173.0
130.0
167.0
379.0
130.0
132.0
167.0
153.0
172.0
176.0
162.0
174.0
157.0
455.0
152.0
372.0
157.0
467.0
368.0
433.0
471.0
419.0
386.0
392.0
447.0
370.0
157.0
156.0
159.0
145.0
172.0
138.0
169.0
148.0
140.0
162.0
179.0
141.0
148.0
474.0
134.0
163.0
133.0
145.0
161.0
141.0
171.0
169.0
159.0
158.0
138.0
148.0
144.0
364.0
139.0
132.0
146.0
160.0
176.0
137.0
146.0
140.0
444.0
131.0
147.0
137.0
165.0
144.0
155.0
166.0
131.0
164.0
159.0
177.0
154.0
174.0
136.0
140.0
143.0
173.0
459.0
164.0
139.0
466.0
164.0
175.0
131.0
146.0
131.0
171.0
130.0
151.0
167.0
439.0
158.0
139.0
159.0
157.0
136.0
146.0
142.0
174.0
149.0
155.0
168.0
142.0
167.0
155.0
130.0
132.0
149.0
486.0
150.0
163.0
149.0
152.0
138.0
149.0
132.0
132.0
160.0
389.0
145.0
432.0
150.0
457.0
407.0
428.0
433.0
369.0
426.0
399.0
391.0
411.0
145.0
162.0
143.0
137.0
163.0
172.0
166.0
151.0
144.0
198.0
155.0
177.0
174.0
379.0
137.0
134.0
141.0
171.0
151.0
159.0
139.0
142.0
140.0
160.0
138.0
172.0
169.0
383.0
142.0
169.0
147.0
154.0
163.0
135.0
176.0
135.0
393.0
149.0
143.0
146.0
147.0
151.0
165.0
149.0
170.0
171.0
160.0
168.0
140.0
171.0
135.0
138.0
133.0
172.0
436.0
156.0
147.0
366.0
135.0
136.0
145.0
176.0
139.0
138.0
158.0
166.0
140.0
478.0
154.0
157.0
177.0
131.0
172.0
135.0
156.0
164.0
133.0
171.0
134.0
130.0
140.0
171.0
159.0
129.0
173.0
441.0
147.0
154.0
131.0
165.0
171.0
150.0
175.0
150.0
162.0
375.0
140.0
399.0
164.0
368.0
468.0
436.0
475.0
402.0
452.0
376.0
418.0
392.0
152.0
169.0
155.0
145.0
140.0
132.0
149.0
135.0
159.0
203.0
157.0
168.0
144.0
445.0
154.0
141.0
171.0
140.0
148.0
149.0
131.0
144.0
159.0
157.0
160.0
163.0
145.0
440.0
172.0
138.0
140.0
137.0
171.0
153.0
155.0
133.0
477.0
154.0
145.0
157.0
159.0
149.0
167.0
156.0
140.0
156.0
148.0
131.0
144.0
142.0
149.0
141.0
138.0
140.0
433.0
146.0
164.0
378.0
153.0
148.0
142.0
138.0
168.0
145.0
137.0
141.0
143.0
465.0
159.0
166.0
164.0
145.0
162.0
131.0
134.0
143.0
172.0
137.0
169.0
134.0
174.0
165.0
152.0
119.0
134.0
433.0
155.0
159.0
136.0
134.0
133.0
170.0
177.0
152.0
130.0
441.0
137.0
435.0
156.0
466.0
451.0
393.0
424.0
441.0
407.0
474.0
396.0
410.0
152.0
151.0
139.0
130.0
134.0
170.0
176.0
173.0
155.0
181.0
164.0
164.0
136.0
459.0
149.0
140.0
173.0
155.0
163.0
151.0
169.0
159.0
168.0
161.0
132.0
171.0
173.0
472.0
175.0
149.0
140.0
159.0
137.0
143.0
172.0
141.0
439.0
136.0
174.0
158.0
158.0
162.0
166.0
149.0
148.0
152.0
154.0
155.0
147.0
154.0
169.0
152.0
119.0
167.0
388.0
170.0
161.0
446.0
130.0
142.0
165.0
147.0
160.0
170.0
141.0
172.0
147.0
453.0
172.0
136.0
135.0
154.0
139.0
143.0
174.0
151.0
175.0
156.0
137.0
174.0
148.0
160.0
148.0
150.0
148.0
382.0
157.0
136.0
140.0
176.0
145.0
148.0
167.0
176.0
170.0
399.0
138.0
424.0
141.0
378.0
377.0
475.0
492.0
439.0
450.0
484.0
370.0
392.0
141.0
160.0
168.0
149.0
159.0
172.0
155.0
145.0
165.0
155.0
182.0
136.0
150.0
430.0
130.0
155.0
135.0
160.0
176.0
139.0
158.0
160.0
138.0
167.0
131.0
147.0
168.0
473.0
165.0
130.0
137.0
139.0
133.0
142.0
164.0
139.0
413.0
152.0
156.0
167.0
165.0
159.0
154.0
176.0
170.0
147.0
174.0
151.0
161.0
150.0
174.0
150.0
124.0
132.0
376.0
175.0
134.0
399.0
160.0
131.0
162.0
146.0
173.0
150.0
167.0
149.0
177.0
405.0
165.0
144.0
175.0
167.0
134.0
145.0
164.0
160.0
135.0
171.0
160.0
162.0
147.0
160.0
151.0
148.0
146.0
471.0
134.0
149.0
154.0
142.0
147.0
134.0
138.0
160.0
164.0
382.0
138.0
364.0
154.0
389.0
427.0
445.0
420.0
435.0
465.0
424.0
386.0
451.0
165.0
176.0
146.0
141.0
136.0
141.0
135.0
134.0
131.0
160.0
178.0
173.0
144.0
448.0
164.0
164.0
149.0
130.0
164.0
143.0
157.0
155.0
132.0
135.0
139.0
152.0
173.0
442.0
130.0
165.0
170.0
156.0
149.0
172.0
134.0
135.0
493.0
156.0
148.0
163.0
174.0
168.0
168.0
173.0
138.0
171.0
145.0
172.0
138.0
157.0
168.0
176.0
147.0
153.0
398.0
164.0
142.0
396.0
160.0
147.0
147.0
165.0
157.0
147.0
166.0
154.0
162.0
455.0
174.0
159.0
162.0
133.0
131.0
164.0
176.0
174.0
166.0
134.0
165.0
148.0
169.0
173.0
161.0
115.0
154.0
480.0
167.0
161.0
172.0
140.0
136.0
158.0
165.0
156.0
135.0
392.0
158.0
495.0
164.0
428.0
381.0
476.0
403.0
456.0
433.0
412.0
390.0
378.0
155.0
161.0
153.0
144.0
145.0
161.0
171.0
167.0
157.0
201.0
162.0
132.0
137.0
373.0
144.0
130.0
148.0
138.0
140.0
170.0
168.0
145.0
162.0
152.0
171.0
155.0
157.0
485.0
137.0
154.0
132.0
169.0
168.0
160.0
133.0
161.0
399.0
130.0
168.0
133.0
168.0
141.0
130.0
174.0
134.0
150.0
147.0
164.0
131.0
137.0
162.0
137.0
130.0
166.0
484.0
165.0
156.0
401.0
168.0
142.0
175.0
156.0
150.0
135.0
170.0
150.0
177.0
468.0
176.0
140.0
167.0
141.0
159.0
172.0
169.0
177.0
158.0
148.0
176.0
170.0
164.0
133.0
141.0
137.0
169.0
423.0
162.0
176.0
171.0
163.0
147.0
132.0
152.0
137.0
165.0
401.0
173.0
384.0
168.0
370.0
415.0
386.0
366.0
425.0
377.0
422.0
405.0
482.0
157.0
132.0
141.0
177.0
135.0
133.0
165.0
131.0
148.0
205.0
163.0
176.0
160.0
472.0
162.0
176.0
164.0
165.0
167.0
149.0
138.0
148.0
138.0
140.0
143.0
175.0
163.0
412.0
138.0
164.0
139.0
175.0
173.0
133.0
164.0
170.0
394.0
148.0
138.0
167.0
171.0
163.0
158.0
143.0
130.0
161.0
144.0
158.0
139.0
132.0
172.0
170.0
147.0
151.0
475.0
133.0
136.0
397.0
131.0
153.0
150.0
146.0
145.0
157.0
154.0
136.0
151.0
442.0
164.0
174.0
158.0
162.0
144.0
157.0
135.0
157.0
147.0
164.0
171.0
168.0
177.0
160.0
169.0
144.0
142.0
383.0
163.0
172.0
141.0
133.0
137.0
167.0
144.0
135.0
161.0
473.0
147.0
433.0
130.0
441.0
464.0
462.0
389.0
385.0
364.0
426.0
485.0
398.0
151.0
158.0
142.0
154.0
164.0
150.0
177.0
171.0
162.0
163.0
198.0
132.0
164.0
369.0
147.0
144.0
134.0
165.0
149.0
130.0
154.0
164.0
156.0
166.0
135.0
157.0
150.0
379.0
162.0
168.0
146.0
134.0
145.0
152.0
152.0
177.0
449.0
141.0
144.0
153.0
158.0
164.0
153.0
153.0
158.0
139.0
175.0
155.0
174.0
142.0
176.0
134.0
117.0
168.0
472.0
142.0
138.0
413.0
174.0
140.0
147.0
175.0
165.0
153.0
153.0
157.0
166.0
437.0
160.0
146.0
144.0
158.0
159.0
172.0
139.0
143.0
165.0
142.0
150.0
133.0
170.0
155.0
176.0
124.0
157.0
369.0
137.0
170.0
177.0
172.0
157.0
155.0
155.0
177.0
161.0
406.0
167.0
473.0
161.0
367.0
396.0
484.0
383.0
364.0
424.0
418.0
460.0
381.0
175.0
149.0
145.0
135.0
169.0
172.0
146.0
163.0
147.0
178.0
184.0
159.0
144.0
383.0
156.0
133.0
135.0
177.0
165.0
142.0
155.0
145.0
177.0
142.0
164.0
162.0
165.0
376.0
136.0
131.0
138.0
176.0
130.0
158.0
151.0
174.0
468.0
157.0
143.0
158.0
140.0
144.0
166.0
144.0
156.0
176.0
145.0
141.0
153.0
164.0
172.0
146.0
134.0
170.0
479.0
164.0
131.0
406.0
157.0
141.0
169.0
131.0
173.0
148.0
161.0
141.0
165.0
433.0
162.0
143.0
145.0
139.0
135.0
160.0
136.0
132.0
176.0
156.0
165.0
154.0
155.0
135.0
138.0
135.0
136.0
415.0
168.0
175.0
172.0
136.0
175.0
146.0
130.0
171.0
163.0
394.0
163.0
449.0
153.0
366.0
415.0
458.0
419.0
372.0
402.0
473.0
477.0
454.0
155.0
176.0
130.0
166.0
161.0
166.0
176.0
149.0
135.0
195.0
187.0
137.0
171.0
423.0
174.0
149.0
151.0
161.0
165.0
138.0
175.0
160.0
135.0
143.0
176.0
137.0
172.0
452.0
146.0
134.0
171.0
155.0
131.0
165.0
165.0
130.0
479.0
156.0
172.0
141.0
173.0
132.0
161.0
164.0
144.0
141.0
146.0
134.0
140.0
161.0
157.0
136.0
124.0
130.0
421.0
149.0
153.0
478.0
153.0
174.0
138.0
130.0
173.0
161.0
135.0
142.0
176.0
463.0
166.0
134.0
173.0
130.0
156.0
137.0
158.0
164.0
149.0
158.0
170.0
136.0
166.0
170.0
142.0
147.0
168.0
371.0
158.0
144.0
136.0
167.0
150.0
164.0
130.0
134.0
157.0
449.0
143.0
424.0
142.0
453.0
434.0
398.0
406.0
453.0
449.0
410.0
452.0
428.0
142.0
146.0
176.0
177.0
176.0
151.0
145.0
156.0
157.0
163.0
156.0
137.0
142.0
482.0
150.0
151.0
157.0
143.0
145.0
176.0
176.0
142.0
159.0
133.0
133.0
169.0
169.0
474.0
156.0
168.0
158.0
135.0
171.0
149.0
136.0
145.0
370.0
152.0
167.0
142.0
130.0
146.0
165.0
131.0
149.0
174.0
163.0
154.0
174.0
153.0
154.0
159.0
134.0
136.0
443.0
146.0
173.0
478.0
153.0
136.0
141.0
134.0
161.0
175.0
140.0
157.0
160.0
435.0
165.0
141.0
141.0
150.0
159.0
160.0
173.0
145.0
144.0
164.0
133.0
173.0
163.0
138.0
151.0
132.0
146.0
441.0
146.0
161.0
147.0
147.0
172.0
172.0
151.0
166.0
160.0
396.0
140.0
471.0
166.0
404.0
395.0
475.0
473.0
432.0
388.0
470.0
415.0
410.0
174.0
171.0
171.0
164.0
173.0
166.0
150.0
139.0
161.0
195.0
183.0
149.0
152.0
455.0
130.0
156.0
161.0
170.0
130.0
158.0
171.0
175.0
168.0
135.0
142.0
170.0
148.0
427.0
167.0
167.0
150.0
173.0
155.0
141.0
137.0
161.0
385.0
144.0
161.0
141.0
171.0
175.0
157.0
164.0
131.0
141.0
148.0
144.0
137.0
147.0
169.0
150.0
116.0
135.0
367.0
164.0
133.0
444.0
144.0
143.0
166.0
140.0
167.0
164.0
162.0
149.0
155.0
440.0
160.0
172.0
153.0
167.0
148.0
134.0
150.0
131.0
164.0
166.0
133.0
156.0
132.0
173.0
169.0
139.0
132.0
399.0
165.0
171.0
152.0
131.0
161.0
151.0
167.0
176.0
168.0
491.0
143.0
409.0
147.0
371.0
368.0
403.0
396.0
388.0
458.0
396.0
465.0
440.0
130.0
138.0
162.0
153.0
142.0
137.0
151.0
138.0
170.0
200.0
171.0
157.0
175.0
474.0
142.0
156.0
174.0
165.0
151.0
174.0
156.0
169.0
161.0
171.0
165.0
151.0
148.0
415.0
155.0
146.0
132.0
177.0
142.0
168.0
151.0
157.0
446.0
148.0
169.0
142.0
168.0
138.0
146.0
171.0
157.0
148.0
160.0
172.0
159.0
153.0
139.0
151.0
119.0
177.0
391.0
156.0
167.0
487.0
152.0
157.0
157.0
151.0
149.0
165.0
165.0
137.0
140.0
374.0
173.0
177.0
173.0
144.0
149.0
177.0
147.0
140.0
135.0
175.0
135.0
168.0
164.0
133.0
141.0
127.0
142.0
485.0
158.0
173.0
170.0
158.0
140.0
159.0
171.0
153.0
168.0
459.0
163.0
395.0
154.0
455.0
465.0
374.0
416.0
392.0
408.0
374.0
394.0
367.0
130.0
150.0
167.0
147.0
157.0
159.0
152.0
144.0
145.0
158.0
161.0
157.0
145.0
365.0
155.0
161.0
159.0
162.0
176.0
169.0
144.0
144.0
156.0
175.0
172.0
175.0
169.0
492.0
153.0
165.0
176.0
145.0
152.0
166.0
156.0
170.0
494.0
142.0
149.0
171.0
150.0
131.0
136.0
155.0
148.0
133.0
155.0
160.0
140.0
135.0
157.0
147.0
141.0
138.0
395.0
167.0
175.0
445.0
156.0
139.0
132.0
144.0
168.0
135.0
152.0
156.0
140.0
402.0
143.0
154.0
149.0
152.0
134.0
160.0
156.0
160.0
177.0
150.0
159.0
168.0
151.0
140.0
132.0
139.0
141.0
487.0
144.0
137.0
160.0
148.0
172.0
158.0
151.0
161.0
141.0
363.0
165.0
429.0
153.0
494.0
409.0
479.0
429.0
452.0
427.0
486.0
418.0
383.0
170.0
136.0
150.0
143.0
145.0
149.0
166.0
162.0
135.0
175.0
161.0
150.0
166.0
409.0
177.0
158.0
153.0
171.0
134.0
164.0
171.0
131.0
174.0
132.0
160.0
146.0
158.0
475.0
143.0
154.0
159.0
143.0
156.0
135.0
173.0
154.0
395.0
151.0
135.0
144.0
165.0
159.0
137.0
131.0
138.0
174.0
177.0
170.0
144.0
160.0
151.0
160.0
124.0
165.0
381.0
173.0
142.0
484.0
148.0
158.0
168.0
177.0
132.0
162.0
157.0
161.0
147.0
485.0
175.0
139.0
146.0
135.0
160.0
151.0
149.0
173.0
173.0
148.0
130.0
162.0
150.0
166.0
170.0
124.0
148.0
494.0
160.0
171.0
172.0
138.0
152.0
147.0
131.0
163.0
155.0
371.0
141.0
373.0
152.0
409.0
447.0
485.0
466.0
472.0
428.0
373.0
487.0
377.0
136.0
149.0
137.0
164.0
167.0
170.0
136.0
177.0
147.0
177.0
152.0
162.0
174.0
468.0
145.0
172.0
157.0
132.0
176.0
159.0
170.0
134.0
145.0
158.0
171.0
176.0
166.0
468.0
138.0
154.0
162.0
142.0
140.0
158.0
158.0
150.0
467.0
162.0
159.0
139.0
151.0
154.0
169.0
176.0
154.0
133.0
145.0
170.0
169.0
138.0
144.0
159.0
138.0
151.0
417.0
130.0
166.0
400.0
161.0
157.0
166.0
140.0
155.0
137.0
166.0
177.0
156.0
434.0
144.0
169.0
177.0
139.0
168.0
175.0
169.0
170.0
152.0
149.0
170.0
143.0
172.0
151.0
156.0
150.0
172.0
421.0
164.0
174.0
170.0
170.0
177.0
152.0
158.0
153.0
145.0
394.0
161.0
444.0
147.0
452.0
453.0
386.0
434.0
438.0
453.0
425.0
469.0
419.0
148.0
175.0
141.0
138.0
158.0
174.0
172.0
158.0
171.0
