70 3 108
31843.5
32586.5
29336.5
33518.5
33327.5
28992.5
36155.5
36443.5
34855.5
32391.5
29711.5
34873.5
29171.5
35188.5
31369.5
33757.5
33110.5
35510.5
35453.5
32261.5
33772.5
29703.5
34228.5
34503.5
30671.5
29996.5
31057.5
31253.5
33750.5
31095.5
30353.5
31360.5
32305.5
32430.5
35328.5
33940.5
33328.5
34592.5
31610.5
33035.5
34452.5
32540.5
34221.5
30564.5
32841.5
29889.5
30132.5
29522.5
29481.5
32320.5
33846.5
30585.5
29663.5
29351.5
30483.5
33178.5
32362.5
30190.5
31128.5
31383.5
33686.5
30049.5
32741.5
32316.5
35286.5
32767.5
35180.5
31706.5
33333.5
29251.5
0.016731203724650204
0.01412335938859867
0.015210248781516776
0.013924738521376602
0.01692595115881601
0.013230427575275077
0.014460082534554674
0.011914681311826833
0.014400903858158608
0.012924368232257621
0.014652735199334343
0.012706150305967567
0.016597576023967768
0.013506777745537728
0.01638988168004194
0.012688365081733767
0.01516365744640545
0.013305120918296994
0.015591654277930411
0.013205656310948626
0.014473136133116578
0.012009163207317354
0.015297592076153579
0.011920390028911852
0.015682531066287766
0.013133049875167406
0.016190126890828386
0.012900756139856844
0.016167768431165783
0.014203670016362567
0.016568232903098737
0.012023735287851807
0.016867598790615078
0.011732975671982483
0.015939155636937118
0.011624518429774244
0.016401526633879494
0.012113955931734092
0.014925712623793977
0.014146756557751562
0.01654730100878146
0.012144141214159023
0.014948377486362276
0.013138977211703682
0.014469376479263116
0.013926830025447383
0.015563791005247045
0.012729893425954375
0.015842544719363954
0.014142974713674369
0.016853061838768682
0.012270575158492666
0.015428441053894465
0.014268695501128493
0.01599708232399531
0.014011700682878808
0.014879705860752993
0.01337756521376388
0.015437801139484529
0.014203634868476504
0.015852943267551545
0.011570267024531433
0.014803973497814501
0.013294470336564149
0.017050123040866373
0.012674117043566888
0.014363054089929717
0.011813556290291771
0.016578719598864363
0.009840412468643533
124.0
122.0
122.0
5111.0
44.0
2514.0
507.0
1281.0
36.0
537.0
114.0
190.0
44.0
332.0
263.0
389.0
57.0
299.0
534.0
283.0
74.0
235.0
81.0
280.0
29.0
353.0
172.0
808.0
1344.0
589.0
354.0
1140.0
279.0
150.0
854.0
5039.0
6037.0
126.0
158.0
319.0
50.0
27.0
191.0
219.0
180.0
495.0
363.0
75.0
64.0
25.0
122.0
32.0
20.0
168.0
879.0
49.0
125.0
61.0
43.0
166.0
146.0
73.0
163.0
147.0
780.0
38.0
21.0
25.0
30.0
8.0
75.0
250.0
108.0
68.0
89.0
56.0
38.0
84.0
150.0
48.0
27.0
53.0
148.0
159.0
103.0
81.0
128.0
47.0
65.0
1524.0
56.0
55.0
69.0
26.0
155.0
280.0
33.0
279.0
130.0
237.0
78.0
129.0
819.0
211.0
67.0
1286.0
131.0
123.0
71.0
92.0
110.0
20.0
249.0
197.0
509.0
1286.0
35.0
560.0
112.0
181.0
48.0
324.0
269.0
373.0
58.0
297.0
528.0
283.0
73.0
252.0
80.0
284.0
28.0
363.0
157.0
764.0
1345.0
567.0
360.0
1164.0
289.0
159.0
790.0
5368.0
5746.0
131.0
169.0
320.0
47.0
29.0
191.0
212.0
186.0
484.0
353.0
73.0
62.0
27.0
117.0
31.0
20.0
174.0
838.0
50.0
119.0
66.0
45.0
165.0
154.0
72.0
157.0
151.0
729.0
37.0
21.0
24.0
32.0
8.0
72.0
264.0
113.0
73.0
91.0
54.0
38.0
87.0
148.0
48.0
25.0
54.0
160.0
164.0
110.0
79.0
137.0
46.0
67.0
1616.0
58.0
57.0
68.0
24.0
165.0
289.0
30.0
285.0
128.0
252.0
78.0
128.0
818.0
206.0
70.0
1177.0
124.0
116.0
71.0
94.0
119.0
20.0
251.0
195.0
491.0
1218.0
35.0
560.0
116.0
190.0
48.0
321.0
266.0
386.0
57.0
315.0
508.0
272.0
72.0
230.0
77.0
283.0
27.0
372.0
166.0
783.0
1344.0
549.0
333.0
1198.0
276.0
146.0
869.0
5308.0
5753.0
128.0
165.0
307.0
47.0
27.0
185.0
213.0
182.0
500.0
348.0
72.0
65.0
26.0
128.0
31.0
19.0
173.0
874.0
53.0
122.0
61.0
43.0
159.0
148.0
74.0
156.0
152.0
729.0
35.0
20.0
24.0
29.0
8.0
70.0
274.0
112.0
73.0
82.0
58.0
40.0
85.0
144.0
46.0
27.0
56.0
159.0
163.0
101.0
81.0
134.0
47.0
63.0
1615.0
54.0
56.0
66.0
26.0
160.0
283.0
33.0
263.0
130.0
236.0
77.0
138.0
791.0
223.0
69.0
1197.0
131.0
121.0
73.0
93.0
115.0
20.0
271.0
187.0
487.0
1254.0
35.0
546.0
112.0
182.0
46.0
326.0
259.0
381.0
55.0
310.0
526.0
282.0
70.0
252.0
77.0
291.0
27.0
360.0
161.0
823.0
1368.0
554.0
347.0
1170.0
288.0
147.0
848.0
5457.0
5844.0
128.0
173.0
318.0
51.0
28.0
188.0
211.0
196.0
518.0
340.0
73.0
63.0
25.0
121.0
33.0
20.0
169.0
850.0
49.0
131.0
66.0
45.0
167.0
145.0
75.0
152.0
143.0
727.0
35.0
21.0
25.0
32.0
8.0
76.0
273.0
107.0
72.0
88.0
55.0
41.0
85.0
146.0
46.0
27.0
54.0
150.0
168.0
102.0
86.0
126.0
47.0
61.0
1648.0
57.0
57.0
70.0
24.0
157.0
286.0
31.0
263.0
130.0
243.0
82.0
134.0
828.0
219.0
67.0
1247.0
128.0
117.0
69.0
89.0
118.0
20.0
272.0
198.0
513.0
1286.0
36.0
557.0
109.0
177.0
45.0
332.0
260.0
372.0
58.0
295.0
520.0
279.0
75.0
231.0
77.0
297.0
28.0
341.0
173.0
831.0
1315.0
544.0
327.0
1092.0
296.0
146.0
803.0
5229.0
5841.0
126.0
165.0
322.0
50.0
28.0
188.0
213.0
190.0
519.0
352.0
75.0
67.0
27.0
123.0
30.0
19.0
169.0
814.0
52.0
128.0
66.0
45.0
163.0
143.0
70.0
166.0
153.0
728.0
35.0
20.0
26.0
31.0
8.0
69.0
261.0
112.0
73.0
86.0
59.0
40.0
87.0
144.0
45.0
25.0
55.0
150.0
167.0
102.0
82.0
137.0
47.0
64.0
1633.0
58.0
54.0
71.0
24.0
164.0
279.0
30.0
287.0
128.0
254.0
78.0
128.0
823.0
223.0
66.0
1234.0
131.0
127.0
73.0
89.0
112.0
19.0
249.0
190.0
492.0
1314.0
33.0
533.0
110.0
184.0
47.0
327.0
266.0
399.0
59.0
307.0
512.0
294.0
73.0
247.0
76.0
286.0
28.0
372.0
172.0
787.0
1279.0
566.0
333.0
1144.0
276.0
149.0
837.0
5213.0
5636.0
127.0
168.0
311.0
50.0
28.0
183.0
220.0
189.0
486.0
341.0
78.0
62.0
26.0
125.0
30.0
20.0
168.0
842.0
50.0
126.0
67.0
46.0
164.0
154.0
70.0
163.0
141.0
744.0
37.0
20.0
25.0
29.0
8.0
71.0
271.0
104.0
69.0
85.0
59.0
40.0
81.0
149.0
46.0
25.0
55.0
156.0
167.0
103.0
82.0
131.0
47.0
64.0
1506.0
55.0
56.0
69.0
24.0
161.0
294.0
31.0
288.0
118.0
250.0
81.0
132.0
802.0
212.0
66.0
1180.0
123.0
120.0
73.0
91.0
115.0
19.0
264.0
192.0
501.0
1246.0
34.0
519.0
113.0
186.0
46.0
351.0
268.0
377.0
58.0
306.0
543.0
275.0
76.0
251.0
82.0
282.0
27.0
358.0
160.0
833.0
1313.0
601.0
330.0
1136.0
298.0
154.0
868.0
5388.0
5650.0
121.0
172.0
314.0
50.0
29.0
181.0
223.0
194.0
489.0
357.0
79.0
63.0
25.0
121.0
32.0
20.0
177.0
862.0
51.0
125.0
62.0
42.0
165.0
154.0
71.0
158.0
148.0
772.0
36.0
21.0
26.0
31.0
8.0
75.0
264.0
112.0
68.0
86.0
56.0
41.0
86.0
140.0
48.0
27.0
57.0
150.0
159.0
108.0
82.0
135.0
45.0
63.0
1557.0
58.0
55.0
71.0
24.0
163.0
295.0
31.0
282.0
124.0
250.0
80.0
132.0
750.0
209.0
67.0
1227.0
131.0
119.0
70.0
88.0
115.0
20.0
272.0
204.0
499.0
1314.0
33.0
557.0
118.0
183.0
44.0
322.0
270.0
378.0
55.0
317.0
532.0
295.0
73.0
248.0
78.0
282.0
29.0
374.0
165.0
786.0
1279.0
543.0
359.0
1163.0
301.0
152.0
819.0
5404.0
5855.0
123.0
157.0
322.0
48.0
27.0
194.0
212.0
194.0
534.0
351.0
77.0
63.0
26.0
128.0
33.0
19.0
176.0
853.0
53.0
130.0
63.0
43.0
160.0
140.0
71.0
165.0
141.0
803.0
35.0
20.0
25.0
32.0
8.0
74.0
273.0
111.0
74.0
87.0
56.0
39.0
86.0
146.0
45.0
27.0
53.0
163.0
169.0
108.0
84.0
132.0
46.0
61.0
1575.0
56.0
58.0
70.0
25.0
164.0
298.0
33.0
275.0
128.0
240.0
76.0
139.0
802.0
210.0
71.0
1175.0
134.0
121.0
69.0
93.0
114.0
20.0
255.0
193.0
481.0
1252.0
36.0
517.0
120.0
189.0
47.0
331.0
257.0
385.0
56.0
307.0
553.0
276.0
71.0
246.0
75.0
280.0
28.0
371.0
166.0
812.0
1258.0
559.0
345.0
1174.0
276.0
146.0
826.0
4983.0
5875.0
127.0
160.0
318.0
50.0
27.0
179.0
213.0
180.0
518.0
357.0
79.0
65.0
25.0
116.0
33.0
20.0
172.0
821.0
52.0
127.0
61.0
46.0
157.0
153.0
72.0
154.0
148.0
751.0
38.0
20.0
26.0
30.0
8.0
74.0
255.0
111.0
70.0
87.0
56.0
39.0
83.0
152.0
45.0
25.0
54.0
157.0
168.0
103.0
87.0
129.0
44.0
63.0
1597.0
57.0
57.0
66.0
24.0
156.0
282.0
33.0
277.0
121.0
239.0
83.0
128.0
761.0
223.0
66.0
1198.0
128.0
118.0
67.0
94.0
119.0
19.0
254.0
192.0
482.0
1270.0
34.0
537.0
120.0
187.0
44.0
347.0
258.0
366.0
58.0
292.0
541.0
292.0
76.0
230.0
80.0
301.0
28.0
344.0
168.0
824.0
1290.0
566.0
346.0
1112.0
300.0
157.0
866.0
5394.0
5811.0
118.0
172.0
315.0
51.0
27.0
186.0
215.0
190.0
488.0
361.0
75.0
62.0
26.0
125.0
32.0
20.0
163.0
815.0
52.0
127.0
67.0
44.0
151.0
155.0
75.0
166.0
147.0
737.0
36.0
20.0
25.0
31.0
8.0
70.0
275.0
109.0
72.0
89.0
57.0
41.0
85.0
149.0
47.0
26.0
54.0
148.0
162.0
104.0
79.0
128.0
44.0
66.0
1550.0
58.0
55.0
69.0
25.0
165.0
271.0
32.0
281.0
129.0
235.0
78.0
135.0
761.0
206.0
66.0
1253.0
132.0
115.0
70.0
86.0
119.0
19.0
264.0
194.0
488.0
1274.0
35.0
505.0
109.0
191.0
46.0
329.0
249.0
382.0
58.0
295.0
531.0
291.0
70.0
232.0
77.0
277.0
27.0
364.0
169.0
765.0
1273.0
595.0
329.0
1182.0
286.0
157.0
872.0
5365.0
5794.0
121.0
160.0
325.0
47.0
27.0
183.0
219.0
186.0
495.0
356.0
79.0
63.0
27.0
120.0
32.0
19.0
162.0
891.0
49.0
118.0
66.0
46.0
167.0
147.0
75.0
164.0
151.0
772.0
35.0
20.0
24.0
29.0
8.0
76.0
253.0
108.0
68.0
87.0
59.0
40.0
86.0
144.0
48.0
26.0
55.0
152.0
175.0
111.0
82.0
126.0
48.0
67.0
1651.0
55.0
58.0
68.0
26.0
164.0
283.0
32.0
277.0
119.0
250.0
76.0
134.0
825.0
207.0
65.0
1270.0
122.0
116.0
73.0
85.0
117.0
20.0
259.0
189.0
473.0
1299.0
36.0
513.0
117.0
191.0
44.0
326.0
265.0
399.0
60.0
310.0
547.0
275.0
70.0
231.0
74.0
301.0
27.0
345.0
157.0
814.0
1380.0
565.0
360.0
1104.0
297.0
156.0
871.0
5366.0
6000.0
127.0
168.0
331.0
50.0
27.0
189.0
225.0
183.0
530.0
361.0
74.0
64.0
25.0
120.0
32.0
20.0
163.0
881.0
50.0
122.0
66.0
46.0
165.0
144.0
76.0
166.0
138.0
731.0
38.0
21.0
25.0
29.0
8.0
72.0
266.0
103.0
68.0
90.0
54.0
39.0
82.0
143.0
49.0
26.0
54.0
154.0
164.0
101.0
87.0
136.0
48.0
61.0
1616.0
55.0
55.0
66.0
24.0
158.0
275.0
31.0
275.0
122.0
259.0
79.0
137.0
755.0
218.0
71.0
1260.0
129.0
127.0
70.0
94.0
116.0
19.0
260.0
190.0
488.0
1309.0
36.0
515.0
113.0
185.0
46.0
322.0
268.0
389.0
61.0
297.0
540.0
288.0
69.0
237.0
77.0
300.0
29.0
350.0
168.0
762.0
1267.0
561.0
351.0
1196.0
281.0
146.0
848.0
5068.0
5446.0
128.0
168.0
308.0
51.0
29.0
186.0
215.0
178.0
514.0
351.0
72.0
64.0
27.0
125.0
31.0
19.0
173.0
899.0
52.0
123.0
65.0
43.0
165.0
149.0
69.0
155.0
153.0
735.0
38.0
20.0
25.0
31.0
8.0
76.0
250.0
111.0
71.0
87.0
55.0
40.0
88.0
151.0
48.0
27.0
55.0
151.0
161.0
102.0
83.0
126.0
45.0
61.0
1609.0
56.0
55.0
66.0
26.0
153.0
298.0
33.0
268.0
127.0
247.0
83.0
130.0
829.0
210.0
65.0
1171.0
131.0
123.0
68.0
87.0
119.0
19.0
263.0
193.0
475.0
1351.0
36.0
538.0
110.0
187.0
45.0
346.0
263.0
398.0
58.0
320.0
518.0
293.0
70.0
249.0
76.0
280.0
29.0
341.0
164.0
768.0
1263.0
567.0
348.0
1082.0
284.0
145.0
873.0
5418.0
5835.0
127.0
164.0
327.0
49.0
29.0
194.0
226.0
180.0
530.0
360.0
73.0
62.0
26.0
127.0
33.0
20.0
170.0
868.0
53.0
124.0
62.0
42.0
164.0
142.0
70.0
153.0
147.0
781.0
35.0
19.0
24.0
30.0
8.0
71.0
277.0
102.0
73.0
87.0
57.0
38.0
84.0
151.0
47.0
25.0
56.0
161.0
167.0
102.0
85.0
134.0
44.0
65.0
1589.0
58.0
56.0
69.0
26.0
164.0
293.0
33.0
278.0
123.0
239.0
81.0
131.0
774.0
213.0
70.0
1225.0
130.0
126.0
72.0
91.0
122.0
20.0
267.0
205.0
497.0
1239.0
34.0
541.0
115.0
187.0
46.0
347.0
265.0
397.0
60.0
311.0
538.0
276.0
76.0
238.0
82.0
286.0
28.0
357.0
168.0
839.0
1389.0
564.0
359.0
1104.0
292.0
151.0
823.0
5392.0
5776.0
131.0
173.0
310.0
48.0
27.0
177.0
221.0
184.0
482.0
367.0
74.0
62.0
25.0
121.0
33.0
20.0
168.0
873.0
52.0
122.0
67.0
45.0
165.0
155.0
69.0
155.0
144.0
754.0
35.0
21.0
26.0
32.0
8.0
71.0
263.0
110.0
74.0
84.0
56.0
40.0
81.0
153.0
46.0
27.0
55.0
164.0
173.0
101.0
87.0
137.0
46.0
66.0
1552.0
54.0
56.0
70.0
25.0
166.0
285.0
32.0
284.0
118.0
251.0
75.0
140.0
774.0
206.0
66.0
1235.0
128.0
120.0
67.0
90.0
112.0
19.0
248.0
198.0
498.0
1235.0
36.0
520.0
114.0
185.0
44.0
339.0
265.0
366.0
58.0
307.0
524.0
294.0
72.0
250.0
76.0
280.0
27.0
350.0
173.0
769.0
1330.0
554.0
347.0
1080.0
295.0
159.0
870.0
5133.0
5844.0
123.0
158.0
305.0
47.0
27.0
181.0
219.0
196.0
485.0
374.0
75.0
62.0
25.0
123.0
33.0
20.0
174.0
820.0
51.0
121.0
63.0
44.0
155.0
142.0
75.0
156.0
147.0
735.0
38.0
21.0
24.0
30.0
8.0
72.0
273.0
108.0
72.0
86.0
57.0
41.0
87.0
148.0
49.0
26.0
58.0
155.0
175.0
103.0
86.0
138.0
45.0
67.0
1581.0
56.0
58.0
69.0
26.0
165.0
295.0
32.0
278.0
121.0
238.0
76.0
134.0
791.0
221.0
65.0
1232.0
134.0
125.0
71.0
85.0
113.0
20.0
271.0
201.0
516.0
1337.0
33.0
534.0
112.0
188.0
47.0
318.0
251.0
368.0
59.0
311.0
538.0
266.0
74.0
244.0
80.0
280.0
28.0
358.0
172.0
819.0
1310.0
549.0
335.0
1192.0
281.0
149.0
801.0
5267.0
5874.0
131.0
163.0
310.0
51.0
27.0
180.0
217.0
185.0
487.0
371.0
73.0
66.0
26.0
124.0
31.0
19.0
172.0
827.0
52.0
125.0
62.0
46.0
166.0
141.0
75.0
155.0
142.0
769.0
38.0
20.0
25.0
31.0
8.0
69.0
264.0
110.0
69.0
86.0
54.0
41.0
89.0
140.0
46.0
27.0
57.0
158.0
171.0
111.0
83.0
135.0
45.0
65.0
1623.0
59.0
58.0
69.0
25.0
157.0
287.0
31.0
280.0
127.0
254.0
81.0
130.0
822.0
213.0
68.0
1196.0
125.0
117.0
72.0
89.0
118.0
20.0
265.0
201.0
504.0
1259.0
34.0
558.0
117.0
182.0
45.0
341.0
262.0
362.0
57.0
289.0
534.0
294.0
73.0
231.0
81.0
300.0
27.0
365.0
160.0
836.0
1356.0
559.0
353.0
1145.0
278.0
157.0
799.0
4992.0
5599.0
119.0
159.0
312.0
49.0
27.0
186.0
210.0
194.0
516.0
356.0
77.0
64.0
25.0
124.0
32.0
18.0
172.0
859.0
53.0
125.0
63.0
46.0
159.0
140.0
74.0
166.0
139.0
786.0
38.0
20.0
26.0
30.0
8.0
71.0
250.0
109.0
70.0
83.0
57.0
38.0
87.0
146.0
49.0
26.0
54.0
156.0
163.0
111.0
79.0
136.0
48.0
62.0
1636.0
58.0
58.0
65.0
25.0
151.0
271.0
30.0
274.0
119.0
237.0
80.0
128.0
826.0
208.0
71.0
1255.0
129.0
122.0
71.0
93.0
112.0
19.0
262.0
205.0
492.0
1339.0
33.0
535.0
118.0
178.0
47.0
333.0
257.0
381.0
57.0
298.0
516.0
284.0
74.0
253.0
76.0
277.0
28.0
344.0
168.0
768.0
1340.0
567.0
358.0
1119.0
299.0
159.0
819.0
5011.0
6034.0
131.0
164.0
311.0
47.0
29.0
186.0
205.0
184.0
507.0
348.0
78.0
67.0
26.0
116.0
33.0
20.0
173.0
892.0
49.0
120.0
67.0
43.0
162.0
149.0
76.0
159.0
153.0
744.0
36.0
21.0
25.0
31.0
8.0
74.0
267.0
103.0
67.0
90.0
59.0
37.0
81.0
152.0
47.0
25.0
58.0
158.0
160.0
103.0
87.0
138.0
46.0
61.0
1642.0
58.0
54.0
65.0
26.0
166.0
299.0
31.0
267.0
129.0
238.0
78.0
137.0
832.0
205.0
65.0
1238.0
132.0
125.0
71.0
92.0
112.0
20.0
265.0
200.0
471.0
1266.0
36.0
557.0
114.0
190.0
46.0
330.0
261.0
398.0
58.0
294.0
515.0
286.0
72.0
236.0
81.0
299.0
28.0
366.0
164.0
824.0
1295.0
551.0
329.0
1085.0
287.0
156.0
796.0
5499.0
5498.0
121.0
166.0
318.0
49.0
27.0
193.0
211.0
194.0
528.0
355.0
75.0
67.0
25.0
125.0
31.0
19.0
173.0
902.0
51.0
122.0
64.0
44.0
165.0
152.0
75.0
168.0
142.0
774.0
36.0
20.0
26.0
31.0
8.0
69.0
257.0
104.0
68.0
86.0
54.0
38.0
85.0
154.0
48.0
27.0
54.0
151.0
160.0
107.0
87.0
138.0
47.0
65.0
1551.0
58.0
55.0
70.0
26.0
165.0
283.0
32.0
284.0
127.0
238.0
81.0
138.0
816.0
208.0
65.0
1278.0
133.0
125.0
72.0
90.0
112.0
19.0
271.0
192.0
513.0
1250.0
36.0
525.0
109.0
190.0
46.0
321.0
249.0
395.0
57.0
319.0
541.0
287.0
75.0
231.0
76.0
300.0
29.0
353.0
166.0
793.0
1274.0
595.0
328.0
1089.0
284.0
158.0
794.0
5439.0
5484.0
131.0
158.0
316.0
51.0
28.0
185.0
222.0
177.0
513.0
365.0
74.0
62.0
25.0
124.0
31.0
19.0
173.0
827.0
51.0
124.0
67.0
42.0
163.0
142.0
72.0
161.0
149.0
789.0
35.0
20.0
25.0
30.0
8.0
73.0
262.0
112.0
72.0
90.0
54.0
38.0
83.0
151.0
45.0
26.0
55.0
153.0
168.0
104.0
81.0
126.0
45.0
67.0
1548.0
54.0
57.0
71.0
26.0
156.0
279.0
31.0
288.0
126.0
255.0
82.0
129.0
755.0
216.0
65.0
1237.0
134.0
119.0
68.0
94.0
114.0
20.0
256.0
190.0
469.0
1237.0
34.0
507.0
109.0
175.0
46.0
322.0
258.0
399.0
55.0
319.0
508.0
295.0
75.0
234.0
77.0
273.0
29.0
344.0
170.0
818.0
1289.0
556.0
352.0
1194.0
291.0
159.0
830.0
5388.0
5491.0
131.0
171.0
312.0
49.0
28.0
190.0
212.0
183.0
498.0
350.0
74.0
64.0
26.0
118.0
31.0
20.0
169.0
830.0
48.0
131.0
65.0
44.0
160.0
147.0
76.0
163.0
139.0
745.0
37.0
21.0
26.0
31.0
8.0
72.0
265.0
104.0
68.0
91.0
55.0
38.0
87.0
143.0
47.0
27.0
56.0
157.0
173.0
109.0
87.0
138.0
46.0
62.0
1667.0
58.0
55.0
70.0
25.0
153.0
283.0
31.0
271.0
126.0
260.0
77.0
138.0
812.0
209.0
66.0
1254.0
127.0
121.0
69.0
86.0
112.0
20.0
249.0
194.0
469.0
1250.0
36.0
531.0
119.0
184.0
47.0
343.0
253.0
366.0
56.0
308.0
547.0
294.0
76.0
248.0
78.0
288.0
29.0
371.0
167.0
792.0
1348.0
567.0
359.0
1089.0
291.0
158.0
848.0
5382.0
5943.0
129.0
168.0
326.0
49.0
29.0
191.0
213.0
195.0
493.0
350.0
76.0
62.0
26.0
119.0
33.0
20.0
164.0
886.0
49.0
120.0
61.0
46.0
152.0
143.0
70.0
158.0
145.0
740.0
37.0
21.0
25.0
32.0
8.0
71.0
251.0
103.0
67.0
89.0
56.0
38.0
85.0
150.0
49.0
27.0
54.0
155.0
168.0
104.0
87.0
139.0
47.0
61.0
1586.0
54.0
59.0
71.0
26.0
160.0
289.0
33.0
277.0
121.0
253.0
75.0
133.0
756.0
208.0
67.0
1226.0
132.0
126.0
72.0
94.0
112.0
20.0
252.0
191.0
499.0
1225.0
33.0
539.0
110.0
174.0
47.0
336.0
244.0
377.0
56.0
307.0
557.0
289.0
76.0
241.0
78.0
278.0
27.0
346.0
168.0
796.0
1391.0
566.0
354.0
1124.0
292.0
146.0
792.0
5277.0
5855.0
125.0
169.0
334.0
51.0
28.0
175.0
216.0
194.0
531.0
363.0
75.0
62.0
26.0
118.0
30.0
19.0
179.0
890.0
49.0
127.0
66.0
46.0
157.0
154.0
71.0
152.0
140.0
801.0
37.0
21.0
25.0
29.0
8.0
69.0
260.0
104.0
74.0
82.0
54.0
40.0
82.0
140.0
49.0
26.0
57.0
157.0
167.0
103.0
81.0
133.0
44.0
65.0
1521.0
55.0
58.0
65.0
25.0
158.0
274.0
31.0
261.0
122.0
245.0
82.0
131.0
807.0
210.0
66.0
1219.0
131.0
115.0
72.0
91.0
122.0
19.0
256.0
201.0
506.0
1313.0
34.0
555.0
111.0
183.0
47.0
340.0
248.0
376.0
58.0
312.0
553.0
291.0
70.0
253.0
82.0
293.0
29.0
338.0
171.0
820.0
1329.0
547.0
356.0
1123.0
274.0
144.0
853.0
5048.0
5619.0
123.0
169.0
318.0
48.0
28.0
186.0
226.0
191.0
495.0
348.0
74.0
63.0
27.0
119.0
33.0
20.0
173.0
884.0
52.0
127.0
63.0
43.0
162.0
140.0
75.0
164.0
142.0
793.0
37.0
21.0
26.0
31.0
8.0
74.0
275.0
104.0
68.0
86.0
58.0
41.0
85.0
148.0
48.0
27.0
55.0
149.0
174.0
107.0
82.0
133.0
44.0
64.0
1660.0
59.0
59.0
67.0
25.0
163.0
274.0
32.0
278.0
120.0
238.0
83.0
136.0
775.0
224.0
68.0
1203.0
127.0
119.0
69.0
85.0
111.0
19.0
272.0
191.0
490.0
1246.0
33.0
533.0
109.0
189.0
47.0
322.0
247.0
369.0
57.0
295.0
520.0
271.0
70.0
233.0
76.0
295.0
29.0
356.0
158.0
783.0
1340.0
572.0
355.0
1174.0
288.0
159.0
840.0
5427.0
5499.0
131.0
167.0
327.0
47.0
28.0
176.0
207.0
194.0
482.0
348.0
72.0
66.0
26.0
117.0
31.0
20.0
176.0
836.0
52.0
121.0
67.0
46.0
166.0
154.0
71.0
167.0
150.0
761.0
38.0
20.0
25.0
30.0
8.0
69.0
271.0
104.0
69.0
83.0
57.0
39.0
87.0
143.0
48.0
26.0
57.0
164.0
173.0
104.0
86.0
138.0
44.0
61.0
1620.0
58.0
56.0
64.0
25.0
161.0
272.0
32.0
269.0
122.0
259.0
79.0
127.0
820.0
217.0
67.0
1242.0
126.0
121.0
69.0
94.0
118.0
20.0
256.0
189.0
482.0
1273.0
36.0
535.0
110.0
189.0
48.0
332.0
259.0
363.0
59.0
311.0
526.0
290.0
74.0
230.0
76.0
285.0
27.0
367.0
171.0
819.0
1311.0
573.0
336.0
1195.0
292.0
158.0
808.0
5023.0
5674.0
125.0
173.0
316.0
51.0
27.0
191.0
226.0
184.0
495.0
338.0
73.0
66.0
27.0
122.0
33.0
19.0
166.0
887.0
49.0
130.0
62.0
43.0
164.0
144.0
69.0
158.0
146.0
786.0
37.0
21.0
26.0
31.0
8.0
72.0
257.0
113.0
68.0
88.0
55.0
40.0
89.0
143.0
47.0
25.0
55.0
162.0
166.0
107.0
87.0
134.0
47.0
67.0
1591.0
57.0
56.0
69.0
25.0
155.0
294.0
32.0
285.0
126.0
240.0
76.0
128.0
827.0
220.0
64.0
1272.0
134.0
122.0
67.0
89.0
119.0
19.0
271.0
206.0
482.0
1309.0
36.0
560.0
116.0
191.0
46.0
322.0
270.0
365.0
58.0
294.0
556.0
289.0
75.0
238.0
81.0
298.0
27.0
369.0
170.0
785.0
1306.0
559.0
337.0
1120.0
291.0
150.0
793.0
5085.0
5961.0
128.0
173.0
326.0
47.0
29.0
175.0
214.0
196.0
511.0
360.0
77.0
65.0
26.0
117.0
33.0
20.0
176.0
826.0
48.0
122.0
62.0
46.0
151.0
152.0
74.0
158.0
153.0
799.0
37.0
20.0
25.0
32.0
8.0
75.0
261.0
103.0
68.0
83.0
59.0
39.0
87.0
139.0
46.0
25.0
57.0
157.0
162.0
108.0
80.0
138.0
46.0
62.0
1588.0
57.0
56.0
64.0
26.0
166.0
272.0
31.0
271.0
120.0
250.0
75.0
131.0
767.0
222.0
68.0
1272.0
122.0
119.0
69.0
89.0
112.0
19.0
249.0
202.0
479.0
1279.0
36.0
525.0
109.0
193.0
48.0
336.0
257.0
371.0
61.0
307.0
514.0
286.0
76.0
230.0
79.0
299.0
27.0
353.0
158.0
777.0
1341.0
592.0
345.0
1085.0
297.0
153.0
869.0
5052.0
5931.0
124.0
169.0
313.0
48.0
28.0
187.0
216.0
196.0
486.0
343.0
72.0
67.0
27.0
128.0
32.0
20.0
168.0
826.0
53.0
124.0
62.0
45.0
156.0
150.0
72.0
161.0
149.0
771.0
36.0
20.0
24.0
30.0
8.0
72.0
256.0
110.0
74.0
90.0
59.0
38.0
85.0
152.0
47.0
25.0
54.0
155.0
172.0
105.0
86.0
133.0
46.0
63.0
1547.0
57.0
59.0
64.0
26.0
161.0
288.0
33.0
277.0
124.0
257.0
77.0
141.0
821.0
218.0
65.0
1255.0
130.0
118.0
72.0
86.0
117.0
19.0
257.0
187.0
498.0
1258.0
36.0
545.0
111.0
186.0
46.0
348.0
267.0
393.0
61.0
309.0
545.0
293.0
74.0
254.0
80.0
287.0
29.0
343.0
170.0
792.0
1287.0
563.0
356.0
1114.0
284.0
149.0
827.0
5325.0
5674.0
123.0
162.0
335.0
47.0
28.0
194.0
219.0
191.0
520.0
361.0
73.0
61.0
27.0
128.0
30.0
19.0
171.0
890.0
52.0
120.0
62.0
42.0
159.0
146.0
75.0
154.0
139.0
772.0
38.0
21.0
24.0
29.0
8.0
71.0
260.0
106.0
71.0
83.0
56.0
40.0
84.0
145.0
45.0
27.0
57.0
161.0
173.0
101.0
83.0
127.0
46.0
67.0
1602.0
59.0
54.0
70.0
25.0
153.0
294.0
31.0
275.0
122.0
258.0
76.0
140.0
764.0
212.0
64.0
1215.0
131.0
125.0
67.0
92.0
120.0
19.0
249.0
195.0
468.0
1349.0
33.0
515.0
113.0
186.0
44.0
320.0
254.0
371.0
60.0
309.0
543.0
279.0
75.0
245.0
80.0
298.0
28.0
358.0
158.0
781.0
1347.0
542.0
337.0
1197.0
295.0
159.0
815.0
5075.0
5790.0
127.0
163.0
309.0
51.0
29.0
194.0
208.0
196.0
503.0
361.0
75.0
63.0
26.0
128.0
33.0
20.0
179.0
832.0
50.0
131.0
61.0
42.0
166.0
148.0
73.0
160.0
149.0
737.0
35.0
21.0
25.0
32.0
8.0
74.0
262.0
110.0
71.0
89.0
56.0
37.0
87.0
152.0
48.0
25.0
53.0
152.0
170.0
110.0
87.0
135.0
47.0
63.0
1542.0
59.0
55.0
66.0
26.0
163.0
274.0
32.0
269.0
121.0
243.0
82.0
138.0
777.0
212.0
70.0
1267.0
127.0
121.0
66.0
85.0
111.0
19.0
260.0
197.0
492.0
1310.0
36.0
537.0
119.0
191.0
47.0
337.0
259.0
392.0
57.0
309.0
530.0
269.0
71.0
250.0
74.0
298.0
29.0
353.0
173.0
809.0
1346.0
572.0
360.0
1196.0
296.0
150.0
796.0
5183.0
5968.0
123.0
160.0
336.0
50.0
27.0
181.0
223.0
186.0
514.0
365.0
72.0
64.0
27.0
119.0
30.0
20.0
172.0
888.0
53.0
129.0
67.0
45.0
162.0
153.0
74.0
161.0
140.0
759.0
35.0
21.0
26.0
32.0
8.0
73.0
272.0
108.0
72.0
82.0
57.0
40.0
82.0
153.0
49.0
25.0
57.0
155.0
174.0
109.0
82.0
127.0
45.0
63.0
1519.0
55.0
59.0
66.0
26.0
155.0
285.0
32.0
262.0
128.0
251.0
78.0
139.0
790.0
217.0
71.0
1287.0
128.0
120.0
71.0
90.0
116.0
19.0
250.0
197.0
514.0
1310.0
34.0
520.0
120.0
184.0
47.0
329.0
257.0
362.0
59.0
310.0
510.0
280.0
74.0
234.0
75.0
301.0
29.0
353.0
158.0
808.0
1304.0
576.0
346.0
1159.0
293.0
144.0
827.0
5502.0
5866.0
121.0
172.0
311.0
51.0
28.0
187.0
217.0
191.0
498.0
367.0
72.0
64.0
25.0
119.0
31.0
19.0
169.0
862.0
51.0
127.0
67.0
43.0
161.0
142.0
76.0
161.0
146.0
799.0
35.0
20.0
24.0
30.0
8.0
75.0
262.0
112.0
70.0
87.0
59.0
37.0
89.0
148.0
45.0
25.0
56.0
160.0
158.0
102.0
80.0
136.0
48.0
62.0
1601.0
54.0
59.0
71.0
24.0
166.0
270.0
31.0
274.0
127.0
255.0
79.0
137.0
821.0
209.0
71.0
1261.0
133.0
122.0
70.0
94.0
118.0
20.0
268.0
198.0
514.0
1310.0
33.0
537.0
115.0
183.0
44.0
333.0
248.0
368.0
57.0
313.0
528.0
280.0
71.0
248.0
76.0
297.0
28.0
351.0
158.0
796.0
1330.0
553.0
357.0
1192.0
292.0
156.0
839.0
5160.0
5536.0
130.0
169.0
324.0
49.0
29.0
190.0
223.0
184.0
492.0
343.0
75.0
62.0
27.0
117.0
32.0
19.0
169.0
836.0
53.0
126.0
62.0
46.0
156.0
151.0
73.0
163.0
148.0
778.0
36.0
21.0
26.0
31.0
8.0
71.0
258.0
105.0
70.0
84.0
54.0
41.0
81.0
145.0
45.0
26.0
58.0
152.0
163.0
104.0
81.0
134.0
48.0
65.0
1644.0
55.0
56.0
69.0
25.0
153.0
297.0
33.0
280.0
123.0
235.0
82.0
134.0
791.0
214.0
67.0
1181.0
122.0
117.0
66.0
89.0
111.0
20.0
250.0
194.0
501.0
1325.0
33.0
536.0
115.0
190.0
44.0
327.0
258.0
391.0
57.0
290.0
547.0
294.0
75.0
232.0
75.0
285.0
29.0
356.0
173.0
836.0
1269.0
549.0
340.0
1169.0
289.0
157.0
829.0
5316.0
5784.0
122.0
157.0
313.0
50.0
28.0
183.0
226.0
189.0
521.0
359.0
78.0
66.0
26.0
117.0
31.0
20.0
174.0
852.0
48.0
130.0
67.0
46.0
152.0
147.0
71.0
152.0
139.0
781.0
36.0
20.0
25.0
32.0
8.0
72.0
260.0
107.0
70.0
85.0
59.0
41.0
86.0
146.0
45.0
26.0
57.0
151.0
163.0
110.0
86.0
129.0
44.0
67.0
1510.0
57.0
54.0
71.0
26.0
153.0
292.0
30.0
283.0
121.0
245.0
79.0
140.0
825.0
215.0
66.0
1276.0
123.0
118.0
72.0
92.0
119.0
20.0
252.0
200.0
482.0
1227.0
35.0
541.0
120.0
178.0
46.0
317.0
263.0
371.0
59.0
294.0
528.0
280.0
73.0
238.0
79.0
302.0
27.0
348.0
169.0
800.0
1288.0
560.0
331.0
1157.0
272.0
146.0
798.0
5119.0
6017.0
125.0
156.0
308.0
48.0
27.0
178.0
224.0
186.0
511.0
354.0
72.0
63.0
25.0
119.0
33.0
19.0
167.0
831.0
50.0
128.0
62.0
46.0
157.0
145.0
76.0
165.0
146.0
753.0
37.0
20.0
25.0
31.0
8.0
75.0
263.0
112.0
70.0
89.0
58.0
38.0
85.0
149.0
45.0
26.0
54.0
153.0
166.0
105.0
85.0
129.0
47.0
63.0
1515.0
58.0
54.0
67.0
25.0
162.0
294.0
32.0
271.0
127.0
257.0
78.0
136.0
808.0
218.0
70.0
1189.0
127.0
115.0
70.0
86.0
119.0
19.0
267.0
190.0
488.0
1318.0
35.0
546.0
109.0
177.0
44.0
328.0
269.0
390.0
58.0
302.0
507.0
289.0
76.0
244.0
76.0
283.0
28.0
374.0
163.0
782.0
1387.0
594.0
353.0
1106.0
287.0
150.0
791.0
5493.0
5697.0
127.0
159.0
329.0
49.0
28.0
188.0
224.0
185.0
483.0
358.0
75.0
62.0
25.0
125.0
33.0
19.0
164.0
895.0
53.0
119.0
67.0
45.0
164.0
152.0
75.0
160.0
139.0
763.0
35.0
20.0
24.0
29.0
8.0
69.0
268.0
112.0
73.0
82.0
57.0
41.0
84.0
142.0
45.0
26.0
56.0
148.0
161.0
105.0
80.0
128.0
46.0
64.0
1548.0
57.0
56.0
69.0
26.0
151.0
280.0
33.0
266.0
118.0
253.0
77.0
128.0
822.0
206.0
65.0
1166.0
124.0
127.0
69.0
88.0
113.0
19.0
252.0
201.0
475.0
1320.0
33.0
531.0
109.0
182.0
46.0
332.0
263.0
363.0
55.0
291.0
534.0
282.0
75.0
242.0
79.0
302.0
28.0
371.0
167.0
821.0
1381.0
543.0
355.0
1109.0
279.0
145.0
834.0
5136.0
5449.0
127.0
163.0
331.0
47.0
28.0
180.0
211.0
179.0
491.0
356.0
75.0
67.0
27.0
117.0
33.0
20.0
165.0
880.0
50.0
120.0
66.0
44.0
152.0
154.0
74.0
153.0
142.0
770.0
36.0
19.0
24.0
30.0
8.0
74.0
251.0
106.0
73.0
82.0
57.0
38.0
87.0
148.0
48.0
27.0
56.0
154.0
168.0
110.0
85.0
132.0
44.0
63.0
1658.0
56.0
55.0
66.0
25.0
156.0
292.0
33.0
282.0
130.0
257.0
82.0
134.0
789.0
224.0
67.0
1226.0
129.0
126.0
71.0
87.0
122.0
19.0
255.0
187.0
493.0
1256.0
33.0
558.0
118.0
179.0
45.0
340.0
262.0
364.0
56.0
295.0
525.0
286.0
72.0
249.0
82.0
291.0
28.0
373.0
162.0
834.0
1345.0
547.0
342.0
1176.0
297.0
154.0
825.0
5284.0
5792.0
126.0
168.0
313.0
47.0
27.0
181.0
206.0
180.0
497.0
351.0
73.0
64.0
26.0
119.0
32.0
20.0
171.0
857.0
52.0
124.0
67.0
46.0
162.0
148.0
70.0
159.0
152.0
762.0
37.0
20.0
25.0
32.0
8.0
70.0
273.0
110.0
72.0
91.0
54.0
41.0
83.0
144.0
47.0
27.0
54.0
151.0
169.0
107.0
83.0
128.0
44.0
61.0
1644.0
59.0
58.0
71.0
25.0
156.0
283.0
33.0
282.0
122.0
245.0
81.0
135.0
818.0
208.0
70.0
1164.0
134.0
115.0
67.0
86.0
117.0
19.0
252.0
200.0
485.0
1237.0
36.0
521.0
108.0
179.0
46.0
329.0
252.0
382.0
58.0
319.0
507.0
292.0
73.0
239.0
76.0
277.0
28.0
375.0
159.0
796.0
1360.0
550.0
344.0
1198.0
281.0
149.0
845.0
5160.0
5865.0
128.0
165.0
331.0
51.0
28.0
187.0
211.0
187.0
521.0
359.0
73.0
64.0
25.0
123.0
30.0
19.0
170.0
883.0
51.0
128.0
64.0
46.0
151.0
149.0
74.0
160.0
153.0
795.0
35.0
21.0
25.0
30.0
8.0
69.0
275.0
109.0
71.0
87.0
56.0
38.0
83.0
144.0
48.0
27.0
56.0
163.0
171.0
111.0
85.0
127.0
46.0
63.0
1530.0
58.0
58.0
68.0
25.0
161.0
273.0
31.0
286.0
121.0
257.0
83.0
138.0
775.0
216.0
69.0
1181.0
128.0
123.0
73.0
86.0
113.0
20.0
246.0
188.0
495.0
1280.0
34.0
520.0
111.0
191.0
47.0
348.0
261.0
391.0
60.0
310.0
533.0
290.0
76.0
245.0
80.0
289.0
29.0
353.0
173.0
778.0
1320.0
579.0
358.0
1165.0
300.0
149.0
831.0
5462.0
5886.0
124.0
165.0
308.0
49.0
28.0
185.0
224.0
185.0
481.0
365.0
75.0
65.0
27.0
119.0
31.0
20.0
179.0
836.0
53.0
124.0
66.0
43.0
160.0
154.0
69.0
163.0
153.0
743.0
36.0
21.0
26.0
30.0
8.0
70.0
260.0
106.0
70.0
87.0
54.0
41.0
88.0
151.0
47.0
27.0
54.0
159.0
160.0
103.0
84.0
138.0
47.0
65.0
1523.0
56.0
55.0
70.0
25.0
167.0
299.0
31.0
285.0
127.0
245.0
78.0
137.0
802.0
211.0
66.0
1281.0
130.0
122.0
68.0
86.0
119.0
20.0
265.0
187.0
482.0
1217.0
36.0
536.0
119.0
183.0
48.0
344.0
255.0
396.0
56.0
312.0
525.0
277.0
69.0
245.0
82.0
290.0
29.0
343.0
156.0
821.0
1363.0
555.0
341.0
1169.0
287.0
156.0
830.0
5422.0
5723.0
119.0
157.0
318.0
47.0
28.0
188.0
211.0
181.0
526.0
372.0
74.0
65.0
27.0
126.0
33.0
19.0
164.0
873.0
53.0
131.0
63.0
46.0
155.0
150.0
73.0
159.0
141.0
753.0
38.0
21.0
24.0
31.0
8.0
71.0
277.0
103.0
74.0
90.0
54.0
39.0
87.0
143.0
45.0
25.0
55.0
154.0
158.0
109.0
85.0
131.0
45.0
61.0
1602.0
56.0
57.0
65.0
26.0
151.0
292.0
33.0
276.0
128.0
245.0
83.0
133.0
752.0
204.0
71.0
1220.0
127.0
124.0
72.0
90.0
116.0
19.0
260.0
194.0
474.0
1333.0
36.0
550.0
112.0
175.0
47.0
333.0
252.0
375.0
58.0
290.0
527.0
284.0
71.0
232.0
76.0
299.0
28.0
366.0
164.0
811.0
1278.0
559.0
335.0
1109.0
290.0
144.0
819.0
4989.0
6033.0
131.0
171.0
332.0
49.0
27.0
185.0
224.0
194.0
490.0
373.0
74.0
66.0
27.0
124.0
33.0
20.0
173.0
870.0
50.0
131.0
67.0
43.0
151.0
142.0
70.0
155.0
142.0
732.0
36.0
21.0
26.0
32.0
8.0
76.0
273.0
110.0
73.0
85.0
57.0
41.0
87.0
152.0
48.0
27.0
54.0
160.0
170.0
105.0
80.0
134.0
45.0
64.0
1595.0
55.0
58.0
71.0
24.0
158.0
287.0
31.0
284.0
122.0
243.0
79.0
128.0
808.0
204.0
67.0
1282.0
129.0
117.0
71.0
89.0
113.0
20.0
249.0
207.0
505.0
1292.0
35.0
550.0
112.0
186.0
48.0
325.0
258.0
373.0
56.0
289.0
559.0
284.0
74.0
246.0
76.0
284.0
29.0
357.0
172.0
809.0
1300.0
570.0
357.0
1087.0
295.0
156.0
837.0
5100.0
5885.0
122.0
160.0
324.0
48.0
28.0
186.0
215.0
196.0
486.0
350.0
77.0
63.0
27.0
120.0
31.0
20.0
178.0
868.0
52.0
119.0
62.0
46.0
160.0
154.0
75.0
166.0
143.0
793.0
35.0
20.0
24.0
30.0
8.0
75.0
277.0
104.0
70.0
84.0
59.0
39.0
88.0
143.0
47.0
26.0
57.0
158.0
175.0
104.0
87.0
131.0
44.0
63.0
1623.0
54.0
57.0
70.0
24.0
161.0
287.0
31.0
261.0
126.0
240.0
82.0
128.0
798.0
221.0
65.0
1221.0
124.0
122.0
72.0
88.0
118.0
20.0
254.0
205.0
469.0
1320.0
33.0
543.0
115.0
188.0
44.0
322.0
256.0
384.0
60.0
319.0
550.0
267.0
73.0
251.0
80.0
288.0
27.0
349.0
166.0
839.0
1338.0
563.0
336.0
1174.0
277.0
150.0
874.0
5201.0
6009.0
119.0
170.0
329.0
47.0
29.0
175.0
204.0
187.0
530.0
338.0
77.0
63.0
27.0
127.0
33.0
19.0
176.0
861.0
52.0
127.0
64.0
46.0
164.0
146.0
74.0
163.0
141.0
770.0
37.0
21.0
24.0
29.0
8.0
69.0
274.0
105.0
69.0
87.0
59.0
40.0
82.0
144.0
45.0
27.0
54.0
161.0
169.0
110.0
87.0
135.0
47.0
62.0
1516.0
54.0
59.0
68.0
26.0
153.0
281.0
32.0
277.0
123.0
239.0
78.0
140.0
763.0
203.0
65.0
1176.0
123.0
125.0
71.0
86.0
119.0
19.0
257.0
195.0
498.0
1226.0
33.0
518.0
115.0
179.0
48.0
321.0
248.0
370.0
57.0
300.0
530.0
293.0
70.0
240.0
74.0
286.0
28.0
348.0
159.0
816.0
1268.0
562.0
349.0
1123.0
277.0
149.0
807.0
5040.0
5868.0
119.0
162.0
335.0
49.0
27.0
179.0
213.0
192.0
504.0
350.0
73.0
62.0
26.0
120.0
33.0
19.0
163.0
893.0
53.0
120.0
67.0
42.0
166.0
146.0
75.0
159.0
143.0
794.0
35.0
21.0
26.0
32.0
8.0
76.0
251.0
109.0
69.0
85.0
55.0
41.0
89.0
153.0
45.0
27.0
58.0
152.0
173.0
102.0
79.0
133.0
46.0
61.0
1524.0
58.0
59.0
67.0
25.0
152.0
296.0
31.0
268.0
121.0
257.0
81.0
141.0
827.0
213.0
66.0
1206.0
130.0
124.0
72.0
93.0
118.0
19.0
248.0
200.0
470.0
1303.0
33.0
539.0
116.0
191.0
47.0
332.0
263.0
365.0
59.0
316.0
546.0
272.0
73.0
236.0
78.0
302.0
29.0
344.0
173.0
841.0
1321.0
592.0
342.0
1145.0
275.0
145.0
819.0
5204.0
5808.0
128.0
173.0
305.0
49.0
28.0
182.0
204.0
196.0
517.0
346.0
75.0
64.0
26.0
128.0
32.0
20.0
174.0
836.0
50.0
125.0
62.0
42.0
153.0
145.0
74.0
156.0
149.0
729.0
37.0
20.0
25.0
30.0
8.0
70.0
264.0
107.0
74.0
87.0
57.0
39.0
84.0
145.0
48.0
25.0
57.0
157.0
161.0
101.0
87.0
139.0
45.0
62.0
1650.0
54.0
59.0
68.0
25.0
162.0
289.0
32.0
270.0
123.0
250.0
79.0
141.0
813.0
208.0
69.0
1247.0
123.0
127.0
71.0
94.0
118.0
20.0
250.0
192.0
481.0
1297.0
35.0
529.0
110.0
185.0
46.0
330.0
257.0
384.0
58.0
295.0
535.0
283.0
76.0
230.0
79.0
290.0
27.0
359.0
162.0
801.0
1266.0
590.0
345.0
1168.0
299.0
145.0
795.0
5425.0
5788.0
127.0
167.0
331.0
49.0
29.0
180.0
224.0
194.0
520.0
350.0
73.0
64.0
27.0
128.0
32.0
20.0
178.0
880.0
48.0
127.0
67.0
42.0
165.0
151.0
74.0
161.0
151.0
769.0
35.0
20.0
24.0
30.0
8.0
75.0
256.0
105.0
73.0
88.0
58.0
39.0
85.0
151.0
49.0
26.0
54.0
163.0
169.0
100.0
82.0
134.0
46.0
67.0
1518.0
59.0
58.0
69.0
24.0
167.0
293.0
33.0
281.0
125.0
248.0
83.0
133.0
775.0
218.0
67.0
1286.0
122.0
126.0
71.0
86.0
113.0
20.0
261.0
192.0
478.0
1281.0
33.0
519.0
115.0
184.0
44.0
349.0
255.0
369.0
57.0
291.0
551.0
273.0
71.0
235.0
82.0
278.0
29.0
348.0
166.0
822.0
1367.0
599.0
357.0
1171.0
290.0
159.0
849.0
5331.0
5629.0
127.0
160.0
314.0
49.0
29.0
185.0
226.0
191.0
515.0
346.0
77.0
66.0
26.0
122.0
33.0
18.0
179.0
872.0
53.0
131.0
65.0
43.0
153.0
143.0
72.0
154.0
148.0
773.0
38.0
21.0
26.0
30.0
8.0
73.0
260.0
113.0
69.0
89.0
58.0
41.0
81.0
152.0
45.0
26.0
54.0
151.0
162.0
104.0
86.0
132.0
44.0
61.0
1533.0
55.0
59.0
67.0
26.0
155.0
296.0
31.0
262.0
129.0
241.0
83.0
130.0
752.0
209.0
68.0
1186.0
128.0
119.0
70.0
92.0
121.0
19.0
256.0
193.0
468.0
1251.0
33.0
558.0
119.0
180.0
48.0
323.0
253.0
389.0
56.0
297.0
509.0
272.0
70.0
254.0
82.0
296.0
28.0
367.0
160.0
796.0
1377.0
566.0
362.0
1180.0
296.0
151.0
814.0
5294.0
5819.0
118.0
166.0
309.0
49.0
27.0
182.0
220.0
181.0
498.0
354.0
72.0
63.0
27.0
116.0
30.0
19.0
178.0
841.0
51.0
118.0
63.0
44.0
154.0
146.0
73.0
166.0
148.0
766.0
36.0
21.0
24.0
32.0
8.0
75.0
266.0
112.0
72.0
89.0
59.0
41.0
82.0
145.0
48.0
25.0
55.0
159.0
174.0
110.0
86.0
136.0
47.0
61.0
1648.0
57.0
55.0
70.0
25.0
159.0
271.0
33.0
272.0
120.0
257.0
76.0
135.0
807.0
218.0
68.0
1177.0
125.0
118.0
70.0
91.0
121.0
20.0
249.0
190.0
501.0
1279.0
33.0
521.0
117.0
187.0
48.0
340.0
252.0
396.0
61.0
310.0
512.0
281.0
74.0
235.0
80.0
302.0
28.0
366.0
161.0
811.0
1325.0
561.0
342.0
1160.0
286.0
157.0
803.0
5140.0
5655.0
122.0
165.0
331.0
50.0
29.0
191.0
221.0
195.0
530.0
369.0
73.0
67.0
25.0
119.0
33.0
19.0
178.0
822.0
50.0
125.0
66.0
42.0
162.0
144.0
76.0
160.0
144.0
802.0
38.0
21.0
24.0
31.0
8.0
71.0
253.0
104.0
73.0
91.0
58.0
41.0
84.0
153.0
46.0
25.0
54.0
164.0
165.0
111.0
79.0
129.0
48.0
63.0
1581.0
56.0
58.0
70.0
24.0
154.0
284.0
33.0
276.0
119.0
257.0
78.0
130.0
774.0
211.0
69.0
1210.0
130.0
126.0
71.0
90.0
120.0
18.0
272.0
199.0
515.0
1311.0
33.0
507.0
118.0
189.0
48.0
321.0
249.0
381.0
60.0
300.0
522.0
295.0
75.0
235.0
76.0
274.0
29.0
352.0
160.0
769.0
1386.0
542.0
331.0
1123.0
301.0
156.0
803.0
5287.0
5920.0
119.0
159.0
315.0
47.0
28.0
175.0
222.0
192.0
492.0
341.0
75.0
61.0
27.0
117.0
31.0
19.0
175.0
899.0
51.0
131.0
61.0
45.0
158.0
146.0
70.0
168.0
146.0
774.0
38.0
21.0
25.0
30.0
8.0
75.0
265.0
110.0
74.0
86.0
54.0
37.0
84.0
140.0
48.0
27.0
54.0
158.0
166.0
104.0
86.0
127.0
45.0
64.0
1550.0
58.0
56.0
71.0
26.0
152.0
282.0
32.0
276.0
127.0
258.0
80.0
135.0
811.0
207.0
67.0
1172.0
129.0
123.0
68.0
94.0
122.0
20.0
251.0
194.0
469.0
1283.0
36.0
516.0
120.0
181.0
47.0
339.0
250.0
384.0
59.0
317.0
517.0
280.0
69.0
248.0
75.0
283.0
29.0
349.0
169.0
787.0
1341.0
568.0
330.0
1180.0
300.0
144.0
849.0
5039.0
5934.0
125.0
167.0
317.0
47.0
27.0
189.0
206.0
188.0
531.0
344.0
75.0
63.0
27.0
128.0
32.0
20.0
178.0
884.0
51.0
130.0
62.0
46.0
156.0
144.0
73.0
154.0
147.0
774.0
38.0
21.0
25.0
32.0
8.0
74.0
274.0
110.0
72.0
88.0
56.0
38.0
83.0
149.0
48.0
25.0
54.0
154.0
167.0
101.0
86.0
126.0
47.0
62.0
1625.0
57.0
55.0
68.0
26.0
158.0
273.0
32.0
262.0
127.0
236.0
82.0
130.0
825.0
206.0
69.0
1249.0
127.0
123.0
68.0
89.0
117.0
20.0
247.0
206.0
509.0
1232.0
35.0
512.0
109.0
178.0
45.0
330.0
270.0
397.0
60.0
311.0
551.0
274.0
75.0
230.0
75.0
290.0
27.0
346.0
167.0
810.0
1282.0
559.0
335.0
1154.0
280.0
144.0
828.0
5065.0
5489.0
120.0
170.0
321.0
48.0
27.0
192.0
226.0
179.0
484.0
353.0
76.0
61.0
26.0
118.0
33.0
20.0
179.0
886.0
53.0
131.0
62.0
43.0
165.0
140.0
71.0
157.0
140.0
762.0
35.0
20.0
24.0
32.0
8.0
75.0
269.0
108.0
67.0
83.0
55.0
39.0
84.0
147.0
48.0
26.0
57.0
153.0
163.0
107.0
83.0
134.0
46.0
64.0
1662.0
56.0
54.0
67.0
24.0
152.0
298.0
33.0
284.0
121.0
237.0
77.0
128.0
807.0
212.0
71.0
1267.0
130.0
116.0
69.0
93.0
115.0
20.0
268.0
189.0
486.0
1227.0
34.0
549.0
111.0
189.0
47.0
348.0
248.0
386.0
60.0
303.0
532.0
277.0
70.0
242.0
78.0
302.0
28.0
373.0
157.0
819.0
1362.0
588.0
356.0
1127.0
300.0
148.0
806.0
5225.0
5442.0
125.0
157.0
329.0
51.0
28.0
193.0
215.0
182.0
509.0
350.0
75.0
65.0
26.0
117.0
31.0
19.0
166.0
874.0
53.0
122.0
64.0
44.0
152.0
143.0
70.0
161.0
149.0
742.0
35.0
20.0
24.0
30.0
8.0
70.0
250.0
111.0
67.0
82.0
57.0
39.0
85.0
140.0
47.0
25.0
56.0
162.0
167.0
106.0
83.0
130.0
47.0
67.0
1526.0
59.0
59.0
66.0
26.0
165.0
288.0
31.0
268.0
129.0
240.0
76.0
131.0
775.0
222.0
68.0
1221.0
133.0
127.0
69.0
86.0
117.0
20.0
257.0
202.0
503.0
1256.0
34.0
530.0
111.0
184.0
45.0
326.0
257.0
388.0
58.0
315.0
556.0
269.0
76.0
234.0
82.0
302.0
27.0
351.0
173.0
844.0
1342.0
596.0
335.0
1164.0
292.0
149.0
791.0
5052.0
5690.0
126.0
163.0
311.0
51.0
27.0
194.0
214.0
182.0
521.0
356.0
79.0
61.0
27.0
121.0
33.0
20.0
168.0
879.0
53.0
125.0
65.0
46.0
152.0
145.0
71.0
163.0
149.0
743.0
36.0
20.0
26.0
31.0
8.0
73.0
272.0
109.0
71.0
86.0
56.0
39.0
86.0
143.0
46.0
25.0
53.0
150.0
161.0
105.0
79.0
138.0
47.0
65.0
1638.0
57.0
59.0
66.0
26.0
160.0
274.0
30.0
285.0
123.0
247.0
83.0
128.0
827.0
216.0
71.0
1216.0
131.0
117.0
69.0
89.0
114.0
20.0
268.0
207.0
493.0
1223.0
36.0
526.0
118.0
175.0
46.0
351.0
266.0
367.0
57.0
303.0
547.0
287.0
75.0
253.0
75.0
296.0
28.0
339.0
169.0
802.0
1284.0
551.0
355.0
1145.0
280.0
144.0
791.0
5482.0
5481.0
121.0
169.0
321.0
51.0
29.0
186.0
216.0
179.0
496.0
369.0
78.0
64.0
26.0
122.0
33.0
18.0
174.0
897.0
48.0
131.0
62.0
43.0
152.0
145.0
69.0
160.0
153.0
795.0
37.0
21.0
26.0
30.0
8.0
72.0
267.0
106.0
68.0
88.0
54.0
41.0
88.0
142.0
45.0
26.0
54.0
164.0
166.0
107.0
84.0
127.0
47.0
65.0
1625.0
54.0
59.0
68.0
26.0
165.0
282.0
33.0
265.0
125.0
235.0
77.0
130.0
780.0
209.0
71.0
1180.0
127.0
115.0
67.0
89.0
122.0
20.0
258.0
204.0
487.0
1271.0
35.0
532.0
116.0
178.0
45.0
347.0
266.0
388.0
57.0
309.0
539.0
294.0
69.0
242.0
81.0
282.0
28.0
347.0
161.0
830.0
1287.0
569.0
349.0
1177.0
291.0
151.0
815.0
5072.0
5688.0
129.0
163.0
318.0
50.0
27.0
190.0
218.0
191.0
530.0
351.0
76.0
65.0
26.0
117.0
33.0
18.0
162.0
841.0
52.0
122.0
67.0
45.0
154.0
150.0
70.0
159.0
151.0
793.0
35.0
20.0
25.0
30.0
8.0
71.0
259.0
104.0
74.0
91.0
56.0
40.0
87.0
147.0
48.0
27.0
53.0
148.0
162.0
101.0
80.0
134.0
44.0
63.0
1553.0
58.0
54.0
71.0
26.0
161.0
270.0
33.0
268.0
130.0
257.0
79.0
138.0
790.0
224.0
65.0
1204.0
129.0
123.0
66.0
92.0
112.0
19.0
247.0
197.0
472.0
1301.0
34.0
552.0
108.0
186.0
47.0
319.0
266.0
389.0
58.0
293.0
520.0
292.0
74.0
231.0
79.0
287.0
29.0
352.0
161.0
823.0
1265.0
597.0
355.0
1194.0
278.0
157.0
853.0
5052.0
5617.0
123.0
156.0
334.0
50.0
28.0
180.0
207.0
183.0
513.0
349.0
73.0
61.0
27.0
123.0
33.0
19.0
171.0
896.0
53.0
124.0
63.0
46.0
167.0
153.0
71.0
168.0
142.0
801.0
38.0
20.0
26.0
30.0
8.0
70.0
261.0
106.0
69.0
83.0
59.0
37.0
83.0
147.0
49.0
27.0
53.0
154.0
161.0
108.0
86.0
134.0
48.0
64.0
1588.0
59.0
59.0
65.0
25.0
153.0
294.0
32.0
264.0
130.0
238.0
79.0
141.0
788.0
204.0
69.0
1264.0
127.0
122.0
70.0
94.0
117.0
20.0
266.0
206.0
490.0
1318.0
34.0
541.0
113.0
181.0
45.0
319.0
257.0
377.0
61.0
299.0
511.0
279.0
69.0
241.0
74.0
276.0
27.0
353.0
172.0
828.0
1382.0
545.0
350.0
1088.0
279.0
159.0
869.0
5100.0
5766.0
122.0
169.0
335.0
47.0
27.0
185.0
226.0
181.0
526.0
366.0
77.0
62.0
26.0
124.0
33.0
19.0
166.0
859.0
50.0
121.0
63.0
45.0
164.0
144.0
74.0
164.0
147.0
775.0
37.0
20.0
25.0
31.0
8.0
73.0
251.0
110.0
72.0
88.0
56.0
38.0
84.0
150.0
49.0
27.0
55.0
149.0
166.0
109.0
84.0
126.0
45.0
67.0
1640.0
57.0
58.0
66.0
25.0
151.0
293.0
32.0
270.0
120.0
241.0
82.0
132.0
760.0
219.0
65.0
1248.0
129.0
117.0
67.0
91.0
111.0
20.0
264.0
204.0
473.0
1265.0
35.0
516.0
117.0
176.0
45.0
328.0
254.0
367.0
61.0
297.0
554.0
273.0
71.0
232.0
77.0
289.0
27.0
361.0
163.0
784.0
1291.0
551.0
338.0
1139.0
298.0
157.0
797.0
5038.0
5757.0
130.0
169.0
336.0
47.0
29.0
186.0
215.0
193.0
482.0
369.0
77.0
67.0
27.0
121.0
32.0
19.0
172.0
876.0
52.0
126.0
63.0
46.0
151.0
150.0
76.0
159.0
143.0
776.0
38.0
19.0
26.0
31.0
8.0
75.0
267.0
112.0
74.0
89.0
58.0
38.0
89.0
139.0
46.0
25.0
55.0
157.0
158.0
109.0
82.0
135.0
48.0
63.0
1602.0
56.0
57.0
66.0
26.0
152.0
285.0
32.0
285.0
124.0
240.0
81.0
128.0
828.0
204.0
71.0
1251.0
122.0
115.0
73.0
89.0
121.0
20.0
256.0
202.0
488.0
1246.0
33.0
534.0
118.0
180.0
45.0
340.0
245.0
392.0
61.0
305.0
552.0
274.0
73.0
254.0
79.0
299.0
28.0
368.0
161.0
798.0
1359.0
593.0
357.0
1143.0
281.0
148.0
810.0
5100.0
5568.0
129.0
164.0
336.0
48.0
28.0
185.0
205.0
185.0
508.0
359.0
76.0
67.0
26.0
119.0
31.0
19.0
163.0
828.0
50.0
125.0
65.0
43.0
151.0
145.0
69.0
161.0
153.0
756.0
35.0
20.0
26.0
32.0
8.0
69.0
259.0
109.0
67.0
82.0
54.0
41.0
84.0
146.0
49.0
27.0
58.0
163.0
166.0
106.0
86.0
130.0
45.0
63.0
1651.0
57.0
55.0
66.0
24.0
167.0
293.0
31.0
285.0
122.0
239.0
77.0
128.0
788.0
222.0
65.0
1214.0
133.0
116.0
69.0
88.0
119.0
20.0
247.0
203.0
513.0
1266.0
35.0
508.0
114.0
185.0
47.0
317.0
256.0
394.0
58.0
295.0
529.0
276.0
74.0
238.0
76.0
297.0
27.0
370.0
160.0
829.0
1322.0
587.0
328.0
1179.0
278.0
156.0
827.0
5332.0
5604.0
128.0
171.0
311.0
47.0
29.0
191.0
210.0
193.0
486.0
375.0
74.0
66.0
27.0
117.0
31.0
20.0
168.0
824.0
49.0
124.0
63.0
44.0
163.0
153.0
75.0
157.0
146.0
733.0
38.0
21.0
26.0
30.0
8.0
74.0
277.0
110.0
70.0
85.0
56.0
40.0
81.0
149.0
47.0
26.0
57.0
156.0
161.0
102.0
83.0
127.0
46.0
63.0
1633.0
54.0
56.0
70.0
24.0
160.0
270.0
33.0
274.0
119.0
244.0
77.0
132.0
771.0
215.0
66.0
1209.0
125.0
117.0
69.0
94.0
112.0
19.0
272.0
206.0
479.0
1316.0
35.0
535.0
117.0
179.0
48.0
342.0
249.0
381.0
56.0
317.0
505.0
268.0
69.0
250.0
79.0
300.0
29.0
346.0
160.0
845.0
1281.0
595.0
351.0
1166.0
286.0
148.0
803.0
5336.0
5598.0
125.0
173.0
314.0
50.0
29.0
184.0
208.0
195.0
533.0
355.0
73.0
66.0
26.0
121.0
32.0
19.0
173.0
830.0
52.0
125.0
62.0
46.0
152.0
150.0
74.0
168.0
153.0
787.0
35.0
20.0
25.0
31.0
8.0
70.0
266.0
110.0
71.0
91.0
57.0
40.0
81.0
152.0
47.0
27.0
55.0
160.0
164.0
109.0
80.0
126.0
48.0
62.0
1587.0
58.0
56.0
65.0
24.0
166.0
291.0
32.0
283.0
118.0
240.0
77.0
129.0
798.0
220.0
67.0
1252.0
127.0
117.0
72.0
90.0
118.0
19.0
269.0
189.0
503.0
1279.0
36.0
549.0
110.0
179.0
48.0
342.0
258.0
381.0
60.0
315.0
540.0
290.0
73.0
243.0
77.0
292.0
27.0
357.0
166.0
773.0
1255.0
586.0
360.0
1119.0
294.0
144.0
810.0
5198.0
6020.0
124.0
171.0
314.0
50.0
27.0
176.0
225.0
180.0
521.0
341.0
75.0
66.0
27.0
125.0
32.0
20.0
168.0
845.0
51.0
121.0
65.0
43.0
155.0
144.0
74.0
159.0
146.0
758.0
38.0
21.0
24.0
32.0
8.0
71.0
269.0
102.0
73.0
82.0
54.0
38.0
83.0
149.0
49.0
27.0
56.0
148.0
160.0
106.0
87.0
132.0
45.0
61.0
1517.0
55.0
54.0
67.0
25.0
157.0
285.0
33.0
287.0
124.0
259.0
75.0
128.0
786.0
224.0
64.0
1244.0
126.0
115.0
71.0
86.0
112.0
20.0
246.0
201.0
476.0
1272.0
33.0
518.0
118.0
175.0
44.0
322.0
266.0
381.0
59.0
302.0
547.0
286.0
71.0
242.0
81.0
291.0
28.0
364.0
166.0
785.0
1349.0
551.0
351.0
1122.0
276.0
148.0
843.0
5219.0
5653.0
131.0
167.0
328.0
49.0
28.0
190.0
208.0
177.0
523.0
361.0
75.0
65.0
27.0
121.0
31.0
20.0
162.0
878.0
48.0
128.0
61.0
42.0
155.0
155.0
75.0
152.0
148.0
747.0
36.0
20.0
26.0
30.0
8.0
72.0
277.0
111.0
70.0
83.0
54.0
41.0
81.0
154.0
46.0
26.0
53.0
159.0
169.0
104.0
84.0
128.0
46.0
66.0
1546.0
58.0
58.0
67.0
25.0
158.0
280.0
31.0
260.0
119.0
255.0
77.0
137.0
808.0
220.0
66.0
1280.0
129.0
115.0
71.0
88.0
115.0
20.0
265.0
197.0
512.0
1302.0
36.0
519.0
108.0
181.0
44.0
332.0
269.0
384.0
59.0
293.0
513.0
272.0
69.0
249.0
80.0
297.0
28.0
352.0
173.0
840.0
1323.0
553.0
356.0
1185.0
296.0
155.0
795.0
5009.0
5960.0
127.0
164.0
331.0
49.0
27.0
181.0
205.0
193.0
490.0
345.0
74.0
67.0
27.0
123.0
32.0
19.0
175.0
823.0
51.0
121.0
61.0
43.0
161.0
141.0
74.0
166.0
141.0
798.0
35.0
21.0
24.0
29.0
8.0
74.0
272.0
103.0
70.0
88.0
59.0
41.0
86.0
154.0
46.0
27.0
57.0
149.0
169.0
106.0
86.0
131.0
44.0
63.0
1637.0
58.0
58.0
70.0
26.0
155.0
280.0
31.0
284.0
130.0
249.0
79.0
138.0
783.0
210.0
67.0
1169.0
125.0
123.0
72.0
92.0
116.0
20.0
260.0
188.0
507.0
1312.0
36.0
547.0
117.0
189.0
45.0
341.0
257.0
363.0
61.0
290.0
544.0
269.0
75.0
238.0
79.0
296.0
27.0
371.0
167.0
830.0
1278.0
597.0
352.0
1146.0
281.0
145.0
833.0
5376.0
5919.0
129.0
161.0
323.0
48.0
29.0
192.0
204.0
187.0
526.0
375.0
77.0
64.0
25.0
125.0
32.0
20.0
164.0
888.0
49.0
120.0
66.0
45.0
160.0
147.0
75.0
163.0
149.0
751.0
36.0
20.0
26.0
30.0
8.0
73.0
269.0
108.0
69.0
85.0
58.0
38.0
89.0
151.0
45.0
27.0
54.0
160.0
158.0
107.0
84.0
134.0
47.0
63.0
1616.0
58.0
58.0
66.0
24.0
161.0
284.0
33.0
261.0
126.0
252.0
83.0
133.0
787.0
213.0
66.0
1287.0
130.0
120.0
70.0
89.0
111.0
20.0
253.0
207.0
490.0
1258.0
36.0
534.0
112.0
183.0
46.0
348.0
261.0
380.0
59.0
305.0
548.0
284.0
70.0
252.0
75.0
296.0
28.0
367.0
172.0
810.0
1335.0
570.0
350.0
1196.0
292.0
153.0
847.0
4993.0
5534.0
128.0
172.0
303.0
49.0
27.0
182.0
226.0
195.0
532.0
363.0
79.0
62.0
26.0
124.0
32.0
20.0
176.0
827.0
53.0
130.0
63.0
44.0
156.0
155.0
75.0
165.0
143.0
766.0
36.0
21.0
26.0
30.0
8.0
71.0
257.0
105.0
68.0
86.0
58.0
41.0
89.0
145.0
48.0
25.0
56.0
152.0
173.0
107.0
82.0
126.0
48.0
63.0
1584.0
59.0
57.0
68.0
25.0
158.0
275.0
33.0
288.0
123.0
252.0
77.0
130.0
785.0
205.0
65.0
1218.0
132.0
122.0
72.0
92.0
116.0
19.0
261.0
190.0
479.0
1251.0
33.0
514.0
110.0
175.0
45.0
341.0
252.0
394.0
59.0
305.0
516.0
295.0
76.0
247.0
74.0
297.0
28.0
350.0
156.0
829.0
1260.0
550.0
350.0
1105.0
281.0
150.0
807.0
5500.0
5588.0
127.0
163.0
305.0
47.0
29.0
194.0
216.0
184.0
493.0
368.0
74.0
66.0
26.0
128.0
32.0
20.0
179.0
836.0
53.0
123.0
62.0
46.0
153.0
154.0
75.0
154.0
145.0
738.0
36.0
21.0
26.0
29.0
8.0
75.0
262.0
108.0
68.0
88.0
55.0
40.0
82.0
142.0
47.0
25.0
54.0
156.0
174.0
109.0
84.0
130.0
44.0
65.0
1544.0
56.0
57.0
65.0
24.0
165.0
278.0
32.0
276.0
120.0
260.0
82.0
138.0
754.0
220.0
69.0
1203.0
134.0
120.0
73.0
91.0
121.0
19.0
265.0
204.0
158.0
172.0
143.0
139.0
426.0
154.0
147.0
167.0
138.0
147.0
142.0
169.0
170.0
153.0
143.0
156.0
159.0
161.0
460.0
137.0
140.0
157.0
173.0
165.0
171.0
174.0
172.0
424.0
153.0
144.0
136.0
143.0
166.0
164.0
141.0
148.0
140.0
167.0
151.0
143.0
143.0
160.0
158.0
147.0
131.0
415.0
161.0
152.0
476.0
157.0
148.0
137.0
166.0
162.0
137.0
130.0
153.0
144.0
392.0
149.0
171.0
170.0
154.0
176.0
144.0
139.0
166.0
147.0
135.0
163.0
135.0
150.0
176.0
145.0
143.0
167.0
484.0
132.0
163.0
134.0
162.0
154.0
166.0
165.0
130.0
158.0
490.0
157.0
465.0
171.0
420.0
441.0
411.0
405.0
404.0
409.0
377.0
415.0
480.0
140.0
167.0
139.0
151.0
133.0
132.0
175.0
167.0
157.0
190.0
190.0
143.0
166.0
492.0
140.0
131.0
160.0
151.0
143.0
152.0
147.0
168.0
136.0
151.0
161.0
131.0
176.0
430.0
132.0
164.0
146.0
137.0
164.0
138.0
169.0
144.0
376.0
175.0
135.0
167.0
170.0
166.0
140.0
141.0
145.0
175.0
136.0
144.0
136.0
174.0
153.0
130.0
113.0
151.0
481.0
176.0
157.0
396.0
134.0
159.0
172.0
172.0
177.0
159.0
175.0
155.0
140.0
396.0
173.0
172.0
174.0
141.0
143.0
176.0
171.0
153.0
152.0
176.0
170.0
169.0
148.0
163.0
146.0
119.0
161.0
397.0
165.0
151.0
137.0
167.0
149.0
160.0
149.0
161.0
164.0
475.0
162.0
438.0
161.0
455.0
492.0
476.0
445.0
480.0
395.0
430.0
440.0
491.0
148.0
163.0
162.0
167.0
140.0
147.0
174.0
173.0
131.0
186.0
189.0
140.0
162.0
465.0
165.0
139.0
144.0
146.0
173.0
176.0
131.0
146.0
158.0
171.0
150.0
158.0
130.0
470.0
143.0
130.0
160.0
162.0
143.0
135.0
139.0
154.0
419.0
176.0
164.0
152.0
150.0
162.0
151.0
146.0
146.0
170.0
151.0
153.0
135.0
156.0
152.0
167.0
149.0
148.0
390.0
168.0
153.0
454.0
133.0
151.0
161.0
157.0
136.0
167.0
169.0
153.0
165.0
424.0
150.0
132.0
139.0
153.0
176.0
153.0
148.0
171.0
169.0
132.0
130.0
146.0
159.0
144.0
143.0
137.0
160.0
458.0
171.0
153.0
135.0
158.0
152.0
160.0
170.0
165.0
157.0
431.0
170.0
433.0
176.0
390.0
464.0
443.0
405.0
364.0
397.0
482.0
446.0
454.0
169.0
177.0
156.0
141.0
152.0
172.0
173.0
157.0
148.0
199.0
196.0
167.0
149.0
449.0
132.0
158.0
136.0
159.0
144.0
147.0
161.0
143.0
148.0
154.0
161.0
138.0
134.0
427.0
170.0
164.0
172.0
161.0
157.0
166.0
146.0
146.0
448.0
137.0
175.0
146.0
164.0
169.0
148.0
153.0
142.0
135.0
151.0
133.0
133.0
170.0
138.0
175.0
143.0
139.0
475.0
146.0
152.0
472.0
133.0
170.0
169.0
161.0
168.0
157.0
146.0
131.0
147.0
435.0
130.0
142.0
161.0
149.0
142.0
144.0
177.0
151.0
168.0
137.0
154.0
139.0
133.0
160.0
174.0
120.0
146.0
400.0
137.0
174.0
144.0
142.0
174.0
156.0
143.0
150.0
158.0
397.0
133.0
372.0
169.0
432.0
473.0
481.0
426.0
494.0
494.0
429.0
397.0
424.0
130.0
177.0
173.0
163.0
173.0
168.0
171.0
143.0
160.0
204.0
180.0
166.0
156.0
466.0
175.0
155.0
171.0
163.0
157.0
156.0
166.0
166.0
163.0
163.0
148.0
143.0
155.0
379.0
130.0
144.0
165.0
147.0
136.0
168.0
163.0
169.0
402.0
169.0
142.0
160.0
165.0
135.0
134.0
159.0
145.0
145.0
157.0
144.0
147.0
139.0
157.0
148.0
117.0
162.0
394.0
145.0
147.0
382.0
138.0
159.0
172.0
139.0
149.0
135.0
145.0
171.0
165.0
414.0
144.0
171.0
176.0
134.0
173.0
146.0
158.0
161.0
134.0
154.0
176.0
176.0
138.0
163.0
160.0
141.0
134.0
371.0
155.0
154.0
154.0
166.0
156.0
138.0
146.0
152.0
139.0
458.0
134.0
425.0
145.0
472.0
364.0
460.0
489.0
463.0
393.0
457.0
456.0
408.0
137.0
162.0
152.0
143.0
170.0
134.0
151.0
163.0
140.0
200.0
207.0
140.0
134.0
370.0
134.0
145.0
160.0
132.0
154.0
147.0
174.0
133.0
159.0
140.0
176.0
131.0
166.0
393.0
132.0
174.0
163.0
158.0
138.0
174.0
139.0
156.0
449.0
145.0
169.0
159.0
151.0
167.0
175.0
146.0
151.0
155.0
131.0
158.0
141.0
161.0
169.0
149.0
142.0
138.0
403.0
144.0
167.0
377.0
135.0
152.0
157.0
146.0
176.0
164.0
164.0
136.0
156.0
483.0
132.0
157.0
150.0
173.0
149.0
145.0
138.0
163.0
156.0
148.0
176.0
148.0
141.0
168.0
135.0
125.0
151.0
440.0
133.0
155.0
157.0
135.0
148.0
174.0
149.0
176.0
152.0
429.0
169.0
483.0
165.0
375.0
394.0
385.0
371.0
399.0
377.0
469.0
404.0
378.0
153.0
154.0
150.0
134.0
174.0
169.0
150.0
175.0
152.0
163.0
155.0
133.0
156.0
364.0
139.0
154.0
131.0
158.0
146.0
141.0
153.0
167.0
145.0
159.0
166.0
161.0
148.0
449.0
149.0
148.0
155.0
147.0
131.0
153.0
145.0
137.0
413.0
172.0
151.0
144.0
143.0
139.0
153.0
172.0
159.0
161.0
173.0
162.0
147.0
162.0
151.0
163.0
118.0
137.0
458.0
167.0
175.0
471.0
146.0
142.0
153.0
133.0
132.0
145.0
135.0
164.0
153.0
491.0
173.0
133.0
131.0
161.0
175.0
176.0
140.0
163.0
163.0
167.0
137.0
149.0
143.0
151.0
167.0
121.0
149.0
397.0
167.0
164.0
152.0
165.0
165.0
159.0
155.0
168.0
155.0
477.0
152.0
404.0
145.0
375.0
442.0
412.0
446.0
456.0
451.0
405.0
383.0
378.0
154.0
131.0
146.0
143.0
137.0
176.0
138.0
169.0
143.0
170.0
170.0
145.0
172.0
470.0
167.0
158.0
136.0
154.0
167.0
130.0
130.0
142.0
137.0
136.0
173.0
163.0
176.0
419.0
141.0
141.0
172.0
155.0
174.0
131.0
143.0
153.0
419.0
137.0
162.0
177.0
175.0
153.0
156.0
151.0
138.0
165.0
157.0
151.0
169.0
176.0
140.0
171.0
132.0
146.0
486.0
169.0
137.0
490.0
154.0
140.0
161.0
137.0
137.0
143.0
157.0
146.0
158.0
475.0
132.0
164.0
140.0
175.0
142.0
173.0
166.0
168.0
141.0
160.0
160.0
169.0
162.0
133.0
145.0
142.0
130.0
403.0
159.0
135.0
176.0
134.0
173.0
171.0
160.0
170.0
151.0
442.0
147.0
443.0
146.0
479.0
372.0
408.0
489.0
438.0
378.0
471.0
458.0
366.0
151.0
130.0
154.0
168.0
170.0
163.0
146.0
136.0
152.0
192.0
198.0
134.0
130.0
367.0
164.0
160.0
135.0
155.0
151.0
162.0
176.0
153.0
153.0
167.0
138.0
157.0
132.0
423.0
139.0
149.0
144.0
164.0
139.0
166.0
139.0
175.0
492.0
167.0
160.0
163.0
140.0
137.0
143.0
134.0
146.0
169.0
166.0
142.0
169.0
173.0
161.0
164.0
131.0
163.0
427.0
156.0
140.0
489.0
175.0
174.0
148.0
131.0
174.0
155.0
150.0
146.0
167.0
407.0
171.0
148.0
145.0
151.0
151.0
135.0
149.0
163.0
177.0
158.0
165.0
176.0
166.0
134.0
170.0
147.0
167.0
378.0
166.0
170.0
163.0
131.0
138.0
136.0
142.0
135.0
141.0
372.0
135.0
445.0
173.0
432.0
487.0
448.0
470.0
439.0
476.0
383.0
466.0
469.0
155.0
159.0
165.0
157.0
167.0
166.0
160.0
149.0
138.0
192.0
168.0
140.0
147.0
402.0
156.0
174.0
164.0
142.0
149.0
131.0
169.0
132.0
144.0
161.0
166.0
173.0
142.0
452.0
136.0
169.0
166.0
159.0
158.0
144.0
167.0
150.0
374.0
135.0
130.0
160.0
174.0
162.0
133.0
131.0
161.0
148.0
132.0
135.0
155.0
142.0
172.0
140.0
125.0
157.0
403.0
154.0
160.0
454.0
138.0
160.0
150.0
166.0
176.0
161.0
147.0
145.0
146.0
427.0
168.0
174.0
170.0
177.0
164.0
147.0
163.0
152.0
148.0
177.0
133.0
143.0
162.0
134.0
170.0
132.0
175.0
472.0
152.0
150.0
133.0
164.0
172.0
164.0
175.0
164.0
168.0
482.0
137.0
427.0
172.0
409.0
422.0
442.0
422.0
366.0
395.0
415.0
489.0
450.0
133.0
171.0
135.0
173.0
137.0
176.0
162.0
175.0
145.0
207.0
152.0
150.0
144.0
494.0
138.0
162.0
156.0
155.0
176.0
162.0
171.0
175.0
148.0
144.0
154.0
137.0
134.0
426.0
164.0
160.0
138.0
160.0
161.0
177.0
143.0
153.0
398.0
151.0
156.0
169.0
162.0
173.0
147.0
141.0
172.0
166.0
160.0
157.0
133.0
141.0
133.0
166.0
138.0
134.0
476.0
144.0
177.0
400.0
155.0
144.0
151.0
142.0
174.0
149.0
173.0
152.0
167.0
417.0
144.0
144.0
177.0
157.0
158.0
137.0
166.0
143.0
141.0
160.0
149.0
133.0
134.0
132.0
133.0
130.0
145.0
452.0
173.0
131.0
172.0
148.0
155.0
161.0
142.0
166.0
154.0
485.0
177.0
444.0
154.0
370.0
492.0
456.0
406.0
479.0
415.0
491.0
450.0
460.0
132.0
155.0
156.0
142.0
144.0
150.0
171.0
155.0
175.0
194.0
169.0
176.0
164.0
441.0
152.0
177.0
136.0
130.0
149.0
139.0
132.0
131.0
152.0
170.0
134.0
138.0
144.0
460.0
165.0
147.0
148.0
156.0
174.0
165.0
161.0
166.0
375.0
133.0
169.0
143.0
145.0
168.0
146.0
148.0
137.0
168.0
164.0
131.0
164.0
142.0
173.0
143.0
138.0
153.0
426.0
142.0
171.0
445.0
154.0
149.0
136.0
135.0
158.0
154.0
174.0
177.0
148.0
473.0
136.0
174.0
142.0
158.0
158.0
163.0
159.0
145.0
150.0
162.0
146.0
170.0
167.0
140.0
161.0
123.0
147.0
390.0
155.0
170.0
162.0
149.0
134.0
155.0
151.0
169.0
170.0
392.0
130.0
420.0
173.0
395.0
469.0
408.0
364.0
492.0
452.0
469.0
405.0
457.0
173.0
166.0
153.0
171.0
172.0
175.0
133.0
152.0
144.0
186.0
177.0
143.0
152.0
409.0
131.0
135.0
152.0
174.0
133.0
138.0
159.0
162.0
155.0
151.0
168.0
175.0
176.0
433.0
172.0
172.0
176.0
148.0
164.0
150.0
133.0
172.0
466.0
137.0
175.0
140.0
160.0
156.0
146.0
148.0
143.0
165.0
173.0
155.0
150.0
165.0
138.0
166.0
120.0
172.0
394.0
155.0
161.0
466.0
159.0
132.0
151.0
143.0
168.0
134.0
134.0
172.0
135.0
386.0
176.0
173.0
130.0
135.0
135.0
142.0
136.0
137.0
170.0
151.0
143.0
159.0
156.0
153.0
155.0
124.0
166.0
451.0
135.0
143.0
142.0
144.0
155.0
177.0
175.0
169.0
147.0
426.0
132.0
410.0
150.0
413.0
409.0
487.0
416.0
478.0
443.0
418.0
387.0
470.0
132.0
169.0
145.0
162.0
154.0
143.0
154.0
136.0
148.0
167.0
205.0
140.0
145.0
410.0
172.0
157.0
130.0
177.0
131.0
141.0
172.0
175.0
135.0
163.0
156.0
153.0
141.0
436.0
161.0
135.0
164.0
168.0
155.0
170.0
142.0
154.0
373.0
143.0
132.0
155.0
164.0
154.0
168.0
158.0
132.0
146.0
136.0
166.0
159.0
166.0
155.0
131.0
140.0
167.0
368.0
167.0
159.0
420.0
134.0
149.0
177.0
176.0
149.0
170.0
138.0
136.0
176.0
415.0
156.0
156.0
135.0
168.0
157.0
169.0
152.0
152.0
157.0
136.0
143.0
144.0
173.0
170.0
155.0
134.0
172.0
494.0
151.0
173.0
155.0
144.0
159.0
131.0
130.0
137.0
171.0
363.0
159.0
485.0
153.0
394.0
409.0
398.0
404.0
415.0
417.0
404.0
367.0
454.0
154.0
134.0
163.0
165.0
153.0
156.0
133.0
161.0
166.0
192.0
175.0
171.0
160.0
397.0
176.0
144.0
149.0
144.0
142.0
158.0
170.0
137.0
154.0
153.0
154.0
159.0
146.0
462.0
172.0
166.0
149.0
176.0
153.0
141.0
152.0
155.0
369.0
173.0
137.0
138.0
176.0
140.0
149.0
133.0
142.0
141.0
151.0
154.0
159.0
162.0
165.0
148.0
139.0
150.0
494.0
142.0
141.0
484.0
157.0
153.0
150.0
162.0
171.0
173.0
161.0
134.0
175.0
491.0
173.0
162.0
144.0
138.0
136.0
170.0
170.0
158.0
142.0
169.0
175.0
145.0
150.0
139.0
131.0
132.0
143.0
384.0
159.0
142.0
149.0
156.0
159.0
148.0
160.0
146.0
156.0
364.0
142.0
481.0
148.0
397.0
431.0
413.0
363.0
476.0
401.0
372.0
442.0
383.0
152.0
152.0
153.0
168.0
150.0
148.0
175.0
153.0
166.0
180.0
173.0
173.0
137.0
377.0
165.0
148.0
177.0
167.0
132.0
163.0
137.0
153.0
143.0
156.0
130.0
145.0
146.0
442.0
154.0
157.0
155.0
138.0
145.0
146.0
169.0
156.0
443.0
150.0
174.0
148.0
162.0
150.0
133.0
147.0
145.0
146.0
155.0
162.0
141.0
171.0
170.0
148.0
125.0
151.0
380.0
131.0
163.0
446.0
152.0
132.0
148.0
140.0
132.0
171.0
142.0
151.0
171.0
437.0
169.0
141.0
158.0
162.0
154.0
163.0
167.0
152.0
135.0
140.0
144.0
161.0
175.0
143.0
175.0
131.0
150.0
369.0
167.0
167.0
161.0
143.0
137.0
134.0
154.0
133.0
156.0
377.0
151.0
458.0
144.0
415.0
415.0
427.0
391.0
419.0
400.0
368.0
442.0
485.0
151.0
174.0
163.0
131.0
139.0
160.0
147.0
152.0
144.0
169.0
158.0
131.0
140.0
383.0
143.0
172.0
134.0
153.0
133.0
161.0
135.0
173.0
135.0
137.0
159.0
158.0
143.0
391.0
131.0
176.0
172.0
138.0
162.0
131.0
144.0
169.0
470.0
148.0
160.0
169.0
156.0
133.0
146.0
130.0
153.0
131.0
150.0
176.0
152.0
136.0
165.0
134.0
119.0
165.0
369.0
155.0
141.0
465.0
132.0
140.0
145.0
132.0
132.0
154.0
177.0
144.0
174.0
414.0
139.0
176.0
149.0
139.0
130.0
175.0
171.0
133.0
175.0
159.0
148.0
139.0
157.0
176.0
147.0
143.0
171.0
475.0
140.0
169.0
133.0
135.0
132.0
140.0
171.0
162.0
173.0
381.0
130.0
478.0
151.0
423.0
452.0
467.0
477.0
402.0
404.0
423.0
434.0
458.0
173.0
160.0
162.0
169.0
157.0
147.0
171.0
132.0
131.0
201.0
184.0
177.0
152.0
429.0
158.0
161.0
131.0
147.0
143.0
135.0
143.0
143.0
133.0
138.0
134.0
141.0
148.0
368.0
150.0
175.0
143.0
158.0
134.0
168.0
133.0
153.0
404.0
176.0
175.0
136.0
168.0
154.0
155.0
159.0
172.0
167.0
149.0
161.0
140.0
157.0
157.0
151.0
145.0
152.0
367.0
134.0
144.0
462.0
177.0
155.0
139.0
164.0
161.0
156.0
134.0
172.0
139.0
405.0
171.0
176.0
155.0
140.0
141.0
151.0
148.0
132.0
150.0
164.0
131.0
132.0
160.0
169.0
139.0
117.0
162.0
463.0
133.0
143.0
167.0
169.0
173.0
133.0
168.0
177.0
148.0
447.0
130.0
456.0
173.0
484.0
376.0
491.0
400.0
422.0
439.0
424.0
479.0
408.0
143.0
130.0
149.0
149.0
162.0
167.0
139.0
136.0
148.0
153.0
205.0
143.0
133.0
369.0
134.0
140.0
148.0
175.0
167.0
140.0
173.0
139.0
132.0
148.0
138.0
130.0
139.0
365.0
131.0
152.0
168.0
145.0
147.0
145.0
151.0
133.0
421.0
137.0
164.0
150.0
159.0
156.0
130.0
137.0
147.0
136.0
165.0
169.0
155.0
168.0
150.0
171.0
127.0
149.0
464.0
147.0
133.0
452.0
133.0
136.0
138.0
154.0
152.0
160.0
169.0
149.0
155.0
388.0
147.0
170.0
158.0
134.0
158.0
139.0
162.0
155.0
130.0
176.0
172.0
134.0
166.0
168.0
160.0
134.0
132.0
439.0
137.0
133.0
136.0
135.0
135.0
136.0
154.0
168.0
139.0
462.0
153.0
367.0
177.0
461.0
454.0
490.0
474.0
398.0
449.0
416.0
370.0
448.0
133.0
158.0
169.0
154.0
138.0
142.0
174.0
156.0
136.0
161.0
195.0
146.0
160.0
365.0
150.0
148.0
177.0
166.0
173.0
176.0
156.0
131.0
164.0
158.0
176.0
166.0
138.0
391.0
169.0
137.0
146.0
147.0
167.0
145.0
166.0
177.0
480.0
157.0
164.0
155.0
175.0
166.0
137.0
161.0
142.0
163.0
153.0
153.0
159.0
132.0
163.0
155.0
151.0
149.0
456.0
152.0
161.0
465.0
157.0
147.0
147.0
133.0
153.0
138.0
140.0
162.0
141.0
471.0
157.0
142.0
160.0
158.0
151.0
147.0
146.0
135.0
158.0
136.0
167.0
136.0
170.0
157.0
143.0
135.0
131.0
394.0
152.0
134.0
159.0
169.0
169.0
144.0
136.0
151.0
160.0
402.0
162.0
424.0
166.0
462.0
367.0
371.0
397.0
397.0
467.0
379.0
427.0
436.0
168.0
172.0
144.0
141.0
141.0
156.0
153.0
140.0
171.0
198.0
189.0
131.0
160.0
366.0
176.0
169.0
148.0
142.0
162.0
160.0
144.0
169.0
141.0
130.0
163.0
170.0
153.0
432.0
167.0
157.0
142.0
156.0
131.0
146.0
177.0
130.0
482.0
157.0
177.0
155.0
136.0
163.0
160.0
176.0
176.0
168.0
177.0
132.0
133.0
138.0
169.0
170.0
136.0
142.0
442.0
144.0
137.0
459.0
140.0
173.0
154.0
159.0
150.0
149.0
175.0
154.0
150.0
472.0
134.0
154.0
158.0
160.0
143.0
157.0
173.0
156.0
173.0
131.0
138.0
143.0
153.0
159.0
135.0
127.0
175.0
439.0
142.0
171.0
165.0
134.0
163.0
152.0
169.0
154.0
152.0
393.0
146.0
392.0
139.0
421.0
455.0
455.0
487.0
452.0
400.0
423.0
453.0
426.0
141.0
171.0
163.0
137.0
167.0
168.0
171.0
153.0
136.0
156.0
190.0
157.0
174.0
439.0
141.0
169.0
170.0
174.0
177.0
176.0
159.0
134.0
156.0
172.0
168.0
170.0
175.0
483.0
136.0
162.0
151.0
156.0
167.0
177.0
142.0
162.0
424.0
166.0
147.0
144.0
172.0
151.0
172.0
169.0
133.0
139.0
160.0
138.0
155.0
131.0
145.0
151.0
122.0
155.0
481.0
157.0
139.0
381.0
150.0
162.0
145.0
171.0
151.0
161.0
132.0
154.0
152.0
388.0
176.0
146.0
141.0
166.0
151.0
171.0
131.0
161.0
164.0
141.0
166.0
150.0
141.0
147.0
131.0
123.0
156.0
479.0
143.0
145.0
172.0
142.0
152.0
154.0
150.0
133.0
142.0
478.0
158.0
369.0
151.0
424.0
387.0
402.0
378.0
463.0
365.0
493.0
478.0
465.0
144.0
150.0
177.0
132.0
137.0
134.0
149.0
135.0
170.0
168.0
206.0
145.0
162.0
410.0
135.0
132.0
156.0
161.0
143.0
150.0
160.0
164.0
147.0
162.0
175.0
141.0
133.0
377.0
147.0
132.0
147.0
157.0
156.0
171.0
172.0
142.0
483.0
170.0
135.0
152.0
146.0
170.0
177.0
143.0
164.0
139.0
171.0
138.0
177.0
153.0
145.0
167.0
137.0
140.0
486.0
153.0
158.0
463.0
137.0
158.0
146.0
167.0
136.0
139.0
138.0
137.0
158.0
366.0
136.0
171.0
158.0
171.0
152.0
160.0
159.0
145.0
173.0
134.0
137.0
131.0
162.0
170.0
132.0
137.0
162.0
471.0
177.0
133.0
156.0
148.0
132.0
131.0
147.0
157.0
133.0
430.0
140.0
402.0
153.0
367.0
476.0
494.0
454.0
475.0
418.0
451.0
490.0
379.0
157.0
175.0
173.0
175.0
163.0
155.0
158.0
172.0
140.0
176.0
207.0
134.0
165.0
449.0
148.0
139.0
131.0
150.0
166.0
137.0
162.0
169.0
157.0
166.0
140.0
162.0
134.0
364.0
167.0
130.0
151.0
173.0
174.0
146.0
133.0
163.0
480.0
169.0
132.0
172.0
148.0
156.0
155.0
165.0
140.0
136.0
153.0
177.0
155.0
176.0
138.0
159.0
116.0
170.0
382.0
154.0
168.0
369.0
174.0
176.0
177.0
164.0
146.0
153.0
159.0
155.0
138.0
395.0
144.0
158.0
176.0
138.0
163.0
152.0
174.0
173.0
162.0
151.0
166.0
148.0
146.0
156.0
131.0
121.0
177.0
494.0
141.0
151.0
149.0
175.0
146.0
155.0
171.0
130.0
146.0
398.0
141.0
419.0
168.0
492.0
470.0
401.0
369.0
463.0
428.0
374.0
452.0
367.0
175.0
145.0
145.0
152.0
157.0
140.0
149.0
138.0
149.0
180.0
162.0
159.0
143.0
484.0
170.0
156.0
136.0
136.0
133.0
143.0
172.0
165.0
139.0
162.0
156.0
175.0
149.0
493.0
151.0
134.0
133.0
138.0
157.0
158.0
150.0
153.0
455.0
168.0
144.0
157.0
152.0
142.0
136.0
175.0
175.0
143.0
134.0
135.0
130.0
152.0
158.0
141.0
139.0
172.0
459.0
156.0
154.0
403.0
145.0
161.0
139.0
174.0
160.0
137.0
145.0
142.0
134.0
482.0
172.0
171.0
135.0
153.0
174.0
167.0
159.0
147.0
155.0
137.0
139.0
151.0
162.0
161.0
177.0
134.0
144.0
382.0
151.0
142.0
134.0
163.0
164.0
131.0
168.0
172.0
167.0
420.0
162.0
425.0
156.0
410.0
451.0
476.0
387.0
483.0
452.0
406.0
369.0
460.0
147.0
150.0
148.0
133.0
171.0
151.0
169.0
149.0
154.0
184.0
186.0
174.0
154.0
396.0
160.0
169.0
142.0
132.0
140.0
143.0
152.0
160.0
171.0
166.0
150.0
177.0
146.0
481.0
141.0
169.0
141.0
174.0
156.0
174.0
155.0
164.0
409.0
171.0
167.0
163.0
162.0
135.0
141.0
142.0
155.0
166.0
168.0
147.0
135.0
148.0
155.0
163.0
123.0
150.0
418.0
144.0
174.0
418.0
150.0
153.0
147.0
130.0
177.0
171.0
150.0
144.0
158.0
422.0
151.0
138.0
132.0
138.0
146.0
157.0
160.0
150.0
167.0
170.0
138.0
151.0
173.0
167.0
164.0
133.0
135.0
460.0
149.0
153.0
170.0
137.0
168.0
169.0
156.0
147.0
156.0
436.0
137.0
379.0
140.0
444.0
448.0
491.0
492.0
407.0
455.0
461.0
480.0
394.0
151.0
173.0
152.0
153.0
166.0
130.0
164.0
150.0
166.0
196.0
177.0
137.0
144.0
390.0
174.0
135.0
154.0
138.0
139.0
133.0
138.0
174.0
144.0
175.0
132.0
136.0
156.0
443.0
138.0
144.0
150.0
136.0
163.0
138.0
161.0
154.0
481.0
170.0
176.0
174.0
155.0
139.0
132.0
155.0
148.0
153.0
170.0
165.0
167.0
161.0
165.0
159.0
146.0
140.0
419.0
157.0
173.0
485.0
175.0
143.0
175.0
175.0
156.0
136.0
146.0
165.0
156.0
388.0
136.0
133.0
172.0
153.0
157.0
170.0
137.0
140.0
164.0
175.0
167.0
139.0
141.0
169.0
135.0
137.0
172.0
429.0
151.0
176.0
142.0
176.0
132.0
156.0
150.0
149.0
177.0
490.0
138.0
445.0
142.0
481.0
427.0
418.0
418.0
424.0
441.0
381.0
454.0
402.0
175.0
159.0
155.0
138.0
157.0
160.0
168.0
161.0
175.0
172.0
156.0
138.0
144.0
413.0
175.0
159.0
171.0
149.0
147.0
134.0
162.0
164.0
169.0
162.0
159.0
166.0
157.0
388.0
141.0
169.0
135.0
144.0
144.0
152.0
139.0
160.0
481.0
176.0
151.0
153.0
135.0
148.0
141.0
158.0
131.0
159.0
157.0
158.0
171.0
169.0
167.0
162.0
130.0
173.0
447.0
146.0
151.0
364.0
175.0
130.0
164.0
138.0
172.0
141.0
134.0
162.0
155.0
458.0
141.0
165.0
148.0
141.0
153.0
146.0
171.0
140.0
166.0
163.0
133.0
162.0
170.0
157.0
146.0
138.0
170.0
375.0
132.0
153.0
159.0
140.0
145.0
142.0
145.0
174.0
133.0
452.0
141.0
432.0
159.0
484.0
369.0
470.0
377.0
394.0
451.0
372.0
385.0
435.0
161.0
137.0
154.0
133.0
160.0
166.0
161.0
167.0
146.0
160.0
202.0
152.0
133.0
438.0
133.0
148.0
173.0
148.0
167.0
165.0
173.0
149.0
141.0
130.0
167.0
133.0
172.0
382.0
144.0
159.0
146.0
162.0
137.0
177.0
142.0
132.0
370.0
160.0
149.0
159.0
139.0
177.0
177.0
155.0
155.0
151.0
167.0
171.0
154.0
146.0
168.0
137.0
149.0
175.0
438.0
135.0
149.0
433.0
141.0
130.0
159.0
139.0
130.0
143.0
162.0
171.0
158.0
365.0
144.0
163.0
170.0
159.0
176.0
163.0
162.0
166.0
136.0
151.0
167.0
147.0
165.0
142.0
134.0
122.0
143.0
492.0
160.0
164.0
174.0
142.0
152.0
140.0
174.0
142.0
168.0
452.0
132.0
366.0
143.0
432.0
447.0
446.0
416.0
377.0
366.0
412.0
410.0
382.0
167.0
147.0
159.0
160.0
154.0
139.0
142.0
131.0
168.0
184.0
198.0
167.0
175.0
424.0
141.0
158.0
142.0
156.0
170.0
171.0
132.0
145.0
175.0
143.0
167.0
149.0
134.0
407.0
131.0
145.0
132.0
158.0
173.0
147.0
160.0
160.0
410.0
168.0
137.0
137.0
157.0
136.0
151.0
159.0
135.0
155.0
177.0
149.0
165.0
132.0
146.0
156.0
148.0
145.0
468.0
139.0
157.0
402.0
135.0
155.0
157.0
131.0
170.0
175.0
168.0
167.0
154.0
437.0
136.0
155.0
150.0
132.0
154.0
144.0
142.0
134.0
166.0
131.0
161.0
149.0
140.0
134.0
133.0
118.0
175.0
394.0
130.0
149.0
149.0
173.0
150.0
171.0
158.0
136.0
156.0
381.0
141.0
422.0
165.0
472.0
424.0
424.0
486.0
476.0
479.0
378.0
365.0
431.0
149.0
164.0
131.0
170.0
167.0
146.0
171.0
169.0
177.0
156.0
170.0
145.0
166.0
388.0
140.0
159.0
131.0
157.0
137.0
130.0
131.0
150.0
140.0
136.0
143.0
151.0
150.0
430.0
169.0
177.0
175.0
166.0
139.0
162.0
147.0
153.0
404.0
172.0
143.0
157.0
175.0
156.0
156.0
162.0
169.0
154.0
149.0
177.0
139.0
154.0
143.0
154.0
129.0
142.0
458.0
152.0
146.0
380.0
176.0
165.0
172.0
164.0
148.0
142.0
158.0
142.0
172.0
457.0
174.0
140.0
131.0
138.0
147.0
140.0
138.0
153.0
175.0
160.0
143.0
148.0
153.0
152.0
172.0
139.0
171.0
480.0
153.0
139.0
170.0
174.0
154.0
137.0
159.0
157.0
136.0
370.0
167.0
369.0
148.0
425.0
449.0
393.0
426.0
402.0
485.0
421.0
465.0
384.0
138.0
168.0
174.0
141.0
168.0
141.0
163.0
161.0
144.0
193.0
194.0
132.0
171.0
386.0
149.0
139.0
174.0
142.0
140.0
167.0
141.0
134.0
160.0
147.0
167.0
146.0
143.0
425.0
176.0
150.0
159.0
152.0
167.0
164.0
170.0
139.0
375.0
131.0
165.0
165.0
168.0
162.0
139.0
135.0
172.0
177.0
176.0
142.0
172.0
130.0
139.0
167.0
121.0
166.0
366.0
159.0
158.0
424.0
171.0
137.0
133.0
143.0
137.0
160.0
171.0
159.0
148.0
363.0
171.0
149.0
170.0
149.0
137.0
139.0
156.0
175.0
151.0
151.0
176.0
158.0
177.0
156.0
171.0
113.0
152.0
475.0
131.0
140.0
164.0
133.0
173.0
166.0
154.0
130.0
160.0
402.0
168.0
403.0
146.0
451.0
471.0
413.0
399.0
406.0
402.0
392.0
381.0
444.0
153.0
155.0
141.0
155.0
170.0
141.0
163.0
145.0
152.0
185.0
196.0
168.0
166.0
383.0
177.0
161.0
171.0
159.0
156.0
159.0
167.0
136.0
153.0
150.0
141.0
150.0
138.0
422.0
171.0
147.0
147.0
157.0
134.0
140.0
133.0
145.0
448.0
176.0
148.0
133.0
139.0
162.0
157.0
170.0
169.0
147.0
176.0
143.0
155.0
133.0
139.0
141.0
128.0
132.0
373.0
166.0
161.0
430.0
134.0
175.0
168.0
168.0
142.0
172.0
168.0
152.0
171.0
398.0
165.0
143.0
147.0
158.0
158.0
147.0
149.0
156.0
131.0
176.0
161.0
131.0
138.0
144.0
139.0
127.0
136.0
455.0
150.0
153.0
142.0
134.0
159.0
146.0
167.0
149.0
177.0
384.0
146.0
396.0
159.0
459.0
380.0
411.0
417.0
489.0
366.0
410.0
428.0
489.0
130.0
173.0
142.0
150.0
149.0
146.0
132.0
169.0
172.0
172.0
171.0
165.0
154.0
390.0
166.0
152.0
169.0
162.0
152.0
156.0
132.0
160.0
152.0
138.0
131.0
136.0
134.0
376.0
174.0
130.0
170.0
175.0
155.0
167.0
175.0
135.0
383.0
144.0
160.0
175.0
156.0
131.0
166.0
130.0
161.0
153.0
160.0
154.0
166.0
170.0
167.0
172.0
128.0
166.0
387.0
138.0
145.0
385.0
145.0
169.0
141.0
140.0
165.0
145.0
173.0
175.0
150.0
469.0
145.0
146.0
167.0
169.0
152.0
150.0
143.0
137.0
142.0
137.0
169.0
135.0
169.0
173.0
167.0
138.0
156.0
481.0
166.0
152.0
140.0
170.0
173.0
171.0
176.0
155.0
144.0
463.0
161.0
436.0
145.0
424.0
397.0
474.0
467.0
376.0
365.0
372.0
436.0
432.0
163.0
133.0
135.0
143.0
137.0
158.0
158.0
175.0
174.0
177.0
204.0
130.0
163.0
401.0
135.0
172.0
167.0
138.0
177.0
172.0
174.0
152.0
172.0
139.0
144.0
143.0
173.0
390.0
137.0
141.0
176.0
171.0
163.0
167.0
168.0
153.0
403.0
154.0
139.0
160.0
162.0
130.0
159.0
173.0
132.0
152.0
134.0
155.0
150.0
132.0
139.0
144.0
115.0
151.0
418.0
146.0
144.0
411.0
174.0
144.0
173.0
132.0
138.0
151.0
176.0
158.0
151.0
463.0
169.0
131.0
170.0
146.0
140.0
149.0
159.0
157.0
150.0
139.0
152.0
149.0
147.0
167.0
162.0
138.0
141.0
367.0
170.0
155.0
138.0
132.0
163.0
142.0
175.0
153.0
152.0
371.0
159.0
424.0
139.0
440.0
465.0
417.0
463.0
422.0
475.0
459.0
490.0
452.0
146.0
136.0
175.0
139.0
140.0
165.0
138.0
157.0
164.0
192.0
164.0
161.0
149.0
431.0
161.0
167.0
131.0
151.0
152.0
130.0
161.0
139.0
153.0
131.0
139.0
169.0
154.0
378.0
137.0
144.0
159.0
139.0
142.0
170.0
165.0
161.0
408.0
136.0
172.0
168.0
164.0
171.0
144.0
175.0
158.0
143.0
147.0
151.0
160.0
164.0
159.0
139.0
139.0
146.0
423.0
165.0
165.0
415.0
158.0
148.0
159.0
166.0
170.0
153.0
132.0
172.0
135.0
443.0
148.0
172.0
135.0
138.0
164.0
169.0
177.0
130.0
177.0
136.0
177.0
157.0
153.0
134.0
162.0
118.0
141.0
405.0
157.0
176.0
136.0
138.0
132.0
138.0
136.0
136.0
171.0
393.0
157.0
464.0
174.0
365.0
467.0
482.0
435.0
445.0
371.0
480.0
365.0
466.0
131.0
144.0
173.0
154.0
176.0
141.0
144.0
133.0
155.0
175.0
156.0
160.0
165.0
388.0
170.0
141.0
155.0
167.0
148.0
156.0
141.0
174.0
141.0
130.0
143.0
171.0
134.0
400.0
154.0
147.0
144.0
161.0
169.0
145.0
140.0
149.0
473.0
176.0
153.0
165.0
166.0
166.0
155.0
147.0
132.0
156.0
154.0
147.0
137.0
152.0
177.0
176.0
130.0
175.0
457.0
173.0
152.0
415.0
140.0
152.0
164.0
159.0
158.0
154.0
167.0
138.0
140.0
418.0
156.0
134.0
141.0
165.0
167.0
153.0
150.0
149.0
143.0
148.0
162.0
139.0
143.0
149.0
170.0
134.0
138.0
418.0
141.0
141.0
147.0
133.0
153.0
165.0
168.0
133.0
177.0
443.0
130.0
403.0
131.0
456.0
493.0
424.0
490.0
411.0
447.0
447.0
447.0
471.0
170.0
173.0
153.0
152.0
167.0
143.0
136.0
166.0
155.0
207.0
175.0
167.0
170.0
423.0
139.0
171.0
171.0
141.0
149.0
168.0
176.0
160.0
131.0
149.0
170.0
134.0
134.0
448.0
177.0
142.0
176.0
150.0
173.0
153.0
144.0
172.0
441.0
142.0
158.0
162.0
140.0
154.0
136.0
161.0
144.0
134.0
169.0
176.0
155.0
168.0
139.0
152.0
149.0
159.0
424.0
164.0
141.0
381.0
158.0
151.0
166.0
150.0
162.0
171.0
175.0
158.0
134.0
393.0
139.0
131.0
133.0
172.0
135.0
174.0
132.0
140.0
133.0
156.0
157.0
152.0
152.0
158.0
158.0
133.0
155.0
389.0
173.0
174.0
140.0
172.0
151.0
152.0
160.0
141.0
133.0
438.0
139.0
483.0
130.0
411.0
396.0
478.0
370.0
445.0
473.0
419.0
383.0
389.0
130.0
154.0
172.0
134.0
174.0
159.0
146.0
157.0
145.0
205.0
202.0
150.0
143.0
479.0
143.0
140.0
153.0
173.0
173.0
171.0
143.0
145.0
175.0
143.0
133.0
160.0
138.0
452.0
137.0
148.0
143.0
165.0
130.0
164.0
134.0
176.0
394.0
137.0
135.0
165.0
141.0
130.0
145.0
164.0
174.0
170.0
167.0
139.0
136.0
165.0
133.0
177.0
139.0
175.0
372.0
136.0
137.0
465.0
167.0
156.0
162.0
149.0
162.0
147.0
155.0
133.0
164.0
458.0
150.0
163.0
137.0
173.0
140.0
139.0
133.0
154.0
138.0
170.0
147.0
164.0
158.0
141.0
131.0
115.0
144.0
391.0
143.0
140.0
163.0
151.0
151.0
149.0
140.0
151.0
151.0
366.0
139.0
441.0
142.0
402.0
447.0
372.0
455.0
445.0
450.0
493.0
430.0
454.0
135.0
137.0
155.0
137.0
171.0
176.0
146.0
142.0
174.0
197.0
199.0
134.0
140.0
421.0
152.0
135.0
153.0
164.0
140.0
138.0
138.0
155.0
155.0
139.0
166.0
148.0
159.0
385.0
177.0
155.0
132.0
149.0
148.0
151.0
157.0
167.0
401.0
171.0
142.0
158.0
173.0
168.0
169.0
155.0
174.0
144.0
151.0
146.0
154.0
168.0
156.0
166.0
147.0
148.0
404.0
148.0
172.0
379.0
171.0
158.0
139.0
164.0
160.0
132.0
167.0
164.0
176.0
488.0
138.0
175.0
139.0
142.0
155.0
158.0
163.0
158.0
151.0
145.0
170.0
154.0
139.0
161.0
154.0
122.0
148.0
470.0
168.0
149.0
173.0
137.0
132.0
164.0
146.0
141.0
145.0
405.0
165.0
412.0
132.0
369.0
397.0
445.0
400.0
416.0
442.0
365.0
474.0
449.0
139.0
155.0
148.0
168.0
170.0
159.0
141.0
163.0
177.0
200.0
163.0
146.0
177.0
461.0
174.0
140.0
134.0
156.0
164.0
141.0
171.0
142.0
148.0
155.0
145.0
154.0
173.0
403.0
132.0
145.0
133.0
150.0
176.0
168.0
166.0
146.0
467.0
154.0
150.0
165.0
169.0
171.0
140.0
173.0
136.0
160.0
131.0
159.0
143.0
173.0
160.0
138.0
130.0
159.0
414.0
175.0
159.0
448.0
142.0
146.0
145.0
139.0
137.0
176.0
154.0
170.0
132.0
371.0
165.0
157.0
171.0
161.0
140.0
152.0
159.0
150.0
163.0
130.0
131.0
143.0
147.0
153.0
157.0
149.0
135.0
395.0
171.0
134.0
155.0
147.0
167.0
132.0
133.0
170.0
149.0
468.0
174.0
398.0
140.0
469.0
425.0
444.0
493.0
411.0
410.0
460.0
457.0
476.0
173.0
159.0
150.0
156.0
135.0
144.0
138.0
161.0
137.0
175.0
183.0
167.0
175.0
419.0
168.0
136.0
156.0
131.0
135.0
167.0
149.0
154.0
167.0
147.0
143.0
173.0
148.0
427.0
169.0
136.0
175.0
173.0
153.0
161.0
131.0
163.0
483.0
143.0
172.0
131.0
140.0
175.0
156.0
138.0
175.0
131.0
131.0
154.0
140.0
131.0
139.0
146.0
134.0
132.0
397.0
154.0
154.0
407.0
148.0
147.0
133.0
157.0
151.0
130.0
131.0
131.0
150.0
490.0
154.0
147.0
150.0
138.0
168.0
144.0
175.0
158.0
142.0
167.0
133.0
146.0
142.0
162.0
159.0
125.0
132.0
390.0
161.0
177.0
138.0
147.0
153.0
135.0
173.0
151.0
148.0
404.0
161.0
374.0
159.0
442.0
416.0
415.0
396.0
460.0
460.0
419.0
410.0
448.0
164.0
170.0
173.0
133.0
134.0
154.0
130.0
137.0
136.0
174.0
156.0
158.0
147.0
370.0
130.0
157.0
138.0
160.0
166.0
166.0
153.0
174.0
152.0
173.0
151.0
144.0
140.0
482.0
166.0
131.0
148.0
141.0
177.0
171.0
158.0
150.0
487.0
161.0
135.0
166.0
136.0
132.0
139.0
139.0
169.0
139.0
153.0
153.0
137.0
156.0
165.0
138.0
120.0
144.0
400.0
144.0
147.0
494.0
132.0
151.0
134.0
151.0
140.0
159.0
172.0
133.0
159.0
430.0
145.0
174.0
149.0
164.0
131.0
159.0
172.0
163.0
157.0
138.0
148.0
148.0
137.0
139.0
144.0
117.0
156.0
442.0
144.0
139.0
140.0
154.0
168.0
165.0
169.0
164.0
135.0
414.0
133.0
389.0
153.0
459.0
442.0
481.0
438.0
388.0
488.0
450.0
448.0
389.0
142.0
139.0
148.0
162.0
177.0
138.0
161.0
138.0
174.0
207.0
168.0
142.0
134.0
489.0
154.0
168.0
159.0
159.0
174.0
156.0
152.0
162.0
145.0
174.0
155.0
168.0
131.0
493.0
163.0
172.0
136.0
173.0
170.0
137.0
138.0
163.0
445.0
162.0
171.0
164.0
167.0
148.0
176.0
141.0
151.0
158.0
162.0
145.0
135.0
163.0
164.0
155.0
146.0
157.0
402.0
149.0
165.0
456.0
153.0
159.0
146.0
135.0
167.0
143.0
134.0
164.0
168.0
461.0
156.0
160.0
149.0
137.0
147.0
153.0
163.0
137.0
166.0
171.0
167.0
163.0
154.0
143.0
140.0
120.0
148.0
443.0
140.0
171.0
146.0
152.0
154.0
144.0
162.0
148.0
143.0
479.0
131.0
416.0
144.0
367.0
424.0
441.0
437.0
469.0
492.0
472.0
470.0
387.0
133.0
148.0
168.0
133.0
136.0
157.0
145.0
175.0
135.0
163.0
154.0
155.0
147.0
470.0
174.0
130.0
166.0
175.0
131.0
160.0
157.0
157.0
135.0
169.0
161.0
170.0
133.0
367.0
167.0
166.0
146.0
168.0
147.0
131.0
169.0
144.0
478.0
157.0
164.0
160.0
155.0
155.0
149.0
137.0
149.0
143.0
156.0
152.0
154.0
143.0
171.0
162.0
114.0
150.0
460.0
150.0
162.0
428.0
160.0
140.0
138.0
158.0
150.0
169.0
145.0
174.0
150.0
375.0
168.0
141.0
148.0
164.0
135.0
155.0
139.0
130.0
131.0
146.0
154.0
141.0
138.0
136.0
148.0
132.0
162.0
381.0
141.0
137.0
168.0
146.0
150.0
170.0
144.0
152.0
171.0
401.0
162.0
426.0
150.0
489.0
452.0
416.0
365.0
392.0
468.0
494.0
364.0
365.0
148.0
149.0
173.0
163.0
172.0
159.0
159.0
174.0
133.0
193.0
191.0
152.0
155.0
369.0
159.0
152.0
162.0
155.0
164.0
161.0
168.0
151.0
138.0
143.0
150.0
171.0
166.0
463.0
156.0
152.0
166.0
161.0
165.0
169.0
146.0
136.0
385.0
137.0
151.0
136.0
172.0
144.0
170.0
174.0
140.0
136.0
175.0
166.0
162.0
170.0
163.0
166.0
124.0
173.0
396.0
144.0
166.0
421.0
156.0
159.0
174.0
149.0
136.0
133.0
174.0
175.0
148.0
454.0
154.0
154.0
143.0
164.0
143.0
171.0
155.0
145.0
151.0
130.0
142.0
159.0
134.0
158.0
172.0
146.0
150.0
415.0
176.0
141.0
161.0
173.0
167.0
166.0
156.0
137.0
139.0
377.0
132.0
384.0
136.0
422.0
477.0
482.0
421.0
457.0
417.0
428.0
398.0
431.0
167.0
175.0
173.0
133.0
155.0
171.0
133.0
160.0
163.0
196.0
199.0
140.0
172.0
382.0
164.0
169.0
162.0
176.0
170.0
143.0
165.0
173.0
166.0
153.0
139.0
175.0
167.0
445.0
132.0
146.0
166.0
162.0
133.0
140.0
154.0
149.0
389.0
173.0
150.0
142.0
149.0
152.0
138.0
147.0
156.0
133.0
137.0
140.0
163.0
135.0
150.0
172.0
152.0
163.0
369.0
170.0
177.0
464.0
138.0
151.0
132.0
160.0
152.0
141.0
135.0
131.0
142.0
385.0
138.0
133.0
176.0
151.0
136.0
142.0
156.0
168.0
161.0
165.0
169.0
135.0
164.0
167.0
139.0
152.0
152.0
385.0
173.0
159.0
168.0
174.0
134.0
164.0
172.0
166.0
134.0
475.0
138.0
441.0
158.0
386.0
379.0
467.0
378.0
419.0
400.0
431.0
420.0
459.0
157.0
146.0
131.0
152.0
131.0
139.0
171.0
150.0
137.0
159.0
201.0
175.0
168.0
441.0
133.0
156.0
141.0
140.0
134.0
155.0
153.0
139.0
161.0
157.0
164.0
163.0
139.0
493.0
161.0
138.0
159.0
149.0
159.0
142.0
134.0
133.0
452.0
162.0
139.0
173.0
168.0
155.0
164.0
132.0
143.0
149.0
144.0
158.0
150.0
164.0
146.0
159.0
145.0
137.0
483.0
171.0
140.0
446.0
130.0
156.0
173.0
161.0
167.0
139.0
155.0
130.0
175.0
441.0
130.0
159.0
149.0
176.0
158.0
158.0
173.0
143.0
139.0
162.0
137.0
139.0
133.0
140.0
152.0
147.0
175.0
483.0
156.0
174.0
176.0
160.0
146.0
137.0
138.0
135.0
135.0
447.0
135.0
419.0
160.0
442.0
382.0
423.0
475.0
374.0
425.0
456.0
385.0
381.0
161.0
143.0
159.0
144.0
152.0
171.0
155.0
148.0
140.0
153.0
160.0
132.0
132.0
364.0
153.0
154.0
154.0
139.0
159.0
148.0
160.0
157.0
171.0
156.0
157.0
171.0
150.0
447.0
171.0
158.0
177.0
145.0
156.0
167.0
130.0
157.0
395.0
137.0
155.0
166.0
136.0
138.0
133.0
176.0
159.0
148.0
167.0
133.0
151.0
146.0
174.0
145.0
130.0
169.0
430.0
172.0
159.0
448.0
137.0
176.0
137.0
143.0
140.0
163.0
176.0
150.0
146.0
414.0
170.0
169.0
171.0
133.0
167.0
146.0
137.0
173.0
155.0
161.0
138.0
173.0
156.0
160.0
161.0
136.0
153.0
478.0
138.0
132.0
133.0
169.0
165.0
151.0
135.0
133.0
153.0
424.0
171.0
381.0
173.0
478.0
377.0
368.0
489.0
474.0
424.0
443.0
373.0
443.0
175.0
136.0
162.0
177.0
176.0
173.0
173.0
157.0
167.0
196.0
190.0
152.0
158.0
451.0
133.0
148.0
156.0
164.0
171.0
177.0
150.0
161.0
170.0
174.0
162.0
143.0
163.0
385.0
136.0
149.0
132.0
143.0
166.0
151.0
130.0
177.0
481.0
164.0
176.0
173.0
132.0
177.0
161.0
160.0
146.0
163.0
163.0
141.0
171.0
145.0
144.0
132.0
142.0
151.0
448.0
142.0
160.0
425.0
131.0
164.0
130.0
148.0
138.0
168.0
137.0
163.0
177.0
420.0
136.0
153.0
161.0
162.0
137.0
148.0
130.0
136.0
152.0
166.0
153.0
154.0
150.0
151.0
140.0
139.0
141.0
467.0
161.0
151.0
133.0
174.0
153.0
164.0
132.0
157.0
138.0
438.0
135.0
417.0
140.0
453.0
451.0
415.0
494.0
388.0
455.0
402.0
431.0
449.0
160.0
131.0
134.0
167.0
143.0
134.0
174.0
145.0
143.0
198.0
189.0
173.0
152.0
431.0
164.0
134.0
155.0
144.0
163.0
161.0
133.0
157.0
153.0
131.0
136.0
154.0
161.0
393.0
153.0
155.0
144.0
131.0
158.0
131.0
148.0
171.0
429.0
165.0
145.0
169.0
162.0
157.0
148.0
177.0
147.0
154.0
176.0
146.0
156.0
143.0
133.0
168.0
122.0
163.0
408.0
159.0
147.0
468.0
155.0
176.0
138.0
150.0
148.0
141.0
161.0
162.0
138.0
452.0
173.0
151.0
145.0
153.0
140.0
173.0
130.0
175.0
169.0
168.0
162.0
164.0
156.0
163.0
162.0
129.0
148.0
476.0
162.0
158.0
175.0
135.0
141.0
132.0
159.0
170.0
142.0
432.0
144.0
410.0
159.0
413.0
429.0
469.0
412.0
365.0
383.0
458.0
458.0
373.0
176.0
166.0
175.0
138.0
170.0
134.0
157.0
162.0
133.0
189.0
161.0
133.0
166.0
401.0
163.0
156.0
158.0
143.0
145.0
146.0
157.0
171.0
165.0
148.0
175.0
175.0
132.0
451.0
168.0
167.0
143.0
158.0
158.0
151.0
138.0
150.0
388.0
155.0
174.0
152.0
152.0
146.0
172.0
137.0
150.0
136.0
159.0
138.0
139.0
166.0
153.0
149.0
144.0
154.0
369.0
146.0
139.0
458.0
154.0
139.0
133.0
174.0
153.0
165.0
154.0
152.0
151.0
487.0
144.0
158.0
161.0
152.0
164.0
165.0
167.0
131.0
176.0
152.0
131.0
131.0
152.0
132.0
165.0
141.0
176.0
381.0
177.0
141.0
176.0
154.0
137.0
173.0
174.0
176.0
165.0
484.0
143.0
379.0
139.0
369.0
409.0
412.0
485.0
389.0
432.0
420.0
397.0
482.0
141.0
136.0
169.0
172.0
170.0
153.0
156.0
161.0
146.0
158.0
182.0
148.0
145.0
425.0
177.0
165.0
176.0
169.0
158.0
154.0
160.0
149.0
160.0
172.0
155.0
155.0
159.0
368.0
160.0
158.0
159.0
137.0
151.0
134.0
145.0
137.0
457.0
139.0
156.0
175.0
173.0
148.0
160.0
152.0
136.0
150.0
143.0
140.0
176.0
152.0
141.0
134.0
113.0
131.0
410.0
155.0
158.0
405.0
173.0
141.0
151.0
140.0
162.0
140.0
168.0
148.0
165.0
467.0
177.0
176.0
173.0
162.0
131.0
156.0
172.0
156.0
162.0
175.0
132.0
154.0
149.0
130.0
132.0
127.0
140.0
418.0
170.0
171.0
145.0
161.0
171.0
174.0
152.0
176.0
144.0
464.0
174.0
388.0
168.0
427.0
441.0
423.0
363.0
414.0
476.0
471.0
481.0
381.0
134.0
150.0
157.0
153.0
175.0
164.0
138.0
142.0
161.0
199.0
206.0
169.0
137.0
375.0
171.0
142.0
173.0
148.0
171.0
160.0
152.0
171.0
137.0
159.0
130.0
177.0
172.0
372.0
175.0
135.0
174.0
140.0
131.0
176.0
177.0
164.0
371.0
133.0
176.0
170.0
139.0
146.0
157.0
142.0
160.0
171.0
137.0
144.0
138.0
167.0
169.0
173.0
133.0
176.0
364.0
144.0
167.0
473.0
168.0
140.0
167.0
130.0
149.0
139.0
130.0
159.0
165.0
436.0
151.0
162.0
160.0
154.0
155.0
168.0
176.0
130.0
131.0
177.0
151.0
135.0
148.0
146.0
143.0
149.0
144.0
400.0
159.0
150.0
135.0
132.0
167.0
168.0
139.0
172.0
150.0
378.0
136.0
389.0
138.0
374.0
449.0
430.0
443.0
483.0
458.0
369.0
428.0
491.0
163.0
137.0
148.0
170.0
174.0
135.0
151.0
143.0
158.0
199.0
199.0
160.0
144.0
445.0
134.0
149.0
132.0
170.0
144.0
152.0
154.0
153.0
130.0
140.0
157.0
164.0
141.0
495.0
165.0
163.0
130.0
136.0
169.0
172.0
135.0
164.0
368.0
134.0
140.0
175.0
143.0
131.0
160.0
152.0
149.0
151.0
169.0
136.0
163.0
169.0
136.0
149.0
145.0
140.0
488.0
163.0
176.0
473.0
142.0
133.0
130.0
150.0
151.0
154.0
169.0
156.0
165.0
495.0
140.0
139.0
163.0
141.0
172.0
152.0
157.0
142.0
159.0
147.0
148.0
165.0
154.0
157.0
141.0
137.0
168.0
364.0
137.0
138.0
131.0
162.0
142.0
168.0
174.0
168.0
146.0
407.0
174.0
402.0
176.0
380.0
475.0
403.0
462.0
474.0
380.0
391.0
425.0
397.0
173.0
141.0
133.0
159.0
149.0
163.0
167.0
155.0
172.0
181.0
195.0
137.0
172.0
428.0
146.0
144.0
151.0
150.0
149.0
174.0
160.0
139.0
157.0
163.0
164.0
147.0
151.0
477.0
150.0
162.0
168.0
161.0
154.0
173.0
159.0
169.0
417.0
165.0
143.0
140.0
157.0
151.0
153.0
133.0
136.0
171.0
155.0
133.0
152.0
173.0
175.0
169.0
127.0
141.0
484.0
155.0
155.0
402.0
164.0
171.0
151.0
162.0
144.0
157.0
153.0
143.0
158.0
382.0
138.0
136.0
134.0
149.0
136.0
154.0
133.0
147.0
146.0
172.0
149.0
134.0
155.0
175.0
156.0
144.0
172.0
407.0
154.0
158.0
150.0
137.0
168.0
172.0
158.0
155.0
153.0
378.0
140.0
410.0
136.0
371.0
430.0
400.0
494.0
449.0
364.0
431.0
479.0
423.0
162.0
133.0
155.0
170.0
142.0
146.0
152.0
171.0
172.0
173.0
182.0
139.0
156.0
368.0
167.0
153.0
159.0
176.0
137.0
149.0
174.0
140.0
145.0
171.0
171.0
157.0
164.0
393.0
149.0
151.0
148.0
167.0
146.0
150.0
133.0
148.0
483.0
177.0
140.0
145.0
155.0
143.0
148.0
172.0
156.0
141.0
138.0
165.0
134.0
144.0
174.0
159.0
123.0
134.0
460.0
160.0
175.0
419.0
152.0
141.0
167.0
146.0
164.0
170.0
136.0
153.0
143.0
396.0
173.0
176.0
136.0
167.0
175.0
175.0
138.0
156.0
136.0
137.0
148.0
146.0
172.0
146.0
170.0
152.0
171.0
415.0
134.0
143.0
140.0
144.0
148.0
158.0
153.0
154.0
140.0
394.0
176.0
416.0
133.0
448.0
410.0
436.0
477.0
388.0
463.0
417.0
399.0
417.0
158.0
149.0
143.0
155.0
171.0
153.0
168.0
173.0
163.0
194.0
186.0
156.0
148.0
462.0
140.0
135.0
137.0
151.0
174.0
161.0
152.0
170.0
152.0
147.0
159.0
139.0
173.0
482.0
161.0
166.0
171.0
135.0
144.0
172.0
164.0
141.0
398.0
165.0
137.0
169.0
169.0
130.0
162.0
137.0
175.0
151.0
163.0
152.0
143.0
169.0
138.0
177.0
128.0
136.0
395.0
170.0
167.0
446.0
138.0
161.0
172.0
141.0
152.0
161.0
144.0
161.0
135.0
367.0
144.0
166.0
137.0
152.0
168.0
144.0
147.0
160.0
169.0
138.0
141.0
144.0
167.0
163.0
131.0
122.0
143.0
399.0
146.0
142.0
142.0
172.0
151.0
162.0
170.0
141.0
150.0
432.0
167.0
385.0
170.0
387.0
447.0
476.0
443.0
450.0
394.0
363.0
470.0
441.0
165.0
175.0
143.0
139.0
157.0
147.0
171.0
166.0
170.0
202.0
181.0
151.0
142.0
399.0
176.0
157.0
154.0
146.0
153.0
162.0
162.0
135.0
175.0
163.0
130.0
132.0
145.0
432.0
145.0
172.0
176.0
154.0
170.0
176.0
130.0
164.0
489.0
151.0
177.0
175.0
161.0
149.0
167.0
130.0
145.0
153.0
177.0
156.0
132.0
147.0
145.0
157.0
116.0
156.0
437.0
147.0
162.0
373.0
160.0
150.0
148.0
134.0
132.0
177.0
139.0
161.0
165.0
423.0
142.0
176.0
176.0
161.0
157.0
173.0
175.0
146.0
173.0
156.0
141.0
145.0
146.0
148.0
133.0
119.0
176.0
495.0
149.0
163.0
176.0
152.0
131.0
132.0
149.0
133.0
174.0
443.0
146.0
457.0
155.0
374.0
410.0
413.0
414.0
487.0
407.0
404.0
395.0
451.0
172.0
175.0
153.0
135.0
154.0
165.0
169.0
135.0
154.0
168.0
177.0
135.0
172.0
429.0
154.0
148.0
153.0
165.0
173.0
132.0
169.0
137.0
161.0
145.0
139.0
153.0
138.0
396.0
130.0
146.0
163.0
130.0
134.0
156.0
135.0
168.0
411.0
135.0
140.0
154.0
165.0
166.0
145.0
170.0
154.0
146.0
146.0
166.0
154.0
155.0
133.0
136.0
142.0
146.0
389.0
132.0
142.0
443.0
145.0
148.0
157.0
155.0
167.0
144.0
166.0
165.0
156.0
481.0
135.0
154.0
172.0
138.0
132.0
140.0
173.0
130.0
159.0
175.0
148.0
175.0
157.0
142.0
171.0
144.0
139.0
487.0
156.0
142.0
141.0
156.0
141.0
155.0
155.0
146.0
176.0
411.0
140.0
416.0
174.0
434.0
455.0
410.0
377.0
436.0
460.0
488.0
477.0
448.0
139.0
140.0
164.0
136.0
156.0
146.0
160.0
137.0
172.0
158.0
206.0
135.0
149.0
448.0
149.0
147.0
142.0
134.0
135.0
175.0
143.0
173.0
152.0
157.0
153.0
151.0
140.0
474.0
154.0
169.0
136.0
165.0
177.0
174.0
139.0
172.0
443.0
161.0
140.0
154.0
163.0
145.0
130.0
131.0
143.0
166.0
173.0
174.0
162.0
131.0
136.0
169.0
147.0
141.0
383.0
157.0
162.0
370.0
139.0
172.0
130.0
143.0
152.0
144.0
177.0
170.0
174.0
406.0
167.0
166.0
146.0
153.0
134.0
159.0
139.0
159.0
133.0
148.0
170.0
172.0
166.0
149.0
152.0
139.0
154.0
485.0
138.0
169.0
175.0
172.0
140.0
147.0
149.0
145.0
132.0
395.0
177.0
456.0
168.0
374.0
420.0
465.0
396.0
476.0
463.0
420.0
428.0
470.0
141.0
159.0
131.0
144.0
132.0
152.0
160.0
144.0
168.0
163.0
177.0
153.0
171.0
391.0
136.0
163.0
171.0
159.0
172.0
160.0
136.0
140.0
134.0
145.0
170.0
150.0
141.0
466.0
134.0
168.0
167.0
168.0
130.0
137.0
147.0
173.0
379.0
152.0
165.0
153.0
133.0
171.0
142.0
151.0
154.0
166.0
131.0
135.0
134.0
153.0
151.0
157.0
128.0
139.0
481.0
166.0
166.0
385.0
136.0
164.0
163.0
143.0
154.0
138.0
176.0
151.0
152.0
486.0
142.0
163.0
132.0
139.0
169.0
153.0
159.0
152.0
176.0
174.0
167.0
165.0
171.0
175.0
137.0
122.0
140.0
429.0
164.0
166.0
169.0
136.0
171.0
154.0
132.0
176.0
134.0
467.0
154.0
448.0
138.0
401.0
478.0
444.0
420.0
420.0
399.0
405.0
494.0
391.0
171.0
158.0
156.0
156.0
158.0
168.0
171.0
130.0
170.0
157.0
207.0
146.0
139.0
392.0
176.0
147.0
169.0
160.0
155.0
177.0
149.0
158.0
135.0
154.0
132.0
164.0
130.0
418.0
173.0
146.0
161.0
140.0
174.0
148.0
144.0
151.0
470.0
153.0
156.0
146.0
135.0
133.0
159.0
136.0
134.0
132.0
136.0
173.0
159.0
163.0
173.0
155.0
126.0
175.0
378.0
170.0
137.0
457.0
158.0
155.0
131.0
147.0
145.0
130.0
151.0
153.0
147.0
399.0
165.0
147.0
161.0
176.0
166.0
164.0
153.0
154.0
141.0
133.0
165.0
144.0
146.0
140.0
176.0
135.0
152.0
389.0
173.0
140.0
141.0
152.0
143.0
147.0
140.0
176.0
162.0
364.0
171.0
475.0
177.0
474.0
468.0
431.0
458.0
474.0
371.0
435.0
364.0
438.0
152.0
155.0
149.0
133.0
171.0
176.0
157.0
170.0
170.0
186.0
180.0
145.0
162.0
374.0
173.0
167.0
173.0
159.0
170.0
165.0
145.0
136.0
169.0
176.0
136.0
174.0
173.0
379.0
148.0
140.0
160.0
138.0
141.0
158.0
149.0
148.0
421.0
153.0
143.0
156.0
134.0
146.0
170.0
159.0
161.0
172.0
164.0
173.0
174.0
160.0
130.0
161.0
115.0
163.0
423.0
156.0
136.0
427.0
156.0
145.0
158.0
165.0
149.0
177.0
137.0
144.0
149.0
476.0
145.0
132.0
170.0
152.0
167.0
153.0
141.0
147.0
163.0
153.0
163.0
140.0
133.0
142.0
169.0
127.0
143.0
465.0
176.0
153.0
133.0
174.0
158.0
141.0
167.0
147.0
154.0
431.0
152.0
434.0
167.0
463.0
396.0
464.0
471.0
487.0
386.0
367.0
486.0
456.0
142.0
169.0
144.0
152.0
153.0
161.0
135.0
157.0
137.0
172.0
178.0
170.0
151.0
365.0
141.0
133.0
158.0
162.0
165.0
133.0
163.0
142.0
145.0
174.0
176.0
156.0
177.0
488.0
154.0
173.0
163.0
158.0
135.0
138.0
169.0
169.0
411.0
175.0
139.0
130.0
168.0
145.0
158.0
167.0
162.0
150.0
148.0
145.0
172.0
160.0
133.0
173.0
114.0
145.0
445.0
172.0
169.0
394.0
177.0
135.0
163.0
135.0
142.0
174.0
132.0
137.0
133.0
477.0
148.0
144.0
159.0
161.0
164.0
148.0
133.0
159.0
157.0
171.0
142.0
130.0
140.0
158.0
140.0
120.0
133.0
450.0
164.0
167.0
141.0
152.0
166.0
165.0
168.0
157.0
171.0
432.0
144.0
473.0
167.0
441.0
395.0
479.0
435.0
451.0
380.0
390.0
391.0
480.0
169.0
134.0
168.0
155.0
148.0
144.0
136.0
132.0
131.0
164.0
185.0
154.0
140.0
482.0
136.0
169.0
158.0
147.0
172.0
137.0
135.0
162.0
141.0
153.0
142.0
174.0
147.0
418.0
164.0
148.0
153.0
146.0
159.0
174.0
147.0
168.0
492.0
175.0
153.0
155.0
158.0
177.0
160.0
163.0
175.0
134.0
147.0
137.0
131.0
158.0
141.0
159.0
122.0
160.0
453.0
155.0
168.0
466.0
136.0
155.0
134.0
152.0
133.0
130.0
134.0
145.0
135.0
391.0
170.0
142.0
144.0
167.0
143.0
138.0
143.0
164.0
146.0
158.0
158.0
140.0
169.0
153.0
177.0
139.0
158.0
382.0
131.0
139.0
172.0
172.0
143.0
173.0
143.0
132.0
141.0
384.0
175.0
403.0
159.0
461.0
455.0
416.0
423.0
489.0
364.0
367.0
423.0
466.0
152.0
131.0
153.0
146.0
130.0
151.0
170.0
142.0
156.0
162.0
164.0
158.0
165.0
480.0
172.0
167.0
144.0
165.0
135.0
150.0
172.0
135.0
148.0
173.0
159.0
137.0
136.0
399.0
159.0
131.0
138.0
172.0
137.0
130.0
161.0
164.0
413.0
132.0
165.0
142.0
164.0
143.0
170.0
146.0
141.0
157.0
154.0
164.0
162.0
139.0
130.0
167.0
120.0
137.0
413.0
170.0
155.0
472.0
152.0
134.0
149.0
169.0
131.0
173.0
154.0
143.0
144.0
414.0
135.0
133.0
143.0
166.0
145.0
157.0
162.0
166.0
151.0
176.0
149.0
162.0
130.0
140.0
133.0
135.0
145.0
377.0
155.0
145.0
171.0
147.0
175.0
172.0
163.0
145.0
163.0
450.0
152.0
448.0
159.0
395.0
393.0
431.0
409.0
363.0
467.0
469.0
383.0
465.0
144.0
148.0
146.0
131.0
150.0
163.0
164.0
158.0
143.0
200.0
168.0
166.0
175.0
404.0
137.0
145.0
144.0
162.0
157.0
168.0
143.0
136.0
151.0
138.0
138.0
164.0
160.0
414.0
142.0
147.0
175.0
131.0
173.0
147.0
174.0
156.0
388.0
163.0
145.0
130.0
144.0
159.0
138.0
145.0
159.0
174.0
177.0
142.0
134.0
148.0
138.0
132.0
116.0
171.0
460.0
176.0
146.0
398.0
135.0
155.0
137.0
146.0
155.0
169.0
144.0
166.0
142.0
433.0
139.0
154.0
156.0
155.0
144.0
173.0
142.0
170.0
165.0
137.0
155.0
166.0
156.0
139.0
166.0
152.0
151.0
394.0
133.0
153.0
158.0
135.0
157.0
145.0
161.0
155.0
158.0
404.0
165.0
473.0
149.0
461.0
432.0
443.0
371.0
408.0
424.0
444.0
464.0
495.0
163.0
161.0
144.0
141.0
141.0
145.0
170.0
145.0
169.0
199.0
166.0
155.0
165.0
439.0
143.0
172.0
143.0
154.0
162.0
146.0
154.0
137.0
172.0
154.0
173.0
164.0
173.0
388.0
163.0
176.0
155.0
138.0
130.0
171.0
176.0
143.0
416.0
142.0
162.0
165.0
135.0
158.0
166.0
130.0
140.0
147.0
145.0
162.0
147.0
157.0
162.0
158.0
121.0
165.0
412.0
163.0
147.0
478.0
137.0
147.0
141.0
163.0
157.0
158.0
165.0
131.0
168.0
485.0
151.0
131.0
171.0
134.0
144.0
160.0
148.0
170.0
150.0
159.0
141.0
153.0
160.0
172.0
147.0
137.0
151.0
370.0
130.0
167.0
160.0
150.0
148.0
167.0
135.0
171.0
158.0
417.0
138.0
385.0
139.0
427.0
431.0
364.0
471.0
393.0
470.0
429.0
444.0
390.0
150.0
175.0
157.0
153.0
167.0
150.0
173.0
168.0
141.0
207.0
158.0
172.0
167.0
373.0
139.0
176.0
166.0
135.0
157.0
157.0
140.0
141.0
141.0
163.0
175.0
136.0
145.0
394.0
139.0
133.0
145.0
143.0
149.0
152.0
147.0
141.0
474.0
131.0
152.0
153.0
160.0
175.0
158.0
166.0
162.0
172.0
169.0
137.0
153.0
155.0
142.0
176.0
112.0
177.0
396.0
163.0
173.0
474.0
133.0
146.0
155.0
159.0
138.0
153.0
137.0
167.0
160.0
458.0
173.0
151.0
159.0
173.0
144.0
174.0
155.0
170.0
155.0
147.0
155.0
139.0
177.0
166.0
160.0
132.0
150.0
389.0
142.0
136.0
169.0
135.0
139.0
176.0
133.0
171.0
141.0
428.0
163.0
376.0
132.0
419.0
432.0
415.0
494.0
401.0
474.0
415.0
461.0
408.0
153.0
149.0
144.0
164.0
176.0
132.0
158.0
175.0
158.0
