70 3 108
34556.5
34374.5
30905.5
30224.5
33416.5
33261.5
35043.5
31664.5
33107.5
32565.5
32803.5
35502.5
29605.5
30267.5
32770.5
33796.5
29319.5
31759.5
32384.5
31916.5
29811.5
29385.5
29723.5
34126.5
28699.5
28629.5
31236.5
33486.5
29334.5
30244.5
35874.5
32253.5
29455.5
29431.5
34776.5
32231.5
31337.5
34471.5
35379.5
35091.5
32662.5
29639.5
34514.5
30740.5
35151.5
29809.5
33117.5
29813.5
32160.5
29954.5
30272.5
35286.5
33141.5
34794.5
31949.5
35549.5
35854.5
29894.5
31320.5
32527.5
32925.5
35503.5
32981.5
35027.5
34519.5
29940.5
34410.5
33369.5
32029.5
31698.5
0.01710854179447909
0.011570740699060117
0.015998323103952213
0.011904166299860844
0.014782109315847655
0.013280775512318111
0.014287107644089317
0.01178768029338074
0.015846125696398646
0.01186148208246415
0.015745557209394943
0.013639587327411119
0.014477591421831757
0.013930500482421357
0.015256115151164592
0.013461126291792396
0.01671424829381244
0.014088066812918867
0.01539447619428645
0.012757597385672673
0.015420915583110636
0.013381405169482986
0.016503029836963896
0.013705023535568595
0.014529946284900973
0.013667009788409987
0.016030794095432618
0.013404180869496579
0.01687159993109216
0.0134176045746357
0.014950335648996112
0.012253997806403174
0.015314702931589127
0.013040099470037477
0.01451138788637932
0.012165497738227438
0.01600325948276207
0.01305825069245909
0.017129386162674214
0.012365917735593802
0.015200678629694049
0.013711835695648033
0.01512064164348715
0.013910383925184143
0.016211431312091844
0.013918683200530827
0.014570094921154525
0.013011267192472947
0.015754527427805143
0.012565432154505635
0.01599538055413154
0.012198804863359626
0.015728492869566815
0.01288027923243779
0.01579515286359912
0.012855032254208802
0.015104958445822412
0.012624794232463012
0.017025983452205858
0.012816528965848424
0.01628897898851578
0.01187926874014071
0.016269219335126515
0.01280565753962298
0.014974490062114725
0.012001310688961445
0.01665554935540306
0.012567719227654218
0.015160027654394616
0.012781130335074886
120.0
125.0
109.0
5111.0
44.0
2514.0
491.0
1232.0
33.0
509.0
109.0
188.0
46.0
339.0
262.0
363.0
60.0
307.0
534.0
282.0
73.0
235.0
79.0
292.0
28.0
361.0
168.0
810.0
1362.0
577.0
356.0
1086.0
274.0
159.0
842.0
5393.0
5957.0
127.0
167.0
314.0
50.0
28.0
190.0
223.0
190.0
519.0
374.0
78.0
61.0
26.0
125.0
32.0
20.0
162.0
815.0
50.0
126.0
65.0
42.0
162.0
147.0
71.0
163.0
145.0
748.0
35.0
19.0
25.0
31.0
8.0
71.0
257.0
106.0
74.0
89.0
56.0
41.0
85.0
142.0
48.0
27.0
53.0
160.0
173.0
110.0
82.0
132.0
46.0
66.0
1542.0
59.0
54.0
71.0
25.0
160.0
278.0
32.0
271.0
126.0
238.0
82.0
141.0
799.0
224.0
66.0
1175.0
134.0
126.0
72.0
92.0
120.0
20.0
247.0
191.0
493.0
1284.0
34.0
533.0
118.0
178.0
47.0
323.0
264.0
370.0
59.0
318.0
537.0
282.0
74.0
239.0
76.0
302.0
27.0
352.0
167.0
787.0
1347.0
545.0
335.0
1154.0
297.0
157.0
792.0
4985.0
5933.0
119.0
173.0
320.0
51.0
27.0
193.0
221.0
193.0
490.0
338.0
74.0
67.0
26.0
123.0
30.0
20.0
172.0
861.0
50.0
119.0
65.0
42.0
151.0
150.0
75.0
165.0
147.0
735.0
35.0
20.0
25.0
32.0
8.0
69.0
251.0
105.0
71.0
88.0
56.0
38.0
84.0
149.0
49.0
26.0
58.0
153.0
162.0
109.0
81.0
130.0
48.0
66.0
1616.0
56.0
55.0
71.0
24.0
167.0
297.0
33.0
269.0
122.0
258.0
77.0
140.0
833.0
203.0
67.0
1251.0
122.0
126.0
73.0
87.0
114.0
20.0
264.0
189.0
491.0
1321.0
36.0
509.0
111.0
192.0
47.0
334.0
266.0
383.0
57.0
319.0
529.0
269.0
70.0
246.0
78.0
278.0
28.0
338.0
165.0
844.0
1310.0
567.0
331.0
1185.0
280.0
146.0
815.0
5029.0
5576.0
131.0
164.0
321.0
47.0
27.0
194.0
205.0
192.0
522.0
338.0
74.0
61.0
25.0
119.0
32.0
20.0
166.0
894.0
51.0
129.0
65.0
44.0
164.0
141.0
73.0
159.0
140.0
801.0
37.0
20.0
25.0
31.0
8.0
71.0
258.0
108.0
68.0
91.0
55.0
38.0
86.0
140.0
45.0
25.0
53.0
157.0
174.0
111.0
83.0
138.0
47.0
64.0
1536.0
56.0
56.0
69.0
26.0
167.0
272.0
32.0
281.0
128.0
252.0
82.0
129.0
827.0
214.0
71.0
1181.0
127.0
122.0
71.0
92.0
111.0
20.0
253.0
192.0
482.0
1350.0
35.0
557.0
116.0
177.0
47.0
339.0
266.0
400.0
57.0
315.0
511.0
289.0
75.0
247.0
76.0
299.0
28.0
357.0
170.0
842.0
1280.0
580.0
344.0
1179.0
293.0
151.0
791.0
5329.0
5826.0
127.0
157.0
317.0
47.0
29.0
194.0
221.0
185.0
519.0
363.0
79.0
64.0
26.0
116.0
32.0
20.0
166.0
886.0
52.0
124.0
63.0
46.0
166.0
151.0
72.0
164.0
145.0
773.0
36.0
20.0
25.0
32.0
8.0
69.0
277.0
113.0
72.0
83.0
56.0
41.0
89.0
154.0
47.0
27.0
55.0
162.0
169.0
110.0
87.0
135.0
48.0
63.0
1564.0
58.0
57.0
68.0
25.0
159.0
275.0
30.0
274.0
126.0
237.0
75.0
137.0
777.0
210.0
67.0
1267.0
131.0
116.0
72.0
91.0
121.0
20.0
250.0
198.0
475.0
1265.0
33.0
508.0
117.0
192.0
47.0
325.0
252.0
392.0
59.0
310.0
548.0
267.0
74.0
239.0
80.0
287.0
29.0
365.0
163.0
808.0
1355.0
573.0
337.0
1098.0
274.0
144.0
824.0
5464.0
5531.0
125.0
172.0
324.0
51.0
28.0
189.0
217.0
179.0
483.0
340.0
73.0
64.0
27.0
116.0
33.0
19.0
176.0
894.0
52.0
119.0
63.0
42.0
156.0
149.0
75.0
156.0
150.0
733.0
38.0
20.0
25.0
32.0
8.0
71.0
271.0
113.0
71.0
87.0
54.0
39.0
82.0
153.0
49.0
25.0
54.0
149.0
162.0
110.0
82.0
128.0
47.0
67.0
1581.0
55.0
56.0
70.0
26.0
160.0
277.0
33.0
278.0
129.0
254.0
81.0
128.0
763.0
209.0
65.0
1211.0
128.0
126.0
72.0
94.0
121.0
20.0
247.0
191.0
491.0
1255.0
36.0
535.0
111.0
178.0
48.0
334.0
255.0
378.0
59.0
295.0
535.0
292.0
73.0
243.0
81.0
298.0
28.0
366.0
161.0
817.0
1323.0
557.0
355.0
1177.0
283.0
157.0
809.0
5444.0
5605.0
124.0
171.0
318.0
48.0
28.0
191.0
205.0
187.0
485.0
340.0
78.0
65.0
25.0
125.0
33.0
19.0
167.0
902.0
49.0
126.0
62.0
46.0
154.0
151.0
76.0
158.0
149.0
758.0
38.0
21.0
24.0
29.0
8.0
71.0
253.0
107.0
70.0
84.0
54.0
40.0
89.0
152.0
48.0
26.0
57.0
157.0
158.0
110.0
85.0
127.0
45.0
63.0
1542.0
55.0
58.0
70.0
26.0
163.0
290.0
31.0
262.0
118.0
251.0
78.0
141.0
777.0
217.0
66.0
1260.0
134.0
125.0
67.0
91.0
117.0
20.0
249.0
201.0
470.0
1279.0
33.0
550.0
113.0
180.0
47.0
323.0
247.0
381.0
59.0
301.0
548.0
295.0
76.0
237.0
82.0
273.0
27.0
372.0
163.0
837.0
1354.0
544.0
361.0
1149.0
295.0
147.0
804.0
5077.0
5878.0
128.0
157.0
321.0
50.0
27.0
184.0
222.0
186.0
513.0
357.0
77.0
64.0
25.0
119.0
33.0
20.0
163.0
851.0
53.0
127.0
66.0
43.0
155.0
151.0
70.0
152.0
152.0
772.0
36.0
20.0
25.0
30.0
8.0
71.0
265.0
113.0
71.0
89.0
58.0
41.0
82.0
145.0
47.0
27.0
54.0
151.0
165.0
102.0
84.0
130.0
46.0
64.0
1560.0
58.0
55.0
70.0
26.0
161.0
272.0
31.0
288.0
126.0
246.0
81.0
140.0
826.0
214.0
68.0
1206.0
133.0
117.0
71.0
89.0
122.0
20.0
253.0
204.0
511.0
1349.0
35.0
547.0
114.0
176.0
44.0
317.0
245.0
372.0
56.0
302.0
554.0
294.0
73.0
241.0
74.0
285.0
27.0
369.0
166.0
840.0
1299.0
571.0
355.0
1194.0
284.0
152.0
854.0
5436.0
5445.0
131.0
161.0
320.0
50.0
29.0
189.0
205.0
184.0
523.0
370.0
77.0
66.0
27.0
117.0
33.0
19.0
170.0
891.0
53.0
130.0
63.0
46.0
162.0
144.0
75.0
168.0
149.0
728.0
38.0
21.0
25.0
32.0
8.0
73.0
274.0
113.0
73.0
88.0
54.0
38.0
89.0
143.0
45.0
25.0
58.0
160.0
174.0
101.0
86.0
131.0
48.0
63.0
1646.0
56.0
57.0
71.0
26.0
152.0
279.0
33.0
273.0
128.0
251.0
82.0
131.0
822.0
222.0
67.0
1175.0
127.0
123.0
73.0
85.0
111.0
20.0
264.0
194.0
469.0
1288.0
34.0
556.0
118.0
175.0
45.0
333.0
258.0
382.0
59.0
308.0
546.0
294.0
72.0
250.0
81.0
282.0
27.0
367.0
158.0
835.0
1340.0
571.0
343.0
1098.0
287.0
149.0
862.0
5493.0
5969.0
130.0
156.0
324.0
51.0
27.0
182.0
218.0
177.0
484.0
375.0
78.0
66.0
26.0
119.0
33.0
20.0
169.0
892.0
49.0
124.0
67.0
46.0
164.0
150.0
71.0
159.0
147.0
772.0
38.0
20.0
25.0
32.0
8.0
76.0
267.0
112.0
70.0
90.0
58.0
40.0
84.0
149.0
46.0
25.0
57.0
160.0
171.0
105.0
82.0
137.0
47.0
61.0
1546.0
59.0
58.0
67.0
26.0
162.0
270.0
32.0
285.0
125.0
238.0
83.0
133.0
795.0
207.0
66.0
1281.0
131.0
122.0
72.0
94.0
118.0
20.0
249.0
200.0
474.0
1248.0
35.0
550.0
116.0
180.0
45.0
343.0
251.0
389.0
61.0
312.0
532.0
289.0
71.0
236.0
79.0
275.0
28.0
349.0
160.0
843.0
1301.0
596.0
351.0
1084.0
301.0
151.0
845.0
5329.0
5463.0
119.0
172.0
306.0
47.0
27.0
185.0
210.0
196.0
526.0
370.0
76.0
64.0
26.0
119.0
30.0
19.0
174.0
827.0
52.0
119.0
63.0
44.0
160.0
142.0
75.0
158.0
150.0
783.0
35.0
20.0
25.0
30.0
8.0
71.0
255.0
110.0
68.0
86.0
58.0
39.0
87.0
144.0
48.0
26.0
56.0
148.0
168.0
105.0
84.0
130.0
46.0
64.0
1630.0
59.0
54.0
69.0
24.0
158.0
294.0
32.0
274.0
118.0
244.0
77.0
135.0
829.0
211.0
65.0
1174.0
125.0
121.0
67.0
94.0
118.0
20.0
266.0
197.0
488.0
1302.0
34.0
513.0
118.0
181.0
45.0
333.0
270.0
363.0
61.0
297.0
560.0
283.0
72.0
246.0
76.0
280.0
27.0
354.0
161.0
762.0
1302.0
588.0
334.0
1098.0
298.0
145.0
815.0
5370.0
5866.0
126.0
158.0
326.0
50.0
29.0
194.0
209.0
184.0
504.0
373.0
72.0
66.0
27.0
123.0
31.0
19.0
174.0
847.0
52.0
121.0
61.0
45.0
153.0
155.0
74.0
164.0
150.0
730.0
38.0
20.0
25.0
30.0
8.0
71.0
255.0
102.0
73.0
87.0
54.0
39.0
81.0
140.0
49.0
25.0
54.0
149.0
162.0
104.0
80.0
129.0
46.0
64.0
1510.0
59.0
58.0
70.0
25.0
157.0
299.0
31.0
285.0
125.0
259.0
81.0
130.0
799.0
211.0
70.0
1278.0
127.0
116.0
69.0
89.0
112.0
20.0
262.0
198.0
468.0
1343.0
36.0
543.0
119.0
186.0
46.0
333.0
270.0
371.0
59.0
302.0
533.0
274.0
73.0
247.0
76.0
286.0
27.0
342.0
166.0
764.0
1294.0
561.0
337.0
1122.0
283.0
152.0
848.0
5080.0
5954.0
119.0
157.0
319.0
48.0
29.0
188.0
206.0
180.0
500.0
367.0
75.0
62.0
27.0
128.0
31.0
19.0
172.0
885.0
49.0
126.0
65.0
46.0
156.0
142.0
74.0
164.0
149.0
800.0
36.0
19.0
26.0
30.0
8.0
76.0
252.0
106.0
71.0
91.0
58.0
38.0
87.0
148.0
49.0
25.0
55.0
152.0
159.0
110.0
86.0
131.0
48.0
66.0
1602.0
58.0
56.0
71.0
26.0
160.0
283.0
30.0
284.0
119.0
250.0
83.0
133.0
766.0
220.0
65.0
1247.0
121.0
124.0
72.0
86.0
117.0
19.0
247.0
190.0
502.0
1275.0
34.0
529.0
115.0
192.0
45.0
335.0
249.0
384.0
57.0
316.0
515.0
295.0
71.0
232.0
75.0
291.0
27.0
343.0
173.0
792.0
1359.0
593.0
354.0
1157.0
299.0
152.0
799.0
5179.0
5606.0
121.0
169.0
304.0
48.0
27.0
176.0
219.0
181.0
517.0
338.0
76.0
67.0
26.0
125.0
33.0
20.0
177.0
828.0
51.0
129.0
63.0
45.0
153.0
155.0
76.0
159.0
153.0
778.0
36.0
21.0
25.0
29.0
8.0
73.0
251.0
112.0
68.0
88.0
54.0
41.0
86.0
145.0
48.0
27.0
55.0
155.0
167.0
109.0
85.0
132.0
45.0
63.0
1562.0
54.0
57.0
64.0
25.0
159.0
278.0
31.0
285.0
126.0
246.0
82.0
139.0
813.0
223.0
65.0
1260.0
134.0
118.0
68.0
94.0
113.0
20.0
249.0
187.0
511.0
1328.0
33.0
516.0
117.0
184.0
45.0
324.0
262.0
374.0
61.0
306.0
531.0
282.0
74.0
230.0
79.0
287.0
28.0
363.0
161.0
769.0
1379.0
557.0
328.0
1094.0
294.0
153.0
789.0
5500.0
5939.0
125.0
160.0
307.0
51.0
28.0
178.0
206.0
187.0
493.0
366.0
77.0
62.0
27.0
120.0
32.0
20.0
171.0
879.0
48.0
127.0
67.0
43.0
152.0
141.0
74.0
159.0
145.0
798.0
38.0
21.0
26.0
30.0
8.0
74.0
275.0
106.0
70.0
83.0
54.0
38.0
88.0
154.0
48.0
27.0
55.0
149.0
168.0
110.0
81.0
129.0
46.0
63.0
1551.0
55.0
59.0
69.0
26.0
163.0
282.0
33.0
282.0
121.0
250.0
78.0
137.0
807.0
217.0
71.0
1216.0
134.0
118.0
72.0
90.0
117.0
20.0
269.0
194.0
488.0
1322.0
36.0
519.0
113.0
179.0
45.0
347.0
269.0
364.0
56.0
291.0
535.0
282.0
75.0
241.0
81.0
283.0
27.0
344.0
173.0
791.0
1322.0
576.0
358.0
1110.0
287.0
150.0
829.0
5036.0
5679.0
125.0
167.0
313.0
48.0
28.0
183.0
208.0
187.0
495.0
345.0
73.0
65.0
27.0
128.0
31.0
20.0
166.0
820.0
52.0
121.0
66.0
42.0
164.0
149.0
72.0
161.0
139.0
740.0
38.0
21.0
26.0
30.0
8.0
73.0
260.0
106.0
74.0
83.0
57.0
39.0
83.0
140.0
49.0
27.0
54.0
162.0
160.0
111.0
82.0
129.0
44.0
65.0
1506.0
59.0
58.0
70.0
26.0
167.0
287.0
31.0
267.0
127.0
244.0
76.0
135.0
832.0
205.0
67.0
1204.0
133.0
115.0
72.0
90.0
118.0
20.0
271.0
197.0
469.0
1347.0
34.0
533.0
109.0
184.0
45.0
331.0
246.0
378.0
57.0
308.0
528.0
273.0
69.0
231.0
80.0
274.0
27.0
342.0
170.0
777.0
1384.0
557.0
329.0
1184.0
296.0
150.0
844.0
5406.0
5771.0
127.0
167.0
311.0
49.0
29.0
194.0
224.0
184.0
531.0
356.0
75.0
63.0
25.0
125.0
33.0
19.0
167.0
854.0
52.0
122.0
62.0
44.0
162.0
151.0
70.0
156.0
143.0
765.0
38.0
20.0
24.0
32.0
8.0
71.0
263.0
107.0
68.0
87.0
54.0
39.0
81.0
146.0
46.0
26.0
58.0
161.0
158.0
105.0
81.0
130.0
45.0
63.0
1643.0
54.0
59.0
68.0
24.0
162.0
299.0
33.0
265.0
127.0
245.0
83.0
139.0
809.0
209.0
67.0
1200.0
132.0
127.0
67.0
90.0
119.0
18.0
254.0
206.0
499.0
1279.0
33.0
546.0
120.0
192.0
45.0
350.0
263.0
396.0
57.0
320.0
521.0
294.0
76.0
242.0
76.0
298.0
29.0
340.0
164.0
834.0
1350.0
588.0
344.0
1144.0
283.0
158.0
816.0
5241.0
5960.0
131.0
169.0
313.0
51.0
29.0
192.0
206.0
194.0
497.0
339.0
77.0
67.0
25.0
117.0
31.0
20.0
179.0
863.0
51.0
130.0
63.0
45.0
152.0
151.0
70.0
153.0
141.0
754.0
37.0
20.0
26.0
32.0
8.0
72.0
250.0
112.0
68.0
87.0
58.0
38.0
86.0
154.0
48.0
25.0
56.0
158.0
172.0
102.0
82.0
139.0
48.0
67.0
1597.0
54.0
59.0
66.0
25.0
160.0
292.0
30.0
285.0
130.0
252.0
75.0
129.0
765.0
215.0
69.0
1248.0
134.0
116.0
71.0
88.0
117.0
20.0
265.0
207.0
511.0
1238.0
35.0
546.0
113.0
184.0
47.0
348.0
255.0
392.0
61.0
315.0
515.0
276.0
76.0
246.0
82.0
286.0
28.0
367.0
165.0
827.0
1258.0
570.0
345.0
1109.0
276.0
151.0
862.0
5207.0
5660.0
120.0
171.0
314.0
50.0
28.0
184.0
211.0
187.0
498.0
372.0
76.0
63.0
25.0
117.0
33.0
19.0
170.0
899.0
52.0
126.0
67.0
46.0
163.0
150.0
69.0
161.0
141.0
737.0
36.0
20.0
25.0
30.0
8.0
76.0
264.0
106.0
74.0
87.0
58.0
41.0
85.0
154.0
45.0
25.0
55.0
159.0
162.0
105.0
85.0
131.0
45.0
67.0
1514.0
55.0
59.0
65.0
26.0
164.0
280.0
33.0
287.0
121.0
249.0
81.0
129.0
815.0
223.0
68.0
1173.0
133.0
116.0
68.0
90.0
110.0
19.0
269.0
197.0
483.0
1307.0
34.0
516.0
110.0
187.0
45.0
318.0
249.0
382.0
56.0
311.0
511.0
280.0
74.0
249.0
82.0
301.0
28.0
359.0
172.0
795.0
1292.0
578.0
337.0
1148.0
288.0
159.0
836.0
5387.0
5845.0
128.0
161.0
328.0
48.0
28.0
180.0
207.0
180.0
507.0
355.0
78.0
64.0
26.0
120.0
32.0
20.0
169.0
889.0
52.0
129.0
65.0
46.0
160.0
149.0
71.0
153.0
153.0
744.0
35.0
20.0
26.0
32.0
8.0
75.0
254.0
105.0
68.0
88.0
56.0
40.0
87.0
148.0
45.0
26.0
54.0
153.0
160.0
111.0
79.0
126.0
47.0
67.0
1598.0
59.0
54.0
64.0
25.0
154.0
292.0
30.0
271.0
120.0
244.0
78.0
129.0
752.0
214.0
67.0
1262.0
123.0
118.0
67.0
91.0
113.0
20.0
248.0
196.0
472.0
1321.0
36.0
507.0
113.0
189.0
46.0
323.0
249.0
366.0
57.0
303.0
520.0
274.0
74.0
245.0
77.0
282.0
28.0
342.0
172.0
841.0
1356.0
541.0
356.0
1164.0
286.0
148.0
809.0
5057.0
5829.0
124.0
161.0
316.0
50.0
29.0
194.0
225.0
184.0
499.0
353.0
74.0
64.0
25.0
126.0
31.0
20.0
162.0
856.0
51.0
122.0
65.0
42.0
154.0
153.0
75.0
156.0
145.0
747.0
38.0
19.0
26.0
31.0
8.0
73.0
250.0
113.0
67.0
85.0
58.0
38.0
89.0
141.0
46.0
26.0
57.0
156.0
169.0
105.0
80.0
139.0
45.0
67.0
1653.0
59.0
54.0
66.0
25.0
153.0
290.0
32.0
273.0
118.0
238.0
78.0
135.0
798.0
221.0
69.0
1241.0
126.0
115.0
72.0
90.0
116.0
20.0
268.0
188.0
497.0
1289.0
36.0
513.0
117.0
186.0
45.0
319.0
261.0
381.0
58.0
311.0
553.0
268.0
69.0
243.0
79.0
277.0
29.0
340.0
164.0
812.0
1274.0
566.0
340.0
1093.0
275.0
148.0
820.0
5082.0
5879.0
125.0
158.0
334.0
48.0
27.0
191.0
206.0
182.0
532.0
362.0
72.0
64.0
27.0
122.0
31.0
20.0
165.0
881.0
53.0
121.0
67.0
46.0
166.0
155.0
71.0
160.0
143.0
800.0
37.0
21.0
26.0
31.0
8.0
70.0
257.0
112.0
68.0
89.0
59.0
37.0
88.0
145.0
49.0
26.0
53.0
159.0
175.0
111.0
84.0
126.0
48.0
66.0
1558.0
54.0
57.0
71.0
24.0
164.0
275.0
33.0
269.0
126.0
240.0
81.0
129.0
773.0
213.0
71.0
1229.0
127.0
123.0
73.0
88.0
116.0
20.0
270.0
191.0
468.0
1279.0
33.0
553.0
108.0
175.0
47.0
336.0
266.0
383.0
61.0
308.0
547.0
285.0
73.0
244.0
75.0
285.0
28.0
367.0
163.0
814.0
1288.0
571.0
329.0
1152.0
277.0
145.0
874.0
5030.0
5605.0
130.0
162.0
321.0
48.0
29.0
187.0
226.0
187.0
486.0
370.0
77.0
63.0
26.0
119.0
32.0
19.0
172.0
871.0
49.0
126.0
61.0
44.0
164.0
155.0
75.0
162.0
139.0
774.0
36.0
21.0
25.0
30.0
8.0
69.0
256.0
104.0
74.0
84.0
57.0
40.0
87.0
150.0
47.0
27.0
57.0
154.0
172.0
111.0
86.0
128.0
47.0
64.0
1627.0
59.0
58.0
71.0
26.0
164.0
294.0
32.0
275.0
121.0
247.0
79.0
141.0
764.0
217.0
70.0
1281.0
122.0
127.0
68.0
86.0
122.0
19.0
255.0
202.0
513.0
1275.0
35.0
559.0
109.0
189.0
46.0
339.0
246.0
399.0
58.0
307.0
507.0
270.0
73.0
247.0
74.0
287.0
29.0
357.0
157.0
812.0
1370.0
571.0
347.0
1086.0
293.0
144.0
840.0
5439.0
5737.0
123.0
165.0
307.0
47.0
29.0
177.0
210.0
196.0
524.0
357.0
78.0
65.0
27.0
125.0
31.0
19.0
173.0
858.0
51.0
123.0
65.0
43.0
161.0
151.0
71.0
158.0
150.0
729.0
37.0
20.0
24.0
31.0
8.0
70.0
267.0
110.0
67.0
87.0
56.0
38.0
86.0
149.0
45.0
27.0
53.0
160.0
171.0
101.0
86.0
128.0
47.0
62.0
1542.0
54.0
57.0
65.0
25.0
152.0
297.0
30.0
269.0
129.0
254.0
77.0
137.0
781.0
218.0
71.0
1219.0
127.0
122.0
70.0
88.0
112.0
19.0
267.0
201.0
481.0
1258.0
33.0
534.0
118.0
186.0
45.0
327.0
256.0
382.0
61.0
290.0
556.0
272.0
72.0
254.0
75.0
299.0
28.0
341.0
160.0
807.0
1311.0
580.0
354.0
1109.0
276.0
149.0
832.0
5388.0
5961.0
120.0
168.0
321.0
49.0
28.0
182.0
224.0
192.0
506.0
374.0
74.0
67.0
27.0
123.0
33.0
19.0
165.0
849.0
51.0
119.0
62.0
46.0
154.0
149.0
70.0
154.0
151.0
728.0
36.0
21.0
24.0
31.0
8.0
71.0
255.0
112.0
67.0
88.0
54.0
39.0
88.0
144.0
48.0
27.0
54.0
152.0
164.0
109.0
81.0
139.0
44.0
67.0
1558.0
55.0
58.0
66.0
25.0
158.0
280.0
30.0
276.0
124.0
259.0
81.0
127.0
761.0
205.0
70.0
1288.0
127.0
119.0
67.0
93.0
113.0
20.0
256.0
199.0
510.0
1262.0
34.0
509.0
111.0
186.0
48.0
341.0
255.0
369.0
58.0
301.0
551.0
295.0
74.0
237.0
78.0
284.0
28.0
370.0
167.0
836.0
1285.0
573.0
356.0
1125.0
280.0
145.0
812.0
5008.0
5516.0
129.0
162.0
312.0
50.0
29.0
188.0
211.0
188.0
504.0
353.0
77.0
63.0
27.0
119.0
31.0
20.0
178.0
825.0
53.0
129.0
66.0
44.0
165.0
140.0
71.0
155.0
150.0
747.0
38.0
20.0
24.0
31.0
8.0
70.0
258.0
107.0
69.0
90.0
57.0
38.0
88.0
148.0
49.0
26.0
58.0
158.0
174.0
109.0
82.0
127.0
47.0
62.0
1588.0
56.0
58.0
71.0
24.0
151.0
288.0
33.0
268.0
122.0
239.0
79.0
130.0
785.0
204.0
69.0
1263.0
131.0
119.0
72.0
93.0
119.0
20.0
260.0
207.0
515.0
1333.0
35.0
509.0
112.0
176.0
44.0
317.0
269.0
371.0
57.0
311.0
548.0
273.0
69.0
249.0
78.0
282.0
27.0
359.0
173.0
788.0
1315.0
596.0
330.0
1113.0
294.0
146.0
821.0
4994.0
5555.0
118.0
172.0
334.0
47.0
29.0
176.0
225.0
191.0
495.0
354.0
74.0
63.0
27.0
120.0
30.0
20.0
178.0
846.0
53.0
127.0
66.0
42.0
167.0
146.0
73.0
164.0
141.0
757.0
38.0
19.0
25.0
31.0
8.0
70.0
252.0
113.0
73.0
88.0
57.0
39.0
89.0
143.0
47.0
25.0
58.0
153.0
164.0
104.0
82.0
129.0
47.0
65.0
1613.0
55.0
57.0
68.0
24.0
157.0
283.0
32.0
262.0
126.0
245.0
75.0
133.0
830.0
214.0
71.0
1213.0
126.0
117.0
71.0
90.0
115.0
20.0
250.0
189.0
470.0
1340.0
35.0
537.0
120.0
192.0
45.0
351.0
248.0
371.0
60.0
302.0
549.0
290.0
75.0
252.0
79.0
285.0
28.0
346.0
164.0
767.0
1339.0
541.0
333.0
1127.0
286.0
151.0
804.0
5307.0
5800.0
124.0
163.0
305.0
51.0
28.0
181.0
207.0
194.0
520.0
342.0
77.0
63.0
26.0
118.0
31.0
20.0
164.0
827.0
49.0
131.0
64.0
43.0
158.0
142.0
72.0
159.0
140.0
781.0
37.0
20.0
25.0
30.0
8.0
73.0
257.0
113.0
69.0
87.0
54.0
38.0
86.0
153.0
46.0
27.0
58.0
152.0
168.0
101.0
80.0
138.0
45.0
65.0
1619.0
58.0
57.0
69.0
25.0
161.0
277.0
30.0
286.0
123.0
255.0
77.0
132.0
787.0
224.0
67.0
1199.0
123.0
115.0
68.0
94.0
111.0
20.0
255.0
192.0
500.0
1301.0
36.0
529.0
116.0
181.0
48.0
345.0
265.0
395.0
58.0
291.0
532.0
278.0
70.0
242.0
82.0
286.0
28.0
345.0
161.0
780.0
1364.0
599.0
328.0
1086.0
273.0
152.0
859.0
5344.0
5652.0
122.0
159.0
323.0
51.0
29.0
194.0
218.0
193.0
485.0
361.0
74.0
63.0
27.0
119.0
33.0
19.0
168.0
900.0
53.0
126.0
64.0
44.0
165.0
151.0
70.0
164.0
144.0
787.0
35.0
21.0
25.0
30.0
8.0
69.0
252.0
102.0
71.0
88.0
58.0
38.0
88.0
142.0
45.0
27.0
55.0
164.0
166.0
102.0
84.0
136.0
47.0
63.0
1575.0
55.0
58.0
66.0
24.0
158.0
293.0
33.0
268.0
126.0
255.0
80.0
138.0
785.0
218.0
70.0
1259.0
127.0
120.0
68.0
87.0
119.0
19.0
260.0
200.0
510.0
1316.0
33.0
533.0
119.0
189.0
44.0
324.0
256.0
370.0
59.0
312.0
560.0
280.0
75.0
248.0
77.0
278.0
29.0
349.0
160.0
843.0
1372.0
550.0
359.0
1152.0
279.0
159.0
841.0
5273.0
5601.0
125.0
162.0
319.0
51.0
29.0
188.0
208.0
182.0
526.0
351.0
72.0
64.0
26.0
119.0
33.0
19.0
167.0
867.0
50.0
127.0
62.0
46.0
153.0
151.0
71.0
155.0
151.0
763.0
36.0
21.0
24.0
32.0
8.0
74.0
254.0
111.0
71.0
86.0
54.0
39.0
88.0
148.0
49.0
26.0
57.0
154.0
166.0
106.0
81.0
130.0
47.0
62.0
1575.0
55.0
59.0
68.0
26.0
164.0
274.0
33.0
279.0
124.0
243.0
77.0
135.0
760.0
217.0
67.0
1208.0
126.0
123.0
66.0
87.0
119.0
20.0
254.0
202.0
517.0
1271.0
36.0
550.0
109.0
193.0
48.0
342.0
252.0
365.0
58.0
292.0
536.0
269.0
70.0
238.0
79.0
284.0
28.0
351.0
172.0
766.0
1378.0
570.0
355.0
1126.0
282.0
159.0
800.0
5024.0
5529.0
126.0
164.0
321.0
47.0
27.0
183.0
210.0
193.0
498.0
368.0
76.0
63.0
25.0
127.0
31.0
20.0
169.0
898.0
50.0
125.0
66.0
46.0
163.0
141.0
76.0
155.0
147.0
784.0
35.0
21.0
24.0
32.0
8.0
73.0
277.0
108.0
73.0
90.0
56.0
40.0
88.0
142.0
45.0
26.0
54.0
154.0
173.0
101.0
83.0
136.0
47.0
61.0
1589.0
58.0
58.0
71.0
26.0
159.0
278.0
32.0
269.0
129.0
252.0
77.0
131.0
761.0
225.0
65.0
1279.0
128.0
118.0
67.0
94.0
117.0
20.0
270.0
196.0
498.0
1243.0
35.0
536.0
115.0
180.0
48.0
325.0
252.0
384.0
61.0
318.0
556.0
292.0
76.0
248.0
82.0
291.0
27.0
359.0
172.0
821.0
1381.0
595.0
328.0
1163.0
282.0
149.0
791.0
5317.0
5706.0
121.0
171.0
330.0
49.0
28.0
194.0
213.0
184.0
486.0
358.0
76.0
66.0
26.0
118.0
30.0
20.0
175.0
840.0
52.0
123.0
64.0
44.0
151.0
151.0
76.0
155.0
143.0
731.0
36.0
21.0
26.0
29.0
8.0
70.0
262.0
112.0
71.0
86.0
57.0
41.0
85.0
141.0
48.0
25.0
55.0
150.0
169.0
106.0
87.0
139.0
45.0
62.0
1504.0
57.0
55.0
69.0
26.0
167.0
288.0
32.0
274.0
119.0
248.0
79.0
140.0
807.0
223.0
70.0
1279.0
133.0
125.0
67.0
87.0
119.0
19.0
262.0
187.0
496.0
1226.0
34.0
528.0
116.0
176.0
48.0
351.0
264.0
399.0
58.0
299.0
553.0
292.0
70.0
230.0
78.0
294.0
28.0
362.0
172.0
829.0
1386.0
586.0
362.0
1100.0
295.0
154.0
792.0
5293.0
5552.0
119.0
172.0
320.0
50.0
27.0
193.0
224.0
190.0
489.0
341.0
77.0
62.0
25.0
120.0
31.0
19.0
177.0
879.0
50.0
128.0
67.0
42.0
156.0
145.0
70.0
157.0
150.0
730.0
35.0
20.0
26.0
30.0
8.0
72.0
261.0
112.0
71.0
89.0
58.0
40.0
89.0
150.0
45.0
26.0
58.0
161.0
173.0
104.0
86.0
128.0
46.0
65.0
1502.0
54.0
59.0
65.0
25.0
158.0
279.0
32.0
270.0
130.0
244.0
76.0
130.0
757.0
213.0
68.0
1267.0
131.0
115.0
71.0
94.0
115.0
20.0
247.0
199.0
477.0
1286.0
36.0
528.0
119.0
183.0
45.0
342.0
254.0
377.0
56.0
310.0
554.0
267.0
72.0
234.0
79.0
292.0
28.0
366.0
167.0
776.0
1315.0
572.0
338.0
1106.0
297.0
148.0
803.0
5260.0
5679.0
125.0
157.0
327.0
48.0
27.0
187.0
226.0
184.0
494.0
368.0
73.0
66.0
25.0
120.0
32.0
19.0
174.0
880.0
49.0
131.0
64.0
42.0
165.0
154.0
74.0
166.0
146.0
790.0
38.0
20.0
26.0
32.0
8.0
75.0
272.0
106.0
70.0
87.0
57.0
40.0
88.0
152.0
48.0
27.0
53.0
153.0
159.0
104.0
85.0
131.0
45.0
64.0
1537.0
56.0
55.0
69.0
26.0
158.0
288.0
31.0
287.0
120.0
256.0
81.0
134.0
783.0
216.0
68.0
1239.0
126.0
121.0
67.0
91.0
112.0
20.0
268.0
191.0
510.0
1257.0
35.0
532.0
113.0
190.0
46.0
334.0
264.0
382.0
58.0
298.0
543.0
290.0
70.0
254.0
79.0
275.0
27.0
356.0
173.0
784.0
1333.0
571.0
348.0
1138.0
278.0
153.0
855.0
4993.0
5563.0
126.0
161.0
306.0
50.0
29.0
189.0
221.0
177.0
521.0
369.0
76.0
62.0
27.0
118.0
31.0
20.0
167.0
826.0
49.0
131.0
63.0
45.0
153.0
152.0
69.0
163.0
150.0
759.0
38.0
20.0
26.0
32.0
8.0
71.0
274.0
109.0
74.0
91.0
54.0
40.0
83.0
153.0
47.0
25.0
58.0
163.0
169.0
105.0
82.0
132.0
44.0
65.0
1534.0
56.0
55.0
69.0
26.0
162.0
273.0
30.0
269.0
118.0
243.0
77.0
140.0
791.0
206.0
66.0
1222.0
122.0
122.0
67.0
86.0
115.0
20.0
259.0
198.0
477.0
1283.0
34.0
537.0
116.0
175.0
46.0
346.0
245.0
383.0
58.0
312.0
508.0
289.0
69.0
237.0
82.0
292.0
29.0
348.0
157.0
795.0
1359.0
543.0
343.0
1133.0
285.0
154.0
860.0
5257.0
5672.0
124.0
162.0
318.0
48.0
29.0
178.0
220.0
180.0
534.0
361.0
73.0
66.0
26.0
121.0
31.0
20.0
166.0
904.0
52.0
129.0
62.0
45.0
166.0
145.0
74.0
159.0
145.0
728.0
37.0
20.0
26.0
30.0
8.0
74.0
257.0
104.0
73.0
87.0
58.0
38.0
83.0
142.0
48.0
27.0
56.0
155.0
166.0
108.0
81.0
128.0
48.0
61.0
1662.0
57.0
56.0
65.0
26.0
152.0
280.0
32.0
281.0
121.0
244.0
83.0
134.0
759.0
220.0
69.0
1259.0
127.0
127.0
67.0
85.0
111.0
19.0
251.0
193.0
481.0
1302.0
35.0
536.0
113.0
189.0
47.0
324.0
258.0
362.0
58.0
295.0
522.0
288.0
73.0
239.0
79.0
288.0
28.0
356.0
171.0
807.0
1335.0
573.0
363.0
1149.0
282.0
144.0
875.0
5486.0
5514.0
121.0
173.0
336.0
49.0
29.0
191.0
212.0
178.0
489.0
368.0
78.0
62.0
27.0
117.0
33.0
19.0
173.0
898.0
51.0
131.0
62.0
44.0
167.0
155.0
72.0
168.0
148.0
772.0
36.0
21.0
26.0
30.0
8.0
73.0
251.0
106.0
69.0
86.0
59.0
41.0
81.0
151.0
48.0
26.0
56.0
163.0
172.0
105.0
87.0
134.0
48.0
66.0
1549.0
55.0
57.0
70.0
25.0
156.0
271.0
33.0
283.0
123.0
242.0
75.0
134.0
786.0
216.0
67.0
1196.0
130.0
125.0
68.0
86.0
116.0
19.0
269.0
204.0
508.0
1260.0
36.0
541.0
119.0
183.0
44.0
337.0
261.0
381.0
56.0
304.0
511.0
270.0
69.0
241.0
78.0
295.0
27.0
361.0
166.0
789.0
1373.0
567.0
350.0
1180.0
274.0
148.0
792.0
5011.0
5503.0
122.0
171.0
321.0
47.0
28.0
180.0
226.0
181.0
523.0
353.0
74.0
62.0
25.0
117.0
32.0
19.0
174.0
838.0
50.0
122.0
67.0
46.0
163.0
154.0
74.0
160.0
145.0
784.0
35.0
21.0
26.0
30.0
8.0
72.0
258.0
108.0
68.0
90.0
57.0
39.0
83.0
147.0
48.0
27.0
58.0
164.0
160.0
107.0
81.0
129.0
44.0
64.0
1543.0
55.0
59.0
67.0
26.0
154.0
292.0
32.0
263.0
119.0
259.0
77.0
129.0
787.0
204.0
68.0
1245.0
128.0
115.0
72.0
92.0
114.0
20.0
270.0
193.0
483.0
1284.0
33.0
559.0
109.0
178.0
45.0
340.0
257.0
362.0
58.0
291.0
551.0
273.0
75.0
236.0
82.0
286.0
28.0
359.0
165.0
808.0
1333.0
583.0
337.0
1106.0
276.0
150.0
854.0
5457.0
5632.0
129.0
162.0
336.0
51.0
29.0
189.0
214.0
179.0
517.0
365.0
77.0
65.0
26.0
123.0
33.0
20.0
164.0
876.0
53.0
118.0
66.0
44.0
164.0
148.0
70.0
160.0
140.0
767.0
36.0
21.0
25.0
30.0
8.0
76.0
259.0
107.0
70.0
83.0
57.0
41.0
82.0
143.0
45.0
26.0
54.0
154.0
173.0
101.0
87.0
130.0
45.0
64.0
1649.0
56.0
57.0
67.0
26.0
154.0
281.0
31.0
261.0
122.0
242.0
80.0
135.0
828.0
215.0
70.0
1228.0
121.0
127.0
70.0
89.0
119.0
19.0
257.0
191.0
508.0
1242.0
34.0
526.0
114.0
182.0
47.0
317.0
254.0
387.0
58.0
317.0
527.0
273.0
72.0
237.0
76.0
301.0
28.0
369.0
164.0
808.0
1379.0
584.0
351.0
1167.0
274.0
151.0
814.0
5423.0
5526.0
123.0
167.0
326.0
51.0
27.0
185.0
210.0
177.0
528.0
372.0
79.0
64.0
25.0
119.0
31.0
20.0
175.0
859.0
49.0
130.0
66.0
42.0
153.0
144.0
71.0
163.0
145.0
771.0
36.0
19.0
24.0
32.0
8.0
70.0
271.0
105.0
71.0
84.0
56.0
38.0
86.0
140.0
48.0
25.0
56.0
158.0
162.0
102.0
82.0
136.0
46.0
66.0
1635.0
56.0
57.0
66.0
25.0
162.0
288.0
33.0
275.0
119.0
240.0
76.0
139.0
757.0
221.0
70.0
1228.0
128.0
127.0
69.0
92.0
114.0
19.0
249.0
202.0
510.0
1301.0
36.0
553.0
116.0
185.0
48.0
328.0
268.0
388.0
57.0
311.0
527.0
293.0
70.0
249.0
76.0
280.0
29.0
374.0
163.0
780.0
1343.0
572.0
343.0
1084.0
284.0
152.0
789.0
5205.0
5807.0
123.0
166.0
330.0
49.0
29.0
181.0
226.0
178.0
524.0
362.0
72.0
63.0
26.0
128.0
32.0
19.0
164.0
867.0
50.0
124.0
65.0
43.0
151.0
145.0
75.0
167.0
153.0
726.0
36.0
20.0
25.0
31.0
8.0
74.0
264.0
112.0
69.0
84.0
58.0
38.0
83.0
143.0
47.0
27.0
55.0
153.0
169.0
104.0
82.0
135.0
44.0
67.0
1544.0
59.0
57.0
67.0
26.0
152.0
294.0
32.0
278.0
122.0
251.0
78.0
129.0
818.0
219.0
71.0
1215.0
127.0
116.0
71.0
89.0
114.0
19.0
248.0
198.0
478.0
1335.0
34.0
557.0
109.0
187.0
46.0
321.0
249.0
392.0
57.0
299.0
550.0
272.0
75.0
247.0
82.0
288.0
28.0
342.0
163.0
794.0
1338.0
579.0
362.0
1154.0
298.0
159.0
855.0
5232.0
5982.0
130.0
170.0
324.0
47.0
29.0
192.0
221.0
185.0
524.0
353.0
73.0
62.0
27.0
125.0
31.0
19.0
176.0
873.0
51.0
119.0
64.0
43.0
157.0
144.0
76.0
156.0
149.0
756.0
38.0
21.0
24.0
30.0
8.0
75.0
275.0
106.0
71.0
84.0
56.0
40.0
82.0
147.0
46.0
27.0
54.0
161.0
174.0
108.0
87.0
136.0
46.0
66.0
1518.0
55.0
54.0
71.0
24.0
166.0
281.0
33.0
286.0
128.0
237.0
79.0
130.0
798.0
210.0
69.0
1281.0
134.0
118.0
73.0
94.0
122.0
19.0
255.0
204.0
478.0
1270.0
34.0
510.0
111.0
180.0
48.0
328.0
254.0
375.0
60.0
305.0
546.0
271.0
73.0
238.0
81.0
292.0
27.0
371.0
171.0
839.0
1380.0
556.0
359.0
1102.0
283.0
158.0
814.0
5212.0
5730.0
126.0
173.0
319.0
47.0
28.0
187.0
222.0
181.0
516.0
367.0
79.0
67.0
25.0
118.0
33.0
19.0
178.0
856.0
49.0
127.0
62.0
45.0
167.0
145.0
69.0
153.0
140.0
747.0
35.0
20.0
25.0
29.0
8.0
70.0
260.0
111.0
71.0
89.0
54.0
38.0
85.0
147.0
49.0
27.0
54.0
155.0
165.0
111.0
83.0
126.0
48.0
62.0
1577.0
57.0
58.0
65.0
25.0
163.0
292.0
32.0
288.0
127.0
257.0
80.0
135.0
827.0
218.0
68.0
1168.0
127.0
125.0
68.0
86.0
117.0
20.0
259.0
205.0
468.0
1242.0
33.0
505.0
116.0
182.0
46.0
340.0
256.0
364.0
58.0
300.0
514.0
278.0
72.0
237.0
74.0
295.0
29.0
347.0
160.0
836.0
1280.0
561.0
345.0
1159.0
301.0
147.0
844.0
5042.0
5720.0
125.0
168.0
322.0
50.0
29.0
189.0
205.0
190.0
529.0
374.0
76.0
67.0
25.0
121.0
33.0
18.0
171.0
904.0
53.0
128.0
63.0
45.0
159.0
141.0
71.0
156.0
147.0
751.0
38.0
21.0
26.0
31.0
8.0
76.0
252.0
107.0
70.0
82.0
56.0
38.0
82.0
148.0
45.0
26.0
54.0
149.0
175.0
104.0
86.0
126.0
44.0
62.0
1524.0
55.0
56.0
71.0
25.0
158.0
291.0
31.0
273.0
130.0
242.0
76.0
139.0
780.0
214.0
69.0
1270.0
123.0
127.0
70.0
90.0
116.0
20.0
258.0
192.0
472.0
1291.0
36.0
558.0
109.0
182.0
44.0
346.0
270.0
367.0
60.0
298.0
512.0
272.0
73.0
250.0
79.0
287.0
29.0
339.0
168.0
798.0
1281.0
583.0
359.0
1083.0
300.0
146.0
871.0
5362.0
5454.0
126.0
166.0
309.0
49.0
29.0
175.0
219.0
187.0
533.0
371.0
73.0
63.0
25.0
117.0
33.0
19.0
175.0
886.0
50.0
129.0
67.0
43.0
156.0
155.0
71.0
153.0
142.0
723.0
38.0
21.0
24.0
32.0
8.0
72.0
276.0
103.0
69.0
91.0
55.0
41.0
83.0
151.0
46.0
25.0
56.0
150.0
165.0
111.0
82.0
137.0
44.0
66.0
1516.0
54.0
54.0
69.0
25.0
157.0
270.0
33.0
277.0
129.0
248.0
81.0
132.0
767.0
207.0
71.0
1165.0
126.0
127.0
71.0
91.0
121.0
19.0
254.0
205.0
486.0
1273.0
35.0
514.0
117.0
177.0
45.0
338.0
257.0
391.0
56.0
316.0
519.0
279.0
76.0
254.0
82.0
279.0
29.0
350.0
158.0
787.0
1288.0
578.0
346.0
1178.0
285.0
155.0
855.0
5242.0
5443.0
122.0
164.0
332.0
49.0
28.0
178.0
225.0
196.0
502.0
344.0
77.0
62.0
27.0
121.0
33.0
19.0
170.0
819.0
50.0
122.0
62.0
44.0
161.0
147.0
73.0
165.0
149.0
736.0
37.0
21.0
26.0
31.0
8.0
76.0
266.0
111.0
71.0
84.0
57.0
41.0
81.0
144.0
49.0
26.0
53.0
162.0
162.0
108.0
87.0
129.0
47.0
63.0
1580.0
57.0
54.0
70.0
26.0
163.0
276.0
31.0
263.0
130.0
235.0
78.0
128.0
775.0
204.0
70.0
1164.0
123.0
122.0
67.0
94.0
113.0
20.0
267.0
206.0
497.0
1336.0
35.0
536.0
112.0
191.0
46.0
347.0
263.0
397.0
59.0
298.0
535.0
284.0
73.0
251.0
81.0
291.0
29.0
373.0
170.0
779.0
1323.0
550.0
331.0
1092.0
297.0
151.0
825.0
5070.0
5494.0
121.0
161.0
312.0
48.0
28.0
190.0
220.0
183.0
515.0
358.0
77.0
63.0
25.0
120.0
31.0
20.0
172.0
901.0
49.0
124.0
62.0
42.0
155.0
147.0
69.0
152.0
140.0
751.0
36.0
21.0
26.0
32.0
8.0
71.0
259.0
109.0
70.0
90.0
54.0
40.0
86.0
142.0
49.0
26.0
58.0
152.0
172.0
109.0
85.0
127.0
47.0
64.0
1511.0
58.0
56.0
69.0
26.0
154.0
284.0
31.0
265.0
119.0
254.0
80.0
129.0
762.0
209.0
70.0
1161.0
122.0
116.0
73.0
86.0
122.0
20.0
265.0
194.0
470.0
1285.0
33.0
511.0
120.0
181.0
48.0
335.0
269.0
385.0
61.0
313.0
533.0
290.0
69.0
232.0
77.0
284.0
28.0
348.0
166.0
795.0
1268.0
553.0
334.0
1095.0
279.0
146.0
790.0
5247.0
5487.0
118.0
157.0
319.0
50.0
27.0
188.0
220.0
182.0
508.0
342.0
75.0
63.0
27.0
122.0
30.0
19.0
177.0
871.0
48.0
121.0
64.0
43.0
166.0
150.0
76.0
166.0
143.0
753.0
38.0
20.0
26.0
32.0
8.0
73.0
254.0
106.0
72.0
86.0
57.0
41.0
83.0
148.0
45.0
26.0
55.0
148.0
167.0
104.0
81.0
137.0
47.0
66.0
1518.0
56.0
57.0
66.0
24.0
155.0
297.0
33.0
268.0
119.0
254.0
79.0
132.0
781.0
207.0
71.0
1189.0
124.0
125.0
69.0
92.0
118.0
19.0
255.0
194.0
474.0
1252.0
33.0
512.0
116.0
193.0
44.0
340.0
267.0
397.0
55.0
308.0
526.0
274.0
69.0
236.0
76.0
298.0
27.0
375.0
166.0
777.0
1336.0
562.0
346.0
1092.0
272.0
151.0
813.0
5161.0
5553.0
121.0
167.0
314.0
48.0
27.0
177.0
225.0
193.0
525.0
356.0
73.0
64.0
26.0
118.0
32.0
19.0
168.0
850.0
52.0
131.0
63.0
43.0
160.0
150.0
70.0
158.0
147.0
764.0
36.0
21.0
26.0
31.0
8.0
71.0
257.0
108.0
67.0
89.0
59.0
39.0
88.0
144.0
49.0
25.0
57.0
163.0
168.0
101.0
86.0
126.0
46.0
65.0
1648.0
57.0
55.0
70.0
24.0
165.0
273.0
31.0
271.0
127.0
239.0
75.0
139.0
751.0
223.0
71.0
1268.0
128.0
125.0
72.0
92.0
111.0
20.0
251.0
191.0
491.0
1272.0
35.0
505.0
115.0
190.0
45.0
337.0
244.0
379.0
59.0
294.0
505.0
276.0
69.0
246.0
79.0
292.0
29.0
360.0
162.0
779.0
1272.0
575.0
360.0
1161.0
285.0
158.0
804.0
5458.0
5712.0
120.0
164.0
315.0
48.0
28.0
181.0
204.0
195.0
486.0
374.0
76.0
66.0
27.0
122.0
31.0
20.0
163.0
853.0
53.0
129.0
66.0
44.0
153.0
143.0
75.0
158.0
148.0
764.0
37.0
20.0
24.0
32.0
8.0
75.0
269.0
105.0
69.0
84.0
56.0
40.0
83.0
148.0
49.0
27.0
53.0
160.0
163.0
102.0
84.0
130.0
45.0
62.0
1593.0
58.0
54.0
65.0
24.0
153.0
286.0
31.0
270.0
122.0
245.0
77.0
132.0
820.0
211.0
71.0
1244.0
133.0
124.0
70.0
88.0
114.0
19.0
266.0
192.0
474.0
1301.0
34.0
508.0
110.0
192.0
44.0
343.0
267.0
375.0
60.0
320.0
521.0
291.0
70.0
234.0
75.0
277.0
27.0
351.0
164.0
830.0
1315.0
577.0
360.0
1103.0
284.0
158.0
804.0
5139.0
5790.0
121.0
162.0
316.0
46.0
29.0
181.0
226.0
186.0
502.0
344.0
79.0
65.0
27.0
128.0
31.0
19.0
173.0
818.0
50.0
128.0
66.0
45.0
165.0
141.0
75.0
153.0
140.0
736.0
37.0
21.0
25.0
29.0
8.0
75.0
257.0
110.0
70.0
88.0
55.0
39.0
86.0
152.0
46.0
26.0
57.0
164.0
171.0
108.0
84.0
127.0
44.0
63.0
1667.0
58.0
55.0
68.0
26.0
166.0
293.0
31.0
276.0
124.0
236.0
75.0
131.0
794.0
210.0
67.0
1262.0
122.0
115.0
73.0
88.0
114.0
19.0
261.0
201.0
501.0
1225.0
36.0
548.0
115.0
181.0
47.0
334.0
255.0
390.0
56.0
301.0
538.0
266.0
75.0
249.0
76.0
299.0
28.0
372.0
157.0
821.0
1333.0
584.0
351.0
1165.0
279.0
147.0
831.0
5021.0
5972.0
121.0
163.0
325.0
51.0
27.0
188.0
218.0
177.0
499.0
353.0
76.0
62.0
26.0
122.0
31.0
19.0
169.0
887.0
53.0
129.0
65.0
42.0
160.0
153.0
73.0
167.0
140.0
736.0
36.0
19.0
25.0
30.0
8.0
69.0
264.0
111.0
72.0
88.0
56.0
38.0
85.0
145.0
47.0
25.0
55.0
155.0
160.0
108.0
84.0
129.0
45.0
64.0
1637.0
54.0
57.0
70.0
24.0
153.0
277.0
32.0
279.0
126.0
242.0
80.0
127.0
812.0
221.0
71.0
1185.0
134.0
126.0
73.0
86.0
116.0
19.0
253.0
203.0
510.0
1263.0
35.0
538.0
115.0
185.0
48.0
323.0
259.0
373.0
60.0
312.0
536.0
276.0
70.0
245.0
77.0
277.0
29.0
358.0
169.0
825.0
1364.0
581.0
363.0
1118.0
297.0
151.0
836.0
4970.0
5511.0
131.0
157.0
318.0
51.0
28.0
182.0
209.0
186.0
496.0
353.0
72.0
64.0
26.0
127.0
31.0
19.0
162.0
881.0
52.0
130.0
65.0
43.0
157.0
148.0
75.0
166.0
146.0
757.0
37.0
20.0
24.0
31.0
8.0
75.0
264.0
105.0
67.0
90.0
55.0
41.0
89.0
153.0
47.0
25.0
55.0
154.0
159.0
103.0
83.0
130.0
46.0
67.0
1611.0
54.0
55.0
70.0
24.0
166.0
297.0
31.0
288.0
129.0
236.0
76.0
139.0
772.0
205.0
70.0
1188.0
129.0
120.0
70.0
87.0
113.0
19.0
251.0
206.0
472.0
1288.0
36.0
540.0
118.0
190.0
45.0
323.0
258.0
384.0
59.0
319.0
559.0
290.0
72.0
242.0
80.0
275.0
28.0
373.0
163.0
830.0
1294.0
578.0
334.0
1131.0
290.0
156.0
853.0
5068.0
5663.0
121.0
161.0
304.0
47.0
28.0
181.0
216.0
190.0
531.0
339.0
73.0
67.0
26.0
125.0
30.0
20.0
166.0
816.0
53.0
120.0
67.0
43.0
156.0
140.0
70.0
152.0
141.0
740.0
36.0
20.0
26.0
31.0
8.0
74.0
275.0
105.0
73.0
88.0
54.0
41.0
84.0
142.0
47.0
27.0
57.0
160.0
168.0
105.0
85.0
131.0
47.0
63.0
1591.0
55.0
59.0
70.0
24.0
157.0
281.0
31.0
287.0
128.0
250.0
82.0
131.0
809.0
209.0
70.0
1160.0
128.0
124.0
72.0
93.0
114.0
20.0
272.0
201.0
471.0
1290.0
34.0
538.0
115.0
175.0
47.0
340.0
256.0
382.0
57.0
289.0
544.0
277.0
70.0
247.0
76.0
281.0
28.0
374.0
170.0
817.0
1322.0
601.0
337.0
1180.0
272.0
155.0
809.0
5009.0
5619.0
130.0
161.0
335.0
48.0
27.0
193.0
209.0
195.0
532.0
375.0
73.0
63.0
27.0
127.0
33.0
19.0
162.0
893.0
49.0
131.0
65.0
45.0
152.0
147.0
76.0
161.0
141.0
782.0
38.0
20.0
25.0
29.0
8.0
76.0
261.0
104.0
73.0
89.0
54.0
40.0
86.0
154.0
45.0
26.0
57.0
157.0
171.0
106.0
79.0
126.0
48.0
63.0
1638.0
58.0
57.0
70.0
26.0
166.0
281.0
32.0
268.0
126.0
247.0
79.0
141.0
791.0
222.0
69.0
1196.0
131.0
121.0
68.0
89.0
112.0
20.0
255.0
198.0
487.0
1325.0
33.0
524.0
116.0
192.0
45.0
325.0
267.0
371.0
55.0
310.0
560.0
292.0
76.0
235.0
81.0
299.0
29.0
374.0
160.0
802.0
1260.0
578.0
358.0
1187.0
272.0
146.0
792.0
4998.0
5672.0
119.0
163.0
325.0
47.0
27.0
190.0
206.0
190.0
500.0
359.0
76.0
64.0
27.0
128.0
32.0
20.0
177.0
880.0
52.0
122.0
61.0
46.0
159.0
146.0
76.0
166.0
147.0
791.0
37.0
20.0
26.0
32.0
8.0
70.0
259.0
109.0
71.0
90.0
58.0
40.0
83.0
145.0
48.0
26.0
55.0
158.0
172.0
108.0
83.0
137.0
45.0
61.0
1504.0
57.0
58.0
69.0
25.0
162.0
299.0
33.0
269.0
122.0
258.0
79.0
137.0
758.0
208.0
68.0
1256.0
121.0
119.0
68.0
90.0
119.0
19.0
260.0
191.0
502.0
1321.0
36.0
551.0
120.0
184.0
45.0
322.0
249.0
389.0
56.0
299.0
533.0
287.0
76.0
240.0
75.0
299.0
27.0
338.0
171.0
823.0
1257.0
584.0
337.0
1091.0
274.0
157.0
872.0
5474.0
5456.0
119.0
160.0
328.0
47.0
27.0
190.0
224.0
193.0
520.0
359.0
72.0
65.0
25.0
117.0
31.0
19.0
166.0
894.0
52.0
119.0
61.0
44.0
154.0
143.0
75.0
167.0
144.0
749.0
38.0
21.0
25.0
32.0
8.0
75.0
265.0
107.0
70.0
91.0
59.0
39.0
89.0
143.0
49.0
27.0
56.0
152.0
161.0
104.0
81.0
129.0
48.0
62.0
1601.0
57.0
57.0
65.0
25.0
161.0
285.0
31.0
265.0
129.0
247.0
80.0
137.0
821.0
214.0
68.0
1191.0
130.0
120.0
72.0
90.0
111.0
20.0
269.0
207.0
504.0
1327.0
35.0
551.0
110.0
184.0
46.0
319.0
244.0
367.0
56.0
317.0
560.0
281.0
70.0
245.0
79.0
273.0
28.0
372.0
171.0
845.0
1348.0
563.0
347.0
1161.0
298.0
158.0
792.0
5345.0
5781.0
123.0
171.0
312.0
49.0
29.0
184.0
215.0
182.0
514.0
369.0
76.0
64.0
26.0
124.0
30.0
19.0
171.0
900.0
50.0
122.0
64.0
45.0
161.0
150.0
72.0
157.0
139.0
778.0
37.0
20.0
24.0
32.0
8.0
75.0
264.0
112.0
73.0
91.0
57.0
40.0
88.0
148.0
46.0
25.0
58.0
155.0
159.0
105.0
81.0
129.0
47.0
61.0
1577.0
58.0
57.0
68.0
24.0
164.0
289.0
32.0
260.0
120.0
252.0
75.0
136.0
803.0
212.0
65.0
1197.0
131.0
123.0
68.0
88.0
118.0
20.0
252.0
196.0
469.0
1302.0
35.0
514.0
116.0
175.0
46.0
343.0
266.0
385.0
60.0
304.0
520.0
277.0
71.0
247.0
77.0
290.0
29.0
346.0
168.0
790.0
1367.0
593.0
346.0
1133.0
272.0
159.0
843.0
5174.0
5821.0
126.0
171.0
326.0
47.0
27.0
178.0
218.0
190.0
506.0
353.0
79.0
61.0
27.0
127.0
32.0
19.0
170.0
829.0
52.0
119.0
66.0
46.0
153.0
143.0
76.0
165.0
143.0
764.0
35.0
20.0
26.0
31.0
8.0
73.0
275.0
105.0
70.0
91.0
54.0
40.0
89.0
151.0
49.0
26.0
53.0
160.0
168.0
103.0
84.0
128.0
45.0
62.0
1621.0
56.0
58.0
69.0
25.0
156.0
283.0
33.0
276.0
126.0
239.0
83.0
136.0
779.0
211.0
69.0
1262.0
132.0
118.0
72.0
88.0
122.0
19.0
247.0
198.0
478.0
1219.0
36.0
537.0
109.0
175.0
48.0
318.0
265.0
399.0
59.0
307.0
517.0
293.0
75.0
250.0
82.0
291.0
27.0
374.0
157.0
787.0
1368.0
586.0
340.0
1147.0
285.0
153.0
874.0
5336.0
5678.0
124.0
164.0
307.0
48.0
29.0
188.0
225.0
178.0
488.0
362.0
75.0
62.0
27.0
120.0
31.0
19.0
164.0
831.0
53.0
130.0
65.0
44.0
154.0
146.0
74.0
153.0
141.0
784.0
36.0
20.0
26.0
31.0
8.0
72.0
271.0
110.0
74.0
89.0
58.0
39.0
86.0
140.0
47.0
26.0
55.0
157.0
168.0
109.0
85.0
135.0
46.0
64.0
1505.0
54.0
54.0
71.0
25.0
167.0
292.0
33.0
268.0
118.0
240.0
79.0
136.0
758.0
205.0
70.0
1161.0
133.0
125.0
68.0
93.0
113.0
19.0
246.0
193.0
514.0
1324.0
34.0
533.0
115.0
189.0
45.0
332.0
258.0
388.0
56.0
307.0
541.0
292.0
72.0
236.0
76.0
294.0
27.0
370.0
159.0
793.0
1347.0
574.0
362.0
1096.0
287.0
147.0
822.0
5299.0
5787.0
131.0
158.0
303.0
50.0
29.0
178.0
210.0
183.0
528.0
359.0
72.0
67.0
25.0
123.0
31.0
18.0
179.0
889.0
51.0
120.0
61.0
46.0
165.0
152.0
72.0
156.0
152.0
769.0
36.0
20.0
25.0
29.0
8.0
74.0
275.0
107.0
67.0
83.0
55.0
39.0
87.0
154.0
47.0
27.0
58.0
154.0
165.0
107.0
85.0
135.0
48.0
66.0
1590.0
57.0
56.0
68.0
25.0
151.0
277.0
31.0
277.0
122.0
260.0
79.0
128.0
767.0
218.0
67.0
1273.0
130.0
125.0
73.0
90.0
112.0
19.0
269.0
196.0
479.0
1242.0
36.0
519.0
110.0
188.0
48.0
324.0
263.0
377.0
58.0
304.0
531.0
274.0
70.0
252.0
81.0
288.0
27.0
362.0
169.0
824.0
1332.0
573.0
329.0
1198.0
276.0
144.0
789.0
5385.0
5643.0
125.0
157.0
332.0
46.0
28.0
186.0
223.0
185.0
483.0
361.0
74.0
64.0
26.0
118.0
32.0
19.0
167.0
828.0
51.0
123.0
67.0
46.0
161.0
146.0
75.0
164.0
143.0
771.0
37.0
21.0
26.0
31.0
8.0
75.0
271.0
112.0
70.0
91.0
57.0
38.0
89.0
143.0
45.0
26.0
56.0
154.0
159.0
111.0
83.0
129.0
47.0
61.0
1534.0
57.0
57.0
66.0
24.0
162.0
299.0
32.0
264.0
120.0
250.0
82.0
141.0
812.0
205.0
66.0
1229.0
126.0
126.0
73.0
90.0
120.0
20.0
250.0
187.0
478.0
1342.0
33.0
536.0
109.0
181.0
47.0
321.0
253.0
378.0
61.0
304.0
532.0
269.0
76.0
230.0
80.0
275.0
27.0
365.0
168.0
818.0
1257.0
552.0
340.0
1155.0
300.0
144.0
857.0
5286.0
5678.0
126.0
158.0
313.0
51.0
29.0
189.0
207.0
178.0
494.0
370.0
76.0
63.0
26.0
116.0
30.0
19.0
173.0
875.0
51.0
125.0
62.0
44.0
164.0
150.0
75.0
155.0
148.0
769.0
38.0
21.0
26.0
32.0
8.0
75.0
276.0
104.0
70.0
90.0
55.0
41.0
87.0
143.0
47.0
27.0
55.0
154.0
171.0
107.0
82.0
127.0
45.0
63.0
1516.0
58.0
59.0
67.0
24.0
163.0
293.0
33.0
278.0
122.0
243.0
81.0
134.0
757.0
208.0
66.0
1232.0
133.0
116.0
69.0
88.0
122.0
19.0
272.0
192.0
481.0
1337.0
34.0
515.0
109.0
185.0
46.0
351.0
247.0
378.0
58.0
304.0
538.0
293.0
74.0
245.0
80.0
281.0
29.0
357.0
164.0
814.0
1334.0
588.0
343.0
1157.0
285.0
159.0
832.0
5382.0
6020.0
122.0
162.0
306.0
50.0
28.0
187.0
207.0
195.0
511.0
359.0
77.0
64.0
25.0
121.0
32.0
19.0
178.0
865.0
48.0
129.0
65.0
46.0
166.0
154.0
69.0
157.0
149.0
733.0
37.0
20.0
26.0
31.0
8.0
72.0
267.0
111.0
69.0
87.0
57.0
38.0
83.0
140.0
46.0
27.0
57.0
164.0
161.0
103.0
87.0
139.0
45.0
63.0
1648.0
55.0
56.0
69.0
25.0
154.0
285.0
31.0
274.0
126.0
256.0
76.0
136.0
807.0
204.0
66.0
1181.0
121.0
117.0
72.0
94.0
111.0
20.0
252.0
189.0
512.0
1225.0
34.0
523.0
119.0
190.0
44.0
332.0
263.0
382.0
56.0
307.0
527.0
282.0
75.0
248.0
82.0
289.0
27.0
351.0
161.0
777.0
1304.0
583.0
352.0
1176.0
292.0
155.0
828.0
5408.0
5667.0
119.0
161.0
306.0
49.0
29.0
187.0
224.0
195.0
530.0
342.0
76.0
64.0
26.0
125.0
31.0
19.0
169.0
833.0
53.0
120.0
66.0
43.0
164.0
154.0
69.0
152.0
149.0
773.0
38.0
21.0
26.0
32.0
8.0
75.0
276.0
112.0
70.0
85.0
55.0
38.0
88.0
146.0
46.0
27.0
58.0
152.0
172.0
109.0
83.0
128.0
46.0
63.0
1614.0
59.0
55.0
67.0
26.0
161.0
299.0
33.0
279.0
124.0
253.0
77.0
137.0
759.0
222.0
67.0
1222.0
133.0
123.0
71.0
88.0
118.0
19.0
264.0
196.0
517.0
1229.0
35.0
506.0
116.0
193.0
47.0
328.0
251.0
389.0
57.0
312.0
528.0
291.0
70.0
244.0
77.0
289.0
29.0
347.0
171.0
786.0
1288.0
544.0
350.0
1160.0
272.0
151.0
839.0
5151.0
5761.0
121.0
171.0
312.0
50.0
29.0
188.0
218.0
177.0
534.0
343.0
74.0
61.0
26.0
128.0
33.0
20.0
176.0
863.0
53.0
128.0
63.0
45.0
166.0
152.0
72.0
156.0
147.0
783.0
35.0
20.0
24.0
30.0
8.0
70.0
267.0
103.0
68.0
83.0
56.0
41.0
84.0
146.0
46.0
25.0
53.0
163.0
167.0
108.0
85.0
126.0
45.0
62.0
1638.0
54.0
55.0
65.0
24.0
156.0
282.0
31.0
284.0
127.0
259.0
77.0
138.0
829.0
210.0
71.0
1242.0
127.0
119.0
73.0
89.0
118.0
19.0
249.0
203.0
516.0
1327.0
35.0
532.0
108.0
176.0
46.0
344.0
259.0
371.0
58.0
307.0
525.0
293.0
72.0
243.0
77.0
280.0
29.0
346.0
173.0
786.0
1307.0
597.0
354.0
1150.0
284.0
147.0
867.0
5302.0
5706.0
126.0
161.0
312.0
48.0
27.0
180.0
207.0
178.0
483.0
351.0
77.0
67.0
26.0
121.0
32.0
20.0
164.0
891.0
50.0
121.0
61.0
43.0
166.0
150.0
73.0
154.0
153.0
734.0
37.0
20.0
26.0
30.0
8.0
69.0
276.0
103.0
71.0
85.0
58.0
40.0
86.0
148.0
45.0
25.0
55.0
149.0
171.0
109.0
87.0
132.0
48.0
64.0
1576.0
54.0
58.0
69.0
26.0
161.0
274.0
33.0
287.0
119.0
244.0
82.0
128.0
774.0
215.0
65.0
1194.0
134.0
118.0
66.0
91.0
121.0
19.0
255.0
203.0
511.0
1270.0
35.0
525.0
110.0
187.0
48.0
323.0
270.0
381.0
57.0
293.0
525.0
294.0
75.0
237.0
78.0
292.0
29.0
356.0
164.0
764.0
1284.0
566.0
330.0
1093.0
289.0
157.0
837.0
5131.0
5782.0
120.0
164.0
305.0
47.0
29.0
185.0
225.0
194.0
514.0
374.0
76.0
63.0
26.0
124.0
32.0
19.0
174.0
826.0
53.0
126.0
67.0
45.0
159.0
149.0
75.0
160.0
143.0
733.0
38.0
21.0
25.0
32.0
8.0
69.0
250.0
107.0
68.0
90.0
55.0
39.0
83.0
148.0
45.0
25.0
57.0
155.0
175.0
102.0
80.0
139.0
48.0
65.0
1634.0
59.0
59.0
69.0
24.0
164.0
282.0
30.0
273.0
121.0
255.0
77.0
136.0
804.0
224.0
66.0
1242.0
132.0
118.0
69.0
94.0
121.0
20.0
260.0
195.0
496.0
1225.0
35.0
525.0
113.0
185.0
46.0
322.0
249.0
366.0
58.0
289.0
554.0
273.0
73.0
248.0
81.0
287.0
29.0
361.0
160.0
823.0
1307.0
590.0
358.0
1143.0
273.0
159.0
873.0
5349.0
5894.0
127.0
172.0
332.0
50.0
29.0
181.0
209.0
189.0
485.0
350.0
79.0
61.0
27.0
117.0
32.0
20.0
172.0
822.0
49.0
122.0
65.0
42.0
156.0
148.0
69.0
161.0
146.0
769.0
37.0
21.0
26.0
32.0
8.0
76.0
256.0
104.0
74.0
89.0
59.0
40.0
89.0
149.0
45.0
27.0
58.0
160.0
163.0
111.0
86.0
126.0
47.0
63.0
1601.0
55.0
56.0
71.0
25.0
166.0
287.0
32.0
260.0
118.0
240.0
81.0
141.0
815.0
215.0
67.0
1230.0
133.0
120.0
67.0
92.0
116.0
19.0
261.0
190.0
510.0
1286.0
33.0
531.0
119.0
177.0
46.0
324.0
258.0
364.0
60.0
305.0
540.0
267.0
75.0
233.0
81.0
297.0
29.0
342.0
164.0
802.0
1393.0
553.0
344.0
1189.0
275.0
148.0
851.0
5346.0
5967.0
131.0
157.0
304.0
48.0
27.0
183.0
225.0
191.0
492.0
368.0
72.0
61.0
26.0
119.0
33.0
20.0
171.0
850.0
52.0
131.0
65.0
43.0
151.0
148.0
70.0
153.0
150.0
742.0
36.0
20.0
25.0
31.0
8.0
74.0
270.0
110.0
70.0
85.0
54.0
40.0
84.0
148.0
45.0
25.0
57.0
160.0
165.0
110.0
83.0
130.0
48.0
61.0
1519.0
55.0
59.0
71.0
26.0
157.0
283.0
31.0
272.0
120.0
244.0
78.0
130.0
804.0
213.0
65.0
1243.0
129.0
118.0
73.0
90.0
111.0
20.0
246.0
199.0
486.0
1287.0
36.0
558.0
116.0
181.0
48.0
333.0
249.0
383.0
57.0
306.0
521.0
272.0
76.0
237.0
75.0
280.0
28.0
357.0
163.0
822.0
1303.0
596.0
347.0
1166.0
283.0
157.0
817.0
5112.0
5774.0
125.0
161.0
333.0
47.0
27.0
178.0
223.0
183.0
515.0
371.0
72.0
63.0
27.0
123.0
33.0
20.0
165.0
894.0
48.0
118.0
67.0
45.0
163.0
150.0
74.0
159.0
139.0
735.0
38.0
21.0
25.0
32.0
8.0
75.0
252.0
109.0
74.0
91.0
56.0
41.0
83.0
148.0
47.0
27.0
55.0
161.0
165.0
111.0
79.0
128.0
47.0
62.0
1587.0
54.0
58.0
66.0
25.0
158.0
270.0
31.0
282.0
129.0
242.0
83.0
141.0
785.0
208.0
67.0
1282.0
125.0
116.0
69.0
91.0
114.0
19.0
253.0
195.0
192.0
172.0
166.0
159.0
380.0
137.0
163.0
151.0
162.0
141.0
153.0
169.0
152.0
131.0
140.0
139.0
139.0
177.0
469.0
140.0
168.0
136.0
149.0
163.0
148.0
172.0
130.0
454.0
157.0
139.0
170.0
135.0
171.0
163.0
132.0
177.0
170.0
159.0
160.0
166.0
174.0
155.0
160.0
118.0
146.0
394.0
143.0
175.0
418.0
158.0
136.0
150.0
146.0
157.0
169.0
137.0
174.0
139.0
476.0
172.0
138.0
140.0
147.0
144.0
157.0
156.0
135.0
168.0
155.0
162.0
168.0
133.0
136.0
166.0
141.0
161.0
416.0
141.0
138.0
177.0
165.0
169.0
143.0
159.0
171.0
152.0
370.0
148.0
494.0
158.0
471.0
366.0
429.0
448.0
434.0
413.0
455.0
481.0
405.0
136.0
154.0
168.0
150.0
164.0
165.0
156.0
154.0
175.0
187.0
191.0
170.0
155.0
473.0
158.0
161.0
144.0
169.0
152.0
135.0
176.0
151.0
142.0
151.0
173.0
150.0
140.0
375.0
170.0
148.0
148.0
132.0
171.0
148.0
136.0
165.0
492.0
161.0
151.0
140.0
131.0
174.0
162.0
139.0
168.0
131.0
176.0
152.0
166.0
135.0
149.0
172.0
130.0
172.0
465.0
151.0
162.0
490.0
156.0
153.0
136.0
164.0
142.0
140.0
165.0
157.0
149.0
451.0
137.0
168.0
167.0
174.0
140.0
158.0
162.0
159.0
132.0
166.0
140.0
143.0
140.0
166.0
142.0
139.0
147.0
389.0
136.0
141.0
173.0
172.0
140.0
153.0
166.0
136.0
152.0
481.0
149.0
476.0
135.0
395.0
435.0
445.0
491.0
403.0
401.0
490.0
438.0
443.0
153.0
135.0
165.0
152.0
165.0
150.0
140.0
163.0
144.0
153.0
195.0
154.0
156.0
389.0
164.0
160.0
143.0
131.0
163.0
163.0
151.0
170.0
148.0
140.0
155.0
160.0
142.0
483.0
150.0
169.0
164.0
138.0
152.0
149.0
137.0
170.0
420.0
171.0
160.0
158.0
173.0
146.0
159.0
162.0
132.0
160.0
156.0
169.0
142.0
141.0
145.0
151.0
128.0
157.0
378.0
156.0
156.0
490.0
176.0
173.0
143.0
131.0
131.0
152.0
150.0
160.0
149.0
378.0
144.0
154.0
140.0
131.0
175.0
132.0
135.0
153.0
142.0
143.0
140.0
169.0
152.0
159.0
153.0
138.0
168.0
367.0
177.0
176.0
138.0
169.0
151.0
153.0
131.0
130.0
171.0
394.0
172.0
383.0
159.0
417.0
410.0
364.0
478.0
383.0
406.0
413.0
392.0
431.0
159.0
131.0
142.0
166.0
166.0
155.0
137.0
176.0
138.0
189.0
179.0
151.0
137.0
380.0
131.0
153.0
144.0
142.0
140.0
149.0
156.0
177.0
146.0
172.0
163.0
165.0
172.0
386.0
134.0
154.0
153.0
162.0
134.0
136.0
146.0
165.0
387.0
150.0
137.0
171.0
136.0
172.0
173.0
168.0
147.0
175.0
141.0
170.0
148.0
174.0
160.0
159.0
125.0
157.0
414.0
138.0
151.0
407.0
171.0
172.0
153.0
133.0
134.0
168.0
139.0
166.0
138.0
403.0
176.0
144.0
134.0
135.0
147.0
163.0
151.0
139.0
174.0
135.0
159.0
137.0
135.0
147.0
143.0
141.0
144.0
384.0
177.0
176.0
170.0
141.0
169.0
139.0
132.0
162.0
167.0
384.0
133.0
430.0
161.0
494.0
447.0
400.0
432.0
387.0
448.0
380.0
385.0
447.0
141.0
162.0
175.0
138.0
173.0
154.0
131.0
144.0
171.0
174.0
196.0
156.0
142.0
390.0
138.0
159.0
151.0
153.0
133.0
175.0
154.0
174.0
170.0
171.0
173.0
138.0
175.0
494.0
174.0
167.0
133.0
157.0
171.0
152.0
138.0
152.0
484.0
161.0
147.0
144.0
160.0
169.0
170.0
143.0
139.0
170.0
166.0
171.0
167.0
161.0
133.0
171.0
151.0
134.0
490.0
133.0
170.0
485.0
167.0
143.0
146.0
150.0
137.0
147.0
168.0
162.0
148.0
465.0
173.0
165.0
157.0
149.0
159.0
152.0
163.0
138.0
149.0
139.0
173.0
148.0
148.0
176.0
163.0
138.0
156.0
363.0
155.0
143.0
169.0
141.0
152.0
139.0
140.0
150.0
145.0
478.0
146.0
399.0
131.0
449.0
417.0
373.0
443.0
456.0
372.0
405.0
420.0
417.0
169.0
137.0
152.0
168.0
175.0
144.0
157.0
156.0
139.0
170.0
168.0
145.0
158.0
366.0
149.0
170.0
135.0
150.0
159.0
174.0
133.0
161.0
164.0
177.0
161.0
164.0
142.0
382.0
163.0
171.0
158.0
170.0
161.0
135.0
170.0
156.0
440.0
137.0
138.0
175.0
155.0
164.0
143.0
162.0
143.0
177.0
134.0
166.0
171.0
162.0
131.0
172.0
115.0
136.0
426.0
153.0
164.0
383.0
136.0
135.0
158.0
161.0
146.0
160.0
147.0
150.0
175.0
408.0
168.0
142.0
165.0
167.0
175.0
156.0
173.0
177.0
150.0
137.0
135.0
153.0
159.0
167.0
163.0
121.0
170.0
419.0
157.0
142.0
150.0
162.0
159.0
173.0
143.0
168.0
151.0
442.0
167.0
363.0
146.0
456.0
437.0
494.0
414.0
387.0
467.0
396.0
479.0
447.0
132.0
147.0
136.0
135.0
171.0
132.0
170.0
175.0
144.0
165.0
193.0
145.0
152.0
366.0
131.0
146.0
166.0
155.0
142.0
174.0
133.0
164.0
140.0
156.0
144.0
177.0
136.0
487.0
135.0
176.0
146.0
140.0
161.0
169.0
177.0
166.0
419.0
135.0
172.0
140.0
171.0
165.0
131.0
134.0
149.0
172.0
158.0
140.0
155.0
162.0
168.0
158.0
141.0
136.0
419.0
161.0
174.0
453.0
173.0
132.0
175.0
133.0
169.0
136.0
142.0
162.0
163.0
388.0
156.0
153.0
148.0
169.0
156.0
141.0
175.0
131.0
163.0
149.0
151.0
170.0
160.0
142.0
170.0
151.0
164.0
469.0
153.0
143.0
176.0
165.0
157.0
141.0
142.0
160.0
147.0
366.0
150.0
421.0
151.0
391.0
480.0
364.0
374.0
472.0
471.0
426.0
431.0
370.0
166.0
166.0
163.0
162.0
161.0
177.0
167.0
143.0
151.0
207.0
191.0
156.0
152.0
461.0
177.0
155.0
171.0
131.0
150.0
151.0
143.0
161.0
162.0
146.0
157.0
152.0
131.0
481.0
168.0
149.0
139.0
136.0
175.0
161.0
152.0
164.0
469.0
169.0
171.0
137.0
165.0
136.0
132.0
136.0
134.0
156.0
131.0
164.0
161.0
149.0
177.0
144.0
135.0
145.0
378.0
142.0
140.0
369.0
153.0
131.0
140.0
154.0
177.0
167.0
160.0
170.0
172.0
377.0
172.0
152.0
134.0
140.0
130.0
145.0
148.0
164.0
135.0
176.0
156.0
175.0
154.0
144.0
160.0
125.0
163.0
425.0
167.0
147.0
175.0
173.0
133.0
175.0
150.0
154.0
152.0
451.0
140.0
458.0
139.0
450.0
414.0
485.0
388.0
435.0
381.0
483.0
405.0
428.0
153.0
141.0
158.0
141.0
147.0
133.0
152.0
168.0
166.0
191.0
154.0
145.0
152.0
464.0
164.0
166.0
153.0
166.0
168.0
130.0
136.0
165.0
161.0
148.0
152.0
130.0
171.0
393.0
158.0
132.0
146.0
167.0
172.0
152.0
140.0
175.0
386.0
152.0
140.0
172.0
153.0
163.0
156.0
154.0
131.0
142.0
163.0
147.0
139.0
171.0
165.0
142.0
149.0
135.0
459.0
131.0
131.0
479.0
161.0
173.0
152.0
135.0
169.0
153.0
164.0
148.0
161.0
421.0
133.0
139.0
143.0
141.0
150.0
165.0
151.0
164.0
154.0
163.0
165.0
131.0
130.0
139.0
163.0
132.0
144.0
386.0
175.0
156.0
162.0
159.0
175.0
143.0
151.0
146.0
132.0
447.0
134.0
444.0
143.0
427.0
401.0
415.0
453.0
439.0
471.0
404.0
399.0
429.0
151.0
148.0
174.0
175.0
142.0
147.0
169.0
135.0
131.0
153.0
160.0
167.0
170.0
454.0
138.0
163.0
173.0
147.0
141.0
176.0
175.0
149.0
162.0
170.0
141.0
141.0
138.0
382.0
166.0
154.0
177.0
167.0
133.0
146.0
172.0
167.0
364.0
169.0
174.0
136.0
137.0
175.0
142.0
168.0
168.0
154.0
161.0
158.0
173.0
160.0
158.0
149.0
114.0
133.0
455.0
169.0
154.0
412.0
142.0
143.0
136.0
164.0
134.0
151.0
142.0
161.0
162.0
376.0
139.0
147.0
157.0
176.0
171.0
136.0
154.0
158.0
158.0
130.0
166.0
134.0
140.0
133.0
145.0
137.0
130.0
429.0
148.0
167.0
176.0
154.0
137.0
174.0
164.0
130.0
157.0
461.0
163.0
386.0
172.0
365.0
445.0
453.0
377.0
472.0
451.0
494.0
425.0
423.0
138.0
134.0
172.0
154.0
148.0
156.0
161.0
154.0
144.0
196.0
159.0
159.0
165.0
492.0
173.0
141.0
139.0
165.0
175.0
174.0
168.0
174.0
162.0
161.0
176.0
169.0
162.0
392.0
144.0
170.0
174.0
161.0
151.0
138.0
152.0
173.0
458.0
148.0
175.0
169.0
146.0
161.0
159.0
147.0
139.0
138.0
149.0
175.0
135.0
135.0
148.0
167.0
144.0
162.0
469.0
165.0
173.0
476.0
144.0
157.0
168.0
146.0
133.0
174.0
138.0
170.0
132.0
446.0
148.0
174.0
158.0
158.0
154.0
132.0
173.0
164.0
132.0
139.0
147.0
134.0
177.0
159.0
157.0
113.0
165.0
429.0
158.0
132.0
176.0
141.0
169.0
165.0
159.0
134.0
150.0
483.0
136.0
387.0
146.0
463.0
410.0
377.0
383.0
460.0
377.0
445.0
420.0
438.0
150.0
141.0
150.0
148.0
148.0
160.0
174.0
131.0
157.0
167.0
157.0
175.0
167.0
426.0
131.0
152.0
152.0
135.0
176.0
168.0
135.0
153.0
138.0
165.0
154.0
172.0
146.0
436.0
153.0
147.0
132.0
151.0
166.0
144.0
135.0
170.0
471.0
176.0
154.0
138.0
136.0
139.0
174.0
134.0
174.0
158.0
158.0
130.0
157.0
151.0
134.0
170.0
149.0
162.0
440.0
170.0
160.0
475.0
132.0
143.0
132.0
176.0
133.0
138.0
175.0
156.0
173.0
404.0
172.0
146.0
133.0
156.0
136.0
147.0
155.0
162.0
135.0
163.0
139.0
160.0
154.0
156.0
160.0
144.0
151.0
481.0
168.0
167.0
151.0
164.0
150.0
158.0
141.0
157.0
142.0
405.0
147.0
493.0
145.0
485.0
395.0
481.0
379.0
407.0
403.0
399.0
366.0
392.0
132.0
152.0
153.0
135.0
149.0
131.0
175.0
159.0
159.0
207.0
173.0
137.0
161.0
481.0
172.0
137.0
158.0
133.0
173.0
166.0
168.0
170.0
169.0
163.0
161.0
169.0
173.0
417.0
146.0
147.0
145.0
174.0
159.0
165.0
138.0
143.0
466.0
177.0
175.0
167.0
156.0
134.0
133.0
175.0
176.0
176.0
134.0
136.0
170.0
168.0
172.0
141.0
136.0
142.0
490.0
134.0
134.0
474.0
155.0
171.0
176.0
154.0
137.0
146.0
170.0
176.0
177.0
445.0
167.0
160.0
133.0
130.0
154.0
135.0
177.0
143.0
135.0
143.0
131.0
166.0
169.0
131.0
157.0
144.0
160.0
452.0
147.0
150.0
158.0
163.0
172.0
156.0
176.0
159.0
132.0
463.0
174.0
473.0
167.0
456.0
369.0
476.0
408.0
454.0
483.0
399.0
443.0
444.0
173.0
150.0
133.0
170.0
158.0
152.0
130.0
149.0
148.0
179.0
193.0
155.0
152.0
458.0
165.0
157.0
138.0
135.0
149.0
170.0
144.0
164.0
152.0
167.0
170.0
160.0
151.0
422.0
150.0
162.0
165.0
157.0
143.0
167.0
174.0
145.0
423.0
168.0
169.0
153.0
173.0
152.0
175.0
140.0
142.0
148.0
165.0
172.0
157.0
153.0
157.0
138.0
136.0
142.0
389.0
143.0
133.0
454.0
164.0
161.0
176.0
168.0
161.0
145.0
141.0
133.0
168.0
457.0
174.0
142.0
147.0
148.0
173.0
148.0
133.0
167.0
166.0
169.0
153.0
166.0
143.0
169.0
166.0
139.0
168.0
482.0
141.0
146.0
141.0
176.0
138.0
177.0
165.0
131.0
131.0
375.0
130.0
475.0
141.0
465.0
475.0
375.0
445.0
485.0
460.0
427.0
404.0
450.0
134.0
145.0
155.0
144.0
157.0
144.0
139.0
142.0
134.0
173.0
158.0
148.0
157.0
382.0
153.0
174.0
142.0
139.0
177.0
169.0
176.0
135.0
146.0
174.0
148.0
137.0
147.0
493.0
153.0
132.0
137.0
168.0
160.0
172.0
148.0
135.0
493.0
168.0
133.0
142.0
133.0
141.0
156.0
160.0
130.0
139.0
139.0
146.0
146.0
135.0
141.0
156.0
142.0
164.0
448.0
170.0
131.0
419.0
134.0
176.0
175.0
171.0
146.0
144.0
140.0
167.0
157.0
443.0
141.0
147.0
157.0
132.0
163.0
153.0
157.0
157.0
140.0
175.0
156.0
173.0
141.0
136.0
175.0
115.0
140.0
367.0
144.0
175.0
162.0
152.0
134.0
149.0
164.0
171.0
173.0
481.0
131.0
369.0
165.0
465.0
409.0
460.0
366.0
431.0
403.0
363.0
436.0
439.0
162.0
155.0
158.0
167.0
159.0
159.0
172.0
148.0
156.0
171.0
207.0
177.0
161.0
375.0
155.0
147.0
136.0
157.0
140.0
154.0
159.0
130.0
156.0
156.0
160.0
174.0
165.0
445.0
162.0
133.0
136.0
148.0
161.0
175.0
143.0
133.0
430.0
154.0
149.0
141.0
139.0
153.0
176.0
155.0
163.0
166.0
146.0
136.0
148.0
161.0
177.0
166.0
116.0
170.0
470.0
148.0
165.0
462.0
141.0
173.0
132.0
176.0
148.0
161.0
142.0
163.0
146.0
405.0
153.0
169.0
154.0
163.0
131.0
147.0
139.0
152.0
132.0
139.0
151.0
159.0
155.0
151.0
146.0
134.0
130.0
379.0
150.0
169.0
162.0
143.0
134.0
133.0
137.0
154.0
164.0
425.0
153.0
379.0
155.0
375.0
443.0
403.0
472.0
449.0
389.0
417.0
396.0
446.0
151.0
171.0
158.0
176.0
153.0
155.0
169.0
154.0
149.0
167.0
183.0
176.0
172.0
426.0
136.0
149.0
142.0
154.0
132.0
173.0
140.0
134.0
152.0
154.0
151.0
165.0
163.0
407.0
147.0
139.0
148.0
142.0
138.0
158.0
154.0
134.0
378.0
138.0
149.0
157.0
171.0
138.0
152.0
134.0
138.0
160.0
146.0
151.0
138.0
145.0
164.0
156.0
122.0
153.0
460.0
165.0
137.0
458.0
139.0
171.0
158.0
173.0
159.0
154.0
134.0
176.0
175.0
375.0
140.0
176.0
156.0
157.0
160.0
162.0
166.0
133.0
170.0
130.0
131.0
150.0
144.0
152.0
156.0
151.0
150.0
456.0
175.0
157.0
151.0
177.0
136.0
167.0
149.0
175.0
164.0
374.0
161.0
494.0
158.0
487.0
441.0
399.0
399.0
449.0
426.0
380.0
394.0
489.0
162.0
140.0
161.0
171.0
162.0
131.0
173.0
148.0
154.0
164.0
192.0
174.0
164.0
377.0
133.0
159.0
170.0
148.0
140.0
161.0
175.0
154.0
142.0
173.0
131.0
168.0
134.0
476.0
170.0
172.0
131.0
157.0
177.0
173.0
135.0
130.0
487.0
143.0
166.0
132.0
144.0
135.0
166.0
149.0
130.0
172.0
152.0
143.0
153.0
153.0
154.0
152.0
142.0
169.0
459.0
138.0
147.0
383.0
135.0
162.0
171.0
171.0
159.0
174.0
160.0
140.0
155.0
420.0
152.0
139.0
157.0
170.0
164.0
156.0
171.0
165.0
177.0
176.0
157.0
168.0
154.0
148.0
167.0
146.0
154.0
389.0
177.0
142.0
154.0
142.0
132.0
157.0
146.0
134.0
167.0
481.0
133.0
398.0
151.0
439.0
406.0
485.0
429.0
479.0
454.0
425.0
484.0
422.0
136.0
148.0
155.0
164.0
159.0
148.0
139.0
163.0
148.0
172.0
159.0
159.0
154.0
367.0
143.0
152.0
170.0
139.0
167.0
156.0
146.0
167.0
167.0
142.0
145.0
149.0
146.0
479.0
145.0
172.0
130.0
145.0
159.0
131.0
147.0
159.0
392.0
165.0
163.0
135.0
146.0
133.0
147.0
139.0
155.0
169.0
169.0
146.0
163.0
174.0
141.0
171.0
118.0
158.0
486.0
137.0
131.0
478.0
156.0
169.0
171.0
158.0
148.0
171.0
149.0
137.0
134.0
458.0
146.0
175.0
143.0
167.0
135.0
159.0
138.0
172.0
173.0
131.0
150.0
163.0
132.0
168.0
141.0
120.0
172.0
374.0
163.0
151.0
169.0
146.0
145.0
151.0
166.0
160.0
154.0
493.0
143.0
372.0
162.0
411.0
457.0
428.0
482.0
454.0
396.0
419.0
392.0
381.0
137.0
151.0
156.0
138.0
167.0
152.0
148.0
167.0
160.0
201.0
173.0
141.0
176.0
386.0
158.0
167.0
160.0
171.0
135.0
149.0
172.0
152.0
133.0
157.0
167.0
140.0
153.0
428.0
137.0
152.0
152.0
151.0
133.0
132.0
151.0
176.0
465.0
146.0
167.0
144.0
141.0
141.0
169.0
137.0
156.0
161.0
133.0
161.0
148.0
149.0
139.0
140.0
141.0
136.0
398.0
156.0
167.0
486.0
130.0
137.0
136.0
171.0
135.0
171.0
160.0
146.0
135.0
425.0
163.0
136.0
134.0
148.0
142.0
159.0
151.0
169.0
157.0
150.0
141.0
141.0
139.0
142.0
133.0
130.0
139.0
406.0
146.0
142.0
163.0
175.0
156.0
148.0
147.0
153.0
165.0
439.0
141.0
485.0
149.0
458.0
390.0
406.0
431.0
384.0
381.0
404.0
386.0
429.0
174.0
134.0
154.0
159.0
155.0
169.0
149.0
157.0
161.0
175.0
179.0
173.0
147.0
436.0
141.0
143.0
131.0
144.0
142.0
150.0
152.0
134.0
133.0
177.0
171.0
167.0
174.0
469.0
134.0
168.0
160.0
152.0
155.0
164.0
132.0
141.0
394.0
149.0
140.0
131.0
150.0
145.0
175.0
153.0
149.0
159.0
148.0
166.0
142.0
135.0
175.0
148.0
126.0
144.0
456.0
144.0
142.0
394.0
170.0
132.0
141.0
150.0
133.0
160.0
142.0
149.0
132.0
434.0
153.0
163.0
176.0
167.0
170.0
140.0
140.0
146.0
148.0
133.0
150.0
137.0
139.0
172.0
157.0
119.0
145.0
453.0
169.0
173.0
175.0
166.0
148.0
163.0
157.0
170.0
147.0
382.0
131.0
459.0
154.0
417.0
484.0
423.0
430.0
470.0
399.0
467.0
484.0
450.0
167.0
152.0
130.0
162.0
130.0
155.0
141.0
167.0
137.0
189.0
204.0
173.0
158.0
418.0
152.0
139.0
177.0
158.0
138.0
165.0
167.0
149.0
153.0
164.0
155.0
172.0
139.0
455.0
135.0
132.0
173.0
177.0
176.0
152.0
130.0
133.0
489.0
136.0
159.0
172.0
136.0
149.0
152.0
165.0
173.0
164.0
162.0
136.0
150.0
161.0
172.0
150.0
136.0
161.0
365.0
174.0
170.0
394.0
171.0
134.0
171.0
162.0
146.0
170.0
146.0
150.0
156.0
490.0
149.0
165.0
171.0
155.0
176.0
148.0
173.0
163.0
163.0
138.0
150.0
166.0
163.0
172.0
159.0
150.0
161.0
485.0
136.0
155.0
171.0
146.0
173.0
144.0
140.0
159.0
157.0
382.0
142.0
480.0
133.0
440.0
474.0
464.0
453.0
435.0
492.0
484.0
471.0
423.0
175.0
168.0
170.0
158.0
165.0
161.0
145.0
145.0
141.0
166.0
203.0
159.0
135.0
382.0
142.0
167.0
175.0
158.0
147.0
169.0
137.0
137.0
143.0
138.0
174.0
155.0
146.0
386.0
174.0
162.0
166.0
160.0
168.0
163.0
131.0
171.0
426.0
144.0
168.0
150.0
171.0
171.0
158.0
148.0
162.0
138.0
149.0
164.0
132.0
164.0
165.0
145.0
132.0
166.0
401.0
156.0
154.0
474.0
163.0
154.0
140.0
140.0
153.0
145.0
158.0
155.0
166.0
372.0
175.0
164.0
162.0
150.0
143.0
166.0
153.0
165.0
141.0
138.0
156.0
153.0
164.0
171.0
139.0
115.0
172.0
372.0
156.0
161.0
162.0
152.0
145.0
135.0
169.0
157.0
168.0
442.0
174.0
378.0
172.0
436.0
404.0
472.0
434.0
413.0
414.0
384.0
370.0
463.0
135.0
156.0
154.0
140.0
150.0
148.0
156.0
139.0
131.0
193.0
206.0
133.0
166.0
457.0
145.0
151.0
148.0
162.0
167.0
132.0
159.0
171.0
134.0
175.0
169.0
138.0
170.0
465.0
152.0
132.0
174.0
141.0
141.0
175.0
165.0
146.0
485.0
151.0
136.0
168.0
168.0
144.0
171.0
155.0
149.0
173.0
160.0
155.0
138.0
131.0
159.0
146.0
146.0
151.0
493.0
170.0
177.0
418.0
131.0
130.0
131.0
166.0
130.0
141.0
142.0
166.0
152.0
383.0
142.0
165.0
162.0
163.0
142.0
161.0
132.0
152.0
157.0
130.0
169.0
147.0
140.0
131.0
167.0
141.0
132.0
384.0
142.0
136.0
151.0
171.0
154.0
174.0
175.0
151.0
148.0
443.0
156.0
450.0
162.0
392.0
474.0
487.0
424.0
475.0
458.0
453.0
473.0
442.0
156.0
131.0
144.0
153.0
140.0
166.0
131.0
155.0
135.0
187.0
182.0
162.0
137.0
365.0
166.0
152.0
153.0
162.0
152.0
152.0
140.0
138.0
135.0
133.0
151.0
138.0
145.0
483.0
164.0
160.0
133.0
147.0
132.0
160.0
140.0
156.0
453.0
144.0
145.0
167.0
140.0
139.0
156.0
170.0
143.0
134.0
144.0
131.0
144.0
171.0
173.0
171.0
116.0
136.0
402.0
157.0
143.0
448.0
157.0
167.0
134.0
168.0
138.0
154.0
136.0
164.0
156.0
469.0
172.0
149.0
133.0
162.0
133.0
155.0
134.0
176.0
144.0
156.0
164.0
131.0
150.0
174.0
168.0
118.0
176.0
399.0
162.0
159.0
174.0
136.0
142.0
135.0
176.0
177.0
137.0
446.0
150.0
473.0
138.0
450.0
491.0
488.0
487.0
377.0
460.0
385.0
370.0
481.0
133.0
160.0
163.0
157.0
151.0
165.0
154.0
161.0
145.0
195.0
180.0
153.0
156.0
430.0
173.0
171.0
172.0
130.0
163.0
160.0
172.0
166.0
166.0
138.0
171.0
152.0
132.0
389.0
169.0
175.0
153.0
156.0
165.0
173.0
136.0
170.0
412.0
161.0
171.0
134.0
156.0
162.0
175.0
157.0
162.0
144.0
169.0
168.0
164.0
142.0
136.0
148.0
117.0
134.0
365.0
160.0
151.0
457.0
174.0
172.0
151.0
162.0
160.0
151.0
173.0
167.0
131.0
458.0
166.0
133.0
135.0
138.0
130.0
157.0
138.0
164.0
153.0
137.0
175.0
133.0
165.0
143.0
150.0
116.0
138.0
449.0
154.0
134.0
154.0
140.0
156.0
148.0
143.0
156.0
173.0
390.0
159.0
494.0
161.0
390.0
460.0
486.0
487.0
377.0
482.0
370.0
392.0
478.0
161.0
153.0
175.0
161.0
164.0
140.0
147.0
131.0
163.0
162.0
197.0
167.0
165.0
461.0
147.0
166.0
155.0
165.0
130.0
136.0
143.0
141.0
153.0
133.0
177.0
146.0
156.0
384.0
152.0
139.0
139.0
158.0
153.0
171.0
141.0
132.0
475.0
149.0
150.0
168.0
176.0
164.0
154.0
169.0
172.0
171.0
145.0
150.0
133.0
175.0
169.0
162.0
149.0
159.0
405.0
144.0
170.0
489.0
163.0
137.0
174.0
139.0
140.0
157.0
172.0
163.0
132.0
438.0
170.0
172.0
172.0
138.0
172.0
140.0
141.0
162.0
161.0
153.0
176.0
164.0
148.0
169.0
159.0
113.0
175.0
394.0
139.0
163.0
143.0
160.0
161.0
176.0
153.0
170.0
151.0
382.0
151.0
443.0
147.0
380.0
489.0
481.0
477.0
411.0
491.0
369.0
455.0
439.0
168.0
150.0
150.0
148.0
160.0
161.0
176.0
161.0
152.0
188.0
180.0
148.0
174.0
483.0
143.0
139.0
154.0
131.0
139.0
171.0
149.0
134.0
135.0
158.0
131.0
152.0
145.0
460.0
154.0
156.0
163.0
141.0
139.0
169.0
147.0
136.0
455.0
166.0
168.0
164.0
133.0
152.0
132.0
143.0
138.0
156.0
134.0
154.0
145.0
146.0
169.0
177.0
142.0
175.0
363.0
149.0
151.0
487.0
134.0
140.0
151.0
155.0
139.0
142.0
166.0
167.0
136.0
386.0
138.0
136.0
151.0
166.0
175.0
170.0
175.0
164.0
135.0
132.0
141.0
146.0
152.0
155.0
173.0
114.0
141.0
490.0
164.0
131.0
143.0
151.0
173.0
172.0
157.0
170.0
143.0
458.0
158.0
479.0
165.0
464.0
423.0
472.0
448.0
381.0
368.0
375.0
476.0
484.0
160.0
141.0
156.0
142.0
159.0
135.0
138.0
149.0
148.0
165.0
199.0
158.0
141.0
429.0
154.0
154.0
148.0
171.0
143.0
161.0
175.0
162.0
175.0
162.0
163.0
162.0
159.0
438.0
171.0
132.0
168.0
156.0
149.0
162.0
157.0
162.0
447.0
168.0
158.0
160.0
153.0
169.0
176.0
145.0
165.0
153.0
156.0
132.0
141.0
133.0
164.0
162.0
125.0
140.0
386.0
167.0
172.0
455.0
133.0
163.0
162.0
167.0
146.0
142.0
177.0
146.0
158.0
398.0
157.0
138.0
147.0
143.0
167.0
146.0
162.0
136.0
172.0
141.0
163.0
138.0
147.0
154.0
150.0
127.0
147.0
452.0
161.0
157.0
174.0
159.0
139.0
159.0
155.0
177.0
155.0
384.0
166.0
374.0
163.0
426.0
463.0
371.0
491.0
386.0
399.0
406.0
437.0
381.0
158.0
155.0
163.0
171.0
168.0
150.0
152.0
177.0
131.0
193.0
174.0
163.0
155.0
426.0
166.0
145.0
136.0
160.0
130.0
151.0
130.0
136.0
165.0
137.0
167.0
138.0
140.0
381.0
175.0
173.0
144.0
138.0
155.0
157.0
145.0
172.0
446.0
164.0
143.0
170.0
157.0
141.0
141.0
152.0
149.0
135.0
136.0
146.0
135.0
150.0
177.0
169.0
151.0
161.0
424.0
176.0
156.0
443.0
142.0
149.0
163.0
143.0
163.0
146.0
137.0
162.0
153.0
406.0
165.0
153.0
159.0
172.0
157.0
160.0
173.0
150.0
138.0
162.0
143.0
142.0
171.0
143.0
144.0
117.0
169.0
408.0
150.0
134.0
146.0
146.0
159.0
138.0
149.0
140.0
159.0
435.0
170.0
447.0
138.0
378.0
377.0
439.0
451.0
400.0
490.0
446.0
492.0
475.0
151.0
141.0
166.0
138.0
161.0
132.0
150.0
170.0
166.0
197.0
161.0
156.0
164.0
475.0
139.0
138.0
174.0
161.0
137.0
130.0
167.0
146.0
159.0
158.0
161.0
134.0
177.0
478.0
133.0
156.0
175.0
143.0
171.0
141.0
173.0
145.0
451.0
168.0
154.0
155.0
177.0
143.0
132.0
171.0
166.0
155.0
148.0
137.0
139.0
139.0
155.0
167.0
117.0
143.0
384.0
131.0
146.0
482.0
159.0
166.0
158.0
131.0
146.0
134.0
135.0
131.0
162.0
428.0
177.0
157.0
149.0
153.0
166.0
176.0
152.0
158.0
173.0
144.0
177.0
152.0
138.0
159.0
143.0
126.0
175.0
374.0
151.0
136.0
142.0
143.0
132.0
168.0
166.0
149.0
156.0
487.0
175.0
426.0
169.0
454.0
454.0
460.0
462.0
397.0
423.0
465.0
475.0
470.0
134.0
137.0
146.0
156.0
172.0
151.0
133.0
135.0
143.0
156.0
169.0
159.0
156.0
405.0
144.0
137.0
141.0
149.0
133.0
149.0
143.0
149.0
168.0
157.0
168.0
161.0
173.0
375.0
154.0
160.0
157.0
160.0
164.0
158.0
145.0
151.0
439.0
152.0
175.0
170.0
139.0
165.0
173.0
161.0
153.0
154.0
174.0
170.0
140.0
154.0
149.0
152.0
114.0
138.0
485.0
132.0
149.0
380.0
134.0
155.0
156.0
140.0
135.0
169.0
166.0
142.0
146.0
417.0
157.0
141.0
141.0
150.0
166.0
146.0
165.0
156.0
156.0
143.0
134.0
139.0
148.0
158.0
137.0
151.0
155.0
390.0
145.0
163.0
159.0
176.0
142.0
175.0
149.0
146.0
131.0
394.0
164.0
418.0
149.0
410.0
416.0
451.0
445.0
383.0
384.0
411.0
445.0
382.0
149.0
152.0
154.0
153.0
135.0
153.0
177.0
144.0
134.0
180.0
206.0
151.0
160.0
429.0
147.0
132.0
132.0
155.0
177.0
149.0
164.0
153.0
138.0
151.0
170.0
154.0
137.0
415.0
160.0
136.0
166.0
147.0
172.0
175.0
156.0
148.0
395.0
146.0
167.0
167.0
145.0
139.0
166.0
132.0
167.0
136.0
138.0
148.0
165.0
159.0
169.0
131.0
131.0
159.0
485.0
157.0
172.0
479.0
145.0
134.0
157.0
141.0
166.0
168.0
138.0
135.0
143.0
434.0
148.0
147.0
156.0
144.0
138.0
132.0
154.0
153.0
155.0
170.0
148.0
176.0
132.0
138.0
157.0
134.0
146.0
378.0
161.0
176.0
171.0
170.0
177.0
144.0
155.0
139.0
163.0
396.0
162.0
413.0
149.0
373.0
456.0
386.0
426.0
463.0
470.0
366.0
493.0
463.0
154.0
165.0
162.0
165.0
167.0
135.0
150.0
163.0
150.0
158.0
156.0
161.0
146.0
483.0
157.0
163.0
141.0
170.0
136.0
137.0
137.0
165.0
151.0
137.0
138.0
152.0
131.0
451.0
166.0
168.0
173.0
137.0
157.0
159.0
165.0
133.0
381.0
137.0
172.0
175.0
153.0
175.0
158.0
177.0
143.0
155.0
174.0
137.0
162.0
131.0
135.0
141.0
141.0
146.0
441.0
151.0
149.0
428.0
172.0
161.0
174.0
144.0
134.0
175.0
168.0
149.0
141.0
409.0
160.0
150.0
162.0
133.0
134.0
172.0
153.0
141.0
131.0
164.0
153.0
141.0
133.0
175.0
139.0
150.0
170.0
483.0
172.0
166.0
170.0
156.0
136.0
130.0
158.0
139.0
145.0
477.0
158.0
464.0
174.0
431.0
394.0
494.0
481.0
461.0
427.0
425.0
467.0
375.0
144.0
153.0
142.0
162.0
173.0
171.0
156.0
132.0
152.0
175.0
162.0
153.0
162.0
438.0
131.0
137.0
151.0
154.0
154.0
160.0
157.0
160.0
161.0
156.0
144.0
144.0
172.0
491.0
169.0
136.0
148.0
137.0
143.0
151.0
167.0
134.0
368.0
154.0
176.0
137.0
174.0
152.0
138.0
137.0
176.0
160.0
144.0
144.0
160.0
133.0
162.0
154.0
143.0
164.0
407.0
133.0
163.0
467.0
152.0
163.0
134.0
164.0
131.0
154.0
159.0
144.0
143.0
400.0
159.0
161.0
168.0
139.0
132.0
175.0
151.0
177.0
157.0
154.0
131.0
169.0
168.0
134.0
130.0
145.0
154.0
367.0
134.0
165.0
164.0
150.0
167.0
145.0
133.0
132.0
149.0
399.0
152.0
415.0
160.0
485.0
392.0
453.0
381.0
370.0
384.0
435.0
431.0
419.0
145.0
137.0
165.0
173.0
136.0
161.0
168.0
151.0
157.0
174.0
161.0
174.0
141.0
384.0
151.0
138.0
155.0
147.0
135.0
135.0
153.0
141.0
149.0
132.0
168.0
133.0
163.0
492.0
138.0
138.0
170.0
159.0
170.0
143.0
147.0
133.0
405.0
146.0
159.0
150.0
137.0
133.0
133.0
141.0
162.0
156.0
154.0
136.0
136.0
175.0
163.0
163.0
149.0
131.0
477.0
156.0
166.0
484.0
177.0
139.0
154.0
158.0
171.0
177.0
171.0
170.0
148.0
444.0
161.0
160.0
141.0
150.0
171.0
137.0
155.0
173.0
132.0
142.0
156.0
133.0
154.0
161.0
167.0
128.0
161.0
392.0
132.0
167.0
131.0
154.0
140.0
149.0
142.0
176.0
131.0
468.0
176.0
452.0
164.0
395.0
366.0
433.0
455.0
404.0
477.0
395.0
432.0
423.0
174.0
155.0
161.0
151.0
145.0
145.0
174.0
160.0
135.0
207.0
195.0
177.0
174.0
474.0
150.0
146.0
133.0
145.0
169.0
158.0
170.0
171.0
172.0
155.0
177.0
133.0
147.0
452.0
168.0
171.0
148.0
139.0
159.0
168.0
152.0
169.0
392.0
151.0
169.0
155.0
149.0
169.0
163.0
176.0
151.0
135.0
151.0
143.0
145.0
136.0
168.0
168.0
117.0
149.0
363.0
155.0
165.0
471.0
173.0
146.0
172.0
132.0
164.0
165.0
132.0
138.0
142.0
418.0
174.0
161.0
141.0
149.0
148.0
133.0
143.0
152.0
133.0
145.0
176.0
156.0
134.0
166.0
161.0
123.0
160.0
449.0
164.0
139.0
141.0
152.0
149.0
172.0
173.0
170.0
157.0
440.0
173.0
365.0
169.0
435.0
397.0
393.0
366.0
400.0
438.0
408.0
482.0
469.0
170.0
165.0
158.0
136.0
135.0
137.0
138.0
166.0
140.0
205.0
174.0
130.0
134.0
400.0
141.0
141.0
143.0
172.0
144.0
155.0
157.0
148.0
165.0
142.0
137.0
159.0
141.0
424.0
141.0
140.0
169.0
148.0
156.0
153.0
167.0
135.0
488.0
139.0
146.0
152.0
172.0
132.0
130.0
153.0
165.0
164.0
145.0
137.0
131.0
173.0
167.0
146.0
122.0
162.0
383.0
168.0
164.0
368.0
135.0
131.0
151.0
161.0
142.0
138.0
155.0
177.0
176.0
400.0
174.0
147.0
145.0
157.0
170.0
163.0
143.0
162.0
149.0
173.0
174.0
166.0
173.0
141.0
143.0
120.0
174.0
375.0
177.0
140.0
140.0
175.0
133.0
149.0
135.0
157.0
149.0
408.0
173.0
445.0
158.0
442.0
390.0
392.0
432.0
472.0
421.0
391.0
450.0
457.0
137.0
138.0
173.0
133.0
146.0
147.0
158.0
142.0
149.0
160.0
203.0
168.0
136.0
438.0
169.0
170.0
174.0
147.0
151.0
161.0
152.0
137.0
132.0
167.0
167.0
173.0
158.0
492.0
145.0
173.0
146.0
147.0
171.0
159.0
157.0
156.0
432.0
153.0
132.0
138.0
149.0
141.0
146.0
162.0
141.0
152.0
147.0
176.0
155.0
150.0
158.0
137.0
142.0
145.0
467.0
168.0
156.0
459.0
154.0
148.0
146.0
162.0
146.0
156.0
147.0
157.0
168.0
444.0
148.0
176.0
152.0
159.0
154.0
141.0
154.0
145.0
155.0
134.0
175.0
148.0
149.0
163.0
137.0
134.0
135.0
402.0
147.0
152.0
145.0
161.0
155.0
155.0
162.0
159.0
152.0
473.0
148.0
390.0
132.0
390.0
452.0
494.0
405.0
476.0
392.0
477.0
431.0
372.0
146.0
138.0
140.0
132.0
130.0
140.0
153.0
169.0
164.0
170.0
173.0
170.0
170.0
479.0
145.0
154.0
169.0
146.0
150.0
131.0
157.0
131.0
148.0
142.0
177.0
176.0
162.0
392.0
133.0
147.0
143.0
162.0
147.0
151.0
139.0
175.0
462.0
158.0
137.0
168.0
159.0
138.0
158.0
173.0
170.0
145.0
171.0
159.0
161.0
166.0
168.0
162.0
137.0
150.0
435.0
144.0
167.0
381.0
141.0
162.0
153.0
177.0
162.0
170.0
159.0
133.0
142.0
442.0
133.0
158.0
167.0
157.0
160.0
162.0
175.0
131.0
133.0
137.0
160.0
170.0
149.0
150.0
133.0
137.0
141.0
384.0
172.0
173.0
147.0
134.0
149.0
147.0
132.0
153.0
153.0
465.0
157.0
383.0
143.0
430.0
418.0
447.0
399.0
375.0
444.0
400.0
438.0
424.0
143.0
147.0
154.0
151.0
164.0
136.0
164.0
151.0
135.0
204.0
183.0
146.0
132.0
396.0
143.0
134.0
141.0
163.0
151.0
159.0
135.0
145.0
157.0
167.0
144.0
146.0
163.0
461.0
144.0
158.0
167.0
175.0
147.0
143.0
169.0
149.0
459.0
153.0
137.0
136.0
133.0
173.0
146.0
174.0
133.0
154.0
163.0
172.0
166.0
133.0
145.0
134.0
134.0
143.0
487.0
159.0
147.0
370.0
149.0
167.0
150.0
171.0
138.0
140.0
141.0
133.0
154.0
368.0
131.0
148.0
170.0
153.0
132.0
143.0
171.0
165.0
158.0
160.0
144.0
155.0
147.0
137.0
171.0
151.0
167.0
391.0
165.0
170.0
144.0
148.0
130.0
176.0
163.0
156.0
162.0
427.0
130.0
404.0
175.0
426.0
458.0
431.0
401.0
463.0
376.0
458.0
437.0
373.0
173.0
173.0
152.0
134.0
176.0
137.0
173.0
161.0
138.0
179.0
202.0
153.0
132.0
463.0
152.0
176.0
172.0
170.0
152.0
132.0
174.0
154.0
137.0
141.0
152.0
176.0
133.0
375.0
152.0
176.0
159.0
174.0
144.0
158.0
154.0
151.0
452.0
152.0
147.0
161.0
160.0
133.0
171.0
140.0
162.0
171.0
132.0
130.0
169.0
141.0
136.0
165.0
130.0
158.0
457.0
163.0
153.0
464.0
170.0
135.0
158.0
147.0
138.0
159.0
137.0
153.0
154.0
471.0
167.0
142.0
144.0
136.0
165.0
134.0
170.0
175.0
154.0
145.0
151.0
147.0
151.0
174.0
158.0
133.0
143.0
430.0
171.0
163.0
159.0
143.0
152.0
150.0
138.0
148.0
139.0
394.0
174.0
417.0
154.0
404.0
479.0
481.0
477.0
421.0
441.0
411.0
436.0
416.0
134.0
133.0
164.0
171.0
168.0
156.0
140.0
133.0
145.0
193.0
182.0
131.0
146.0
480.0
174.0
137.0
135.0
135.0
160.0
141.0
144.0
169.0
151.0
150.0
166.0
155.0
152.0
451.0
131.0
175.0
153.0
154.0
142.0
177.0
149.0
151.0
381.0
155.0
168.0
134.0
168.0
165.0
144.0
175.0
167.0
152.0
150.0
154.0
163.0
169.0
145.0
174.0
115.0
144.0
396.0
158.0
158.0
450.0
162.0
137.0
154.0
161.0
169.0
134.0
138.0
150.0
153.0
457.0
170.0
162.0
161.0
135.0
145.0
160.0
154.0
165.0
168.0
172.0
149.0
142.0
153.0
156.0
138.0
114.0
142.0
370.0
168.0
165.0
169.0
158.0
146.0
132.0
143.0
157.0
155.0
399.0
146.0
450.0
151.0
413.0
440.0
463.0
432.0
475.0
458.0
446.0
394.0
397.0
177.0
158.0
156.0
143.0
150.0
156.0
131.0
143.0
137.0
180.0
155.0
167.0
146.0
369.0
157.0
165.0
142.0
159.0
143.0
134.0
160.0
155.0
145.0
173.0
141.0
176.0
165.0
466.0
145.0
155.0
148.0
150.0
161.0
134.0
170.0
137.0
470.0
168.0
170.0
162.0
141.0
166.0
176.0
137.0
145.0
160.0
167.0
157.0
140.0
133.0
160.0
176.0
126.0
173.0
458.0
177.0
177.0
428.0
141.0
162.0
170.0
148.0
162.0
167.0
175.0
156.0
161.0
437.0
150.0
161.0
159.0
150.0
149.0
140.0
159.0
147.0
153.0
148.0
164.0
139.0
161.0
131.0
176.0
124.0
140.0
390.0
168.0
133.0
146.0
131.0
152.0
139.0
149.0
173.0
160.0
363.0
169.0
392.0
159.0
490.0
426.0
403.0
429.0
380.0
468.0
364.0
389.0
429.0
176.0
147.0
156.0
138.0
176.0
134.0
155.0
176.0
149.0
206.0
177.0
170.0
137.0
405.0
157.0
142.0
162.0
132.0
166.0
151.0
135.0
134.0
170.0
131.0
160.0
142.0
166.0
430.0
175.0
159.0
131.0
169.0
148.0
133.0
166.0
156.0
422.0
165.0
151.0
170.0
159.0
147.0
133.0
173.0
160.0
162.0
146.0
166.0
166.0
155.0
149.0
163.0
131.0
145.0
468.0
140.0
136.0
490.0
169.0
171.0
168.0
146.0
158.0
139.0
172.0
132.0
146.0
406.0
140.0
175.0
170.0
145.0
135.0
165.0
171.0
137.0
152.0
156.0
142.0
177.0
146.0
148.0
171.0
114.0
159.0
472.0
151.0
142.0
163.0
143.0
147.0
159.0
164.0
171.0
161.0
453.0
140.0
422.0
164.0
492.0
414.0
459.0
464.0
479.0
446.0
379.0
463.0
418.0
162.0
177.0
156.0
138.0
162.0
152.0
152.0
134.0
131.0
196.0
163.0
167.0
163.0
372.0
142.0
168.0
154.0
166.0
137.0
134.0
160.0
153.0
169.0
133.0
131.0
157.0
143.0
446.0
158.0
167.0
147.0
172.0
171.0
142.0
139.0
132.0
448.0
131.0
154.0
139.0
145.0
140.0
131.0
164.0
132.0
160.0
162.0
165.0
153.0
134.0
146.0
151.0
116.0
131.0
376.0
161.0
138.0
372.0
151.0
166.0
131.0
165.0
135.0
166.0
134.0
142.0
174.0
408.0
163.0
135.0
146.0
132.0
132.0
149.0
148.0
175.0
147.0
146.0
134.0
146.0
152.0
168.0
165.0
136.0
137.0
368.0
156.0
130.0
173.0
150.0
152.0
139.0
158.0
146.0
142.0
451.0
174.0
385.0
145.0
410.0
365.0
405.0
415.0
397.0
469.0
437.0
414.0
463.0
173.0
135.0
143.0
170.0
170.0
149.0
142.0
161.0
131.0
166.0
196.0
172.0
150.0
489.0
155.0
176.0
160.0
162.0
173.0
143.0
157.0
175.0
170.0
151.0
151.0
135.0
139.0
466.0
145.0
142.0
162.0
148.0
160.0
174.0
149.0
142.0
440.0
150.0
134.0
160.0
164.0
157.0
131.0
146.0
175.0
160.0
133.0
174.0
142.0
143.0
131.0
169.0
144.0
169.0
465.0
158.0
156.0
423.0
149.0
154.0
147.0
131.0
159.0
158.0
143.0
151.0
130.0
478.0
142.0
173.0
173.0
170.0
173.0
161.0
136.0
130.0
169.0
161.0
156.0
136.0
143.0
154.0
154.0
134.0
176.0
475.0
146.0
174.0
162.0
148.0
171.0
168.0
172.0
169.0
137.0
380.0
142.0
414.0
133.0
472.0
375.0
371.0
464.0
441.0
377.0
429.0
451.0
472.0
157.0
173.0
165.0
148.0
146.0
139.0
137.0
147.0
139.0
176.0
193.0
141.0
175.0
416.0
159.0
177.0
176.0
160.0
177.0
146.0
172.0
141.0
130.0
160.0
177.0
161.0
139.0
435.0
157.0
170.0
173.0
151.0
173.0
156.0
155.0
173.0
474.0
132.0
166.0
144.0
138.0
172.0
134.0
153.0
147.0
138.0
174.0
175.0
176.0
173.0
157.0
159.0
122.0
161.0
465.0
165.0
157.0
450.0
141.0
149.0
151.0
168.0
170.0
168.0
165.0
156.0
135.0
460.0
133.0
143.0
138.0
132.0
150.0
175.0
156.0
151.0
161.0
173.0
144.0
158.0
147.0
141.0
134.0
152.0
144.0
371.0
167.0
176.0
138.0
163.0
150.0
145.0
163.0
148.0
144.0
451.0
141.0
383.0
175.0
397.0
388.0
384.0
386.0
427.0
385.0
403.0
408.0
375.0
156.0
130.0
156.0
150.0
130.0
163.0
153.0
160.0
172.0
159.0
154.0
138.0
174.0
446.0
170.0
153.0
141.0
176.0
171.0
137.0
170.0
152.0
169.0
168.0
142.0
151.0
163.0
397.0
150.0
134.0
163.0
141.0
161.0
154.0
170.0
131.0
490.0
156.0
160.0
150.0
169.0
147.0
133.0
160.0
166.0
132.0
140.0
163.0
172.0
173.0
175.0
142.0
124.0
131.0
474.0
136.0
141.0
494.0
164.0
142.0
131.0
153.0
177.0
175.0
155.0
163.0
162.0
452.0
161.0
163.0
139.0
150.0
167.0
158.0
136.0
163.0
149.0
170.0
167.0
168.0
150.0
132.0
174.0
127.0
165.0
389.0
153.0
131.0
137.0
141.0
148.0
136.0
160.0
140.0
164.0
400.0
161.0
436.0
172.0
467.0
478.0
387.0
460.0
419.0
433.0
434.0
493.0
401.0
155.0
164.0
156.0
144.0
161.0
138.0
175.0
170.0
158.0
200.0
191.0
163.0
174.0
467.0
175.0
174.0
171.0
134.0
155.0
157.0
160.0
147.0
169.0
154.0
167.0
167.0
164.0
433.0
166.0
143.0
138.0
148.0
159.0
162.0
136.0
168.0
409.0
159.0
139.0
154.0
166.0
169.0
166.0
153.0
159.0
172.0
174.0
153.0
139.0
154.0
144.0
135.0
152.0
137.0
393.0
141.0
175.0
431.0
159.0
159.0
144.0
171.0
172.0
158.0
136.0
161.0
170.0
449.0
148.0
169.0
165.0
137.0
155.0
152.0
154.0
141.0
141.0
176.0
131.0
132.0
130.0
177.0
134.0
138.0
150.0
411.0
145.0
134.0
151.0
138.0
169.0
174.0
175.0
167.0
134.0
455.0
152.0
491.0
167.0
417.0
458.0
469.0
461.0
383.0
454.0
377.0
392.0
483.0
176.0
142.0
137.0
168.0
163.0
167.0
142.0
173.0
160.0
165.0
198.0
155.0
167.0
476.0
168.0
155.0
165.0
156.0
152.0
136.0
131.0
170.0
169.0
148.0
149.0
162.0
144.0
485.0
154.0
164.0
165.0
136.0
135.0
137.0
157.0
147.0
457.0
145.0
150.0
139.0
156.0
149.0
132.0
170.0
175.0
152.0
131.0
175.0
166.0
138.0
157.0
157.0
120.0
131.0
440.0
136.0
161.0
398.0
158.0
154.0
166.0
146.0
153.0
160.0
135.0
173.0
169.0
403.0
151.0
163.0
155.0
165.0
141.0
152.0
169.0
162.0
158.0
145.0
133.0
158.0
144.0
165.0
165.0
130.0
154.0
392.0
158.0
132.0
173.0
155.0
174.0
131.0
170.0
160.0
149.0
485.0
157.0
374.0
170.0
464.0
420.0
411.0
478.0
423.0
482.0
424.0
448.0
437.0
168.0
157.0
157.0
147.0
170.0
172.0
138.0
150.0
151.0
189.0
162.0
173.0
164.0
390.0
163.0
145.0
164.0
151.0
137.0
161.0
149.0
133.0
171.0
172.0
142.0
155.0
136.0
406.0
132.0
148.0
157.0
152.0
148.0
172.0
149.0
135.0
379.0
150.0
177.0
130.0
164.0
161.0
159.0
144.0
176.0
141.0
151.0
148.0
173.0
145.0
175.0
144.0
139.0
162.0
445.0
149.0
162.0
457.0
150.0
176.0
150.0
167.0
149.0
144.0
163.0
168.0
153.0
396.0
137.0
168.0
140.0
132.0
136.0
136.0
135.0
141.0
168.0
147.0
174.0
175.0
163.0
176.0
168.0
136.0
167.0
444.0
140.0
137.0
157.0
145.0
142.0
138.0
131.0
142.0
158.0
431.0
170.0
415.0
132.0
395.0
388.0
443.0
474.0
396.0
448.0
374.0
467.0
456.0
160.0
161.0
133.0
176.0
175.0
175.0
146.0
134.0
152.0
154.0
166.0
158.0
131.0
383.0
161.0
152.0
141.0
175.0
145.0
154.0
157.0
166.0
153.0
136.0
172.0
139.0
169.0
460.0
153.0
139.0
167.0
135.0
141.0
132.0
134.0
142.0
407.0
132.0
131.0
163.0
164.0
133.0
169.0
148.0
147.0
172.0
138.0
158.0
165.0
137.0
157.0
144.0
127.0
155.0
431.0
133.0
141.0
380.0
139.0
156.0
134.0
146.0
143.0
173.0
166.0
166.0
151.0
478.0
140.0
171.0
132.0
140.0
130.0
148.0
159.0
170.0
137.0
163.0
169.0
131.0
160.0
167.0
132.0
149.0
156.0
422.0
134.0
171.0
157.0
166.0
175.0
139.0
138.0
133.0
153.0
369.0
166.0
367.0
173.0
462.0
460.0
415.0
419.0
473.0
383.0
450.0
467.0
439.0
142.0
163.0
142.0
158.0
150.0
174.0
147.0
133.0
136.0
199.0
181.0
155.0
165.0
465.0
142.0
140.0
164.0
142.0
163.0
156.0
138.0
153.0
159.0
139.0
172.0
152.0
130.0
460.0
150.0
138.0
138.0
172.0
170.0
157.0
164.0
173.0
372.0
149.0
174.0
157.0
177.0
140.0
153.0
165.0
176.0
160.0
146.0
159.0
134.0
153.0
146.0
131.0
131.0
163.0
372.0
151.0
152.0
409.0
156.0
156.0
158.0
142.0
139.0
150.0
151.0
130.0
132.0
491.0
176.0
142.0
133.0
174.0
172.0
164.0
132.0
152.0
131.0
141.0
157.0
154.0
130.0
162.0
177.0
121.0
157.0
473.0
137.0
138.0
137.0
142.0
162.0
172.0
171.0
175.0
174.0
444.0
175.0
398.0
168.0
451.0
375.0
399.0
493.0
476.0
421.0
461.0
453.0
416.0
136.0
146.0
155.0
158.0
156.0
158.0
148.0
158.0
173.0
207.0
161.0
176.0
154.0
476.0
175.0
176.0
131.0
150.0
139.0
143.0
162.0
165.0
138.0
143.0
172.0
157.0
172.0
468.0
139.0
149.0
145.0
158.0
135.0
137.0
176.0
161.0
400.0
148.0
153.0
161.0
155.0
171.0
174.0
132.0
135.0
170.0
176.0
131.0
151.0
154.0
151.0
136.0
127.0
152.0
382.0
135.0
150.0
374.0
173.0
152.0
162.0
134.0
147.0
171.0
146.0
168.0
173.0
388.0
138.0
134.0
152.0
165.0
130.0
143.0
164.0
155.0
149.0
151.0
141.0
172.0
132.0
145.0
130.0
122.0
145.0
446.0
149.0
170.0
147.0
135.0
141.0
149.0
146.0
177.0
167.0
430.0
169.0
365.0
158.0
471.0
456.0
385.0
474.0
420.0
437.0
452.0
409.0
387.0
171.0
175.0
145.0
158.0
148.0
164.0
171.0
165.0
140.0
159.0
176.0
143.0
176.0
473.0
134.0
150.0
162.0
160.0
131.0
158.0
140.0
150.0
159.0
173.0
172.0
134.0
147.0
370.0
133.0
159.0
139.0
170.0
131.0
143.0
173.0
166.0
452.0
170.0
172.0
135.0
145.0
132.0
157.0
164.0
141.0
172.0
166.0
144.0
142.0
150.0
137.0
163.0
145.0
144.0
477.0
134.0
143.0
464.0
137.0
142.0
133.0
147.0
140.0
130.0
152.0
150.0
162.0
393.0
170.0
162.0
169.0
174.0
154.0
146.0
176.0
155.0
166.0
169.0
159.0
134.0
161.0
137.0
170.0
126.0
160.0
487.0
159.0
164.0
130.0
139.0
162.0
155.0
168.0
152.0
177.0
399.0
169.0
374.0
154.0
441.0
432.0
434.0
391.0
405.0
392.0
385.0
455.0
460.0
175.0
164.0
139.0
171.0
159.0
155.0
148.0
156.0
150.0
171.0
182.0
154.0
169.0
483.0
168.0
167.0
145.0
136.0
165.0
177.0
173.0
137.0
150.0
162.0
134.0
160.0
157.0
419.0
154.0
156.0
163.0
151.0
174.0
160.0
139.0
135.0
494.0
165.0
166.0
146.0
164.0
156.0
163.0
130.0
137.0
155.0
171.0
166.0
147.0
174.0
149.0
163.0
139.0
140.0
445.0
134.0
164.0
441.0
145.0
132.0
136.0
170.0
171.0
153.0
161.0
140.0
153.0
403.0
169.0
174.0
161.0
144.0
168.0
149.0
161.0
135.0
131.0
145.0
160.0
163.0
156.0
138.0
159.0
140.0
139.0
384.0
154.0
168.0
147.0
176.0
172.0
134.0
153.0
145.0
136.0
475.0
171.0
383.0
142.0
424.0
406.0
474.0
428.0
377.0
479.0
480.0
422.0
446.0
143.0
161.0
146.0
167.0
142.0
158.0
164.0
158.0
170.0
187.0
193.0
158.0
171.0
477.0
162.0
137.0
165.0
161.0
146.0
144.0
137.0
166.0
169.0
160.0
176.0
138.0
150.0
372.0
173.0
164.0
159.0
168.0
149.0
161.0
166.0
164.0
471.0
165.0
172.0
167.0
141.0
158.0
144.0
160.0
174.0
144.0
136.0
130.0
168.0
154.0
150.0
170.0
152.0
155.0
485.0
152.0
153.0
399.0
151.0
160.0
168.0
174.0
141.0
171.0
164.0
159.0
142.0
388.0
149.0
158.0
135.0
131.0
139.0
171.0
149.0
131.0
138.0
172.0
165.0
139.0
148.0
175.0
150.0
124.0
168.0
436.0
154.0
163.0
172.0
158.0
146.0
173.0
150.0
146.0
131.0
429.0
144.0
440.0
165.0
430.0
382.0
376.0
380.0
486.0
484.0
452.0
453.0
404.0
135.0
146.0
138.0
152.0
175.0
138.0
148.0
168.0
175.0
164.0
207.0
165.0
154.0
390.0
168.0
141.0
153.0
136.0
143.0
151.0
133.0
174.0
165.0
132.0
135.0
160.0
161.0
438.0
174.0
135.0
135.0
177.0
144.0
172.0
135.0
150.0
482.0
167.0
157.0
147.0
165.0
156.0
132.0
138.0
133.0
149.0
147.0
163.0
168.0
146.0
172.0
131.0
147.0
166.0
424.0
168.0
149.0
442.0
142.0
173.0
136.0
164.0
134.0
135.0
141.0
176.0
152.0
489.0
152.0
158.0
149.0
146.0
155.0
175.0
172.0
142.0
161.0
137.0
153.0
161.0
137.0
147.0
155.0
135.0
147.0
443.0
165.0
175.0
135.0
174.0
151.0
150.0
167.0
134.0
149.0
458.0
152.0
453.0
146.0
470.0
466.0
485.0
418.0
373.0
452.0
435.0
377.0
431.0
166.0
161.0
159.0
141.0
146.0
158.0
153.0
137.0
137.0
197.0
163.0
145.0
149.0
442.0
162.0
158.0
161.0
139.0
147.0
152.0
159.0
144.0
132.0
137.0
175.0
144.0
152.0
406.0
160.0
168.0
168.0
142.0
148.0
175.0
137.0
176.0
403.0
170.0
170.0
172.0
170.0
136.0
134.0
176.0
155.0
140.0
150.0
148.0
174.0
137.0
165.0
133.0
128.0
168.0
380.0
130.0
133.0
478.0
159.0
170.0
176.0
133.0
156.0
132.0
174.0
144.0
154.0
390.0
132.0
176.0
149.0
160.0
131.0
144.0
156.0
166.0
169.0
154.0
139.0
171.0
144.0
159.0
172.0
148.0
162.0
432.0
151.0
172.0
139.0
131.0
140.0
172.0
147.0
132.0
155.0
407.0
147.0
476.0
139.0
455.0
459.0
404.0
468.0
421.0
394.0
424.0
425.0
464.0
170.0
170.0
154.0
164.0
130.0
145.0
162.0
154.0
149.0
179.0
162.0
145.0
149.0
478.0
176.0
168.0
161.0
151.0
151.0
172.0
140.0
134.0
165.0
137.0
163.0
142.0
153.0
379.0
137.0
168.0
157.0
172.0
143.0
167.0
132.0
164.0
471.0
160.0
156.0
135.0
167.0
133.0
169.0
144.0
174.0
166.0
173.0
151.0
173.0
146.0
159.0
150.0
133.0
150.0
467.0
163.0
153.0
471.0
168.0
166.0
152.0
132.0
151.0
150.0
131.0
159.0
156.0
410.0
135.0
135.0
160.0
138.0
140.0
155.0
142.0
169.0
131.0
172.0
152.0
170.0
148.0
170.0
130.0
112.0
176.0
450.0
137.0
153.0
172.0
135.0
176.0
142.0
133.0
173.0
158.0
423.0
141.0
482.0
174.0
395.0
480.0
491.0
455.0
485.0
411.0
427.0
471.0
440.0
135.0
163.0
150.0
160.0
161.0
157.0
141.0
165.0
174.0
184.0
197.0
140.0
174.0
480.0
135.0
169.0
173.0
166.0
151.0
156.0
146.0
175.0
143.0
166.0
168.0
163.0
137.0
474.0
138.0
152.0
140.0
142.0
165.0
158.0
135.0
160.0
431.0
138.0
159.0
137.0
146.0
152.0
173.0
157.0
176.0
135.0
146.0
158.0
137.0
134.0
147.0
139.0
115.0
148.0
486.0
156.0
139.0
428.0
138.0
143.0
172.0
154.0
162.0
141.0
163.0
143.0
141.0
411.0
136.0
173.0
141.0
170.0
173.0
158.0
171.0
172.0
162.0
151.0
164.0
132.0
138.0
132.0
165.0
124.0
155.0
460.0
150.0
177.0
135.0
171.0
162.0
172.0
135.0
154.0
173.0
369.0
175.0
417.0
134.0
441.0
494.0
384.0
481.0
485.0
370.0
474.0
413.0
443.0
133.0
168.0
148.0
160.0
158.0
172.0
177.0
171.0
136.0
198.0
185.0
169.0
147.0
381.0
147.0
141.0
168.0
130.0
138.0
173.0
166.0
136.0
151.0
169.0
177.0
172.0
139.0
444.0
176.0
135.0
148.0
167.0
157.0
170.0
152.0
143.0
403.0
164.0
156.0
145.0
164.0
151.0
158.0
160.0
154.0
176.0
163.0
145.0
148.0
154.0
143.0
145.0
138.0
153.0
454.0
172.0
151.0
401.0
158.0
164.0
161.0
176.0
139.0
161.0
133.0
157.0
141.0
478.0
152.0
167.0
175.0
142.0
156.0
168.0
172.0
148.0
176.0
175.0
133.0
132.0
160.0
134.0
161.0
130.0
152.0
381.0
167.0
150.0
134.0
141.0
146.0
142.0
172.0
135.0
152.0
396.0
168.0
471.0
130.0
475.0
443.0
385.0
477.0
463.0
415.0
376.0
410.0
482.0
176.0
131.0
161.0
169.0
171.0
175.0
146.0
172.0
149.0
192.0
170.0
151.0
137.0
478.0
161.0
168.0
147.0
172.0
140.0
165.0
160.0
167.0
144.0
163.0
159.0
141.0
134.0
380.0
151.0
177.0
141.0
155.0
158.0
135.0
159.0
133.0
478.0
174.0
132.0
174.0
132.0
150.0
157.0
170.0
147.0
132.0
158.0
142.0
158.0
173.0
175.0
135.0
145.0
156.0
463.0
153.0
166.0
388.0
159.0
142.0
153.0
140.0
139.0
155.0
171.0
157.0
131.0
455.0
176.0
131.0
137.0
144.0
148.0
161.0
154.0
176.0
130.0
176.0
139.0
139.0
134.0
153.0
157.0
139.0
141.0
452.0
143.0
151.0
166.0
161.0
159.0
143.0
168.0
133.0
150.0
455.0
165.0
472.0
171.0
462.0
373.0
486.0
464.0
438.0
474.0
409.0
469.0
373.0
174.0
161.0
154.0
153.0
141.0
140.0
152.0
156.0
144.0
187.0
207.0
150.0
167.0
377.0
155.0
130.0
144.0
172.0
155.0
170.0
135.0
168.0
141.0
170.0
161.0
158.0
167.0
463.0
145.0
161.0
172.0
174.0
158.0
153.0
156.0
168.0
426.0
153.0
158.0
140.0
133.0
150.0
141.0
151.0
152.0
153.0
134.0
154.0
154.0
165.0
164.0
148.0
147.0
153.0
381.0
165.0
169.0
450.0
169.0
168.0
142.0
151.0
131.0
143.0
134.0
164.0
149.0
378.0
140.0
133.0
147.0
134.0
141.0
132.0
165.0
143.0
130.0
162.0
144.0
162.0
156.0
166.0
164.0
143.0
130.0
430.0
164.0
170.0
147.0
137.0
149.0
138.0
157.0
167.0
142.0
429.0
137.0
373.0
140.0
402.0
482.0
429.0
478.0
494.0
382.0
377.0
427.0
485.0
135.0
135.0
153.0
160.0
145.0
168.0
170.0
136.0
152.0
183.0
165.0
167.0
163.0
472.0
169.0
144.0
168.0
154.0
151.0
175.0
141.0
138.0
140.0
158.0
134.0
169.0
165.0
456.0
172.0
141.0
171.0
137.0
135.0
138.0
148.0
151.0
411.0
175.0
132.0
165.0
146.0
133.0
175.0
171.0
133.0
171.0
142.0
138.0
133.0
167.0
150.0
161.0
133.0
138.0
472.0
140.0
150.0
489.0
142.0
154.0
141.0
164.0
161.0
133.0
174.0
172.0
135.0
424.0
176.0
133.0
173.0
157.0
172.0
158.0
151.0
165.0
146.0
145.0
170.0
171.0
134.0
157.0
172.0
144.0
174.0
394.0
158.0
166.0
162.0
143.0
149.0
164.0
167.0
130.0
132.0
442.0
137.0
406.0
138.0
363.0
394.0
391.0
456.0
470.0
417.0
424.0
408.0
467.0
142.0
159.0
159.0
133.0
144.0
139.0
151.0
138.0
141.0
155.0
167.0
171.0
168.0
382.0
170.0
138.0
171.0
139.0
163.0
132.0
177.0
139.0
159.0
168.0
131.0
147.0
151.0
418.0
153.0
142.0
157.0
162.0
147.0
138.0
157.0
156.0
465.0
172.0
166.0
168.0
174.0
150.0
169.0
164.0
176.0
153.0
176.0
169.0
164.0
159.0
166.0
158.0
129.0
146.0
486.0
157.0
134.0
463.0
170.0
158.0
173.0
144.0
144.0
131.0
131.0
171.0
166.0
474.0
147.0
142.0
150.0
152.0
151.0
165.0
155.0
152.0
157.0
141.0
175.0
141.0
148.0
146.0
171.0
148.0
138.0
407.0
135.0
154.0
176.0
157.0
151.0
150.0
160.0
144.0
175.0
460.0
152.0
443.0
142.0
440.0
445.0
484.0
379.0
390.0
370.0
433.0
485.0
483.0
140.0
173.0
165.0
136.0
168.0
164.0
143.0
157.0
162.0
203.0
193.0
170.0
139.0
412.0
156.0
144.0
130.0
166.0
142.0
162.0
171.0
168.0
136.0
140.0
174.0
174.0
157.0
473.0
176.0
132.0
171.0
175.0
172.0
139.0
136.0
172.0
478.0
173.0
164.0
162.0
141.0
159.0
176.0
149.0
139.0
161.0
146.0
152.0
158.0
159.0
145.0
138.0
124.0
130.0
450.0
147.0
153.0
412.0
160.0
154.0
146.0
162.0
157.0
135.0
169.0
147.0
167.0
377.0
148.0
149.0
161.0
149.0
173.0
140.0
158.0
133.0
145.0
148.0
169.0
160.0
147.0
162.0
159.0
132.0
171.0
401.0
137.0
156.0
145.0
172.0
143.0
142.0
144.0
158.0
160.0
381.0
162.0
483.0
141.0
382.0
386.0
437.0
378.0
413.0
459.0
404.0
365.0
409.0
176.0
156.0
175.0
150.0
159.0
138.0
176.0
151.0
160.0
203.0
160.0
155.0
145.0
386.0
159.0
153.0
175.0
140.0
135.0
150.0
151.0
130.0
173.0
159.0
133.0
137.0
169.0
417.0
154.0
171.0
146.0
174.0
155.0
161.0
157.0
175.0
374.0
148.0
166.0
170.0
162.0
167.0
145.0
176.0
146.0
156.0
176.0
154.0
154.0
167.0
151.0
161.0
135.0
133.0
398.0
175.0
175.0
477.0
139.0
172.0
134.0
162.0
147.0
139.0
153.0
143.0
156.0
403.0
173.0
132.0
163.0
135.0
138.0
131.0
158.0
173.0
136.0
153.0
174.0
136.0
140.0
170.0
158.0
122.0
175.0
405.0
162.0
173.0
167.0
171.0
151.0
148.0
138.0
130.0
162.0
458.0
147.0
441.0
163.0
381.0
459.0
487.0
376.0
456.0
412.0
426.0
384.0
398.0
152.0
135.0
143.0
135.0
149.0
168.0
131.0
175.0
174.0
166.0
183.0
135.0
160.0
403.0
152.0
135.0
155.0
176.0
157.0
169.0
169.0
172.0
171.0
138.0
160.0
149.0
165.0
470.0
162.0
141.0
152.0
152.0
132.0
164.0
136.0
165.0
439.0
154.0
165.0
145.0
148.0
138.0
147.0
159.0
163.0
171.0
131.0
155.0
174.0
141.0
139.0
137.0
140.0
136.0
492.0
162.0
145.0
484.0
131.0
164.0
160.0
139.0
145.0
173.0
163.0
148.0
172.0
407.0
148.0
162.0
145.0
143.0
166.0
169.0
160.0
146.0
148.0
144.0
163.0
170.0
138.0
149.0
155.0
116.0
177.0
425.0
131.0
136.0
175.0
156.0
172.0
150.0
176.0
157.0
168.0
425.0
143.0
422.0
146.0
472.0
449.0
427.0
489.0
452.0
370.0
469.0
366.0
459.0
142.0
173.0
172.0
154.0
138.0
159.0
147.0
153.0
171.0
