70 6 108
33178.5
31515.5
31878.5
34203.5
33948.5
35558.5
29347.5
35179.5
30055.5
34211.5
34990.5
29318.5
30740.5
29870.5
29955.5
29163.5
31376.5
35288.5
29577.5
33263.5
34453.5
34664.5
34377.5
34517.5
33458.5
36014.5
29296.5
29853.5
32225.5
29577.5
33120.5
35689.5
30949.5
30516.5
35060.5
29777.5
35087.5
29968.5
30861.5
31656.5
31939.5
36318.5
29975.5
30676.5
34037.5
35472.5
31976.5
32467.5
29886.5
29451.5
33980.5
31922.5
30979.5
29399.5
34141.5
30337.5
32436.5
31906.5
29507.5
32669.5
30920.5
33795.5
34031.5
30942.5
33171.5
31480.5
34709.5
31307.5
34441.5
31219.5
0.016181032931229376
0.011773709862288867
0.015247569428664252
0.012080378368099137
0.015691528925570575
0.013812788704155799
0.014700551864241719
0.013462171857575436
0.015780096160792824
0.013347660843767005
0.01569580715718808
0.014022830147259113
0.015392595113935184
0.014203173602380294
0.015738362835663714
0.014162074118523113
0.016433011962798203
0.011961387571209486
0.015939098862670288
0.012434247728748883
0.016296378649536543
0.011764847823921797
0.015833054313394188
0.012796581781622237
0.014638189656415036
0.011570923531992636
0.015384888039437189
0.012377889060413474
0.016052417002556434
0.011849038348742763
0.015263472049700598
0.013436687800148332
0.016493729674818467
0.012687500470526292
0.01624717323491945
0.01203656822495657
0.015389456434855979
0.013447958721925087
0.014918809767465492
0.011879005889528942
0.014586050330924822
0.01275897235440776
0.015624561918173806
0.011842640214019786
0.015277603000339965
0.012061496628899642
0.016575689925821546
0.01151185696114635
0.016298889512226033
0.014108262697929912
0.01525148950052077
0.01319346977024982
0.01448964420467944
0.013061774285215525
0.014916490237605086
0.011618401476443227
0.01596455719430229
0.01227481875135229
0.014380193143424872
0.013705509138197148
0.014626272169551473
0.013758706191652214
0.0156750761774404
0.011855658268821293
0.015422169857654789
0.014033625566408288
0.014822458102494104
0.01381725322030919
0.014669941030487575
0.023391819645661616
128.0
127.0
119.0
108.0
130.0
114.0
2557.0
22.0
1261.0
1300.0
67.0
529.0
499.0
1345.0
35.0
532.0
110.0
185.0
44.0
348.0
270.0
396.0
60.0
308.0
513.0
274.0
71.0
232.0
74.0
283.0
28.0
338.0
169.0
815.0
1299.0
567.0
344.0
1133.0
287.0
150.0
827.0
5174.0
5673.0
129.0
164.0
323.0
50.0
28.0
189.0
211.0
186.0
486.0
369.0
74.0
63.0
27.0
126.0
30.0
20.0
174.0
815.0
51.0
131.0
65.0
44.0
158.0
153.0
74.0
164.0
143.0
772.0
37.0
21.0
25.0
30.0
8.0
71.0
270.0
108.0
68.0
86.0
55.0
39.0
84.0
146.0
46.0
25.0
56.0
156.0
162.0
106.0
85.0
133.0
44.0
66.0
1512.0
56.0
58.0
69.0
26.0
155.0
295.0
30.0
266.0
125.0
260.0
78.0
129.0
818.0
221.0
65.0
1232.0
124.0
127.0
67.0
85.0
119.0
18.0
261.0
195.0
477.0
1333.0
35.0
540.0
114.0
193.0
44.0
324.0
245.0
363.0
58.0
316.0
532.0
294.0
74.0
245.0
80.0
281.0
27.0
347.0
161.0
807.0
1325.0
556.0
359.0
1182.0
292.0
145.0
805.0
5308.0
5436.0
121.0
159.0
314.0
47.0
28.0
178.0
210.0
181.0
517.0
356.0
77.0
64.0
27.0
124.0
30.0
20.0
166.0
890.0
53.0
124.0
64.0
45.0
158.0
155.0
75.0
160.0
142.0
739.0
36.0
19.0
24.0
30.0
8.0
72.0
264.0
107.0
70.0
87.0
56.0
38.0
89.0
146.0
45.0
26.0
58.0
151.0
165.0
109.0
84.0
129.0
44.0
66.0
1510.0
55.0
58.0
65.0
25.0
155.0
295.0
31.0
278.0
126.0
255.0
80.0
130.0
807.0
209.0
68.0
1210.0
129.0
116.0
73.0
93.0
120.0
19.0
267.0
205.0
512.0
1262.0
35.0
508.0
119.0
182.0
44.0
327.0
258.0
401.0
58.0
297.0
534.0
293.0
70.0
235.0
79.0
292.0
28.0
359.0
172.0
806.0
1391.0
574.0
351.0
1106.0
282.0
150.0
794.0
5411.0
5502.0
125.0
161.0
323.0
49.0
28.0
193.0
210.0
194.0
516.0
362.0
72.0
62.0
26.0
118.0
32.0
19.0
179.0
890.0
51.0
124.0
66.0
44.0
163.0
141.0
70.0
160.0
143.0
786.0
38.0
21.0
25.0
30.0
8.0
75.0
266.0
104.0
73.0
88.0
54.0
38.0
87.0
148.0
48.0
26.0
55.0
160.0
163.0
105.0
86.0
133.0
44.0
66.0
1650.0
56.0
59.0
65.0
24.0
161.0
293.0
32.0
288.0
118.0
243.0
79.0
128.0
781.0
218.0
67.0
1256.0
121.0
124.0
73.0
87.0
120.0
20.0
263.0
203.0
469.0
1293.0
35.0
557.0
120.0
174.0
45.0
336.0
270.0
376.0
59.0
313.0
548.0
272.0
72.0
238.0
76.0
295.0
29.0
359.0
158.0
797.0
1284.0
556.0
363.0
1162.0
274.0
144.0
875.0
5393.0
5973.0
127.0
172.0
335.0
51.0
29.0
187.0
211.0
177.0
482.0
354.0
74.0
65.0
26.0
128.0
32.0
19.0
178.0
828.0
49.0
125.0
62.0
43.0
151.0
150.0
72.0
163.0
146.0
770.0
37.0
21.0
26.0
31.0
8.0
70.0
274.0
108.0
74.0
91.0
58.0
38.0
81.0
150.0
49.0
25.0
54.0
150.0
169.0
106.0
84.0
130.0
45.0
67.0
1655.0
54.0
55.0
71.0
25.0
160.0
286.0
31.0
281.0
126.0
237.0
82.0
137.0
773.0
204.0
66.0
1255.0
123.0
115.0
66.0
86.0
118.0
20.0
253.0
207.0
502.0
1242.0
34.0
527.0
119.0
192.0
45.0
320.0
251.0
370.0
60.0
290.0
554.0
271.0
74.0
252.0
80.0
282.0
29.0
369.0
173.0
820.0
1281.0
547.0
361.0
1187.0
277.0
145.0
797.0
5090.0
5615.0
131.0
168.0
310.0
49.0
29.0
181.0
221.0
178.0
498.0
372.0
73.0
66.0
27.0
127.0
30.0
19.0
167.0
838.0
51.0
129.0
61.0
43.0
167.0
153.0
73.0
159.0
151.0
725.0
35.0
20.0
24.0
31.0
8.0
72.0
258.0
104.0
70.0
85.0
56.0
41.0
83.0
145.0
45.0
26.0
56.0
152.0
162.0
111.0
81.0
126.0
45.0
62.0
1606.0
56.0
54.0
69.0
25.0
163.0
297.0
33.0
261.0
127.0
260.0
80.0
135.0
773.0
224.0
68.0
1192.0
122.0
124.0
73.0
89.0
112.0
20.0
268.0
207.0
516.0
1322.0
36.0
521.0
114.0
186.0
47.0
342.0
246.0
389.0
59.0
293.0
554.0
278.0
73.0
248.0
82.0
288.0
27.0
368.0
161.0
819.0
1301.0
599.0
328.0
1099.0
297.0
156.0
805.0
5398.0
5799.0
128.0
158.0
331.0
47.0
29.0
191.0
211.0
186.0
496.0
363.0
72.0
67.0
25.0
122.0
33.0
20.0
166.0
823.0
49.0
119.0
62.0
43.0
160.0
153.0
75.0
161.0
139.0
790.0
38.0
20.0
24.0
31.0
8.0
76.0
274.0
105.0
69.0
89.0
59.0
38.0
85.0
152.0
47.0
26.0
58.0
160.0
165.0
101.0
82.0
129.0
46.0
66.0
1633.0
55.0
55.0
70.0
26.0
160.0
289.0
30.0
260.0
121.0
245.0
76.0
130.0
820.0
205.0
67.0
1282.0
123.0
115.0
69.0
87.0
117.0
19.0
260.0
199.0
511.0
1237.0
34.0
528.0
118.0
182.0
44.0
346.0
259.0
375.0
58.0
289.0
546.0
288.0
70.0
253.0
78.0
302.0
29.0
368.0
159.0
809.0
1324.0
596.0
334.0
1189.0
272.0
156.0
828.0
5468.0
5707.0
122.0
159.0
315.0
50.0
27.0
184.0
214.0
195.0
509.0
354.0
78.0
65.0
26.0
126.0
33.0
19.0
177.0
867.0
51.0
131.0
67.0
43.0
163.0
145.0
76.0
162.0
147.0
752.0
38.0
21.0
26.0
29.0
8.0
75.0
271.0
111.0
70.0
85.0
58.0
37.0
85.0
150.0
45.0
25.0
53.0
162.0
175.0
102.0
82.0
132.0
46.0
64.0
1564.0
57.0
56.0
68.0
26.0
167.0
288.0
31.0
273.0
130.0
240.0
81.0
139.0
787.0
222.0
68.0
1166.0
121.0
117.0
67.0
87.0
122.0
20.0
270.0
196.0
490.0
1225.0
36.0
544.0
110.0
191.0
48.0
334.0
249.0
375.0
56.0
291.0
507.0
282.0
71.0
230.0
79.0
280.0
27.0
347.0
156.0
770.0
1294.0
574.0
334.0
1103.0
271.0
157.0
861.0
5279.0
5440.0
120.0
160.0
305.0
47.0
28.0
194.0
208.0
182.0
485.0
339.0
73.0
65.0
25.0
128.0
31.0
19.0
164.0
895.0
53.0
119.0
63.0
45.0
157.0
154.0
75.0
166.0
152.0
803.0
35.0
20.0
26.0
31.0
8.0
75.0
274.0
109.0
69.0
85.0
55.0
40.0
88.0
141.0
46.0
26.0
58.0
158.0
170.0
107.0
82.0
139.0
44.0
66.0
1540.0
56.0
54.0
65.0
24.0
153.0
287.0
30.0
268.0
124.0
249.0
77.0
128.0
776.0
214.0
70.0
1278.0
124.0
123.0
71.0
90.0
120.0
19.0
264.0
196.0
511.0
1260.0
33.0
506.0
111.0
190.0
47.0
348.0
267.0
379.0
58.0
312.0
529.0
281.0
73.0
236.0
77.0
283.0
28.0
354.0
168.0
773.0
1361.0
584.0
343.0
1190.0
282.0
153.0
811.0
5360.0
6037.0
131.0
171.0
310.0
50.0
29.0
187.0
222.0
178.0
520.0
351.0
79.0
62.0
27.0
125.0
33.0
20.0
165.0
824.0
52.0
125.0
67.0
45.0
165.0
149.0
73.0
153.0
153.0
773.0
38.0
20.0
26.0
30.0
8.0
70.0
275.0
112.0
67.0
84.0
56.0
40.0
86.0
142.0
47.0
27.0
53.0
161.0
166.0
100.0
84.0
138.0
48.0
63.0
1627.0
58.0
56.0
70.0
26.0
156.0
275.0
33.0
279.0
126.0
248.0
78.0
138.0
799.0
217.0
65.0
1237.0
121.0
126.0
67.0
88.0
120.0
20.0
260.0
201.0
499.0
1254.0
36.0
542.0
113.0
185.0
44.0
321.0
254.0
399.0
57.0
315.0
521.0
293.0
73.0
254.0
80.0
284.0
27.0
369.0
164.0
801.0
1293.0
574.0
351.0
1104.0
296.0
158.0
837.0
5517.0
5822.0
129.0
163.0
322.0
46.0
28.0
181.0
221.0
188.0
504.0
345.0
79.0
67.0
26.0
126.0
32.0
19.0
176.0
827.0
51.0
129.0
67.0
42.0
164.0
143.0
74.0
157.0
148.0
766.0
37.0
20.0
25.0
32.0
8.0
72.0
268.0
109.0
72.0
90.0
58.0
37.0
86.0
139.0
48.0
27.0
58.0
151.0
160.0
106.0
85.0
134.0
45.0
63.0
1667.0
58.0
56.0
70.0
26.0
160.0
285.0
32.0
267.0
130.0
243.0
81.0
136.0
779.0
211.0
66.0
1275.0
125.0
121.0
73.0
88.0
121.0
20.0
256.0
191.0
469.0
1221.0
34.0
544.0
111.0
193.0
47.0
325.0
261.0
398.0
56.0
297.0
549.0
274.0
75.0
233.0
76.0
302.0
27.0
365.0
168.0
777.0
1263.0
598.0
339.0
1175.0
286.0
151.0
852.0
5107.0
5941.0
129.0
172.0
332.0
50.0
29.0
186.0
217.0
189.0
495.0
349.0
79.0
61.0
26.0
121.0
33.0
20.0
170.0
837.0
53.0
129.0
66.0
42.0
164.0
155.0
73.0
158.0
149.0
737.0
36.0
20.0
26.0
30.0
8.0
71.0
262.0
103.0
69.0
85.0
56.0
38.0
84.0
144.0
47.0
26.0
58.0
155.0
174.0
108.0
79.0
127.0
47.0
64.0
1665.0
55.0
59.0
65.0
24.0
159.0
291.0
31.0
272.0
127.0
256.0
78.0
137.0
761.0
206.0
66.0
1237.0
123.0
126.0
71.0
93.0
120.0
19.0
270.0
199.0
477.0
1235.0
33.0
535.0
113.0
192.0
47.0
342.0
265.0
375.0
59.0
289.0
523.0
269.0
73.0
251.0
79.0
279.0
29.0
357.0
173.0
770.0
1360.0
549.0
343.0
1153.0
284.0
147.0
802.0
5325.0
5483.0
121.0
160.0
321.0
47.0
28.0
189.0
205.0
194.0
514.0
369.0
73.0
65.0
26.0
123.0
31.0
19.0
169.0
839.0
53.0
127.0
64.0
44.0
162.0
144.0
73.0
154.0
153.0
780.0
38.0
21.0
25.0
30.0
8.0
69.0
270.0
104.0
71.0
83.0
58.0
39.0
83.0
154.0
45.0
27.0
58.0
164.0
167.0
107.0
85.0
131.0
45.0
67.0
1544.0
59.0
56.0
70.0
24.0
159.0
289.0
33.0
278.0
126.0
244.0
77.0
137.0
831.0
207.0
66.0
1284.0
122.0
120.0
72.0
92.0
110.0
20.0
270.0
187.0
476.0
1271.0
34.0
551.0
120.0
192.0
47.0
319.0
267.0
396.0
60.0
314.0
545.0
294.0
73.0
247.0
77.0
296.0
29.0
372.0
169.0
798.0
1266.0
586.0
331.0
1183.0
275.0
144.0
851.0
5293.0
5999.0
118.0
160.0
333.0
47.0
27.0
181.0
218.0
182.0
513.0
338.0
73.0
61.0
25.0
116.0
30.0
19.0
174.0
877.0
50.0
119.0
62.0
44.0
161.0
147.0
75.0
166.0
143.0
750.0
38.0
21.0
25.0
31.0
8.0
74.0
256.0
107.0
69.0
85.0
58.0
40.0
84.0
146.0
49.0
25.0
53.0
153.0
161.0
105.0
85.0
131.0
45.0
67.0
1624.0
55.0
56.0
68.0
26.0
155.0
278.0
32.0
276.0
126.0
260.0
76.0
139.0
752.0
207.0
70.0
1234.0
126.0
121.0
73.0
87.0
115.0
19.0
250.0
207.0
499.0
1239.0
35.0
514.0
113.0
185.0
47.0
341.0
249.0
385.0
56.0
311.0
512.0
293.0
74.0
248.0
76.0
280.0
28.0
353.0
171.0
769.0
1281.0
544.0
327.0
1104.0
272.0
148.0
854.0
5386.0
5502.0
126.0
164.0
316.0
47.0
28.0
179.0
216.0
194.0
533.0
340.0
73.0
66.0
25.0
117.0
31.0
19.0
162.0
894.0
53.0
129.0
67.0
44.0
158.0
153.0
69.0
154.0
148.0
768.0
36.0
20.0
25.0
32.0
8.0
71.0
257.0
108.0
70.0
84.0
55.0
40.0
82.0
152.0
49.0
27.0
57.0
155.0
172.0
105.0
80.0
137.0
45.0
65.0
1594.0
56.0
59.0
70.0
25.0
152.0
280.0
30.0
270.0
118.0
258.0
83.0
140.0
765.0
213.0
66.0
1177.0
132.0
123.0
72.0
86.0
110.0
20.0
252.0
205.0
490.0
1235.0
36.0
523.0
110.0
183.0
45.0
320.0
259.0
401.0
58.0
313.0
512.0
286.0
75.0
241.0
76.0
293.0
29.0
368.0
173.0
780.0
1338.0
565.0
360.0
1186.0
287.0
157.0
857.0
5439.0
5692.0
129.0
169.0
335.0
47.0
28.0
177.0
226.0
192.0
481.0
341.0
76.0
62.0
26.0
123.0
31.0
19.0
169.0
841.0
52.0
127.0
63.0
45.0
161.0
150.0
73.0
153.0
151.0
742.0
35.0
20.0
26.0
31.0
8.0
74.0
275.0
106.0
68.0
86.0
56.0
40.0
87.0
150.0
45.0
25.0
55.0
152.0
170.0
105.0
85.0
127.0
44.0
61.0
1574.0
56.0
59.0
67.0
25.0
163.0
290.0
33.0
286.0
121.0
238.0
83.0
134.0
789.0
224.0
70.0
1271.0
132.0
123.0
70.0
85.0
119.0
20.0
255.0
192.0
497.0
1303.0
35.0
560.0
112.0
180.0
45.0
326.0
251.0
379.0
60.0
294.0
543.0
270.0
74.0
254.0
79.0
292.0
29.0
369.0
165.0
823.0
1334.0
545.0
348.0
1084.0
282.0
147.0
792.0
5477.0
5544.0
119.0
158.0
318.0
50.0
28.0
189.0
217.0
190.0
533.0
338.0
77.0
65.0
27.0
117.0
33.0
19.0
177.0
856.0
49.0
124.0
67.0
44.0
163.0
150.0
71.0
165.0
150.0
790.0
37.0
20.0
24.0
30.0
8.0
72.0
268.0
107.0
72.0
86.0
55.0
41.0
82.0
151.0
48.0
26.0
57.0
150.0
165.0
109.0
86.0
138.0
48.0
65.0
1625.0
55.0
58.0
67.0
24.0
163.0
271.0
31.0
275.0
130.0
240.0
76.0
130.0
831.0
214.0
66.0
1231.0
123.0
116.0
71.0
87.0
111.0
20.0
270.0
202.0
508.0
1348.0
35.0
520.0
115.0
193.0
45.0
318.0
251.0
395.0
56.0
307.0
552.0
284.0
70.0
248.0
75.0
282.0
27.0
375.0
167.0
772.0
1315.0
600.0
352.0
1108.0
285.0
151.0
810.0
5170.0
5907.0
119.0
168.0
314.0
48.0
29.0
186.0
223.0
189.0
502.0
358.0
79.0
66.0
26.0
123.0
33.0
20.0
176.0
816.0
50.0
120.0
63.0
45.0
167.0
145.0
72.0
167.0
152.0
747.0
38.0
21.0
26.0
32.0
8.0
76.0
254.0
112.0
73.0
86.0
54.0
38.0
85.0
146.0
45.0
27.0
58.0
162.0
171.0
103.0
80.0
126.0
46.0
66.0
1551.0
58.0
59.0
70.0
25.0
152.0
280.0
33.0
274.0
128.0
259.0
79.0
140.0
803.0
213.0
66.0
1212.0
127.0
125.0
68.0
91.0
118.0
19.0
267.0
195.0
485.0
1218.0
35.0
530.0
116.0
179.0
44.0
320.0
245.0
384.0
57.0
318.0
527.0
278.0
74.0
248.0
76.0
274.0
28.0
344.0
173.0
822.0
1286.0
550.0
361.0
1116.0
282.0
153.0
824.0
5520.0
5808.0
130.0
168.0
322.0
51.0
27.0
178.0
215.0
188.0
486.0
361.0
78.0
62.0
25.0
128.0
32.0
19.0
177.0
821.0
53.0
124.0
61.0
46.0
154.0
146.0
76.0
163.0
139.0
765.0
36.0
21.0
25.0
32.0
8.0
75.0
254.0
107.0
70.0
86.0
56.0
39.0
86.0
139.0
48.0
26.0
53.0
155.0
163.0
110.0
85.0
134.0
46.0
65.0
1595.0
58.0
56.0
69.0
25.0
166.0
295.0
30.0
267.0
127.0
243.0
80.0
128.0
767.0
217.0
68.0
1194.0
134.0
118.0
71.0
90.0
110.0
19.0
265.0
197.0
505.0
1278.0
35.0
544.0
118.0
182.0
47.0
334.0
251.0
394.0
61.0
295.0
556.0
279.0
72.0
253.0
80.0
284.0
28.0
358.0
159.0
771.0
1326.0
575.0
332.0
1176.0
278.0
146.0
829.0
5370.0
5733.0
128.0
173.0
317.0
51.0
28.0
175.0
212.0
178.0
519.0
349.0
72.0
64.0
26.0
128.0
32.0
19.0
164.0
878.0
51.0
122.0
63.0
43.0
158.0
147.0
73.0
161.0
148.0
734.0
38.0
21.0
24.0
32.0
8.0
70.0
262.0
109.0
72.0
82.0
57.0
38.0
83.0
146.0
46.0
25.0
57.0
149.0
163.0
103.0
85.0
130.0
47.0
65.0
1634.0
55.0
55.0
69.0
25.0
159.0
281.0
32.0
279.0
129.0
238.0
83.0
139.0
759.0
223.0
65.0
1271.0
128.0
116.0
71.0
85.0
112.0
19.0
248.0
199.0
502.0
1255.0
35.0
543.0
119.0
179.0
44.0
320.0
267.0
386.0
59.0
320.0
543.0
267.0
76.0
239.0
81.0
287.0
27.0
356.0
173.0
809.0
1318.0
546.0
330.0
1160.0
278.0
151.0
873.0
5386.0
5538.0
127.0
165.0
309.0
48.0
27.0
193.0
205.0
184.0
492.0
353.0
77.0
62.0
27.0
119.0
31.0
20.0
164.0
852.0
50.0
127.0
61.0
43.0
151.0
144.0
74.0
167.0
146.0
755.0
36.0
21.0
26.0
30.0
8.0
72.0
270.0
106.0
74.0
85.0
59.0
41.0
86.0
152.0
48.0
26.0
54.0
157.0
164.0
110.0
79.0
134.0
46.0
64.0
1554.0
56.0
57.0
71.0
25.0
160.0
291.0
32.0
262.0
118.0
255.0
80.0
137.0
751.0
208.0
68.0
1175.0
130.0
121.0
66.0
87.0
115.0
20.0
249.0
206.0
496.0
1260.0
35.0
528.0
118.0
187.0
46.0
322.0
270.0
374.0
59.0
312.0
549.0
282.0
72.0
241.0
82.0
282.0
29.0
351.0
166.0
809.0
1306.0
571.0
345.0
1094.0
296.0
155.0
805.0
5175.0
5918.0
120.0
156.0
311.0
49.0
28.0
194.0
226.0
180.0
508.0
365.0
73.0
61.0
27.0
120.0
32.0
20.0
169.0
888.0
48.0
130.0
62.0
45.0
165.0
141.0
73.0
163.0
150.0
733.0
38.0
20.0
25.0
31.0
8.0
70.0
251.0
109.0
68.0
86.0
57.0
38.0
87.0
140.0
47.0
27.0
57.0
157.0
169.0
108.0
81.0
131.0
47.0
64.0
1658.0
55.0
55.0
69.0
26.0
159.0
277.0
31.0
269.0
128.0
242.0
82.0
139.0
791.0
221.0
69.0
1246.0
128.0
115.0
70.0
85.0
116.0
19.0
264.0
194.0
492.0
1339.0
36.0
543.0
112.0
175.0
47.0
322.0
247.0
399.0
57.0
308.0
511.0
287.0
72.0
241.0
79.0
292.0
28.0
345.0
162.0
821.0
1306.0
591.0
340.0
1146.0
290.0
153.0
826.0
5365.0
5613.0
127.0
161.0
311.0
48.0
28.0
178.0
215.0
183.0
511.0
365.0
75.0
67.0
26.0
124.0
33.0
19.0
172.0
886.0
49.0
126.0
64.0
46.0
164.0
147.0
69.0
166.0
147.0
730.0
38.0
20.0
25.0
31.0
8.0
72.0
277.0
104.0
69.0
85.0
54.0
40.0
83.0
142.0
48.0
25.0
56.0
163.0
161.0
101.0
83.0
139.0
44.0
67.0
1530.0
54.0
58.0
68.0
26.0
155.0
289.0
32.0
287.0
121.0
260.0
81.0
130.0
829.0
212.0
69.0
1190.0
126.0
126.0
71.0
85.0
121.0
19.0
258.0
195.0
518.0
1244.0
34.0
560.0
109.0
188.0
45.0
331.0
244.0
382.0
56.0
300.0
559.0
294.0
76.0
250.0
82.0
296.0
29.0
372.0
170.0
833.0
1364.0
563.0
341.0
1107.0
300.0
154.0
811.0
5025.0
6002.0
119.0
158.0
333.0
48.0
28.0
187.0
216.0
191.0
534.0
370.0
76.0
62.0
27.0
121.0
32.0
19.0
172.0
816.0
52.0
124.0
61.0
42.0
152.0
151.0
72.0
157.0
141.0
749.0
35.0
21.0
24.0
30.0
8.0
74.0
273.0
113.0
69.0
88.0
58.0
39.0
82.0
151.0
45.0
27.0
57.0
162.0
167.0
104.0
86.0
134.0
48.0
67.0
1651.0
57.0
57.0
67.0
25.0
151.0
287.0
31.0
268.0
130.0
259.0
83.0
137.0
804.0
216.0
68.0
1204.0
133.0
116.0
72.0
88.0
120.0
20.0
265.0
200.0
515.0
1293.0
34.0
542.0
111.0
189.0
44.0
323.0
252.0
401.0
60.0
302.0
553.0
277.0
74.0
235.0
80.0
280.0
29.0
356.0
167.0
835.0
1338.0
562.0
343.0
1190.0
279.0
153.0
794.0
5383.0
5890.0
126.0
168.0
333.0
48.0
28.0
191.0
221.0
179.0
505.0
368.0
78.0
62.0
26.0
123.0
33.0
20.0
172.0
862.0
53.0
120.0
63.0
44.0
167.0
147.0
72.0
164.0
147.0
739.0
38.0
20.0
25.0
32.0
8.0
71.0
272.0
108.0
73.0
88.0
58.0
40.0
83.0
149.0
47.0
25.0
53.0
148.0
166.0
110.0
81.0
139.0
47.0
66.0
1581.0
54.0
59.0
68.0
25.0
162.0
277.0
33.0
260.0
118.0
257.0
79.0
140.0
808.0
220.0
64.0
1239.0
132.0
120.0
73.0
92.0
111.0
19.0
267.0
194.0
471.0
1350.0
36.0
547.0
113.0
188.0
48.0
323.0
250.0
390.0
57.0
297.0
532.0
268.0
74.0
237.0
82.0
302.0
29.0
341.0
168.0
832.0
1380.0
598.0
339.0
1170.0
277.0
148.0
804.0
5015.0
5708.0
130.0
160.0
335.0
48.0
28.0
190.0
208.0
194.0
498.0
360.0
79.0
66.0
25.0
120.0
32.0
20.0
175.0
884.0
49.0
127.0
66.0
44.0
167.0
143.0
75.0
162.0
143.0
741.0
36.0
19.0
26.0
31.0
8.0
72.0
257.0
107.0
71.0
86.0
59.0
39.0
85.0
154.0
47.0
27.0
55.0
151.0
165.0
107.0
86.0
128.0
45.0
61.0
1587.0
55.0
54.0
70.0
26.0
158.0
275.0
32.0
283.0
124.0
250.0
81.0
139.0
761.0
219.0
67.0
1247.0
130.0
127.0
73.0
87.0
116.0
19.0
269.0
203.0
494.0
1291.0
35.0
555.0
116.0
190.0
48.0
351.0
254.0
383.0
56.0
309.0
548.0
288.0
75.0
246.0
81.0
296.0
27.0
350.0
166.0
772.0
1287.0
552.0
357.0
1084.0
296.0
153.0
815.0
5445.0
6030.0
130.0
160.0
330.0
49.0
28.0
188.0
219.0
185.0
500.0
345.0
75.0
64.0
27.0
121.0
32.0
20.0
176.0
837.0
53.0
127.0
65.0
46.0
165.0
154.0
69.0
167.0
148.0
802.0
35.0
20.0
25.0
31.0
8.0
71.0
260.0
109.0
70.0
88.0
58.0
40.0
85.0
144.0
48.0
27.0
56.0
161.0
170.0
106.0
80.0
132.0
48.0
61.0
1633.0
59.0
58.0
69.0
26.0
158.0
280.0
31.0
268.0
130.0
246.0
76.0
139.0
800.0
206.0
68.0
1195.0
124.0
126.0
67.0
87.0
122.0
20.0
247.0
204.0
510.0
1276.0
35.0
507.0
116.0
186.0
47.0
328.0
266.0
399.0
57.0
303.0
556.0
267.0
72.0
247.0
75.0
283.0
28.0
375.0
169.0
839.0
1303.0
591.0
344.0
1163.0
280.0
153.0
804.0
5430.0
5439.0
121.0
168.0
335.0
47.0
27.0
186.0
226.0
178.0
498.0
375.0
75.0
64.0
25.0
118.0
31.0
19.0
168.0
878.0
52.0
122.0
67.0
46.0
163.0
149.0
75.0
160.0
143.0
775.0
36.0
20.0
26.0
31.0
8.0
73.0
276.0
112.0
69.0
88.0
55.0
38.0
87.0
150.0
49.0
27.0
57.0
159.0
171.0
108.0
80.0
133.0
44.0
61.0
1517.0
54.0
55.0
68.0
26.0
156.0
286.0
33.0
263.0
129.0
244.0
80.0
138.0
769.0
223.0
65.0
1197.0
121.0
116.0
71.0
93.0
111.0
20.0
253.0
188.0
498.0
1347.0
36.0
552.0
109.0
182.0
46.0
338.0
267.0
382.0
58.0
320.0
532.0
270.0
69.0
239.0
78.0
279.0
29.0
373.0
164.0
778.0
1334.0
566.0
329.0
1161.0
272.0
146.0
838.0
5371.0
5899.0
127.0
161.0
311.0
48.0
28.0
182.0
206.0
191.0
521.0
351.0
73.0
67.0
27.0
116.0
30.0
19.0
165.0
867.0
53.0
123.0
65.0
46.0
162.0
149.0
74.0
164.0
151.0
800.0
35.0
20.0
26.0
29.0
8.0
72.0
266.0
106.0
74.0
88.0
58.0
38.0
81.0
144.0
49.0
26.0
57.0
149.0
171.0
107.0
81.0
137.0
45.0
61.0
1650.0
59.0
57.0
67.0
24.0
159.0
274.0
32.0
271.0
127.0
239.0
82.0
133.0
803.0
203.0
66.0
1234.0
122.0
116.0
72.0
94.0
120.0
20.0
249.0
201.0
512.0
1287.0
33.0
522.0
116.0
184.0
47.0
320.0
245.0
368.0
61.0
293.0
511.0
290.0
72.0
242.0
76.0
294.0
28.0
368.0
157.0
842.0
1255.0
547.0
360.0
1134.0
276.0
149.0
800.0
5340.0
5596.0
128.0
161.0
325.0
51.0
27.0
175.0
207.0
194.0
507.0
346.0
77.0
64.0
26.0
120.0
31.0
20.0
178.0
817.0
48.0
126.0
62.0
44.0
157.0
144.0
73.0
163.0
147.0
769.0
38.0
20.0
25.0
31.0
8.0
75.0
273.0
109.0
69.0
86.0
59.0
38.0
83.0
146.0
49.0
25.0
57.0
160.0
159.0
111.0
86.0
126.0
45.0
62.0
1519.0
54.0
55.0
70.0
26.0
158.0
293.0
30.0
262.0
130.0
247.0
82.0
134.0
770.0
211.0
65.0
1161.0
126.0
126.0
66.0
87.0
112.0
19.0
251.0
206.0
496.0
1292.0
35.0
541.0
113.0
187.0
48.0
329.0
261.0
386.0
59.0
309.0
524.0
272.0
74.0
251.0
81.0
278.0
27.0
351.0
164.0
801.0
1274.0
573.0
346.0
1122.0
273.0
151.0
849.0
5215.0
5835.0
121.0
163.0
332.0
49.0
27.0
178.0
224.0
195.0
509.0
351.0
72.0
62.0
25.0
123.0
31.0
20.0
175.0
886.0
50.0
119.0
62.0
42.0
160.0
147.0
73.0
152.0
141.0
741.0
35.0
20.0
26.0
32.0
8.0
69.0
260.0
103.0
68.0
84.0
57.0
39.0
83.0
149.0
49.0
26.0
56.0
164.0
163.0
110.0
86.0
136.0
48.0
63.0
1581.0
58.0
57.0
65.0
25.0
163.0
272.0
32.0
277.0
119.0
249.0
77.0
138.0
775.0
221.0
65.0
1165.0
134.0
120.0
67.0
89.0
116.0
19.0
265.0
198.0
508.0
1346.0
34.0
539.0
112.0
188.0
47.0
324.0
250.0
401.0
60.0
309.0
537.0
269.0
69.0
245.0
75.0
302.0
29.0
338.0
165.0
821.0
1348.0
580.0
333.0
1148.0
284.0
152.0
868.0
5038.0
5607.0
126.0
168.0
321.0
48.0
29.0
188.0
205.0
184.0
503.0
360.0
77.0
66.0
26.0
126.0
32.0
20.0
175.0
879.0
49.0
127.0
61.0
45.0
162.0
147.0
72.0
163.0
153.0
736.0
38.0
20.0
25.0
30.0
8.0
72.0
265.0
108.0
72.0
87.0
58.0
39.0
82.0
153.0
47.0
25.0
57.0
153.0
169.0
111.0
84.0
131.0
47.0
61.0
1536.0
55.0
57.0
65.0
26.0
156.0
273.0
33.0
283.0
129.0
246.0
83.0
129.0
778.0
207.0
66.0
1239.0
131.0
124.0
67.0
88.0
111.0
19.0
255.0
195.0
509.0
1269.0
33.0
555.0
111.0
186.0
45.0
324.0
257.0
388.0
61.0
313.0
527.0
275.0
73.0
238.0
79.0
281.0
29.0
359.0
168.0
782.0
1325.0
571.0
332.0
1190.0
280.0
147.0
835.0
5519.0
5883.0
121.0
160.0
313.0
48.0
27.0
191.0
211.0
180.0
532.0
359.0
75.0
62.0
26.0
128.0
33.0
20.0
179.0
887.0
52.0
119.0
66.0
46.0
165.0
143.0
70.0
156.0
141.0
774.0
36.0
19.0
26.0
32.0
8.0
75.0
259.0
105.0
74.0
83.0
54.0
38.0
81.0
145.0
45.0
25.0
55.0
148.0
160.0
101.0
81.0
131.0
44.0
66.0
1655.0
59.0
55.0
66.0
26.0
155.0
285.0
32.0
275.0
126.0
249.0
81.0
135.0
823.0
211.0
70.0
1208.0
121.0
115.0
68.0
85.0
113.0
20.0
272.0
187.0
510.0
1283.0
36.0
559.0
119.0
187.0
47.0
320.0
249.0
390.0
61.0
318.0
535.0
286.0
72.0
235.0
75.0
276.0
27.0
354.0
161.0
786.0
1306.0
577.0
342.0
1164.0
283.0
154.0
841.0
5433.0
6007.0
130.0
160.0
334.0
48.0
28.0
185.0
209.0
181.0
504.0
349.0
72.0
61.0
26.0
123.0
31.0
19.0
176.0
888.0
50.0
122.0
67.0
44.0
161.0
146.0
70.0
165.0
153.0
770.0
36.0
21.0
26.0
31.0
8.0
76.0
266.0
103.0
73.0
83.0
59.0
37.0
84.0
141.0
46.0
26.0
53.0
161.0
169.0
101.0
85.0
139.0
45.0
66.0
1520.0
56.0
56.0
65.0
26.0
167.0
297.0
33.0
283.0
125.0
253.0
82.0
137.0
803.0
205.0
65.0
1213.0
126.0
127.0
67.0
94.0
110.0
20.0
256.0
202.0
481.0
1223.0
33.0
556.0
117.0
183.0
47.0
325.0
270.0
388.0
58.0
297.0
514.0
278.0
71.0
241.0
77.0
294.0
29.0
369.0
165.0
821.0
1309.0
590.0
339.0
1115.0
282.0
150.0
811.0
5489.0
5499.0
126.0
163.0
311.0
50.0
27.0
183.0
218.0
188.0
497.0
374.0
78.0
64.0
25.0
121.0
31.0
19.0
174.0
828.0
48.0
124.0
63.0
44.0
164.0
149.0
71.0
163.0
148.0
774.0
37.0
20.0
24.0
29.0
8.0
76.0
275.0
107.0
69.0
83.0
55.0
38.0
86.0
152.0
48.0
27.0
57.0
156.0
175.0
108.0
83.0
131.0
44.0
63.0
1603.0
56.0
59.0
65.0
24.0
160.0
273.0
31.0
281.0
124.0
259.0
78.0
128.0
804.0
203.0
67.0
1162.0
128.0
123.0
73.0
87.0
117.0
20.0
272.0
193.0
512.0
1271.0
36.0
555.0
111.0
181.0
47.0
339.0
249.0
364.0
60.0
317.0
538.0
268.0
75.0
252.0
80.0
299.0
29.0
359.0
172.0
764.0
1344.0
554.0
355.0
1118.0
290.0
158.0
805.0
5211.0
6000.0
130.0
159.0
320.0
51.0
27.0
181.0
213.0
193.0
527.0
356.0
74.0
62.0
26.0
121.0
33.0
19.0
174.0
845.0
50.0
128.0
63.0
46.0
156.0
155.0
71.0
153.0
140.0
736.0
37.0
21.0
25.0
31.0
8.0
71.0
265.0
108.0
72.0
82.0
56.0
38.0
82.0
149.0
49.0
26.0
56.0
160.0
167.0
105.0
87.0
138.0
48.0
62.0
1633.0
59.0
55.0
71.0
26.0
161.0
299.0
33.0
279.0
129.0
248.0
80.0
140.0
826.0
203.0
65.0
1181.0
131.0
117.0
71.0
87.0
111.0
20.0
256.0
189.0
499.0
1330.0
35.0
515.0
116.0
188.0
46.0
321.0
256.0
383.0
57.0
317.0
525.0
279.0
72.0
237.0
77.0
295.0
27.0
355.0
163.0
766.0
1327.0
592.0
330.0
1140.0
279.0
155.0
854.0
5434.0
5850.0
123.0
172.0
326.0
49.0
28.0
185.0
214.0
183.0
532.0
340.0
78.0
61.0
25.0
124.0
33.0
20.0
172.0
843.0
48.0
126.0
67.0
44.0
163.0
147.0
73.0
156.0
145.0
728.0
38.0
21.0
25.0
32.0
8.0
73.0
257.0
111.0
74.0
89.0
59.0
39.0
89.0
151.0
46.0
26.0
56.0
152.0
170.0
108.0
86.0
136.0
48.0
61.0
1573.0
56.0
55.0
68.0
25.0
154.0
295.0
31.0
263.0
120.0
251.0
78.0
139.0
793.0
215.0
67.0
1261.0
129.0
121.0
67.0
92.0
113.0
20.0
267.0
206.0
516.0
1313.0
33.0
510.0
116.0
191.0
48.0
316.0
248.0
365.0
56.0
317.0
514.0
269.0
72.0
239.0
82.0
295.0
28.0
368.0
167.0
787.0
1307.0
545.0
339.0
1149.0
278.0
144.0
804.0
5448.0
5881.0
130.0
161.0
318.0
51.0
27.0
184.0
206.0
180.0
492.0
359.0
78.0
61.0
25.0
122.0
31.0
20.0
168.0
857.0
52.0
131.0
63.0
43.0
161.0
147.0
72.0
167.0
153.0
746.0
38.0
21.0
24.0
32.0
8.0
73.0
258.0
103.0
71.0
87.0
56.0
38.0
82.0
140.0
49.0
25.0
54.0
156.0
174.0
101.0
81.0
132.0
44.0
64.0
1597.0
55.0
59.0
69.0
26.0
163.0
282.0
32.0
267.0
119.0
260.0
78.0
130.0
788.0
224.0
71.0
1274.0
133.0
117.0
73.0
86.0
116.0
20.0
259.0
194.0
477.0
1273.0
33.0
522.0
120.0
178.0
45.0
342.0
251.0
391.0
56.0
312.0
530.0
267.0
70.0
231.0
75.0
274.0
27.0
373.0
170.0
803.0
1370.0
545.0
336.0
1175.0
274.0
148.0
853.0
5464.0
5935.0
121.0
157.0
312.0
48.0
28.0
178.0
219.0
179.0
500.0
353.0
73.0
62.0
27.0
124.0
33.0
19.0
172.0
815.0
49.0
119.0
65.0
44.0
167.0
144.0
76.0
163.0
149.0
766.0
37.0
21.0
25.0
31.0
8.0
76.0
273.0
111.0
67.0
91.0
55.0
38.0
86.0
140.0
46.0
26.0
54.0
163.0
169.0
111.0
86.0
137.0
44.0
67.0
1632.0
59.0
55.0
71.0
26.0
167.0
296.0
31.0
270.0
128.0
243.0
75.0
138.0
790.0
214.0
70.0
1184.0
133.0
127.0
67.0
89.0
114.0
20.0
262.0
192.0
480.0
1304.0
33.0
514.0
112.0
174.0
46.0
323.0
253.0
398.0
57.0
295.0
525.0
268.0
71.0
242.0
76.0
290.0
27.0
340.0
164.0
840.0
1351.0
582.0
336.0
1080.0
275.0
159.0
831.0
5357.0
5549.0
124.0
158.0
325.0
49.0
28.0
191.0
209.0
182.0
488.0
347.0
78.0
67.0
27.0
119.0
30.0
19.0
179.0
838.0
51.0
118.0
66.0
42.0
160.0
155.0
73.0
154.0
148.0
766.0
38.0
21.0
26.0
32.0
8.0
69.0
256.0
103.0
71.0
86.0
54.0
41.0
87.0
141.0
49.0
26.0
58.0
163.0
174.0
101.0
82.0
128.0
46.0
64.0
1591.0
54.0
57.0
66.0
25.0
165.0
272.0
31.0
280.0
128.0
243.0
80.0
131.0
804.0
204.0
67.0
1279.0
126.0
127.0
71.0
86.0
114.0
19.0
252.0
200.0
489.0
1271.0
34.0
512.0
110.0
174.0
47.0
348.0
246.0
372.0
57.0
293.0
525.0
291.0
72.0
243.0
75.0
293.0
27.0
345.0
159.0
787.0
1309.0
574.0
360.0
1106.0
296.0
155.0
876.0
5131.0
5531.0
126.0
161.0
306.0
47.0
27.0
193.0
213.0
188.0
492.0
375.0
77.0
63.0
25.0
120.0
31.0
20.0
165.0
886.0
51.0
126.0
65.0
43.0
163.0
154.0
69.0
156.0
142.0
788.0
38.0
21.0
25.0
30.0
8.0
72.0
270.0
112.0
69.0
89.0
57.0
39.0
81.0
143.0
46.0
26.0
53.0
158.0
159.0
104.0
86.0
132.0
48.0
65.0
1632.0
54.0
54.0
65.0
24.0
154.0
299.0
30.0
281.0
130.0
247.0
76.0
132.0
801.0
215.0
66.0
1255.0
132.0
124.0
72.0
92.0
122.0
20.0
261.0
201.0
481.0
1321.0
36.0
528.0
114.0
181.0
44.0
337.0
258.0
384.0
57.0
289.0
554.0
288.0
75.0
242.0
81.0
289.0
29.0
343.0
169.0
797.0
1301.0
561.0
347.0
1117.0
292.0
146.0
822.0
5489.0
5458.0
131.0
159.0
303.0
47.0
27.0
191.0
207.0
188.0
505.0
364.0
75.0
67.0
25.0
126.0
31.0
19.0
179.0
870.0
49.0
123.0
65.0
42.0
157.0
147.0
71.0
167.0
146.0
784.0
36.0
21.0
25.0
32.0
8.0
76.0
256.0
110.0
67.0
84.0
59.0
39.0
87.0
140.0
46.0
25.0
55.0
151.0
168.0
110.0
85.0
133.0
46.0
61.0
1634.0
57.0
57.0
70.0
25.0
156.0
280.0
30.0
286.0
128.0
245.0
82.0
129.0
803.0
223.0
70.0
1288.0
129.0
124.0
71.0
94.0
117.0
19.0
261.0
201.0
479.0
1278.0
36.0
529.0
120.0
188.0
47.0
320.0
252.0
396.0
57.0
311.0
546.0
275.0
74.0
250.0
82.0
289.0
29.0
360.0
165.0
823.0
1344.0
565.0
363.0
1093.0
282.0
150.0
815.0
5417.0
5584.0
131.0
165.0
317.0
51.0
27.0
186.0
222.0
191.0
511.0
339.0
79.0
63.0
27.0
128.0
31.0
19.0
165.0
880.0
52.0
125.0
64.0
46.0
153.0
148.0
75.0
156.0
152.0
783.0
38.0
20.0
26.0
30.0
8.0
69.0
270.0
104.0
67.0
89.0
55.0
41.0
81.0
149.0
47.0
27.0
57.0
161.0
169.0
101.0
81.0
134.0
46.0
66.0
1663.0
54.0
55.0
66.0
25.0
167.0
299.0
33.0
275.0
127.0
256.0
80.0
137.0
823.0
213.0
67.0
1282.0
131.0
119.0
71.0
91.0
115.0
20.0
247.0
207.0
499.0
1274.0
35.0
550.0
110.0
182.0
48.0
322.0
254.0
384.0
57.0
315.0
512.0
294.0
74.0
242.0
80.0
289.0
27.0
356.0
171.0
828.0
1272.0
566.0
335.0
1083.0
274.0
158.0
861.0
5385.0
5478.0
122.0
159.0
324.0
47.0
28.0
186.0
215.0
182.0
516.0
345.0
78.0
61.0
26.0
127.0
30.0
20.0
178.0
894.0
49.0
125.0
65.0
45.0
157.0
140.0
73.0
153.0
149.0
744.0
35.0
21.0
25.0
32.0
8.0
73.0
250.0
108.0
72.0
89.0
54.0
41.0
83.0
148.0
46.0
26.0
54.0
154.0
175.0
106.0
84.0
127.0
45.0
65.0
1514.0
55.0
56.0
67.0
24.0
154.0
284.0
33.0
277.0
127.0
247.0
77.0
128.0
803.0
207.0
68.0
1220.0
132.0
122.0
70.0
87.0
119.0
20.0
272.0
201.0
500.0
1268.0
33.0
544.0
109.0
180.0
46.0
338.0
264.0
379.0
55.0
320.0
530.0
289.0
69.0
254.0
74.0
275.0
29.0
373.0
161.0
762.0
1318.0
570.0
328.0
1097.0
275.0
149.0
830.0
5032.0
5764.0
125.0
158.0
335.0
49.0
29.0
193.0
209.0
186.0
500.0
361.0
77.0
61.0
26.0
118.0
31.0
20.0
169.0
841.0
51.0
124.0
65.0
45.0
165.0
142.0
70.0
161.0
148.0
746.0
36.0
20.0
25.0
32.0
8.0
74.0
255.0
107.0
69.0
87.0
54.0
38.0
81.0
151.0
47.0
26.0
58.0
149.0
166.0
102.0
79.0
133.0
46.0
65.0
1529.0
57.0
58.0
65.0
24.0
155.0
286.0
33.0
271.0
121.0
249.0
76.0
141.0
779.0
222.0
67.0
1207.0
132.0
125.0
73.0
86.0
120.0
19.0
255.0
194.0
471.0
1322.0
33.0
505.0
117.0
175.0
45.0
337.0
259.0
399.0
59.0
311.0
527.0
271.0
69.0
251.0
79.0
280.0
27.0
371.0
172.0
784.0
1387.0
598.0
352.0
1108.0
293.0
146.0
842.0
5363.0
5587.0
122.0
156.0
332.0
51.0
27.0
183.0
220.0
195.0
518.0
351.0
78.0
65.0
26.0
122.0
31.0
20.0
163.0
869.0
53.0
125.0
63.0
46.0
160.0
147.0
71.0
167.0
153.0
790.0
35.0
20.0
25.0
30.0
8.0
73.0
275.0
107.0
70.0
83.0
54.0
41.0
86.0
142.0
47.0
25.0
57.0
149.0
169.0
106.0
82.0
131.0
44.0
65.0
1534.0
56.0
58.0
69.0
25.0
163.0
277.0
31.0
288.0
128.0
236.0
75.0
131.0
797.0
203.0
66.0
1227.0
126.0
118.0
70.0
94.0
120.0
20.0
263.0
197.0
493.0
1299.0
34.0
536.0
113.0
192.0
47.0
322.0
261.0
389.0
59.0
294.0
549.0
275.0
76.0
230.0
81.0
276.0
27.0
374.0
167.0
781.0
1310.0
542.0
363.0
1111.0
292.0
145.0
798.0
5124.0
5502.0
126.0
167.0
305.0
48.0
29.0
182.0
225.0
177.0
516.0
370.0
74.0
64.0
27.0
127.0
33.0
20.0
166.0
847.0
53.0
122.0
63.0
42.0
153.0
154.0
69.0
163.0
145.0
793.0
37.0
20.0
24.0
30.0
8.0
75.0
260.0
105.0
72.0
90.0
55.0
39.0
84.0
141.0
49.0
27.0
55.0
157.0
170.0
109.0
79.0
138.0
44.0
66.0
1657.0
54.0
59.0
69.0
25.0
165.0
297.0
32.0
272.0
126.0
254.0
81.0
141.0
786.0
215.0
66.0
1192.0
125.0
123.0
72.0
90.0
113.0
20.0
262.0
190.0
479.0
1245.0
36.0
532.0
119.0
178.0
45.0
329.0
267.0
385.0
59.0
317.0
527.0
275.0
73.0
231.0
75.0
288.0
28.0
350.0
170.0
811.0
1361.0
580.0
350.0
1099.0
299.0
144.0
790.0
4975.0
5678.0
131.0
168.0
321.0
48.0
29.0
183.0
217.0
188.0
493.0
355.0
76.0
65.0
26.0
121.0
33.0
19.0
162.0
899.0
48.0
120.0
67.0
42.0
161.0
154.0
72.0
168.0
139.0
738.0
38.0
21.0
26.0
30.0
8.0
76.0
257.0
111.0
74.0
85.0
55.0
38.0
85.0
147.0
48.0
25.0
54.0
150.0
167.0
101.0
79.0
128.0
46.0
67.0
1647.0
57.0
55.0
65.0
25.0
160.0
279.0
33.0
263.0
126.0
240.0
79.0
137.0
760.0
220.0
70.0
1252.0
133.0
123.0
68.0
85.0
115.0
20.0
267.0
204.0
494.0
1320.0
36.0
516.0
116.0
177.0
47.0
330.0
250.0
401.0
58.0
306.0
541.0
290.0
75.0
252.0
78.0
272.0
28.0
345.0
157.0
790.0
1372.0
572.0
340.0
1100.0
291.0
148.0
831.0
5004.0
5811.0
124.0
159.0
315.0
50.0
28.0
186.0
226.0
189.0
498.0
372.0
73.0
63.0
26.0
128.0
32.0
20.0
178.0
856.0
53.0
124.0
66.0
43.0
162.0
147.0
74.0
153.0
144.0
732.0
36.0
20.0
24.0
31.0
8.0
69.0
272.0
113.0
68.0
83.0
57.0
41.0
84.0
143.0
48.0
26.0
56.0
160.0
164.0
103.0
79.0
130.0
46.0
62.0
1517.0
57.0
59.0
67.0
24.0
151.0
282.0
32.0
273.0
124.0
239.0
81.0
129.0
781.0
220.0
69.0
1199.0
126.0
121.0
69.0
90.0
116.0
20.0
267.0
203.0
484.0
1264.0
35.0
546.0
116.0
184.0
44.0
336.0
245.0
367.0
61.0
297.0
544.0
266.0
73.0
253.0
80.0
278.0
28.0
370.0
159.0
770.0
1271.0
544.0
348.0
1184.0
282.0
156.0
822.0
5034.0
5989.0
130.0
160.0
303.0
48.0
27.0
193.0
204.0
193.0
532.0
359.0
75.0
62.0
25.0
128.0
30.0
19.0
163.0
837.0
52.0
121.0
63.0
43.0
157.0
142.0
71.0
166.0
143.0
800.0
36.0
21.0
26.0
32.0
8.0
73.0
253.0
102.0
68.0
85.0
54.0
39.0
86.0
151.0
47.0
25.0
54.0
157.0
169.0
102.0
83.0
137.0
45.0
61.0
1563.0
54.0
59.0
67.0
26.0
165.0
298.0
33.0
281.0
122.0
255.0
82.0
136.0
761.0
225.0
69.0
1195.0
124.0
122.0
68.0
92.0
120.0
19.0
268.0
201.0
478.0
1297.0
36.0
535.0
115.0
187.0
46.0
343.0
251.0
380.0
58.0
315.0
540.0
286.0
72.0
240.0
80.0
297.0
29.0
340.0
173.0
832.0
1304.0
575.0
342.0
1166.0
274.0
152.0
800.0
5165.0
5540.0
127.0
161.0
320.0
47.0
28.0
192.0
204.0
196.0
507.0
352.0
78.0
62.0
25.0
122.0
32.0
19.0
179.0
903.0
51.0
121.0
67.0
43.0
154.0
145.0
75.0
160.0
146.0
781.0
37.0
20.0
26.0
31.0
8.0
73.0
256.0
112.0
72.0
84.0
58.0
41.0
81.0
154.0
49.0
26.0
58.0
157.0
160.0
102.0
86.0
132.0
44.0
63.0
1650.0
59.0
59.0
68.0
26.0
167.0
285.0
32.0
273.0
123.0
236.0
79.0
138.0
815.0
223.0
70.0
1164.0
132.0
123.0
72.0
91.0
114.0
19.0
257.0
191.0
504.0
1264.0
35.0
542.0
115.0
187.0
44.0
332.0
244.0
384.0
58.0
296.0
538.0
286.0
73.0
233.0
80.0
290.0
29.0
368.0
173.0
805.0
1364.0
562.0
338.0
1173.0
297.0
152.0
874.0
5212.0
5450.0
131.0
164.0
315.0
48.0
28.0
186.0
226.0
189.0
518.0
359.0
79.0
67.0
27.0
125.0
31.0
18.0
165.0
843.0
50.0
122.0
67.0
45.0
152.0
151.0
71.0
166.0
140.0
737.0
37.0
21.0
25.0
30.0
8.0
73.0
262.0
108.0
72.0
87.0
57.0
40.0
84.0
140.0
48.0
27.0
58.0
157.0
165.0
105.0
85.0
138.0
46.0
67.0
1584.0
55.0
58.0
67.0
24.0
163.0
272.0
32.0
281.0
122.0
239.0
78.0
137.0
801.0
212.0
68.0
1274.0
129.0
118.0
68.0
88.0
121.0
20.0
261.0
199.0
485.0
1344.0
33.0
523.0
120.0
180.0
48.0
320.0
245.0
373.0
61.0
295.0
510.0
291.0
72.0
239.0
77.0
302.0
29.0
355.0
164.0
830.0
1373.0
601.0
345.0
1180.0
272.0
149.0
830.0
5186.0
5649.0
128.0
171.0
311.0
51.0
27.0
189.0
209.0
194.0
503.0
362.0
75.0
61.0
26.0
125.0
32.0
19.0
176.0
893.0
48.0
131.0
62.0
44.0
157.0
149.0
70.0
163.0
138.0
781.0
35.0
21.0
24.0
30.0
8.0
72.0
253.0
106.0
67.0
91.0
57.0
41.0
82.0
147.0
49.0
26.0
55.0
148.0
158.0
111.0
86.0
129.0
48.0
66.0
1537.0
54.0
54.0
70.0
25.0
160.0
289.0
32.0
284.0
123.0
255.0
83.0
132.0
790.0
209.0
65.0
1185.0
131.0
125.0
71.0
90.0
119.0
20.0
246.0
194.0
491.0
1337.0
36.0
554.0
120.0
186.0
47.0
324.0
253.0
390.0
56.0
293.0
553.0
275.0
74.0
230.0
77.0
280.0
28.0
360.0
164.0
804.0
1372.0
558.0
336.0
1116.0
293.0
149.0
869.0
5210.0
5470.0
123.0
168.0
310.0
50.0
28.0
183.0
222.0
194.0
503.0
346.0
78.0
63.0
26.0
127.0
31.0
18.0
170.0
884.0
49.0
121.0
66.0
45.0
167.0
155.0
71.0
162.0
146.0
757.0
37.0
21.0
24.0
31.0
8.0
70.0
251.0
103.0
74.0
88.0
54.0
39.0
88.0
144.0
45.0
25.0
56.0
163.0
174.0
110.0
84.0
134.0
46.0
67.0
1580.0
58.0
57.0
68.0
25.0
158.0
272.0
33.0
267.0
120.0
238.0
79.0
133.0
819.0
220.0
70.0
1184.0
123.0
125.0
68.0
92.0
120.0
20.0
266.0
197.0
472.0
1240.0
34.0
559.0
112.0
186.0
47.0
345.0
246.0
370.0
61.0
307.0
558.0
280.0
75.0
231.0
79.0
276.0
27.0
361.0
159.0
809.0
1257.0
588.0
350.0
1123.0
280.0
153.0
812.0
5066.0
5508.0
123.0
161.0
319.0
51.0
27.0
188.0
204.0
180.0
493.0
365.0
79.0
64.0
26.0
122.0
33.0
19.0
172.0
826.0
51.0
127.0
65.0
45.0
160.0
141.0
70.0
166.0
147.0
727.0
38.0
20.0
24.0
29.0
8.0
76.0
258.0
106.0
67.0
87.0
54.0
39.0
89.0
152.0
46.0
25.0
56.0
154.0
175.0
105.0
82.0
130.0
48.0
66.0
1572.0
59.0
54.0
70.0
24.0
155.0
299.0
31.0
272.0
123.0
239.0
83.0
133.0
780.0
211.0
68.0
1269.0
128.0
124.0
69.0
89.0
114.0
20.0
256.0
197.0
505.0
1273.0
35.0
523.0
117.0
193.0
45.0
322.0
248.0
399.0
56.0
306.0
558.0
293.0
71.0
232.0
81.0
281.0
27.0
351.0
162.0
828.0
1373.0
571.0
361.0
1121.0
294.0
148.0
825.0
5367.0
5613.0
120.0
161.0
304.0
48.0
27.0
190.0
217.0
189.0
529.0
340.0
72.0
67.0
27.0
121.0
30.0
19.0
175.0
826.0
50.0
131.0
64.0
42.0
162.0
148.0
71.0
157.0
146.0
748.0
38.0
21.0
24.0
31.0
8.0
69.0
263.0
105.0
73.0
89.0
54.0
41.0
86.0
149.0
45.0
26.0
57.0
152.0
170.0
103.0
81.0
129.0
46.0
65.0
1516.0
58.0
54.0
71.0
24.0
162.0
299.0
33.0
271.0
126.0
255.0
77.0
141.0
769.0
221.0
70.0
1253.0
125.0
119.0
67.0
90.0
110.0
19.0
252.0
188.0
511.0
1296.0
33.0
527.0
109.0
177.0
45.0
332.0
256.0
376.0
60.0
293.0
539.0
294.0
71.0
237.0
80.0
296.0
29.0
348.0
170.0
811.0
1340.0
569.0
335.0
1128.0
291.0
153.0
799.0
5303.0
6004.0
128.0
164.0
333.0
49.0
28.0
179.0
220.0
194.0
527.0
366.0
78.0
64.0
25.0
126.0
32.0
20.0
172.0
881.0
53.0
131.0
62.0
45.0
156.0
142.0
70.0
162.0
145.0
742.0
36.0
20.0
26.0
32.0
8.0
74.0
276.0
110.0
72.0
91.0
56.0
38.0
82.0
154.0
45.0
25.0
57.0
151.0
170.0
105.0
86.0
128.0
45.0
62.0
1553.0
58.0
58.0
68.0
24.0
152.0
284.0
33.0
273.0
120.0
254.0
78.0
135.0
793.0
220.0
66.0
1224.0
134.0
124.0
68.0
93.0
112.0
20.0
265.0
191.0
478.0
1226.0
36.0
552.0
113.0
193.0
46.0
318.0
263.0
389.0
56.0
316.0
508.0
293.0
75.0
235.0
77.0
277.0
29.0
371.0
172.0
787.0
1327.0
554.0
362.0
1181.0
292.0
152.0
868.0
5309.0
5917.0
131.0
160.0
330.0
47.0
28.0
192.0
223.0
187.0
510.0
340.0
73.0
65.0
27.0
119.0
33.0
20.0
169.0
815.0
50.0
119.0
66.0
45.0
162.0
140.0
71.0
161.0
151.0
784.0
38.0
19.0
26.0
31.0
8.0
74.0
277.0
103.0
72.0
88.0
55.0
38.0
81.0
154.0
49.0
26.0
58.0
157.0
163.0
105.0
86.0
128.0
47.0
64.0
1634.0
59.0
57.0
68.0
24.0
153.0
294.0
30.0
270.0
124.0
259.0
79.0
132.0
774.0
222.0
70.0
1247.0
126.0
119.0
67.0
88.0
116.0
20.0
255.0
199.0
506.0
1251.0
36.0
536.0
112.0
190.0
44.0
325.0
267.0
368.0
60.0
299.0
538.0
275.0
71.0
233.0
82.0
300.0
27.0
350.0
167.0
774.0
1383.0
557.0
360.0
1158.0
278.0
157.0
846.0
5441.0
5883.0
129.0
163.0
319.0
50.0
27.0
178.0
210.0
187.0
485.0
344.0
72.0
66.0
26.0
116.0
32.0
19.0
171.0
869.0
49.0
120.0
66.0
42.0
159.0
141.0
73.0
154.0
145.0
773.0
38.0
19.0
24.0
32.0
8.0
73.0
258.0
111.0
72.0
87.0
55.0
38.0
84.0
150.0
49.0
27.0
56.0
157.0
175.0
111.0
82.0
130.0
44.0
64.0
1604.0
56.0
56.0
71.0
25.0
167.0
273.0
32.0
266.0
130.0
250.0
83.0
133.0
787.0
206.0
68.0
1264.0
122.0
118.0
70.0
91.0
113.0
18.0
255.0
198.0
477.0
1335.0
34.0
555.0
119.0
180.0
44.0
320.0
270.0
399.0
58.0
311.0
541.0
294.0
72.0
254.0
78.0
301.0
27.0
352.0
166.0
818.0
1318.0
561.0
340.0
1105.0
276.0
156.0
851.0
5356.0
5931.0
124.0
165.0
316.0
50.0
29.0
178.0
217.0
183.0
520.0
357.0
76.0
64.0
26.0
116.0
31.0
19.0
165.0
818.0
53.0
129.0
66.0
42.0
156.0
144.0
74.0
153.0
152.0
762.0
35.0
21.0
25.0
32.0
8.0
73.0
260.0
109.0
69.0
89.0
58.0
39.0
83.0
143.0
48.0
27.0
57.0
150.0
166.0
104.0
79.0
134.0
45.0
64.0
1511.0
59.0
54.0
68.0
24.0
157.0
298.0
32.0
277.0
123.0
249.0
77.0
138.0
773.0
222.0
66.0
1285.0
131.0
123.0
70.0
94.0
118.0
20.0
260.0
203.0
507.0
1337.0
35.0
559.0
110.0
192.0
45.0
350.0
252.0
386.0
59.0
295.0
523.0
282.0
75.0
233.0
78.0
278.0
28.0
359.0
173.0
777.0
1267.0
580.0
342.0
1098.0
276.0
144.0
866.0
5220.0
5508.0
123.0
168.0
320.0
48.0
27.0
178.0
207.0
186.0
511.0
363.0
75.0
61.0
25.0
125.0
31.0
20.0
165.0
881.0
52.0
128.0
65.0
43.0
158.0
154.0
72.0
158.0
153.0
770.0
38.0
21.0
24.0
32.0
8.0
70.0
264.0
104.0
74.0
84.0
55.0
38.0
87.0
146.0
46.0
25.0
56.0
164.0
171.0
104.0
81.0
133.0
48.0
66.0
1607.0
58.0
57.0
69.0
26.0
165.0
286.0
32.0
282.0
129.0
247.0
78.0
135.0
791.0
214.0
68.0
1224.0
134.0
123.0
67.0
89.0
120.0
19.0
259.0
199.0
516.0
1298.0
34.0
526.0
115.0
179.0
45.0
351.0
270.0
393.0
57.0
313.0
551.0
282.0
75.0
241.0
80.0
273.0
27.0
363.0
164.0
829.0
1311.0
586.0
343.0
1184.0
278.0
154.0
830.0
5425.0
5572.0
122.0
163.0
304.0
47.0
29.0
179.0
207.0
181.0
499.0
358.0
79.0
64.0
26.0
125.0
33.0
19.0
166.0
892.0
50.0
124.0
62.0
44.0
163.0
142.0
72.0
159.0
144.0
756.0
36.0
20.0
26.0
31.0
8.0
71.0
275.0
106.0
70.0
91.0
59.0
38.0
87.0
140.0
47.0
26.0
54.0
150.0
169.0
108.0
84.0
137.0
48.0
67.0
1605.0
57.0
59.0
68.0
24.0
163.0
285.0
32.0
287.0
128.0
251.0
77.0
138.0
828.0
206.0
68.0
1190.0
128.0
119.0
71.0
93.0
119.0
18.0
262.0
202.0
497.0
1240.0
33.0
553.0
115.0
188.0
47.0
331.0
253.0
382.0
60.0
290.0
531.0
286.0
74.0
238.0
80.0
290.0
27.0
344.0
164.0
832.0
1351.0
581.0
331.0
1090.0
292.0
153.0
809.0
5301.0
5652.0
126.0
164.0
326.0
49.0
29.0
184.0
221.0
196.0
486.0
361.0
75.0
63.0
27.0
117.0
33.0
19.0
173.0
860.0
50.0
120.0
61.0
42.0
164.0
149.0
72.0
152.0
148.0
752.0
38.0
20.0
26.0
29.0
8.0
74.0
269.0
111.0
72.0
83.0
59.0
40.0
85.0
140.0
49.0
27.0
55.0
153.0
159.0
104.0
85.0
133.0
46.0
65.0
1582.0
59.0
57.0
67.0
24.0
158.0
291.0
33.0
271.0
128.0
237.0
81.0
141.0
781.0
216.0
65.0
1253.0
132.0
117.0
70.0
88.0
112.0
19.0
263.0
197.0
494.0
1342.0
35.0
534.0
120.0
182.0
47.0
336.0
251.0
396.0
57.0
299.0
515.0
286.0
76.0
242.0
77.0
281.0
29.0
344.0
173.0
831.0
1332.0
550.0
360.0
1149.0
286.0
157.0
795.0
5017.0
5707.0
122.0
170.0
326.0
48.0
27.0
179.0
219.0
190.0
518.0
364.0
78.0
67.0
26.0
122.0
32.0
20.0
177.0
892.0
51.0
125.0
63.0
45.0
157.0
152.0
76.0
168.0
151.0
739.0
35.0
20.0
24.0
31.0
8.0
74.0
254.0
106.0
68.0
85.0
56.0
40.0
88.0
143.0
46.0
26.0
58.0
163.0
173.0
107.0
81.0
139.0
48.0
66.0
1514.0
55.0
58.0
71.0
25.0
165.0
283.0
33.0
287.0
130.0
258.0
78.0
139.0
754.0
204.0
68.0
1171.0
132.0
126.0
73.0
94.0
113.0
19.0
254.0
204.0
513.0
1217.0
34.0
535.0
109.0
182.0
46.0
340.0
253.0
378.0
58.0
298.0
541.0
269.0
71.0
247.0
82.0
283.0
27.0
341.0
166.0
787.0
1275.0
581.0
359.0
1194.0
281.0
157.0
848.0
5078.0
5866.0
120.0
169.0
313.0
50.0
27.0
189.0
211.0
193.0
533.0
348.0
73.0
64.0
25.0
117.0
33.0
19.0
168.0
831.0
49.0
129.0
67.0
46.0
155.0
145.0
75.0
161.0
141.0
789.0
35.0
21.0
24.0
32.0
8.0
72.0
251.0
104.0
68.0
91.0
57.0
40.0
89.0
151.0
47.0
25.0
56.0
158.0
163.0
105.0
82.0
129.0
45.0
67.0
1567.0
59.0
54.0
70.0
24.0
165.0
291.0
33.0
283.0
121.0
252.0
79.0
131.0
831.0
218.0
68.0
1241.0
125.0
117.0
68.0
92.0
112.0
19.0
262.0
198.0
519.0
1247.0
36.0
554.0
120.0
192.0
44.0
334.0
249.0
392.0
61.0
304.0
535.0
284.0
74.0
231.0
79.0
301.0
29.0
345.0
172.0
774.0
1304.0
601.0
348.0
1195.0
292.0
147.0
830.0
5128.0
5739.0
127.0
161.0
321.0
48.0
29.0
179.0
221.0
181.0
527.0
351.0
79.0
63.0
26.0
126.0
31.0
19.0
167.0
904.0
53.0
124.0
61.0
44.0
156.0
154.0
72.0
161.0
146.0
779.0
35.0
19.0
25.0
30.0
8.0
72.0
268.0
105.0
70.0
88.0
57.0
41.0
87.0
151.0
47.0
26.0
57.0
148.0
162.0
104.0
82.0
130.0
45.0
62.0
1554.0
57.0
59.0
67.0
26.0
165.0
270.0
32.0
269.0
122.0
241.0
80.0
135.0
832.0
221.0
70.0
1196.0
126.0
121.0
73.0
90.0
118.0
20.0
268.0
189.0
503.0
1256.0
35.0
513.0
117.0
183.0
46.0
341.0
263.0
371.0
56.0
320.0
536.0
285.0
71.0
232.0
81.0
278.0
28.0
344.0
162.0
788.0
1302.0
596.0
329.0
1182.0
285.0
157.0
842.0
5023.0
5735.0
120.0
158.0
305.0
51.0
28.0
190.0
207.0
186.0
494.0
361.0
72.0
61.0
26.0
119.0
33.0
20.0
171.0
859.0
52.0
124.0
62.0
46.0
166.0
151.0
74.0
160.0
138.0
794.0
38.0
20.0
25.0
32.0
8.0
70.0
264.0
103.0
71.0
86.0
57.0
37.0
86.0
154.0
45.0
25.0
58.0
158.0
175.0
108.0
83.0
126.0
47.0
65.0
1608.0
55.0
59.0
68.0
25.0
157.0
276.0
33.0
272.0
119.0
242.0
79.0
140.0
760.0
209.0
69.0
1224.0
126.0
124.0
69.0
90.0
114.0
19.0
266.0
207.0
476.0
1305.0
33.0
533.0
112.0
187.0
48.0
342.0
243.0
382.0
57.0
311.0
508.0
270.0
70.0
254.0
77.0
285.0
29.0
342.0
162.0
834.0
1311.0
548.0
336.0
1171.0
295.0
157.0
868.0
5176.0
5738.0
124.0
159.0
307.0
47.0
27.0
178.0
206.0
181.0
501.0
341.0
74.0
66.0
26.0
121.0
30.0
19.0
179.0
847.0
51.0
127.0
63.0
43.0
151.0
146.0
73.0
153.0
140.0
771.0
35.0
20.0
24.0
30.0
8.0
72.0
274.0
110.0
71.0
86.0
59.0
41.0
83.0
140.0
45.0
26.0
55.0
159.0
160.0
110.0
86.0
137.0
47.0
62.0
1551.0
59.0
59.0
69.0
25.0
156.0
292.0
33.0
272.0
118.0
258.0
78.0
130.0
831.0
205.0
65.0
1188.0
126.0
126.0
73.0
89.0
120.0
20.0
259.0
192.0
518.0
1309.0
36.0
542.0
116.0
186.0
48.0
344.0
264.0
379.0
61.0
303.0
533.0
288.0
75.0
235.0
82.0
280.0
28.0
349.0
170.0
841.0
1266.0
569.0
354.0
1090.0
276.0
144.0
860.0
5022.0
5696.0
127.0
163.0
322.0
50.0
27.0
184.0
218.0
189.0
502.0
368.0
77.0
66.0
27.0
128.0
31.0
20.0
166.0
855.0
50.0
124.0
62.0
46.0
166.0
153.0
70.0
160.0
143.0
787.0
36.0
21.0
24.0
29.0
8.0
74.0
259.0
112.0
69.0
90.0
59.0
40.0
82.0
153.0
49.0
27.0
58.0
161.0
172.0
107.0
85.0
131.0
45.0
67.0
1596.0
57.0
59.0
71.0
25.0
159.0
288.0
30.0
267.0
126.0
251.0
82.0
140.0
813.0
216.0
70.0
1284.0
130.0
126.0
71.0
91.0
121.0
20.0
263.0
203.0
493.0
1345.0
36.0
505.0
119.0
176.0
45.0
346.0
269.0
400.0
61.0
293.0
521.0
287.0
73.0
236.0
81.0
279.0
27.0
343.0
173.0
773.0
1369.0
557.0
335.0
1117.0
291.0
151.0
790.0
5151.0
5575.0
121.0
169.0
305.0
48.0
28.0
180.0
217.0
196.0
484.0
372.0
78.0
61.0
25.0
116.0
32.0
19.0
167.0
888.0
52.0
131.0
62.0
45.0
160.0
145.0
73.0
166.0
149.0
798.0
35.0
20.0
25.0
32.0
8.0
71.0
274.0
110.0
70.0
88.0
54.0
39.0
83.0
147.0
48.0
26.0
58.0
151.0
174.0
104.0
79.0
126.0
46.0
63.0
1615.0
56.0
54.0
68.0
26.0
161.0
298.0
33.0
288.0
122.0
242.0
78.0
140.0
799.0
221.0
71.0
1192.0
132.0
127.0
72.0
92.0
116.0
20.0
249.0
207.0
478.0
1322.0
34.0
533.0
115.0
181.0
46.0
328.0
247.0
376.0
61.0
297.0
523.0
285.0
71.0
247.0
78.0
277.0
29.0
345.0
170.0
763.0
1369.0
597.0
358.0
1181.0
283.0
153.0
799.0
5039.0
5924.0
123.0
164.0
324.0
51.0
29.0
191.0
214.0
186.0
522.0
353.0
73.0
65.0
27.0
118.0
32.0
20.0
166.0
840.0
48.0
120.0
67.0
43.0
167.0
153.0
73.0
154.0
140.0
739.0
37.0
21.0
25.0
32.0
8.0
76.0
253.0
102.0
70.0
89.0
54.0
41.0
85.0
140.0
46.0
27.0
57.0
156.0
174.0
109.0
85.0
139.0
45.0
64.0
1532.0
57.0
56.0
64.0
26.0
151.0
292.0
32.0
284.0
123.0
234.0
78.0
132.0
752.0
211.0
68.0
1267.0
134.0
119.0
68.0
89.0
122.0
19.0
259.0
189.0
165.0
190.0
160.0
145.0
419.0
158.0
152.0
166.0
163.0
142.0
162.0
138.0
157.0
137.0
165.0
135.0
160.0
169.0
434.0
146.0
132.0
139.0
137.0
134.0
156.0
141.0
162.0
463.0
172.0
142.0
137.0
157.0
157.0
155.0
169.0
132.0
151.0
173.0
138.0
168.0
156.0
135.0
141.0
149.0
135.0
391.0
154.0
134.0
450.0
171.0
143.0
157.0
166.0
151.0
173.0
174.0
162.0
159.0
369.0
155.0
132.0
152.0
139.0
166.0
153.0
142.0
145.0
146.0
147.0
176.0
160.0
173.0
155.0
155.0
129.0
131.0
457.0
156.0
159.0
145.0
150.0
151.0
159.0
139.0
142.0
166.0
445.0
154.0
411.0
130.0
382.0
484.0
464.0
471.0
459.0
386.0
472.0
493.0
364.0
142.0
164.0
143.0
157.0
135.0
136.0
172.0
148.0
158.0
171.0
181.0
153.0
167.0
392.0
169.0
158.0
163.0
140.0
136.0
149.0
137.0
137.0
160.0
176.0
145.0
131.0
133.0
456.0
138.0
131.0
134.0
135.0
171.0
158.0
162.0
133.0
457.0
160.0
137.0
176.0
151.0
142.0
159.0
133.0
169.0
147.0
144.0
157.0
168.0
151.0
159.0
169.0
138.0
170.0
377.0
147.0
177.0
452.0
172.0
153.0
163.0
135.0
161.0
137.0
164.0
165.0
170.0
448.0
160.0
139.0
149.0
176.0
150.0
135.0
136.0
162.0
158.0
145.0
164.0
142.0
132.0
168.0
169.0
149.0
166.0
457.0
173.0
174.0
159.0
150.0
152.0
174.0
166.0
165.0
136.0
363.0
151.0
423.0
169.0
411.0
379.0
474.0
423.0
490.0
380.0
486.0
428.0
385.0
160.0
163.0
174.0
163.0
142.0
147.0
159.0
141.0
167.0
171.0
154.0
142.0
167.0
478.0
176.0
146.0
131.0
141.0
165.0
173.0
139.0
166.0
153.0
165.0
135.0
155.0
144.0
416.0
146.0
139.0
176.0
172.0
147.0
144.0
151.0
147.0
378.0
145.0
147.0
168.0
130.0
166.0
147.0
164.0
158.0
157.0
136.0
160.0
145.0
157.0
134.0
155.0
123.0
146.0
389.0
171.0
170.0
383.0
161.0
162.0
158.0
166.0
137.0
166.0
159.0
134.0
171.0
377.0
161.0
135.0
163.0
141.0
143.0
154.0
145.0
164.0
138.0
132.0
163.0
140.0
138.0
154.0
159.0
151.0
159.0
444.0
142.0
148.0
152.0
158.0
156.0
138.0
163.0
133.0
149.0
394.0
143.0
404.0
149.0
400.0
473.0
416.0
363.0
460.0
440.0
441.0
417.0
441.0
136.0
169.0
135.0
137.0
145.0
154.0
142.0
169.0
146.0
195.0
175.0
155.0
150.0
465.0
167.0
139.0
141.0
177.0
153.0
150.0
159.0
151.0
153.0
164.0
131.0
137.0
170.0
377.0
153.0
155.0
160.0
161.0
138.0
151.0
169.0
134.0
406.0
170.0
171.0
138.0
141.0
167.0
153.0
140.0
133.0
158.0
152.0
134.0
138.0
177.0
133.0
134.0
152.0
143.0
404.0
166.0
159.0
441.0
158.0
169.0
165.0
151.0
136.0
143.0
159.0
154.0
134.0
406.0
175.0
159.0
166.0
160.0
146.0
150.0
169.0
176.0
137.0
134.0
161.0
140.0
143.0
135.0
142.0
136.0
145.0
490.0
141.0
145.0
150.0
145.0
175.0
131.0
168.0
130.0
160.0
477.0
172.0
460.0
142.0
483.0
477.0
459.0
398.0
418.0
423.0
406.0
472.0
371.0
150.0
147.0
163.0
134.0
167.0
175.0
134.0
134.0
157.0
206.0
177.0
171.0
147.0
401.0
152.0
157.0
145.0
154.0
135.0
175.0
134.0
175.0
150.0
156.0
131.0
177.0
144.0
400.0
162.0
132.0
155.0
151.0
135.0
161.0
174.0
141.0
469.0
169.0
135.0
149.0
147.0
139.0
149.0
155.0
171.0
169.0
131.0
133.0
162.0
173.0
136.0
137.0
132.0
136.0
493.0
164.0
144.0
381.0
167.0
161.0
175.0
176.0
135.0
171.0
150.0
149.0
136.0
412.0
174.0
161.0
173.0
137.0
152.0
174.0
152.0
131.0
152.0
165.0
150.0
172.0
159.0
170.0
156.0
122.0
137.0
424.0
134.0
163.0
130.0
168.0
146.0
160.0
155.0
155.0
149.0
475.0
139.0
392.0
134.0
414.0
461.0
379.0
441.0
465.0
407.0
490.0
403.0
467.0
145.0
142.0
176.0
140.0
159.0
163.0
174.0
142.0
145.0
170.0
163.0
156.0
146.0
448.0
159.0
176.0
159.0
132.0
152.0
165.0
141.0
175.0
134.0
147.0
146.0
158.0
148.0
429.0
159.0
155.0
154.0
175.0
165.0
135.0
170.0
133.0
437.0
156.0
139.0
146.0
134.0
147.0
161.0
140.0
132.0
143.0
131.0
139.0
166.0
172.0
134.0
165.0
114.0
163.0
423.0
157.0
172.0
393.0
135.0
150.0
162.0
149.0
136.0
149.0
166.0
155.0
168.0
408.0
137.0
142.0
176.0
173.0
167.0
153.0
139.0
151.0
169.0
148.0
135.0
155.0
156.0
152.0
144.0
150.0
144.0
479.0
136.0
160.0
136.0
176.0
166.0
157.0
142.0
174.0
137.0
465.0
156.0
412.0
158.0
471.0
435.0
433.0
409.0
459.0
453.0
489.0
417.0
364.0
175.0
162.0
139.0
132.0
176.0
142.0
175.0
146.0
140.0
164.0
160.0
149.0
172.0
440.0
176.0
171.0
168.0
176.0
133.0
154.0
136.0
177.0
154.0
140.0
169.0
172.0
141.0
468.0
148.0
145.0
148.0
154.0
166.0
130.0
169.0
157.0
376.0
169.0
140.0
172.0
145.0
166.0
137.0
132.0
163.0
164.0
160.0
137.0
137.0
135.0
149.0
172.0
140.0
149.0
492.0
141.0
156.0
457.0
174.0
153.0
149.0
155.0
138.0
158.0
139.0
146.0
148.0
472.0
154.0
171.0
136.0
153.0
172.0
130.0
133.0
137.0
141.0
173.0
147.0
145.0
176.0
151.0
141.0
114.0
146.0
399.0
132.0
154.0
142.0
144.0
166.0
155.0
164.0
176.0
146.0
474.0
146.0
467.0
156.0
416.0
476.0
398.0
379.0
378.0
412.0
474.0
419.0
445.0
171.0
158.0
132.0
141.0
149.0
169.0
165.0
132.0
151.0
205.0
203.0
168.0
133.0
482.0
150.0
134.0
143.0
149.0
153.0
174.0
175.0
161.0
170.0
168.0
150.0
133.0
156.0
457.0
135.0
157.0
131.0
170.0
142.0
137.0
147.0
169.0
420.0
169.0
163.0
169.0
144.0
151.0
151.0
169.0
135.0
163.0
162.0
165.0
154.0
135.0
167.0
157.0
150.0
153.0
391.0
152.0
158.0
441.0
139.0
146.0
165.0
132.0
152.0
159.0
167.0
176.0
146.0
378.0
157.0
163.0
133.0
146.0
157.0
158.0
165.0
150.0
137.0
171.0
169.0
154.0
174.0
170.0
152.0
134.0
177.0
370.0
153.0
168.0
153.0
147.0
170.0
137.0
165.0
156.0
158.0
391.0
138.0
426.0
172.0
389.0
402.0
430.0
423.0
430.0
481.0
487.0
454.0
442.0
133.0
160.0
140.0
175.0
158.0
172.0
153.0
170.0
132.0
177.0
206.0
142.0
147.0
393.0
169.0
150.0
131.0
177.0
137.0
152.0
175.0
134.0
145.0
147.0
159.0
134.0
164.0
394.0
146.0
170.0
149.0
150.0
148.0
144.0
167.0
137.0
449.0
135.0
172.0
154.0
168.0
132.0
174.0
143.0
141.0
146.0
153.0
159.0
149.0
167.0
139.0
163.0
113.0
146.0
471.0
131.0
159.0
383.0
152.0
155.0
176.0
154.0
169.0
141.0
170.0
139.0
158.0
459.0
172.0
176.0
152.0
170.0
146.0
158.0
138.0
147.0
149.0
139.0
164.0
147.0
137.0
176.0
163.0
146.0
140.0
475.0
135.0
169.0
173.0
140.0
156.0
152.0
149.0
131.0
142.0
428.0
172.0
468.0
151.0
483.0
397.0
430.0
386.0
411.0
432.0
387.0
433.0
388.0
174.0
163.0
158.0
155.0
154.0
141.0
132.0
151.0
165.0
175.0
199.0
160.0
146.0
461.0
161.0
141.0
146.0
145.0
170.0
176.0
140.0
166.0
140.0
155.0
149.0
152.0
167.0
469.0
161.0
147.0
148.0
152.0
139.0
137.0
168.0
144.0
398.0
175.0
158.0
162.0
167.0
174.0
142.0
159.0
143.0
133.0
167.0
137.0
131.0
146.0
139.0
163.0
125.0
173.0
438.0
135.0
139.0
400.0
146.0
140.0
175.0
133.0
143.0
137.0
153.0
143.0
137.0
370.0
142.0
136.0
139.0
146.0
132.0
158.0
158.0
139.0
146.0
156.0
169.0
165.0
170.0
173.0
168.0
112.0
130.0
401.0
150.0
169.0
143.0
133.0
163.0
174.0
131.0
166.0
145.0
408.0
152.0
408.0
142.0
436.0
477.0
439.0
454.0
365.0
391.0
463.0
453.0
380.0
171.0
152.0
135.0
164.0
170.0
171.0
162.0
157.0
172.0
160.0
180.0
157.0
155.0
454.0
133.0
161.0
156.0
148.0
172.0
147.0
161.0
132.0
170.0
172.0
160.0
169.0
154.0
488.0
156.0
133.0
154.0
157.0
150.0
137.0
169.0
133.0
395.0
135.0
166.0
150.0
132.0
132.0
166.0
131.0
164.0
170.0
157.0
152.0
160.0
148.0
175.0
169.0
117.0
162.0
432.0
157.0
164.0
388.0
137.0
139.0
149.0
152.0
163.0
132.0
146.0
177.0
162.0
492.0
130.0
157.0
158.0
177.0
147.0
172.0
135.0
157.0
173.0
176.0
162.0
170.0
151.0
169.0
166.0
135.0
170.0
371.0
136.0
152.0
151.0
170.0
163.0
156.0
165.0
141.0
131.0
425.0
144.0
423.0
147.0
364.0
404.0
394.0
460.0
384.0
393.0
472.0
463.0
426.0
134.0
151.0
171.0
164.0
167.0
146.0
147.0
170.0
147.0
189.0
171.0
175.0
171.0
469.0
150.0
163.0
160.0
176.0
177.0
143.0
165.0
134.0
134.0
131.0
137.0
142.0
148.0
396.0
177.0
152.0
171.0
168.0
158.0
149.0
134.0
152.0
424.0
138.0
132.0
137.0
140.0
154.0
140.0
170.0
143.0
175.0
142.0
137.0
173.0
165.0
147.0
145.0
134.0
160.0
380.0
141.0
167.0
480.0
168.0
135.0
153.0
167.0
132.0
155.0
168.0
176.0
143.0
491.0
177.0
144.0
174.0
151.0
155.0
148.0
162.0
152.0
162.0
135.0
146.0
144.0
155.0
174.0
160.0
114.0
153.0
494.0
147.0
144.0
147.0
158.0
177.0
132.0
159.0
138.0
169.0
429.0
151.0
390.0
172.0
451.0
368.0
400.0
430.0
369.0
444.0
457.0
373.0
454.0
152.0
132.0
156.0
152.0
141.0
152.0
161.0
148.0
165.0
165.0
195.0
142.0
149.0
369.0
132.0
131.0
168.0
155.0
144.0
153.0
148.0
133.0
154.0
156.0
175.0
153.0
137.0
460.0
144.0
160.0
165.0
176.0
167.0
153.0
131.0
173.0
368.0
164.0
133.0
171.0
153.0
163.0
177.0
159.0
142.0
137.0
170.0
153.0
158.0
139.0
157.0
143.0
150.0
158.0
400.0
139.0
144.0
366.0
161.0
166.0
162.0
133.0
151.0
148.0
138.0
139.0
164.0
483.0
165.0
157.0
174.0
160.0
146.0
131.0
170.0
148.0
169.0
134.0
155.0
157.0
137.0
135.0
145.0
137.0
154.0
469.0
154.0
169.0
152.0
165.0
167.0
173.0
153.0
165.0
131.0
438.0
133.0
492.0
172.0
457.0
426.0
424.0
384.0
426.0
492.0
373.0
481.0
376.0
172.0
146.0
175.0
132.0
169.0
162.0
144.0
143.0
135.0
197.0
159.0
143.0
133.0
407.0
163.0
151.0
165.0
137.0
169.0
173.0
146.0
163.0
164.0
160.0
143.0
149.0
135.0
476.0
161.0
135.0
173.0
168.0
165.0
165.0
146.0
147.0
444.0
177.0
174.0
135.0
172.0
167.0
143.0
137.0
156.0
147.0
163.0
142.0
138.0
162.0
143.0
150.0
144.0
145.0
460.0
132.0
155.0
368.0
135.0
174.0
163.0
165.0
151.0
139.0
166.0
151.0
165.0
447.0
166.0
162.0
166.0
132.0
160.0
132.0
170.0
162.0
166.0
141.0
155.0
167.0
171.0
158.0
151.0
149.0
165.0
493.0
149.0
152.0
158.0
159.0
176.0
158.0
131.0
175.0
149.0
433.0
169.0
374.0
157.0
470.0
399.0
374.0
369.0
385.0
411.0
374.0
494.0
486.0
148.0
143.0
132.0
137.0
161.0
132.0
155.0
173.0
152.0
205.0
187.0
154.0
141.0
372.0
155.0
155.0
164.0
137.0
153.0
164.0
174.0
160.0
139.0
155.0
149.0
139.0
143.0
450.0
167.0
155.0
159.0
163.0
154.0
165.0
164.0
134.0
473.0
138.0
146.0
164.0
170.0
163.0
146.0
177.0
142.0
132.0
139.0
139.0
158.0
141.0
167.0
148.0
139.0
158.0
409.0
144.0
142.0
458.0
161.0
174.0
173.0
144.0
176.0
158.0
142.0
173.0
136.0
368.0
153.0
133.0
130.0
153.0
170.0
175.0
176.0
172.0
175.0
173.0
150.0
171.0
159.0
157.0
143.0
145.0
171.0
486.0
167.0
151.0
142.0
136.0
164.0
158.0
151.0
152.0
137.0
380.0
136.0
365.0
156.0
389.0
386.0
471.0
399.0
395.0
365.0
451.0
363.0
424.0
162.0
168.0
146.0
165.0
154.0
131.0
148.0
133.0
173.0
159.0
195.0
136.0
164.0
450.0
168.0
154.0
156.0
153.0
160.0
159.0
163.0
145.0
152.0
153.0
148.0
157.0
141.0
475.0
132.0
135.0
153.0
139.0
149.0
162.0
138.0
168.0
401.0
131.0
154.0
174.0
155.0
140.0
155.0
151.0
147.0
147.0
157.0
168.0
134.0
133.0
169.0
145.0
113.0
139.0
368.0
159.0
136.0
432.0
166.0
135.0
146.0
170.0
160.0
171.0
138.0
142.0
170.0
375.0
166.0
159.0
155.0
133.0
136.0
169.0
175.0
149.0
172.0
135.0
159.0
175.0
151.0
141.0
156.0
129.0
147.0
369.0
165.0
135.0
147.0
177.0
131.0
166.0
151.0
171.0
142.0
445.0
163.0
388.0
153.0
428.0
378.0
418.0
411.0
483.0
416.0
394.0
486.0
366.0
148.0
161.0
172.0
164.0
167.0
152.0
161.0
136.0
148.0
179.0
198.0
148.0
161.0
418.0
134.0
155.0
163.0
151.0
146.0
173.0
170.0
176.0
131.0
173.0
146.0
162.0
152.0
466.0
171.0
145.0
132.0
142.0
130.0
161.0
144.0
144.0
474.0
159.0
151.0
156.0
132.0
140.0
171.0
161.0
160.0
149.0
148.0
138.0
163.0
147.0
159.0
159.0
122.0
133.0
439.0
145.0
171.0
414.0
151.0
172.0
148.0
161.0
176.0
134.0
150.0
165.0
141.0
396.0
140.0
173.0
143.0
174.0
174.0
139.0
144.0
135.0
153.0
166.0
144.0
151.0
168.0
168.0
131.0
152.0
164.0
471.0
135.0
160.0
132.0
138.0
150.0
147.0
162.0
154.0
138.0
442.0
147.0
418.0
135.0
438.0
377.0
380.0
378.0
430.0
466.0
433.0
488.0
481.0
159.0
153.0
160.0
139.0
165.0
151.0
143.0
167.0
171.0
187.0
203.0
176.0
164.0
420.0
167.0
146.0
171.0
174.0
140.0
174.0
138.0
142.0
169.0
164.0
162.0
155.0
176.0
448.0
136.0
160.0
155.0
133.0
131.0
173.0
140.0
148.0
377.0
152.0
149.0
140.0
159.0
170.0
138.0
151.0
163.0
145.0
155.0
171.0
133.0
164.0
153.0
145.0
123.0
169.0
413.0
162.0
163.0
478.0
156.0
169.0
163.0
139.0
142.0
165.0
177.0
157.0
145.0
373.0
171.0
157.0
142.0
131.0
162.0
174.0
151.0
149.0
144.0
168.0
173.0
134.0
166.0
152.0
160.0
120.0
170.0
467.0
148.0
175.0
131.0
154.0
162.0
164.0
134.0
140.0
144.0
370.0
151.0
412.0
147.0
432.0
481.0
379.0
367.0
422.0
389.0
416.0
391.0
405.0
174.0
163.0
172.0
137.0
155.0
159.0
137.0
139.0
137.0
199.0
183.0
157.0
138.0
411.0
171.0
135.0
136.0
131.0
144.0
139.0
161.0
156.0
143.0
139.0
157.0
176.0
171.0
410.0
138.0
170.0
151.0
171.0
158.0
160.0
166.0
145.0
418.0
152.0
169.0
132.0
141.0
169.0
142.0
139.0
166.0
130.0
173.0
134.0
157.0
146.0
131.0
151.0
137.0
165.0
377.0
164.0
140.0
454.0
143.0
140.0
132.0
131.0
134.0
130.0
148.0
138.0
156.0
485.0
156.0
141.0
146.0
170.0
148.0
166.0
133.0
134.0
139.0
160.0
144.0
174.0
156.0
146.0
166.0
123.0
164.0
492.0
156.0
134.0
163.0
152.0
167.0
134.0
140.0
172.0
158.0
479.0
133.0
465.0
164.0
428.0
450.0
369.0
467.0
483.0
447.0
473.0
404.0
389.0
130.0
138.0
171.0
142.0
133.0
157.0
173.0
143.0
137.0
193.0
180.0
153.0
173.0
395.0
146.0
166.0
156.0
156.0
154.0
130.0
157.0
172.0
154.0
164.0
157.0
177.0
140.0
478.0
148.0
150.0
154.0
135.0
155.0
141.0
140.0
174.0
443.0
133.0
155.0
139.0
156.0
130.0
153.0
152.0
146.0
160.0
176.0
162.0
177.0
148.0
175.0
139.0
133.0
174.0
444.0
152.0
168.0
385.0
135.0
163.0
171.0
138.0
131.0
137.0
149.0
138.0
146.0
390.0
160.0
149.0
168.0
133.0
149.0
140.0
148.0
174.0
159.0
132.0
140.0
133.0
176.0
131.0
137.0
137.0
172.0
410.0
161.0
172.0
131.0
161.0
175.0
164.0
163.0
177.0
153.0
418.0
133.0
383.0
135.0
458.0
379.0
451.0
450.0
383.0
457.0
417.0
455.0
386.0
175.0
161.0
164.0
170.0
132.0
148.0
176.0
172.0
143.0
187.0
194.0
149.0
161.0
451.0
169.0
162.0
147.0
136.0
150.0
165.0
143.0
136.0
168.0
153.0
133.0
153.0
141.0
363.0
150.0
136.0
146.0
171.0
166.0
155.0
166.0
167.0
413.0
164.0
153.0
175.0
164.0
146.0
174.0
163.0
145.0
149.0
167.0
166.0
169.0
136.0
164.0
167.0
142.0
173.0
447.0
177.0
133.0
381.0
151.0
153.0
130.0
158.0
130.0
139.0
139.0
153.0
163.0
427.0
144.0
161.0
153.0
143.0
177.0
137.0
170.0
168.0
151.0
142.0
155.0
157.0
130.0
174.0
137.0
113.0
155.0
388.0
145.0
137.0
168.0
153.0
153.0
169.0
130.0
157.0
166.0
462.0
157.0
403.0
159.0
410.0
463.0
391.0
489.0
469.0
402.0
484.0
381.0
383.0
168.0
164.0
171.0
142.0
146.0
172.0
174.0
173.0
161.0
182.0
183.0
151.0
159.0
371.0
147.0
160.0
153.0
156.0
156.0
162.0
132.0
161.0
167.0
164.0
176.0
167.0
163.0
492.0
164.0
160.0
134.0
155.0
176.0
153.0
143.0
150.0
399.0
166.0
145.0
161.0
160.0
152.0
159.0
167.0
175.0
134.0
152.0
172.0
162.0
163.0
165.0
160.0
113.0
138.0
396.0
170.0
173.0
397.0
168.0
168.0
168.0
154.0
132.0
137.0
172.0
153.0
150.0
408.0
170.0
167.0
130.0
154.0
176.0
153.0
167.0
166.0
132.0
156.0
133.0
133.0
149.0
174.0
162.0
148.0
168.0
425.0
143.0
173.0
164.0
130.0
140.0
171.0
131.0
176.0
133.0
460.0
149.0
474.0
163.0
463.0
386.0
454.0
460.0
446.0
458.0
375.0
367.0
429.0
143.0
136.0
169.0
134.0
162.0
171.0
137.0
144.0
176.0
160.0
206.0
134.0
152.0
480.0
139.0
147.0
146.0
167.0
148.0
151.0
171.0
176.0
163.0
135.0
130.0
165.0
169.0
391.0
177.0
168.0
148.0
165.0
170.0
144.0
150.0
148.0
393.0
176.0
130.0
145.0
132.0
170.0
166.0
156.0
153.0
146.0
177.0
135.0
167.0
173.0
172.0
175.0
132.0
158.0
477.0
150.0
142.0
463.0
162.0
152.0
153.0
138.0
156.0
173.0
139.0
148.0
174.0
488.0
177.0
154.0
160.0
135.0
174.0
146.0
173.0
157.0
177.0
147.0
139.0
159.0
173.0
166.0
168.0
134.0
133.0
466.0
173.0
153.0
154.0
136.0
147.0
160.0
133.0
174.0
153.0
377.0
160.0
434.0
153.0
401.0
454.0
438.0
423.0
432.0
440.0
422.0
379.0
423.0
157.0
157.0
150.0
135.0
147.0
177.0
133.0
132.0
148.0
205.0
174.0
165.0
157.0
482.0
133.0
136.0
141.0
169.0
168.0
138.0
169.0
167.0
166.0
156.0
145.0
137.0
157.0
379.0
146.0
136.0
177.0
158.0
168.0
140.0
164.0
155.0
419.0
165.0
175.0
172.0
167.0
173.0
143.0
147.0
133.0
165.0
163.0
148.0
163.0
170.0
150.0
161.0
122.0
132.0
432.0
154.0
165.0
385.0
137.0
142.0
158.0
156.0
158.0
156.0
162.0
140.0
141.0
443.0
154.0
155.0
156.0
139.0
165.0
174.0
148.0
147.0
168.0
131.0
147.0
132.0
172.0
137.0
131.0
150.0
173.0
396.0
135.0
158.0
135.0
152.0
135.0
131.0
145.0
131.0
176.0
371.0
137.0
387.0
159.0
472.0
458.0
410.0
410.0
457.0
402.0
457.0
369.0
427.0
152.0
168.0
174.0
174.0
152.0
133.0
160.0
140.0
162.0
164.0
207.0
173.0
155.0
480.0
154.0
148.0
154.0
137.0
165.0
132.0
167.0
153.0
158.0
156.0
148.0
162.0
165.0
485.0
162.0
152.0
153.0
147.0
134.0
173.0
158.0
135.0
487.0
140.0
135.0
152.0
173.0
167.0
146.0
145.0
153.0
142.0
138.0
136.0
170.0
165.0
152.0
161.0
115.0
143.0
433.0
176.0
156.0
431.0
155.0
133.0
169.0
173.0
153.0
154.0
155.0
175.0
143.0
472.0
134.0
154.0
163.0
159.0
177.0
172.0
154.0
150.0
152.0
151.0
138.0
175.0
133.0
173.0
149.0
124.0
142.0
419.0
176.0
139.0
157.0
149.0
154.0
135.0
170.0
145.0
169.0
398.0
135.0
408.0
146.0
451.0
433.0
382.0
437.0
424.0
478.0
425.0
444.0
444.0
147.0
150.0
149.0
151.0
161.0
136.0
170.0
165.0
156.0
192.0
157.0
141.0
157.0
422.0
175.0
171.0
160.0
157.0
171.0
176.0
133.0
144.0
177.0
154.0
145.0
161.0
145.0
461.0
155.0
157.0
176.0
134.0
138.0
140.0
134.0
138.0
398.0
139.0
167.0
176.0
171.0
165.0
143.0
134.0
133.0
150.0
137.0
175.0
145.0
138.0
132.0
173.0
117.0
176.0
472.0
156.0
147.0
493.0
156.0
138.0
158.0
149.0
165.0
173.0
147.0
176.0
142.0
445.0
144.0
144.0
146.0
150.0
144.0
130.0
164.0
162.0
149.0
162.0
176.0
170.0
172.0
140.0
151.0
126.0
131.0
408.0
149.0
148.0
133.0
151.0
146.0
151.0
166.0
143.0
148.0
363.0
154.0
376.0
149.0
409.0
418.0
366.0
415.0
474.0
449.0
483.0
472.0
364.0
144.0
145.0
148.0
176.0
160.0
154.0
143.0
159.0
175.0
174.0
195.0
131.0
166.0
473.0
170.0
147.0
152.0
165.0
141.0
140.0
167.0
134.0
173.0
174.0
134.0
151.0
131.0
424.0
176.0
170.0
169.0
134.0
153.0
133.0
176.0
159.0
466.0
159.0
154.0
131.0
143.0
132.0
174.0
170.0
145.0
146.0
165.0
162.0
145.0
156.0
177.0
147.0
133.0
163.0
442.0
177.0
136.0
377.0
133.0
174.0
132.0
138.0
142.0
132.0
134.0
151.0
151.0
372.0
172.0
165.0
140.0
131.0
172.0
138.0
153.0
168.0
160.0
165.0
171.0
146.0
159.0
163.0
144.0
119.0
165.0
493.0
144.0
144.0
137.0
132.0
164.0
149.0
131.0
142.0
158.0
372.0
142.0
460.0
141.0
440.0
426.0
492.0
407.0
389.0
472.0
462.0
371.0
398.0
139.0
142.0
161.0
147.0
176.0
155.0
140.0
152.0
157.0
165.0
171.0
164.0
142.0
474.0
176.0
154.0
170.0
153.0
160.0
155.0
161.0
177.0
175.0
151.0
156.0
136.0
130.0
395.0
167.0
166.0
172.0
136.0
155.0
166.0
163.0
174.0
464.0
158.0
170.0
177.0
130.0
133.0
136.0
145.0
149.0
161.0
137.0
152.0
169.0
148.0
137.0
176.0
113.0
136.0
363.0
177.0
135.0
479.0
141.0
132.0
162.0
144.0
145.0
173.0
172.0
161.0
144.0
422.0
163.0
172.0
164.0
161.0
138.0
153.0
158.0
146.0
130.0
144.0
156.0
131.0
139.0
157.0
148.0
116.0
163.0
486.0
130.0
161.0
160.0
167.0
146.0
165.0
134.0
157.0
149.0
450.0
158.0
491.0
176.0
428.0
408.0
461.0
426.0
421.0
377.0
472.0
476.0
396.0
154.0
135.0
169.0
156.0
156.0
165.0
154.0
174.0
134.0
154.0
177.0
175.0
166.0
396.0
155.0
160.0
171.0
173.0
147.0
133.0
163.0
150.0
132.0
174.0
160.0
172.0
144.0
420.0
134.0
172.0
158.0
167.0
170.0
140.0
160.0
135.0
434.0
171.0
145.0
162.0
143.0
132.0
136.0
157.0
160.0
162.0
148.0
148.0
163.0
173.0
135.0
153.0
132.0
148.0
371.0
172.0
150.0
432.0
154.0
173.0
144.0
171.0
163.0
175.0
177.0
147.0
133.0
410.0
141.0
131.0
157.0
171.0
155.0
153.0
163.0
148.0
157.0
148.0
154.0
173.0
154.0
143.0
170.0
151.0
132.0
493.0
150.0
169.0
132.0
144.0
130.0
145.0
144.0
153.0
167.0
378.0
154.0
368.0
145.0
452.0
462.0
438.0
448.0
416.0
475.0
483.0
399.0
421.0
153.0
163.0
171.0
153.0
136.0
132.0
157.0
141.0
160.0
156.0
202.0
155.0
167.0
415.0
173.0
146.0
156.0
174.0
161.0
175.0
134.0
155.0
132.0
139.0
166.0
136.0
133.0
426.0
152.0
170.0
170.0
132.0
157.0
175.0
153.0
164.0
458.0
153.0
157.0
167.0
150.0
143.0
134.0
138.0
149.0
153.0
131.0
174.0
131.0
176.0
174.0
157.0
114.0
172.0
368.0
168.0
130.0
446.0
175.0
164.0
147.0
174.0
173.0
168.0
160.0
157.0
175.0
453.0
149.0
138.0
177.0
173.0
173.0
132.0
133.0
145.0
167.0
170.0
148.0
145.0
158.0
172.0
152.0
130.0
173.0
492.0
163.0
137.0
171.0
144.0
162.0
139.0
170.0
168.0
173.0
439.0
169.0
364.0
170.0
472.0
452.0
371.0
411.0
454.0
423.0
451.0
469.0
364.0
146.0
146.0
167.0
131.0
163.0
159.0
177.0
157.0
169.0
183.0
184.0
167.0
170.0
458.0
141.0
148.0
134.0
144.0
171.0
157.0
176.0
171.0
148.0
133.0
133.0
150.0
135.0
370.0
171.0
145.0
167.0
164.0
156.0
152.0
146.0
175.0
474.0
162.0
158.0
144.0
143.0
140.0
171.0
131.0
138.0
173.0
173.0
143.0
159.0
146.0
170.0
148.0
125.0
174.0
482.0
171.0
157.0
490.0
135.0
168.0
170.0
133.0
153.0
151.0
159.0
146.0
173.0
413.0
132.0
144.0
141.0
158.0
151.0
153.0
177.0
136.0
139.0
143.0
168.0
147.0
168.0
132.0
153.0
151.0
173.0
375.0
148.0
136.0
142.0
169.0
141.0
160.0
160.0
174.0
174.0
455.0
169.0
472.0
169.0
493.0
423.0
415.0
406.0
486.0
477.0
482.0
380.0
400.0
135.0
162.0
141.0
163.0
156.0
164.0
157.0
165.0
136.0
180.0
152.0
149.0
162.0
441.0
169.0
139.0
151.0
172.0
139.0
157.0
139.0
153.0
140.0
173.0
173.0
157.0
139.0
410.0
170.0
172.0
163.0
157.0
143.0
152.0
149.0
174.0
448.0
175.0
155.0
157.0
143.0
156.0
161.0
165.0
158.0
147.0
142.0
133.0
177.0
172.0
176.0
165.0
152.0
159.0
448.0
164.0
146.0
396.0
161.0
154.0
134.0
174.0
175.0
136.0
176.0
154.0
173.0
401.0
149.0
156.0
176.0
168.0
137.0
171.0
154.0
171.0
143.0
166.0
154.0
172.0
136.0
176.0
134.0
133.0
139.0
409.0
162.0
157.0
150.0
157.0
158.0
162.0
139.0
157.0
150.0
371.0
163.0
389.0
139.0
449.0
384.0
448.0
391.0
401.0
422.0
420.0
425.0
384.0
143.0
176.0
161.0
143.0
142.0
140.0
132.0
172.0
136.0
184.0
168.0
133.0
134.0
437.0
147.0
168.0
138.0
147.0
157.0
154.0
174.0
155.0
137.0
157.0
168.0
163.0
169.0
425.0
148.0
155.0
167.0
160.0
163.0
165.0
146.0
173.0
487.0
165.0
154.0
152.0
172.0
133.0
153.0
151.0
177.0
132.0
152.0
156.0
130.0
132.0
140.0
164.0
129.0
136.0
447.0
145.0
146.0
435.0
138.0
147.0
140.0
169.0
156.0
133.0
130.0
153.0
150.0
441.0
148.0
171.0
172.0
162.0
176.0
152.0
172.0
153.0
134.0
167.0
177.0
142.0
137.0
150.0
135.0
113.0
176.0
389.0
130.0
172.0
146.0
149.0
173.0
157.0
165.0
148.0
141.0
487.0
145.0
391.0
152.0
392.0
364.0
366.0
479.0
441.0
460.0
404.0
375.0
452.0
137.0
148.0
136.0
134.0
134.0
154.0
150.0
174.0
166.0
188.0
188.0
133.0
157.0
481.0
155.0
148.0
172.0
162.0
138.0
155.0
134.0
161.0
140.0
170.0
174.0
170.0
174.0
384.0
175.0
135.0
147.0
134.0
147.0
152.0
168.0
175.0
472.0
154.0
149.0
132.0
176.0
135.0
151.0
147.0
152.0
136.0
173.0
164.0
137.0
161.0
140.0
174.0
134.0
143.0
387.0
165.0
156.0
389.0
168.0
134.0
146.0
146.0
132.0
154.0
164.0
157.0
136.0
440.0
153.0
170.0
166.0
142.0
146.0
173.0
152.0
140.0
162.0
163.0
168.0
141.0
141.0
166.0
134.0
114.0
144.0
392.0
138.0
145.0
132.0
137.0
137.0
175.0
135.0
150.0
141.0
429.0
164.0
400.0
172.0
441.0
467.0
393.0
395.0
442.0
447.0
386.0
406.0
475.0
157.0
164.0
152.0
147.0
153.0
176.0
136.0
162.0
169.0
179.0
197.0
146.0
173.0
378.0
177.0
138.0
152.0
173.0
137.0
144.0
166.0
140.0
141.0
151.0
158.0
159.0
140.0
424.0
140.0
168.0
167.0
150.0
171.0
169.0
132.0
141.0
431.0
167.0
158.0
152.0
130.0
168.0
132.0
166.0
153.0
166.0
142.0
137.0
138.0
147.0
168.0
176.0
141.0
132.0
366.0
157.0
150.0
409.0
136.0
152.0
155.0
155.0
146.0
131.0
176.0
143.0
139.0
471.0
160.0
144.0
148.0
134.0
161.0
168.0
165.0
172.0
153.0
136.0
144.0
136.0
133.0
150.0
149.0
129.0
154.0
435.0
154.0
144.0
132.0
133.0
135.0
157.0
163.0
174.0
160.0
446.0
166.0
485.0
160.0
485.0
423.0
397.0
422.0
374.0
373.0
490.0
384.0
412.0
158.0
160.0
153.0
149.0
157.0
172.0
130.0
147.0
158.0
188.0
196.0
174.0
174.0
474.0
151.0
135.0
132.0
155.0
135.0
143.0
173.0
141.0
159.0
140.0
149.0
130.0
148.0
368.0
156.0
161.0
153.0
140.0
171.0
134.0
163.0
141.0
396.0
165.0
175.0
148.0
152.0
150.0
145.0
168.0
168.0
135.0
136.0
167.0
157.0
163.0
151.0
130.0
130.0
150.0
427.0
142.0
142.0
443.0
175.0
156.0
174.0
139.0
149.0
168.0
147.0
165.0
168.0
483.0
146.0
135.0
153.0
132.0
145.0
136.0
153.0
145.0
142.0
169.0
148.0
164.0
153.0
168.0
136.0
147.0
152.0
406.0
140.0
155.0
160.0
168.0
157.0
142.0
135.0
171.0
157.0
369.0
161.0
404.0
145.0
466.0
400.0
409.0
391.0
469.0
412.0
403.0
389.0
482.0
135.0
147.0
141.0
154.0
170.0
139.0
177.0
131.0
149.0
184.0
204.0
153.0
159.0
377.0
173.0
174.0
157.0
174.0
140.0
140.0
146.0
131.0
166.0
145.0
141.0
134.0
160.0
374.0
159.0
161.0
142.0
134.0
137.0
159.0
175.0
139.0
490.0
141.0
166.0
165.0
165.0
156.0
151.0
157.0
136.0
167.0
147.0
149.0
173.0
164.0
159.0
137.0
136.0
160.0
415.0
134.0
158.0
397.0
165.0
145.0
137.0
143.0
130.0
157.0
153.0
133.0
163.0
414.0
177.0
144.0
154.0
150.0
153.0
152.0
166.0
141.0
162.0
173.0
160.0
163.0
151.0
156.0
161.0
119.0
163.0
423.0
156.0
171.0
159.0
132.0
152.0
131.0
173.0
153.0
171.0
391.0
138.0
460.0
176.0
386.0
421.0
479.0
398.0
450.0
453.0
402.0
450.0
493.0
161.0
148.0
140.0
131.0
160.0
172.0
145.0
140.0
156.0
174.0
171.0
155.0
168.0
367.0
144.0
164.0
130.0
132.0
170.0
131.0
165.0
141.0
137.0
142.0
165.0
157.0
155.0
392.0
177.0
174.0
139.0
150.0
134.0
130.0
174.0
165.0
450.0
145.0
144.0
165.0
139.0
175.0
130.0
143.0
157.0
138.0
165.0
134.0
148.0
131.0
177.0
144.0
138.0
169.0
374.0
175.0
165.0
379.0
167.0
137.0
138.0
138.0
139.0
142.0
176.0
151.0
155.0
435.0
175.0
155.0
151.0
172.0
150.0
147.0
160.0
153.0
162.0
168.0
171.0
171.0
144.0
174.0
132.0
135.0
176.0
425.0
155.0
139.0
142.0
149.0
132.0
163.0
160.0
163.0
172.0
407.0
176.0
403.0
136.0
407.0
464.0
422.0
410.0
419.0
392.0
426.0
439.0
473.0
168.0
166.0
172.0
130.0
173.0
165.0
174.0
160.0
165.0
195.0
196.0
157.0
157.0
435.0
147.0
154.0
177.0
137.0
145.0
163.0
168.0
137.0
168.0
146.0
159.0
139.0
170.0
470.0
144.0
172.0
176.0
145.0
136.0
143.0
160.0
161.0
456.0
171.0
142.0
162.0
159.0
135.0
135.0
151.0
177.0
171.0
148.0
151.0
156.0
139.0
176.0
158.0
148.0
156.0
375.0
135.0
172.0
377.0
155.0
140.0
164.0
174.0
147.0
145.0
164.0
137.0
133.0
383.0
136.0
143.0
170.0
137.0
146.0
158.0
147.0
168.0
150.0
176.0
172.0
168.0
172.0
152.0
142.0
131.0
171.0
372.0
154.0
159.0
148.0
170.0
148.0
156.0
145.0
166.0
136.0
430.0
142.0
451.0
173.0
379.0
370.0
420.0
407.0
492.0
404.0
385.0
423.0
427.0
168.0
167.0
144.0
142.0
144.0
164.0
131.0
136.0
176.0
172.0
159.0
138.0
164.0
412.0
138.0
155.0
144.0
143.0
134.0
131.0
147.0
164.0
134.0
152.0
147.0
148.0
159.0
419.0
136.0
155.0
174.0
134.0
163.0
153.0
138.0
173.0
423.0
164.0
137.0
158.0
169.0
135.0
134.0
155.0
132.0
175.0
133.0
162.0
165.0
142.0
130.0
152.0
125.0
167.0
399.0
148.0
151.0
466.0
149.0
141.0
133.0
145.0
152.0
131.0
170.0
164.0
170.0
401.0
169.0
147.0
132.0
142.0
165.0
139.0
135.0
175.0
151.0
142.0
137.0
144.0
136.0
148.0
135.0
145.0
152.0
486.0
152.0
152.0
164.0
173.0
170.0
161.0
161.0
176.0
149.0
441.0
160.0
418.0
171.0
421.0
396.0
460.0
381.0
477.0
410.0
440.0
369.0
382.0
153.0
146.0
174.0
161.0
173.0
139.0
162.0
162.0
166.0
205.0
179.0
161.0
139.0
457.0
172.0
149.0
137.0
174.0
147.0
175.0
162.0
130.0
157.0
173.0
153.0
132.0
153.0
439.0
139.0
151.0
149.0
146.0
168.0
162.0
174.0
171.0
493.0
138.0
151.0
133.0
148.0
144.0
152.0
144.0
176.0
169.0
175.0
165.0
138.0
154.0
157.0
140.0
125.0
145.0
438.0
167.0
164.0
458.0
142.0
176.0
135.0
137.0
171.0
148.0
157.0
143.0
135.0
493.0
143.0
169.0
145.0
160.0
138.0
135.0
153.0
139.0
169.0
160.0
149.0
155.0
135.0
132.0
162.0
127.0
139.0
455.0
146.0
166.0
135.0
150.0
142.0
133.0
171.0
145.0
171.0
444.0
134.0
436.0
155.0
369.0
397.0
438.0
459.0
446.0
388.0
409.0
493.0
445.0
161.0
142.0
134.0
139.0
166.0
172.0
131.0
155.0
164.0
207.0
191.0
136.0
142.0
381.0
154.0
149.0
163.0
170.0
133.0
133.0
142.0
154.0
167.0
134.0
150.0
174.0
142.0
480.0
144.0
164.0
149.0
147.0
136.0
158.0
171.0
169.0
468.0
149.0
144.0
161.0
160.0
158.0
148.0
168.0
170.0
132.0
164.0
131.0
165.0
173.0
172.0
150.0
117.0
161.0
438.0
137.0
174.0
422.0
139.0
174.0
158.0
164.0
161.0
166.0
132.0
148.0
138.0
386.0
144.0
133.0
135.0
171.0
157.0
153.0
157.0
150.0
136.0
166.0
170.0
154.0
163.0
133.0
136.0
151.0
153.0
383.0
140.0
146.0
130.0
167.0
176.0
175.0
132.0
166.0
159.0
450.0
134.0
391.0
152.0
453.0
408.0
417.0
417.0
404.0
439.0
396.0
414.0
397.0
147.0
140.0
160.0
133.0
143.0
138.0
147.0
169.0
145.0
193.0
164.0
173.0
158.0
456.0
166.0
172.0
176.0
134.0
166.0
157.0
136.0
156.0
171.0
155.0
151.0
137.0
134.0
395.0
157.0
135.0
151.0
148.0
155.0
164.0
138.0
153.0
457.0
157.0
157.0
164.0
144.0
167.0
165.0
136.0
167.0
137.0
131.0
150.0
155.0
171.0
160.0
158.0
149.0
167.0
442.0
159.0
138.0
381.0
154.0
134.0
176.0
175.0
147.0
158.0
162.0
132.0
144.0
389.0
148.0
175.0
162.0
143.0
154.0
150.0
139.0
155.0
150.0
140.0
175.0
130.0
147.0
138.0
147.0
133.0
158.0
392.0
158.0
163.0
160.0
151.0
130.0
148.0
139.0
148.0
147.0
429.0
158.0
414.0
144.0
407.0
399.0
430.0
489.0
477.0
461.0
421.0
462.0
462.0
160.0
142.0
136.0
172.0
130.0
135.0
140.0
168.0
135.0
162.0
206.0
144.0
131.0
412.0
150.0
174.0
137.0
165.0
164.0
156.0
141.0
151.0
147.0
163.0
154.0
173.0
164.0
453.0
138.0
147.0
170.0
163.0
142.0
170.0
174.0
140.0
427.0
165.0
136.0
161.0
171.0
175.0
157.0
169.0
136.0
151.0
163.0
165.0
168.0
134.0
146.0
132.0
125.0
152.0
371.0
172.0
173.0
413.0
167.0
169.0
172.0
155.0
165.0
153.0
154.0
171.0
138.0
492.0
171.0
140.0
142.0
131.0
143.0
172.0
155.0
156.0
172.0
156.0
145.0
133.0
164.0
147.0
143.0
119.0
173.0
386.0
176.0
141.0
155.0
161.0
175.0
143.0
145.0
132.0
132.0
434.0
151.0
428.0
154.0
371.0
457.0
450.0
425.0
448.0
386.0
420.0
460.0
451.0
173.0
169.0
171.0
152.0
158.0
142.0
141.0
134.0
164.0
205.0
161.0
172.0
137.0
371.0
159.0
175.0
171.0
173.0
142.0
157.0
154.0
141.0
136.0
145.0
163.0
148.0
173.0
370.0
149.0
133.0
151.0
145.0
132.0
169.0
160.0
169.0
459.0
147.0
139.0
169.0
175.0
165.0
163.0
167.0
169.0
157.0
143.0
164.0
151.0
175.0
142.0
161.0
112.0
177.0
378.0
156.0
134.0
469.0
153.0
162.0
147.0
152.0
167.0
161.0
170.0
150.0
132.0
417.0
160.0
137.0
168.0
150.0
159.0
138.0
143.0
168.0
151.0
167.0
131.0
152.0
172.0
173.0
172.0
120.0
167.0
372.0
136.0
158.0
142.0
152.0
153.0
166.0
156.0
150.0
141.0
464.0
136.0
491.0
140.0
474.0
429.0
495.0
367.0
364.0
377.0
431.0
441.0
452.0
140.0
177.0
135.0
134.0
159.0
151.0
154.0
134.0
157.0
163.0
197.0
143.0
144.0
379.0
176.0
156.0
133.0
176.0
139.0
170.0
155.0
142.0
154.0
138.0
168.0
142.0
161.0
451.0
167.0
166.0
131.0
132.0
142.0
138.0
155.0
155.0
378.0
141.0
148.0
157.0
160.0
158.0
150.0
153.0
151.0
166.0
154.0
138.0
136.0
146.0
157.0
136.0
152.0
154.0
378.0
173.0
166.0
398.0
165.0
159.0
151.0
159.0
135.0
156.0
133.0
133.0
150.0
472.0
151.0
171.0
148.0
148.0
144.0
176.0
144.0
143.0
164.0
159.0
151.0
164.0
160.0
130.0
139.0
150.0
146.0
432.0
151.0
132.0
173.0
147.0
144.0
138.0
173.0
159.0
131.0
466.0
133.0
389.0
164.0
383.0
472.0
369.0
421.0
464.0
419.0
436.0
418.0
461.0
146.0
140.0
162.0
144.0
164.0
166.0
151.0
168.0
167.0
186.0
197.0
133.0
157.0
485.0
162.0
167.0
153.0
131.0
138.0
149.0
137.0
170.0
160.0
168.0
135.0
152.0
133.0
428.0
130.0
137.0
173.0
139.0
148.0
147.0
133.0
135.0
385.0
164.0
166.0
147.0
152.0
160.0
169.0
131.0
155.0
150.0
138.0
134.0
158.0
176.0
165.0
133.0
121.0
139.0
387.0
143.0
145.0
486.0
174.0
172.0
161.0
136.0
159.0
134.0
140.0
142.0
174.0
408.0
135.0
145.0
135.0
150.0
177.0
135.0
131.0
155.0
147.0
152.0
155.0
172.0
139.0
152.0
138.0
134.0
166.0
394.0
164.0
143.0
141.0
148.0
145.0
172.0
135.0
156.0
159.0
380.0
131.0
424.0
164.0
405.0
422.0
414.0
446.0
372.0
483.0
383.0
418.0
473.0
136.0
164.0
155.0
145.0
148.0
148.0
162.0
166.0
139.0
202.0
180.0
166.0
172.0
484.0
165.0
130.0
172.0
132.0
164.0
143.0
150.0
174.0
147.0
154.0
148.0
139.0
132.0
447.0
146.0
156.0
172.0
166.0
171.0
135.0
150.0
161.0
485.0
156.0
172.0
164.0
160.0
177.0
137.0
174.0
134.0
167.0
150.0
151.0
160.0
130.0
131.0
166.0
150.0
134.0
493.0
154.0
130.0
417.0
145.0
165.0
150.0
169.0
170.0
172.0
133.0
163.0
156.0
438.0
164.0
163.0
141.0
158.0
144.0
147.0
143.0
145.0
175.0
151.0
170.0
135.0
169.0
154.0
152.0
116.0
157.0
470.0
143.0
136.0
167.0
140.0
131.0
146.0
172.0
138.0
165.0
418.0
141.0
474.0
168.0
364.0
419.0
442.0
440.0
475.0
368.0
465.0
483.0
467.0
151.0
161.0
143.0
157.0
139.0
147.0
147.0
142.0
141.0
179.0
161.0
150.0
135.0
402.0
133.0
164.0
157.0
157.0
156.0
145.0
152.0
135.0
143.0
144.0
174.0
131.0
165.0
378.0
173.0
132.0
135.0
157.0
173.0
149.0
144.0
138.0
399.0
138.0
170.0
150.0
149.0
131.0
139.0
160.0
169.0
171.0
132.0
156.0
175.0
169.0
146.0
147.0
149.0
148.0
440.0
139.0
172.0
470.0
177.0
145.0
161.0
133.0
152.0
145.0
158.0
131.0
146.0
371.0
176.0
148.0
154.0
145.0
156.0
173.0
139.0
148.0
166.0
162.0
173.0
175.0
163.0
154.0
167.0
112.0
148.0
482.0
160.0
167.0
143.0
170.0
156.0
162.0
146.0
167.0
159.0
375.0
139.0
379.0
140.0
383.0
376.0
397.0
477.0
368.0
467.0
395.0
465.0
433.0
141.0
138.0
149.0
151.0
137.0
135.0
164.0
161.0
167.0
164.0
207.0
162.0
173.0
384.0
141.0
167.0
163.0
143.0
169.0
149.0
147.0
165.0
161.0
140.0
169.0
174.0
175.0
387.0
143.0
164.0
167.0
145.0
160.0
145.0
160.0
132.0
486.0
175.0
160.0
154.0
163.0
143.0
151.0
177.0
176.0
173.0
171.0
156.0
172.0
166.0
150.0
143.0
123.0
144.0
467.0
173.0
145.0
420.0
165.0
169.0
168.0
164.0
174.0
148.0
175.0
170.0
159.0
402.0
149.0
143.0
141.0
160.0
175.0
154.0
160.0
143.0
155.0
151.0
174.0
143.0
169.0
160.0
153.0
122.0
138.0
451.0
167.0
167.0
138.0
166.0
169.0
158.0
149.0
144.0
143.0
460.0
140.0
374.0
166.0
398.0
392.0
406.0
492.0
371.0
377.0
459.0
421.0
459.0
134.0
144.0
174.0
166.0
170.0
154.0
138.0
152.0
166.0
161.0
168.0
146.0
131.0
476.0
169.0
162.0
164.0
142.0
166.0
171.0
138.0
138.0
151.0
158.0
172.0
143.0
157.0
465.0
177.0
141.0
158.0
132.0
137.0
142.0
135.0
138.0
388.0
141.0
151.0
157.0
174.0
157.0
174.0
130.0
131.0
162.0
174.0
170.0
161.0
135.0
165.0
164.0
139.0
175.0
439.0
155.0
142.0
405.0
156.0
163.0
140.0
173.0
138.0
157.0
161.0
147.0
170.0
390.0
153.0
176.0
153.0
173.0
138.0
142.0
130.0
141.0
149.0
140.0
155.0
154.0
171.0
140.0
155.0
142.0
144.0
373.0
130.0
175.0
135.0
163.0
165.0
168.0
166.0
135.0
140.0
400.0
159.0
492.0
143.0
376.0
415.0
376.0
397.0
416.0
378.0
379.0
472.0
432.0
130.0
152.0
161.0
164.0
147.0
161.0
174.0
175.0
171.0
154.0
161.0
149.0
157.0
462.0
172.0
134.0
152.0
167.0
136.0
170.0
158.0
167.0
164.0
159.0
131.0
150.0
131.0
457.0
135.0
161.0
148.0
149.0
167.0
160.0
154.0
141.0
479.0
152.0
164.0
172.0
176.0
135.0
156.0
136.0
169.0
172.0
133.0
160.0
155.0
155.0
145.0
158.0
120.0
169.0
410.0
136.0
156.0
370.0
174.0
139.0
164.0
176.0
167.0
153.0
146.0
174.0
131.0
435.0
156.0
153.0
144.0
163.0
152.0
155.0
144.0
134.0
152.0
160.0
146.0
161.0
136.0
155.0
160.0
139.0
165.0
434.0
158.0
158.0
162.0
155.0
151.0
173.0
142.0
168.0
171.0
438.0
156.0
467.0
151.0
476.0
420.0
430.0
369.0
391.0
370.0
418.0
452.0
367.0
136.0
166.0
140.0
151.0
171.0
162.0
132.0
172.0
157.0
197.0
193.0
159.0
141.0
471.0
130.0
167.0
145.0
161.0
163.0
154.0
173.0
168.0
165.0
138.0
174.0
141.0
130.0
473.0
168.0
169.0
158.0
152.0
130.0
138.0
136.0
154.0
408.0
157.0
176.0
174.0
170.0
174.0
151.0
154.0
161.0
145.0
150.0
151.0
144.0
160.0
131.0
151.0
121.0
168.0
392.0
146.0
150.0
410.0
146.0
165.0
160.0
167.0
139.0
164.0
147.0
131.0
135.0
437.0
163.0
154.0
176.0
143.0
169.0
164.0
142.0
142.0
154.0
176.0
155.0
151.0
175.0
161.0
177.0
138.0
134.0
479.0
133.0
177.0
168.0
156.0
172.0
167.0
175.0
146.0
146.0
365.0
134.0
461.0
140.0
430.0
378.0
441.0
393.0
400.0
442.0
433.0
387.0
444.0
134.0
140.0
159.0
137.0
175.0
150.0
152.0
163.0
149.0
172.0
199.0
163.0
174.0
439.0
163.0
157.0
132.0
157.0
139.0
150.0
139.0
131.0
134.0
156.0
146.0
162.0
132.0
388.0
152.0
140.0
139.0
134.0
172.0
177.0
132.0
170.0
402.0
150.0
165.0
150.0
175.0
172.0
177.0
172.0
141.0
139.0
154.0
156.0
165.0
161.0
161.0
173.0
126.0
172.0
423.0
138.0
143.0
426.0
150.0
138.0
157.0
142.0
163.0
130.0
137.0
174.0
164.0
461.0
177.0
176.0
172.0
176.0
169.0
155.0
150.0
176.0
138.0
144.0
147.0
174.0
169.0
170.0
131.0
131.0
155.0
460.0
165.0
139.0
150.0
157.0
156.0
146.0
149.0
164.0
141.0
427.0
149.0
387.0
161.0
365.0
428.0
399.0
429.0
471.0
379.0
445.0
370.0
401.0
171.0
174.0
134.0
167.0
162.0
154.0
148.0
176.0
144.0
171.0
179.0
167.0
155.0
417.0
150.0
168.0
144.0
144.0
169.0
157.0
176.0
159.0
151.0
170.0
141.0
150.0
131.0
473.0
144.0
175.0
142.0
140.0
155.0
141.0
169.0
134.0
462.0
139.0
143.0
148.0
159.0
172.0
177.0
153.0
176.0
147.0
141.0
163.0
176.0
150.0
158.0
138.0
133.0
165.0
481.0
150.0
142.0
428.0
152.0
143.0
170.0
167.0
152.0
136.0
133.0
158.0
157.0
453.0
133.0
161.0
136.0
161.0
138.0
132.0
166.0
144.0
150.0
166.0
131.0
138.0
137.0
139.0
144.0
115.0
160.0
466.0
152.0
177.0
156.0
151.0
165.0
171.0
165.0
167.0
164.0
431.0
156.0
441.0
164.0
415.0
470.0
480.0
473.0
474.0
492.0
480.0
378.0
445.0
144.0
175.0
137.0
154.0
174.0
149.0
171.0
138.0
141.0
192.0
200.0
173.0
168.0
401.0
147.0
165.0
177.0
136.0
134.0
173.0
169.0
134.0
158.0
130.0
171.0
134.0
142.0
372.0
175.0
133.0
159.0
148.0
147.0
140.0
171.0
132.0
427.0
164.0
170.0
137.0
141.0
143.0
154.0
159.0
168.0
132.0
173.0
157.0
138.0
157.0
146.0
177.0
151.0
139.0
486.0
145.0
142.0
465.0
168.0
160.0
149.0
166.0
162.0
131.0
136.0
175.0
168.0
400.0
151.0
154.0
135.0
171.0
176.0
132.0
137.0
164.0
176.0
168.0
154.0
156.0
176.0
149.0
148.0
136.0
170.0
410.0
153.0
138.0
167.0
168.0
172.0
175.0
155.0
163.0
135.0
425.0
158.0
444.0
154.0
484.0
436.0
365.0
383.0
387.0
471.0
412.0
402.0
367.0
175.0
164.0
153.0
150.0
163.0
152.0
168.0
166.0
160.0
173.0
180.0
150.0
155.0
410.0
156.0
163.0
131.0
142.0
157.0
144.0
155.0
166.0
131.0
169.0
135.0
147.0
169.0
366.0
161.0
155.0
170.0
155.0
133.0
135.0
168.0
155.0
475.0
144.0
151.0
165.0
150.0
150.0
142.0
135.0
145.0
177.0
173.0
165.0
154.0
149.0
139.0
160.0
121.0
135.0
411.0
136.0
154.0
430.0
167.0
151.0
150.0
160.0
156.0
152.0
174.0
149.0
157.0
477.0
157.0
132.0
173.0
130.0
160.0
133.0
161.0
145.0
145.0
164.0
164.0
139.0
139.0
168.0
131.0
123.0
172.0
431.0
133.0
140.0
171.0
149.0
177.0
161.0
162.0
168.0
157.0
412.0
174.0
391.0
162.0
365.0
400.0
436.0
369.0
410.0
445.0
407.0
448.0
411.0
158.0
175.0
175.0
152.0
144.0
168.0
160.0
163.0
141.0
156.0
193.0
166.0
151.0
486.0
144.0
131.0
133.0
133.0
131.0
133.0
167.0
148.0
142.0
144.0
135.0
149.0
157.0
480.0
138.0
164.0
170.0
164.0
156.0
158.0
141.0
145.0
444.0
154.0
158.0
132.0
176.0
133.0
156.0
168.0
139.0
175.0
177.0
138.0
173.0
150.0
151.0
163.0
112.0
131.0
386.0
165.0
155.0
479.0
155.0
132.0
133.0
140.0
133.0
135.0
155.0
133.0
150.0
474.0
133.0
166.0
130.0
140.0
149.0
135.0
168.0
162.0
145.0
145.0
141.0
172.0
164.0
176.0
151.0
145.0
156.0
427.0
163.0
134.0
166.0
135.0
171.0
159.0
158.0
147.0
165.0
422.0
146.0
405.0
140.0
431.0
394.0
386.0
375.0
474.0
482.0
368.0
426.0
386.0
171.0
131.0
162.0
144.0
163.0
168.0
134.0
147.0
141.0
176.0
201.0
173.0
150.0
491.0
174.0
171.0
135.0
141.0
160.0
131.0
165.0
171.0
154.0
141.0
170.0
141.0
162.0
414.0
150.0
133.0
162.0
153.0
134.0
131.0
176.0
168.0
410.0
135.0
157.0
162.0
146.0
171.0
139.0
157.0
131.0
141.0
131.0
150.0
152.0
156.0
138.0
148.0
114.0
170.0
375.0
145.0
146.0
395.0
165.0
136.0
136.0
167.0
142.0
142.0
136.0
154.0
145.0
380.0
173.0
138.0
160.0
158.0
135.0
140.0
176.0
142.0
152.0
155.0
172.0
152.0
165.0
160.0
137.0
130.0
159.0
364.0
134.0
160.0
148.0
149.0
173.0
139.0
168.0
134.0
143.0
444.0
155.0
455.0
175.0
413.0
486.0
429.0
387.0
422.0
399.0
390.0
370.0
366.0
157.0
147.0
146.0
158.0
154.0
151.0
137.0
154.0
145.0
195.0
182.0
152.0
151.0
477.0
131.0
159.0
153.0
148.0
160.0
139.0
162.0
133.0
163.0
132.0
169.0
163.0
165.0
373.0
159.0
134.0
139.0
171.0
162.0
141.0
162.0
176.0
446.0
162.0
136.0
142.0
140.0
141.0
171.0
163.0
142.0
162.0
163.0
144.0
174.0
152.0
153.0
141.0
128.0
143.0
430.0
133.0
147.0
446.0
132.0
171.0
154.0
155.0
162.0
163.0
136.0
157.0
145.0
411.0
157.0
165.0
173.0
171.0
174.0
142.0
152.0
166.0
149.0
171.0
167.0
138.0
137.0
162.0
168.0
130.0
155.0
391.0
176.0
168.0
141.0
148.0
155.0
169.0
147.0
164.0
170.0
413.0
166.0
467.0
140.0
372.0
377.0
461.0
464.0
490.0
408.0
418.0
396.0
459.0
170.0
156.0
174.0
133.0
177.0
169.0
177.0
144.0
147.0
154.0
202.0
136.0
156.0
402.0
174.0
156.0
143.0
146.0
156.0
168.0
155.0
147.0
155.0
133.0
164.0
160.0
172.0
449.0
175.0
135.0
135.0
142.0
147.0
167.0
137.0
173.0
445.0
144.0
144.0
165.0
140.0
140.0
167.0
152.0
149.0
133.0
163.0
144.0
151.0
162.0
168.0
170.0
151.0
170.0
368.0
174.0
138.0
387.0
176.0
159.0
156.0
157.0
152.0
162.0
142.0
166.0
143.0
443.0
134.0
177.0
150.0
155.0
176.0
155.0
147.0
165.0
147.0
162.0
160.0
131.0
169.0
157.0
140.0
132.0
165.0
474.0
165.0
130.0
135.0
176.0
163.0
133.0
161.0
168.0
171.0
371.0
164.0
464.0
158.0
385.0
468.0
430.0
366.0
369.0
443.0
386.0
388.0
425.0
133.0
155.0
148.0
147.0
155.0
154.0
155.0
168.0
138.0
158.0
171.0
144.0
153.0
425.0
146.0
171.0
135.0
167.0
151.0
138.0
152.0
140.0
142.0
163.0
136.0
131.0
142.0
422.0
164.0
161.0
134.0
169.0
161.0
146.0
176.0
163.0
422.0
158.0
142.0
175.0
167.0
155.0
168.0
157.0
137.0
134.0
138.0
151.0
156.0
147.0
153.0
154.0
120.0
163.0
483.0
152.0
172.0
418.0
145.0
160.0
131.0
176.0
165.0
157.0
151.0
146.0
144.0
392.0
166.0
160.0
133.0
142.0
170.0
139.0
172.0
148.0
148.0
135.0
137.0
176.0
130.0
145.0
173.0
129.0
139.0
365.0
138.0
172.0
173.0
142.0
173.0
145.0
176.0
157.0
139.0
386.0
143.0
388.0
164.0
482.0
425.0
383.0
416.0
395.0
472.0
420.0
458.0
377.0
147.0
172.0
145.0
141.0
147.0
151.0
173.0
132.0
167.0
161.0
163.0
156.0
154.0
473.0
170.0
132.0
140.0
147.0
148.0
169.0
141.0
131.0
158.0
156.0
172.0
150.0
177.0
447.0
132.0
167.0
139.0
175.0
169.0
162.0
149.0
166.0
489.0
154.0
146.0
147.0
174.0
149.0
139.0
147.0
133.0
141.0
158.0
140.0
134.0
166.0
164.0
151.0
113.0
154.0
460.0
170.0
143.0
428.0
148.0
150.0
135.0
135.0
160.0
132.0
151.0
170.0
146.0
479.0
132.0
146.0
147.0
142.0
166.0
146.0
173.0
148.0
156.0
144.0
164.0
135.0
144.0
168.0
156.0
140.0
159.0
479.0
130.0
148.0
140.0
140.0
152.0
171.0
153.0
156.0
144.0
407.0
153.0
465.0
167.0
449.0
418.0
471.0
488.0
432.0
367.0
473.0
397.0
372.0
133.0
166.0
153.0
174.0
143.0
131.0
164.0
135.0
162.0
205.0
197.0
161.0
142.0
398.0
132.0
155.0
177.0
157.0
170.0
167.0
143.0
176.0
161.0
177.0
168.0
174.0
147.0
483.0
164.0
137.0
166.0
136.0
145.0
136.0
148.0
172.0
475.0
160.0
135.0
175.0
141.0
137.0
163.0
138.0
153.0
140.0
142.0
145.0
149.0
134.0
174.0
144.0
140.0
134.0
453.0
161.0
156.0
474.0
165.0
135.0
157.0
174.0
138.0
161.0
142.0
172.0
159.0
377.0
162.0
151.0
137.0
151.0
131.0
156.0
168.0
147.0
172.0
155.0
142.0
155.0
174.0
146.0
164.0
144.0
170.0
479.0
171.0
142.0
132.0
167.0
159.0
172.0
155.0
140.0
171.0
383.0
152.0
412.0
162.0
464.0
474.0
491.0
411.0
452.0
390.0
483.0
418.0
462.0
134.0
159.0
161.0
170.0
165.0
132.0
150.0
139.0
150.0
171.0
161.0
147.0
144.0
400.0
151.0
177.0
150.0
154.0
156.0
154.0
169.0
173.0
172.0
134.0
146.0
150.0
172.0
447.0
167.0
162.0
155.0
171.0
162.0
169.0
131.0
148.0
428.0
149.0
169.0
156.0
147.0
161.0
167.0
150.0
150.0
130.0
136.0
142.0
147.0
167.0
159.0
133.0
151.0
167.0
475.0
148.0
161.0
463.0
133.0
144.0
137.0
135.0
148.0
147.0
172.0
154.0
155.0
460.0
174.0
134.0
167.0
173.0
145.0
145.0
176.0
174.0
142.0
175.0
157.0
160.0
144.0
156.0
168.0
139.0
169.0
409.0
134.0
132.0
142.0
162.0
169.0
160.0
162.0
136.0
172.0
494.0
135.0
370.0
148.0
493.0
406.0
400.0
470.0
434.0
390.0
367.0
413.0
407.0
167.0
147.0
138.0
140.0
160.0
169.0
163.0
161.0
138.0
204.0
180.0
160.0
136.0
457.0
149.0
159.0
138.0
156.0
144.0
161.0
146.0
173.0
147.0
166.0
134.0
167.0
158.0
469.0
164.0
171.0
159.0
137.0
167.0
168.0
149.0
140.0
448.0
141.0
140.0
174.0
136.0
177.0
173.0
171.0
144.0
140.0
165.0
143.0
150.0
177.0
162.0
151.0
144.0
159.0
420.0
140.0
140.0
489.0
153.0
144.0
172.0
140.0
170.0
174.0
142.0
141.0
143.0
375.0
134.0
176.0
138.0
175.0
166.0
133.0
160.0
164.0
151.0
148.0
132.0
165.0
167.0
174.0
151.0
139.0
148.0
469.0
138.0
136.0
172.0
167.0
136.0
168.0
157.0
171.0
142.0
411.0
176.0
483.0
175.0
430.0
459.0
481.0
471.0
469.0
431.0
476.0
485.0
403.0
144.0
146.0
148.0
140.0
161.0
166.0
169.0
171.0
145.0
168.0
172.0
172.0
177.0
483.0
169.0
147.0
133.0
131.0
159.0
141.0
136.0
158.0
139.0
149.0
167.0
154.0
148.0
387.0
168.0
140.0
159.0
134.0
142.0
135.0
134.0
134.0
370.0
168.0
155.0
170.0
156.0
133.0
155.0
156.0
160.0
162.0
142.0
146.0
156.0
144.0
166.0
154.0
139.0
150.0
495.0
176.0
158.0
372.0
155.0
152.0
157.0
139.0
156.0
168.0
174.0
163.0
151.0
486.0
134.0
146.0
138.0
165.0
147.0
145.0
150.0
169.0
161.0
136.0
172.0
146.0
160.0
169.0
140.0
126.0
176.0
371.0
177.0
167.0
131.0
153.0
130.0
166.0
164.0
135.0
140.0
428.0
159.0
370.0
133.0
427.0
429.0
443.0
475.0
367.0
479.0
432.0
445.0
383.0
141.0
133.0
154.0
147.0
175.0
138.0
161.0
136.0
147.0
188.0
157.0
164.0
134.0
425.0
133.0
172.0
165.0
155.0
138.0
158.0
170.0
139.0
156.0
166.0
143.0
173.0
160.0
431.0
159.0
148.0
175.0
165.0
144.0
134.0
170.0
167.0
443.0
154.0
152.0
152.0
158.0
171.0
174.0
132.0
150.0
155.0
134.0
148.0
140.0
144.0
158.0
174.0
151.0
138.0
490.0
132.0
135.0
444.0
137.0
151.0
175.0
174.0
138.0
156.0
138.0
157.0
131.0
412.0
166.0
155.0
141.0
145.0
147.0
130.0
154.0
151.0
169.0
177.0
176.0
160.0
146.0
158.0
174.0
142.0
159.0
374.0
145.0
172.0
172.0
135.0
134.0
153.0
167.0
155.0
147.0
414.0
132.0
462.0
135.0
408.0
383.0
435.0
408.0
481.0
489.0
479.0
442.0
377.0
171.0
131.0
172.0
171.0
150.0
176.0
144.0
163.0
141.0
163.0
164.0
140.0
147.0
492.0
163.0
165.0
173.0
175.0
154.0
170.0
155.0
165.0
158.0
147.0
159.0
153.0
150.0
467.0
160.0
130.0
146.0
159.0
142.0
163.0
158.0
135.0
431.0
148.0
130.0
130.0
162.0
172.0
142.0
143.0
153.0
172.0
150.0
171.0
161.0
146.0
135.0
150.0
120.0
157.0
375.0
161.0
159.0
491.0
130.0
176.0
145.0
155.0
167.0
134.0
156.0
177.0
134.0
405.0
169.0
138.0
139.0
146.0
162.0
165.0
162.0
167.0
138.0
165.0
145.0
176.0
149.0
142.0
154.0
133.0
132.0
387.0
160.0
172.0
168.0
142.0
172.0
169.0
174.0
145.0
149.0
391.0
156.0
475.0
135.0
409.0
402.0
381.0
405.0
492.0
419.0
426.0
475.0
471.0
160.0
158.0
158.0
166.0
133.0
164.0
163.0
153.0
136.0
180.0
176.0
148.0
155.0
410.0
169.0
137.0
136.0
174.0
157.0
141.0
175.0
138.0
161.0
130.0
139.0
158.0
159.0
457.0
131.0
137.0
164.0
173.0
131.0
167.0
142.0
156.0
450.0
145.0
160.0
159.0
131.0
152.0
140.0
130.0
145.0
131.0
175.0
143.0
163.0
164.0
141.0
176.0
142.0
171.0
434.0
135.0
155.0
406.0
166.0
177.0
136.0
177.0
154.0
137.0
171.0
173.0
154.0
391.0
169.0
134.0
168.0
139.0
146.0
130.0
171.0
142.0
156.0
169.0
148.0
130.0
135.0
167.0
144.0
149.0
170.0
487.0
171.0
151.0
163.0
164.0
142.0
172.0
149.0
158.0
135.0
372.0
166.0
478.0
146.0
405.0
417.0
450.0
479.0
437.0
410.0
382.0
493.0
401.0
168.0
135.0
162.0
161.0
135.0
133.0
140.0
140.0
158.0
