70 8 108
32242.5
33677.5
33607.5
31639.5
32858.5
29367.5
33864.5
29668.5
33490.5
34744.5
30917.5
29684.5
32842.5
32934.5
33498.5
30406.5
31895.5
34775.5
33622.5
34431.5
31476.5
32437.5
31828.5
35066.5
33300.5
31928.5
32834.5
30756.5
31799.5
32648.5
31529.5
36272.5
34173.5
35159.5
35134.5
30150.5
35699.5
33900.5
30235.5
31595.5
30979.5
34348.5
35131.5
33007.5
31522.5
31803.5
30546.5
34417.5
32559.5
33844.5
34474.5
36272.5
29647.5
35662.5
35155.5
30128.5
32572.5
32384.5
29737.5
30315.5
36151.5
35032.5
29264.5
30078.5
35134.5
31806.5
32561.5
35869.5
33283.5
30745.5
0.014397643053856022
0.014141553232525686
0.01552086386133899
0.012656039099760114
0.01670153976534195
0.012372641743149344
0.016925820023835202
0.01417569970430002
0.01685062170764185
0.011524441998329207
0.01610256158500011
0.013248813654879748
0.015410606203361828
0.014215157125319788
0.01512703014001469
0.013742114000109036
0.01610691222467288
0.012530280037818402
0.016702753330132526
0.01395275396031805
0.016103153418840527
0.013875154561916184
0.01619134234368618
0.01193997570562819
0.014782440988148734
0.013980833256969142
0.015823996093238497
0.012759263910251107
0.015263587684009677
0.014256223482542161
0.016052944441173535
0.012045046723240355
0.017038879216288372
0.011591904116580592
0.014629552117759521
0.01375575173471469
0.014506797773513483
0.012401240478306468
0.016141454079172265
0.01174491370018038
0.016220516803506342
0.01341824001497577
0.014833166221581373
0.013725489422025087
0.014809703079216256
0.012416125460499524
0.01585883706225194
0.012151567832036282
0.016330596584290223
0.013994417443002154
0.01610073657883847
0.012409407549786623
0.014543199733276417
0.0131911346855224
0.015332727613262561
0.011631052643927064
0.016018983459156318
0.012910540117211362
0.01467146799243682
0.012847235166919076
0.014619236178031394
0.011444245197214868
0.016225168977447402
0.013367592004815401
0.01589590103993018
0.012275877001752013
0.01704895367691653
0.011786825058660407
0.01478203641053591
0.011848716713108276
134.0
112.0
122.0
113.0
120.0
122.0
126.0
111.0
1912.0
26.0
954.0
981.0
49.0
393.0
1914.0
6.0
517.0
1255.0
33.0
510.0
111.0
192.0
44.0
323.0
255.0
375.0
58.0
309.0
515.0
293.0
76.0
244.0
79.0
300.0
29.0
366.0
160.0
834.0
1281.0
574.0
359.0
1167.0
293.0
158.0
839.0
5029.0
5996.0
124.0
169.0
310.0
50.0
27.0
189.0
216.0
193.0
516.0
356.0
75.0
66.0
27.0
125.0
32.0
19.0
162.0
884.0
49.0
125.0
63.0
45.0
162.0
153.0
75.0
160.0
153.0
753.0
35.0
21.0
25.0
32.0
8.0
75.0
274.0
111.0
71.0
87.0
59.0
38.0
81.0
149.0
49.0
26.0
53.0
156.0
171.0
108.0
86.0
128.0
45.0
61.0
1611.0
57.0
58.0
69.0
25.0
154.0
281.0
31.0
268.0
130.0
256.0
82.0
137.0
773.0
203.0
65.0
1288.0
125.0
116.0
66.0
88.0
116.0
19.0
271.0
198.0
492.0
1260.0
34.0
545.0
112.0
181.0
45.0
336.0
248.0
369.0
60.0
307.0
516.0
271.0
70.0
244.0
82.0
292.0
27.0
372.0
172.0
795.0
1258.0
549.0
335.0
1145.0
277.0
151.0
842.0
4996.0
5748.0
128.0
170.0
315.0
51.0
27.0
177.0
224.0
189.0
488.0
368.0
72.0
66.0
26.0
121.0
33.0
20.0
163.0
892.0
53.0
118.0
67.0
44.0
163.0
147.0
74.0
166.0
147.0
739.0
38.0
19.0
26.0
31.0
8.0
76.0
274.0
107.0
74.0
83.0
59.0
39.0
82.0
146.0
46.0
27.0
53.0
159.0
168.0
111.0
81.0
126.0
48.0
66.0
1641.0
56.0
56.0
70.0
26.0
162.0
279.0
33.0
273.0
123.0
255.0
83.0
130.0
751.0
215.0
65.0
1250.0
133.0
127.0
71.0
87.0
116.0
20.0
272.0
202.0
477.0
1326.0
36.0
508.0
119.0
180.0
47.0
329.0
248.0
370.0
56.0
296.0
519.0
276.0
71.0
238.0
77.0
277.0
27.0
347.0
157.0
802.0
1347.0
548.0
336.0
1198.0
299.0
157.0
794.0
5006.0
5522.0
129.0
167.0
315.0
50.0
27.0
181.0
214.0
189.0
493.0
356.0
73.0
65.0
27.0
124.0
32.0
20.0
171.0
841.0
49.0
119.0
62.0
44.0
155.0
150.0
75.0
158.0
140.0
760.0
35.0
20.0
26.0
29.0
8.0
73.0
260.0
108.0
70.0
86.0
54.0
39.0
86.0
140.0
46.0
25.0
53.0
155.0
164.0
109.0
86.0
134.0
48.0
61.0
1504.0
59.0
55.0
70.0
24.0
158.0
276.0
31.0
281.0
127.0
250.0
80.0
134.0
808.0
211.0
66.0
1283.0
134.0
127.0
67.0
87.0
112.0
19.0
246.0
190.0
485.0
1260.0
34.0
540.0
111.0
178.0
44.0
335.0
269.0
397.0
55.0
307.0
528.0
295.0
70.0
236.0
78.0
274.0
27.0
356.0
173.0
762.0
1318.0
574.0
347.0
1138.0
286.0
153.0
834.0
5520.0
5681.0
131.0
160.0
311.0
47.0
28.0
177.0
212.0
185.0
505.0
351.0
72.0
62.0
27.0
127.0
32.0
20.0
174.0
863.0
53.0
119.0
62.0
42.0
165.0
146.0
69.0
158.0
147.0
786.0
36.0
20.0
26.0
32.0
8.0
73.0
255.0
103.0
69.0
86.0
55.0
37.0
89.0
140.0
45.0
27.0
58.0
164.0
161.0
107.0
81.0
126.0
45.0
63.0
1542.0
58.0
55.0
65.0
24.0
159.0
284.0
32.0
281.0
121.0
248.0
78.0
131.0
780.0
214.0
66.0
1207.0
123.0
121.0
68.0
92.0
119.0
20.0
254.0
188.0
502.0
1262.0
34.0
517.0
115.0
175.0
46.0
349.0
265.0
387.0
61.0
308.0
526.0
279.0
76.0
242.0
78.0
278.0
28.0
359.0
159.0
795.0
1267.0
555.0
361.0
1176.0
285.0
150.0
860.0
5040.0
5873.0
121.0
159.0
308.0
51.0
29.0
184.0
212.0
186.0
499.0
365.0
74.0
66.0
26.0
116.0
32.0
19.0
172.0
840.0
49.0
128.0
65.0
44.0
153.0
154.0
73.0
165.0
143.0
802.0
37.0
20.0
26.0
31.0
8.0
71.0
261.0
105.0
72.0
83.0
59.0
39.0
84.0
150.0
45.0
25.0
58.0
151.0
169.0
104.0
87.0
132.0
47.0
66.0
1560.0
59.0
55.0
71.0
24.0
166.0
296.0
33.0
282.0
128.0
238.0
82.0
133.0
777.0
207.0
71.0
1265.0
122.0
124.0
70.0
92.0
122.0
20.0
268.0
196.0
507.0
1332.0
35.0
525.0
110.0
185.0
47.0
325.0
255.0
401.0
59.0
317.0
532.0
272.0
73.0
242.0
81.0
286.0
28.0
364.0
171.0
833.0
1277.0
583.0
353.0
1112.0
273.0
147.0
807.0
5475.0
5887.0
125.0
158.0
321.0
49.0
27.0
192.0
211.0
179.0
509.0
363.0
74.0
62.0
27.0
122.0
31.0
20.0
179.0
837.0
53.0
119.0
61.0
45.0
160.0
145.0
72.0
168.0
138.0
760.0
35.0
21.0
24.0
31.0
8.0
70.0
250.0
113.0
69.0
87.0
54.0
38.0
86.0
148.0
47.0
26.0
56.0
153.0
172.0
109.0
80.0
129.0
45.0
64.0
1587.0
56.0
55.0
65.0
24.0
153.0
273.0
33.0
267.0
126.0
250.0
83.0
132.0
831.0
212.0
66.0
1211.0
134.0
121.0
68.0
87.0
122.0
19.0
266.0
196.0
509.0
1345.0
35.0
505.0
118.0
180.0
47.0
334.0
270.0
376.0
60.0
319.0
549.0
279.0
69.0
247.0
78.0
302.0
28.0
339.0
167.0
787.0
1354.0
564.0
353.0
1150.0
290.0
155.0
834.0
5033.0
5740.0
128.0
169.0
304.0
47.0
29.0
189.0
206.0
182.0
527.0
341.0
76.0
64.0
27.0
119.0
31.0
20.0
175.0
824.0
53.0
124.0
65.0
46.0
162.0
148.0
74.0
152.0
149.0
760.0
36.0
20.0
25.0
32.0
8.0
76.0
277.0
112.0
74.0
90.0
59.0
38.0
85.0
149.0
48.0
27.0
57.0
163.0
169.0
105.0
87.0
127.0
47.0
66.0
1614.0
54.0
57.0
69.0
25.0
155.0
299.0
31.0
287.0
126.0
248.0
77.0
130.0
809.0
204.0
66.0
1286.0
130.0
126.0
68.0
87.0
113.0
19.0
256.0
190.0
479.0
1242.0
35.0
507.0
112.0
181.0
47.0
347.0
245.0
397.0
57.0
318.0
514.0
276.0
74.0
234.0
80.0
279.0
29.0
353.0
156.0
818.0
1378.0
599.0
335.0
1098.0
288.0
151.0
829.0
5096.0
5980.0
124.0
162.0
329.0
51.0
28.0
187.0
219.0
181.0
507.0
360.0
73.0
61.0
26.0
117.0
31.0
19.0
163.0
859.0
50.0
120.0
67.0
45.0
155.0
154.0
73.0
162.0
143.0
799.0
35.0
20.0
25.0
32.0
8.0
71.0
275.0
110.0
73.0
89.0
58.0
39.0
88.0
144.0
47.0
26.0
58.0
155.0
165.0
103.0
82.0
130.0
46.0
64.0
1638.0
55.0
59.0
65.0
24.0
155.0
277.0
30.0
273.0
122.0
260.0
79.0
139.0
828.0
210.0
71.0
1203.0
124.0
123.0
67.0
88.0
120.0
19.0
246.0
200.0
496.0
1295.0
35.0
527.0
112.0
176.0
44.0
350.0
268.0
377.0
57.0
318.0
513.0
295.0
74.0
241.0
81.0
276.0
29.0
369.0
171.0
839.0
1389.0
598.0
355.0
1147.0
278.0
153.0
845.0
5215.0
5692.0
124.0
167.0
318.0
50.0
29.0
184.0
220.0
184.0
525.0
359.0
76.0
64.0
26.0
117.0
32.0
19.0
164.0
847.0
51.0
129.0
67.0
42.0
157.0
151.0
72.0
160.0
140.0
732.0
35.0
20.0
24.0
30.0
8.0
71.0
258.0
110.0
71.0
85.0
57.0
38.0
83.0
149.0
46.0
27.0
56.0
164.0
162.0
106.0
87.0
136.0
45.0
64.0
1571.0
57.0
59.0
71.0
25.0
157.0
291.0
33.0
278.0
122.0
240.0
78.0
140.0
796.0
221.0
69.0
1199.0
131.0
122.0
70.0
87.0
113.0
20.0
255.0
202.0
475.0
1272.0
36.0
547.0
115.0
185.0
44.0
345.0
267.0
373.0
57.0
293.0
519.0
285.0
74.0
243.0
76.0
282.0
28.0
375.0
164.0
834.0
1329.0
578.0
352.0
1162.0
289.0
155.0
875.0
5241.0
5523.0
126.0
168.0
312.0
49.0
28.0
184.0
223.0
179.0
522.0
357.0
75.0
62.0
27.0
120.0
32.0
20.0
169.0
817.0
52.0
124.0
65.0
46.0
157.0
150.0
72.0
155.0
140.0
734.0
36.0
20.0
24.0
30.0
8.0
73.0
254.0
107.0
69.0
85.0
56.0
39.0
88.0
142.0
45.0
25.0
54.0
156.0
172.0
105.0
80.0
138.0
45.0
66.0
1602.0
56.0
59.0
66.0
24.0
163.0
293.0
32.0
269.0
123.0
240.0
79.0
138.0
761.0
206.0
68.0
1204.0
125.0
117.0
71.0
86.0
116.0
20.0
254.0
198.0
481.0
1261.0
33.0
516.0
117.0
189.0
45.0
351.0
246.0
386.0
56.0
316.0
526.0
278.0
75.0
254.0
76.0
290.0
28.0
374.0
158.0
843.0
1327.0
601.0
356.0
1141.0
290.0
149.0
831.0
5002.0
5670.0
120.0
165.0
311.0
51.0
27.0
182.0
211.0
190.0
514.0
342.0
72.0
63.0
27.0
121.0
30.0
19.0
178.0
897.0
50.0
131.0
63.0
42.0
162.0
140.0
72.0
152.0
153.0
766.0
36.0
21.0
26.0
32.0
8.0
72.0
257.0
105.0
67.0
87.0
56.0
39.0
89.0
148.0
48.0
26.0
53.0
151.0
174.0
102.0
82.0
135.0
47.0
67.0
1640.0
59.0
57.0
65.0
24.0
163.0
273.0
33.0
264.0
130.0
237.0
76.0
131.0
817.0
216.0
71.0
1211.0
126.0
120.0
72.0
94.0
118.0
19.0
253.0
196.0
508.0
1253.0
35.0
528.0
109.0
189.0
45.0
350.0
260.0
386.0
60.0
296.0
512.0
274.0
72.0
236.0
81.0
299.0
28.0
357.0
168.0
802.0
1285.0
585.0
332.0
1163.0
284.0
154.0
841.0
5367.0
5848.0
124.0
173.0
307.0
47.0
28.0
176.0
209.0
182.0
522.0
371.0
78.0
63.0
26.0
124.0
31.0
20.0
162.0
866.0
50.0
122.0
66.0
43.0
157.0
143.0
76.0
159.0
139.0
801.0
36.0
20.0
26.0
32.0
8.0
75.0
251.0
104.0
72.0
89.0
59.0
38.0
81.0
146.0
47.0
27.0
58.0
160.0
168.0
107.0
87.0
129.0
44.0
62.0
1520.0
54.0
56.0
69.0
26.0
157.0
293.0
30.0
281.0
121.0
257.0
80.0
133.0
798.0
223.0
70.0
1171.0
126.0
119.0
69.0
87.0
114.0
19.0
249.0
190.0
486.0
1251.0
34.0
556.0
118.0
190.0
45.0
324.0
264.0
377.0
57.0
303.0
506.0
273.0
70.0
239.0
81.0
279.0
29.0
341.0
163.0
813.0
1353.0
583.0
348.0
1126.0
292.0
154.0
856.0
5252.0
5932.0
122.0
163.0
326.0
49.0
28.0
189.0
205.0
194.0
520.0
375.0
74.0
65.0
27.0
122.0
33.0
19.0
162.0
877.0
50.0
120.0
63.0
43.0
153.0
147.0
71.0
165.0
141.0
800.0
38.0
20.0
24.0
30.0
8.0
74.0
271.0
113.0
67.0
91.0
56.0
41.0
83.0
150.0
46.0
25.0
54.0
155.0
169.0
102.0
84.0
138.0
45.0
61.0
1506.0
56.0
59.0
70.0
24.0
160.0
298.0
32.0
287.0
125.0
235.0
79.0
136.0
798.0
223.0
65.0
1217.0
126.0
126.0
72.0
86.0
119.0
19.0
271.0
191.0
519.0
1241.0
35.0
555.0
117.0
190.0
47.0
323.0
259.0
363.0
60.0
300.0
533.0
283.0
73.0
254.0
81.0
294.0
27.0
346.0
170.0
818.0
1290.0
587.0
363.0
1189.0
280.0
145.0
848.0
5304.0
5531.0
129.0
166.0
316.0
48.0
28.0
182.0
215.0
178.0
498.0
356.0
77.0
61.0
27.0
117.0
32.0
19.0
163.0
823.0
53.0
128.0
66.0
43.0
164.0
151.0
70.0
157.0
153.0
748.0
36.0
20.0
24.0
31.0
8.0
74.0
254.0
105.0
74.0
82.0
58.0
40.0
83.0
151.0
45.0
26.0
57.0
158.0
160.0
102.0
83.0
133.0
45.0
65.0
1536.0
58.0
58.0
69.0
25.0
159.0
281.0
31.0
282.0
122.0
240.0
80.0
139.0
781.0
210.0
69.0
1273.0
126.0
117.0
66.0
89.0
117.0
19.0
267.0
207.0
486.0
1350.0
35.0
530.0
114.0
177.0
46.0
341.0
265.0
380.0
57.0
306.0
552.0
277.0
75.0
241.0
81.0
293.0
27.0
375.0
167.0
783.0
1325.0
558.0
339.0
1118.0
283.0
154.0
823.0
5363.0
5727.0
130.0
160.0
310.0
51.0
29.0
191.0
213.0
188.0
482.0
364.0
75.0
64.0
25.0
127.0
31.0
19.0
178.0
893.0
52.0
119.0
64.0
44.0
164.0
147.0
70.0
156.0
142.0
754.0
35.0
19.0
25.0
32.0
8.0
75.0
263.0
106.0
69.0
83.0
55.0
37.0
82.0
149.0
46.0
27.0
55.0
158.0
163.0
107.0
79.0
130.0
46.0
64.0
1659.0
56.0
59.0
67.0
24.0
154.0
270.0
32.0
268.0
123.0
256.0
76.0
132.0
791.0
225.0
69.0
1165.0
133.0
115.0
69.0
85.0
112.0
19.0
248.0
193.0
469.0
1341.0
35.0
505.0
114.0
175.0
46.0
325.0
256.0
392.0
56.0
294.0
560.0
280.0
75.0
252.0
81.0
289.0
27.0
364.0
161.0
767.0
1348.0
542.0
333.0
1177.0
272.0
148.0
833.0
5062.0
5500.0
129.0
160.0
333.0
51.0
29.0
184.0
226.0
189.0
530.0
365.0
79.0
63.0
26.0
127.0
31.0
19.0
179.0
838.0
50.0
130.0
62.0
44.0
156.0
154.0
74.0
159.0
145.0
781.0
35.0
21.0
24.0
31.0
8.0
75.0
262.0
109.0
69.0
89.0
58.0
41.0
86.0
147.0
48.0
25.0
57.0
160.0
175.0
103.0
82.0
127.0
47.0
67.0
1667.0
57.0
59.0
68.0
26.0
153.0
273.0
32.0
264.0
129.0
240.0
83.0
127.0
812.0
207.0
65.0
1241.0
122.0
120.0
68.0
86.0
118.0
20.0
258.0
207.0
512.0
1326.0
34.0
541.0
118.0
187.0
45.0
323.0
259.0
396.0
61.0
303.0
553.0
275.0
75.0
254.0
81.0
289.0
27.0
374.0
163.0
833.0
1380.0
575.0
340.0
1156.0
277.0
156.0
855.0
5433.0
6021.0
124.0
173.0
329.0
48.0
29.0
186.0
204.0
183.0
513.0
355.0
75.0
67.0
27.0
123.0
31.0
19.0
164.0
893.0
48.0
130.0
64.0
43.0
154.0
146.0
74.0
154.0
144.0
742.0
37.0
21.0
25.0
31.0
8.0
70.0
264.0
104.0
74.0
86.0
54.0
39.0
85.0
149.0
45.0
25.0
55.0
164.0
167.0
111.0
86.0
131.0
44.0
64.0
1661.0
54.0
57.0
68.0
25.0
159.0
286.0
31.0
284.0
119.0
253.0
79.0
138.0
820.0
208.0
68.0
1237.0
129.0
122.0
68.0
87.0
117.0
19.0
256.0
202.0
513.0
1279.0
34.0
536.0
110.0
187.0
47.0
344.0
267.0
395.0
61.0
302.0
508.0
268.0
75.0
230.0
76.0
287.0
29.0
362.0
169.0
803.0
1348.0
583.0
357.0
1083.0
272.0
153.0
873.0
5134.0
5987.0
124.0
161.0
314.0
51.0
28.0
182.0
221.0
191.0
523.0
357.0
74.0
62.0
27.0
121.0
31.0
19.0
170.0
851.0
52.0
120.0
62.0
44.0
165.0
155.0
76.0
160.0
152.0
754.0
37.0
21.0
25.0
31.0
8.0
74.0
257.0
113.0
74.0
83.0
56.0
39.0
87.0
143.0
45.0
27.0
55.0
151.0
161.0
111.0
80.0
134.0
44.0
64.0
1611.0
57.0
58.0
69.0
25.0
153.0
287.0
32.0
278.0
125.0
243.0
78.0
134.0
807.0
212.0
70.0
1166.0
130.0
121.0
71.0
86.0
112.0
19.0
263.0
190.0
501.0
1306.0
36.0
536.0
109.0
183.0
44.0
344.0
267.0
365.0
56.0
292.0
536.0
274.0
76.0
246.0
75.0
287.0
27.0
373.0
169.0
797.0
1371.0
593.0
350.0
1096.0
271.0
145.0
799.0
5465.0
5714.0
126.0
167.0
332.0
46.0
28.0
176.0
207.0
194.0
485.0
356.0
76.0
65.0
26.0
117.0
32.0
20.0
167.0
884.0
53.0
130.0
65.0
46.0
161.0
143.0
76.0
159.0
139.0
795.0
38.0
20.0
26.0
31.0
8.0
69.0
264.0
110.0
69.0
87.0
57.0
41.0
88.0
153.0
48.0
26.0
53.0
148.0
170.0
110.0
86.0
138.0
46.0
67.0
1572.0
57.0
56.0
67.0
24.0
157.0
298.0
31.0
265.0
120.0
260.0
81.0
141.0
754.0
223.0
65.0
1263.0
123.0
124.0
73.0
92.0
111.0
19.0
256.0
195.0
505.0
1278.0
34.0
536.0
115.0
188.0
47.0
341.0
266.0
371.0
60.0
311.0
560.0
276.0
70.0
235.0
78.0
277.0
29.0
372.0
165.0
816.0
1333.0
545.0
363.0
1086.0
276.0
145.0
790.0
5363.0
5864.0
119.0
157.0
332.0
47.0
29.0
176.0
208.0
177.0
513.0
347.0
75.0
61.0
25.0
122.0
32.0
20.0
163.0
873.0
49.0
127.0
67.0
42.0
159.0
149.0
73.0
168.0
138.0
784.0
35.0
21.0
26.0
32.0
8.0
73.0
262.0
105.0
67.0
84.0
59.0
41.0
81.0
145.0
49.0
26.0
56.0
160.0
173.0
110.0
81.0
133.0
46.0
62.0
1532.0
57.0
54.0
69.0
26.0
157.0
281.0
32.0
275.0
119.0
259.0
83.0
137.0
808.0
208.0
71.0
1243.0
128.0
125.0
68.0
90.0
115.0
20.0
268.0
198.0
512.0
1285.0
34.0
534.0
116.0
177.0
46.0
321.0
245.0
378.0
59.0
297.0
547.0
274.0
71.0
239.0
76.0
285.0
27.0
352.0
163.0
785.0
1321.0
583.0
353.0
1132.0
276.0
155.0
850.0
5221.0
5548.0
123.0
160.0
309.0
49.0
28.0
184.0
226.0
181.0
512.0
360.0
75.0
61.0
26.0
122.0
33.0
19.0
175.0
857.0
51.0
121.0
62.0
42.0
165.0
148.0
73.0
165.0
148.0
795.0
37.0
21.0
25.0
32.0
8.0
76.0
264.0
113.0
73.0
88.0
58.0
38.0
83.0
154.0
49.0
26.0
56.0
149.0
172.0
107.0
87.0
133.0
45.0
65.0
1641.0
58.0
58.0
69.0
24.0
156.0
277.0
31.0
286.0
126.0
239.0
79.0
135.0
755.0
219.0
67.0
1225.0
125.0
126.0
69.0
94.0
116.0
20.0
247.0
192.0
469.0
1338.0
36.0
520.0
116.0
192.0
46.0
318.0
245.0
383.0
61.0
301.0
554.0
271.0
70.0
231.0
74.0
295.0
27.0
350.0
171.0
779.0
1344.0
544.0
336.0
1131.0
289.0
152.0
848.0
5432.0
5906.0
120.0
169.0
336.0
47.0
29.0
191.0
206.0
192.0
490.0
358.0
79.0
63.0
26.0
118.0
33.0
19.0
178.0
871.0
52.0
126.0
62.0
42.0
162.0
152.0
69.0
160.0
144.0
761.0
37.0
20.0
24.0
32.0
8.0
72.0
253.0
110.0
71.0
87.0
56.0
40.0
82.0
149.0
49.0
27.0
57.0
154.0
163.0
109.0
83.0
133.0
48.0
61.0
1549.0
55.0
58.0
67.0
26.0
155.0
298.0
33.0
262.0
126.0
245.0
81.0
138.0
760.0
211.0
65.0
1169.0
124.0
118.0
72.0
89.0
121.0
19.0
254.0
204.0
488.0
1300.0
36.0
505.0
115.0
190.0
48.0
322.0
246.0
377.0
60.0
320.0
529.0
293.0
76.0
235.0
75.0
282.0
29.0
374.0
169.0
791.0
1277.0
584.0
345.0
1151.0
289.0
145.0
852.0
4981.0
5499.0
121.0
160.0
305.0
49.0
27.0
187.0
225.0
186.0
486.0
359.0
75.0
65.0
27.0
125.0
33.0
20.0
170.0
841.0
51.0
127.0
65.0
45.0
157.0
153.0
72.0
162.0
150.0
795.0
37.0
20.0
25.0
32.0
8.0
70.0
267.0
111.0
71.0
91.0
58.0
40.0
86.0
143.0
49.0
26.0
56.0
149.0
164.0
105.0
84.0
137.0
45.0
62.0
1667.0
55.0
54.0
65.0
26.0
156.0
276.0
32.0
275.0
130.0
259.0
78.0
133.0
751.0
223.0
71.0
1262.0
126.0
119.0
71.0
87.0
119.0
19.0
249.0
206.0
507.0
1279.0
34.0
531.0
116.0
182.0
44.0
338.0
248.0
394.0
56.0
303.0
547.0
276.0
73.0
240.0
78.0
277.0
27.0
338.0
166.0
824.0
1339.0
594.0
358.0
1114.0
288.0
150.0
842.0
5010.0
5980.0
130.0
173.0
303.0
48.0
28.0
176.0
226.0
183.0
524.0
363.0
73.0
67.0
25.0
116.0
31.0
20.0
174.0
835.0
49.0
119.0
67.0
45.0
156.0
143.0
74.0
155.0
141.0
796.0
35.0
20.0
26.0
31.0
8.0
75.0
262.0
105.0
67.0
86.0
54.0
40.0
82.0
152.0
46.0
26.0
58.0
154.0
161.0
102.0
86.0
132.0
47.0
64.0
1527.0
58.0
57.0
71.0
25.0
166.0
273.0
32.0
264.0
124.0
258.0
82.0
136.0
796.0
220.0
66.0
1177.0
133.0
121.0
70.0
87.0
120.0
19.0
262.0
196.0
478.0
1260.0
36.0
519.0
110.0
180.0
48.0
331.0
268.0
376.0
57.0
304.0
519.0
277.0
71.0
251.0
78.0
293.0
27.0
341.0
161.0
776.0
1333.0
569.0
335.0
1165.0
287.0
153.0
802.0
5302.0
5626.0
129.0
171.0
314.0
50.0
29.0
184.0
206.0
177.0
503.0
340.0
77.0
61.0
27.0
121.0
32.0
19.0
162.0
848.0
49.0
119.0
62.0
46.0
166.0
147.0
70.0
163.0
149.0
744.0
36.0
20.0
24.0
32.0
8.0
73.0
275.0
112.0
69.0
84.0
54.0
41.0
84.0
148.0
45.0
25.0
58.0
163.0
170.0
110.0
87.0
128.0
47.0
62.0
1610.0
54.0
59.0
71.0
24.0
158.0
280.0
32.0
268.0
129.0
252.0
82.0
140.0
814.0
210.0
69.0
1221.0
133.0
125.0
70.0
92.0
116.0
19.0
249.0
197.0
468.0
1344.0
33.0
541.0
117.0
181.0
45.0
336.0
258.0
365.0
59.0
297.0
555.0
286.0
76.0
252.0
81.0
302.0
27.0
341.0
164.0
780.0
1379.0
563.0
331.0
1127.0
276.0
147.0
816.0
5518.0
5550.0
126.0
168.0
325.0
48.0
28.0
193.0
213.0
182.0
501.0
344.0
73.0
62.0
27.0
116.0
31.0
19.0
163.0
820.0
50.0
130.0
66.0
43.0
157.0
147.0
75.0
164.0
141.0
726.0
36.0
20.0
26.0
32.0
8.0
69.0
261.0
108.0
71.0
84.0
54.0
38.0
86.0
140.0
47.0
27.0
54.0
155.0
167.0
111.0
82.0
129.0
45.0
66.0
1582.0
56.0
57.0
68.0
25.0
155.0
290.0
31.0
280.0
118.0
254.0
75.0
130.0
827.0
220.0
65.0
1185.0
130.0
124.0
68.0
91.0
117.0
19.0
250.0
194.0
512.0
1298.0
36.0
548.0
111.0
191.0
45.0
347.0
263.0
378.0
61.0
298.0
515.0
266.0
70.0
244.0
76.0
285.0
27.0
341.0
165.0
766.0
1341.0
568.0
348.0
1194.0
301.0
152.0
832.0
5469.0
5852.0
125.0
162.0
309.0
51.0
29.0
178.0
204.0
188.0
519.0
350.0
77.0
63.0
26.0
117.0
30.0
20.0
165.0
853.0
50.0
126.0
65.0
43.0
154.0
141.0
73.0
156.0
153.0
763.0
37.0
21.0
24.0
31.0
8.0
72.0
266.0
107.0
74.0
91.0
54.0
39.0
86.0
154.0
49.0
26.0
54.0
150.0
159.0
104.0
83.0
138.0
46.0
62.0
1554.0
58.0
56.0
68.0
24.0
164.0
272.0
31.0
277.0
126.0
240.0
78.0
131.0
822.0
221.0
66.0
1248.0
126.0
124.0
69.0
93.0
118.0
19.0
249.0
201.0
469.0
1272.0
34.0
518.0
113.0
191.0
44.0
340.0
252.0
366.0
57.0
311.0
507.0
286.0
74.0
230.0
81.0
274.0
29.0
341.0
160.0
778.0
1324.0
543.0
339.0
1130.0
273.0
144.0
874.0
5491.0
5978.0
120.0
168.0
318.0
49.0
29.0
183.0
211.0
182.0
506.0
371.0
75.0
67.0
27.0
128.0
33.0
20.0
168.0
898.0
48.0
122.0
63.0
45.0
158.0
150.0
73.0
158.0
147.0
802.0
38.0
20.0
26.0
32.0
8.0
71.0
258.0
103.0
69.0
87.0
59.0
41.0
83.0
150.0
46.0
25.0
53.0
163.0
175.0
101.0
82.0
137.0
45.0
65.0
1552.0
54.0
59.0
71.0
24.0
163.0
270.0
33.0
271.0
125.0
245.0
80.0
129.0
798.0
214.0
70.0
1203.0
131.0
125.0
69.0
88.0
115.0
19.0
268.0
207.0
474.0
1231.0
36.0
527.0
115.0
182.0
46.0
325.0
256.0
368.0
59.0
303.0
543.0
269.0
72.0
251.0
81.0
298.0
29.0
351.0
159.0
843.0
1342.0
595.0
357.0
1130.0
295.0
146.0
808.0
5358.0
5568.0
131.0
166.0
310.0
47.0
29.0
187.0
204.0
195.0
508.0
374.0
78.0
62.0
25.0
126.0
31.0
20.0
168.0
847.0
52.0
122.0
64.0
46.0
162.0
144.0
73.0
156.0
150.0
747.0
37.0
20.0
25.0
31.0
8.0
74.0
253.0
104.0
72.0
86.0
58.0
40.0
86.0
145.0
45.0
27.0
56.0
155.0
170.0
106.0
81.0
129.0
44.0
67.0
1577.0
58.0
56.0
65.0
25.0
165.0
275.0
33.0
275.0
126.0
252.0
82.0
129.0
765.0
209.0
69.0
1280.0
124.0
116.0
67.0
93.0
115.0
19.0
251.0
188.0
496.0
1287.0
33.0
558.0
120.0
191.0
44.0
327.0
270.0
387.0
59.0
317.0
557.0
289.0
73.0
238.0
81.0
292.0
28.0
368.0
172.0
815.0
1362.0
542.0
359.0
1189.0
283.0
148.0
853.0
5274.0
5857.0
124.0
166.0
309.0
50.0
29.0
180.0
204.0
194.0
528.0
349.0
74.0
64.0
26.0
124.0
32.0
19.0
165.0
890.0
52.0
123.0
62.0
45.0
156.0
145.0
72.0
166.0
147.0
783.0
37.0
21.0
25.0
31.0
8.0
70.0
260.0
108.0
71.0
89.0
58.0
38.0
86.0
154.0
46.0
26.0
53.0
149.0
159.0
106.0
82.0
135.0
45.0
67.0
1507.0
56.0
57.0
68.0
26.0
157.0
279.0
31.0
268.0
118.0
247.0
77.0
140.0
832.0
224.0
65.0
1255.0
121.0
127.0
67.0
90.0
120.0
20.0
260.0
189.0
503.0
1236.0
34.0
530.0
117.0
193.0
46.0
351.0
253.0
363.0
60.0
301.0
558.0
278.0
72.0
236.0
81.0
298.0
28.0
342.0
163.0
795.0
1270.0
595.0
328.0
1139.0
292.0
151.0
811.0
5450.0
5801.0
126.0
168.0
328.0
48.0
29.0
194.0
222.0
179.0
494.0
339.0
75.0
62.0
25.0
124.0
33.0
19.0
163.0
835.0
49.0
119.0
61.0
43.0
167.0
155.0
73.0
155.0
145.0
758.0
37.0
20.0
25.0
31.0
8.0
69.0
270.0
112.0
68.0
85.0
57.0
40.0
84.0
147.0
46.0
25.0
56.0
152.0
168.0
106.0
86.0
137.0
46.0
65.0
1641.0
54.0
55.0
68.0
24.0
167.0
278.0
30.0
280.0
126.0
248.0
79.0
129.0
756.0
218.0
70.0
1200.0
121.0
115.0
71.0
88.0
115.0
20.0
263.0
206.0
491.0
1279.0
36.0
508.0
112.0
185.0
48.0
331.0
269.0
397.0
60.0
300.0
548.0
274.0
74.0
254.0
78.0
295.0
29.0
366.0
162.0
800.0
1353.0
588.0
353.0
1117.0
276.0
152.0
863.0
5324.0
5993.0
126.0
164.0
333.0
50.0
27.0
178.0
221.0
193.0
501.0
351.0
77.0
66.0
26.0
123.0
32.0
19.0
163.0
846.0
53.0
121.0
66.0
43.0
157.0
150.0
71.0
166.0
141.0
785.0
37.0
20.0
25.0
31.0
8.0
76.0
255.0
109.0
69.0
87.0
55.0
40.0
86.0
142.0
49.0
25.0
53.0
149.0
161.0
111.0
85.0
131.0
44.0
62.0
1568.0
57.0
57.0
65.0
24.0
166.0
270.0
33.0
273.0
126.0
253.0
78.0
134.0
804.0
208.0
65.0
1282.0
122.0
115.0
73.0
89.0
121.0
19.0
261.0
192.0
513.0
1348.0
33.0
530.0
111.0
184.0
46.0
337.0
261.0
374.0
58.0
310.0
554.0
285.0
74.0
237.0
75.0
277.0
28.0
339.0
160.0
772.0
1376.0
559.0
346.0
1088.0
297.0
157.0
795.0
5280.0
5761.0
129.0
171.0
310.0
48.0
28.0
194.0
224.0
178.0
505.0
343.0
79.0
67.0
27.0
118.0
31.0
20.0
170.0
815.0
52.0
126.0
62.0
42.0
155.0
148.0
71.0
164.0
149.0
740.0
37.0
20.0
25.0
30.0
8.0
73.0
253.0
109.0
70.0
84.0
56.0
38.0
86.0
142.0
47.0
26.0
57.0
153.0
164.0
102.0
79.0
137.0
47.0
65.0
1561.0
59.0
59.0
68.0
26.0
153.0
285.0
32.0
267.0
124.0
244.0
82.0
128.0
773.0
213.0
67.0
1174.0
132.0
127.0
73.0
87.0
113.0
19.0
272.0
190.0
509.0
1224.0
35.0
552.0
114.0
180.0
47.0
317.0
268.0
394.0
56.0
289.0
556.0
268.0
71.0
237.0
77.0
298.0
28.0
339.0
163.0
814.0
1276.0
571.0
332.0
1173.0
278.0
153.0
798.0
5013.0
5616.0
125.0
169.0
317.0
48.0
27.0
188.0
223.0
194.0
522.0
350.0
76.0
66.0
25.0
121.0
33.0
20.0
172.0
836.0
49.0
127.0
64.0
45.0
154.0
146.0
70.0
162.0
150.0
772.0
35.0
20.0
26.0
32.0
8.0
69.0
277.0
104.0
68.0
85.0
56.0
40.0
84.0
154.0
47.0
25.0
54.0
152.0
169.0
106.0
84.0
138.0
46.0
67.0
1601.0
59.0
58.0
66.0
25.0
165.0
295.0
33.0
281.0
125.0
247.0
77.0
134.0
786.0
211.0
67.0
1206.0
124.0
126.0
67.0
91.0
117.0
20.0
251.0
190.0
502.0
1229.0
33.0
541.0
117.0
182.0
44.0
339.0
248.0
393.0
57.0
302.0
505.0
290.0
76.0
237.0
79.0
297.0
29.0
364.0
160.0
842.0
1363.0
595.0
336.0
1101.0
276.0
144.0
866.0
5007.0
5581.0
119.0
173.0
324.0
50.0
28.0
175.0
220.0
191.0
492.0
353.0
74.0
62.0
25.0
128.0
31.0
20.0
176.0
885.0
50.0
129.0
66.0
42.0
166.0
146.0
72.0
167.0
147.0
789.0
37.0
20.0
24.0
30.0
8.0
73.0
271.0
111.0
73.0
85.0
54.0
38.0
87.0
151.0
49.0
26.0
54.0
158.0
158.0
106.0
81.0
131.0
45.0
66.0
1653.0
58.0
58.0
70.0
26.0
167.0
287.0
31.0
275.0
126.0
260.0
79.0
127.0
768.0
218.0
65.0
1232.0
131.0
122.0
69.0
90.0
114.0
20.0
258.0
198.0
480.0
1292.0
34.0
553.0
119.0
186.0
45.0
345.0
247.0
375.0
57.0
296.0
533.0
289.0
76.0
236.0
82.0
285.0
27.0
371.0
169.0
768.0
1333.0
567.0
333.0
1082.0
293.0
144.0
803.0
5520.0
5820.0
119.0
170.0
307.0
48.0
27.0
193.0
222.0
177.0
494.0
351.0
73.0
62.0
27.0
122.0
32.0
19.0
162.0
852.0
53.0
119.0
66.0
46.0
167.0
151.0
73.0
160.0
144.0
751.0
36.0
21.0
25.0
32.0
8.0
70.0
273.0
110.0
72.0
83.0
56.0
41.0
89.0
146.0
45.0
26.0
57.0
161.0
161.0
106.0
85.0
136.0
46.0
65.0
1541.0
56.0
56.0
69.0
25.0
154.0
278.0
30.0
274.0
122.0
237.0
78.0
131.0
761.0
214.0
66.0
1225.0
130.0
127.0
73.0
89.0
115.0
20.0
249.0
195.0
496.0
1340.0
35.0
530.0
115.0
178.0
45.0
328.0
252.0
370.0
61.0
311.0
509.0
284.0
71.0
236.0
82.0
301.0
27.0
364.0
162.0
779.0
1368.0
559.0
342.0
1145.0
283.0
155.0
830.0
5422.0
5853.0
119.0
167.0
317.0
49.0
29.0
182.0
222.0
192.0
513.0
374.0
79.0
67.0
27.0
118.0
32.0
20.0
163.0
879.0
49.0
120.0
63.0
46.0
156.0
141.0
71.0
162.0
139.0
741.0
38.0
20.0
26.0
31.0
8.0
73.0
258.0
110.0
69.0
86.0
56.0
40.0
88.0
140.0
48.0
26.0
54.0
156.0
170.0
110.0
86.0
133.0
47.0
62.0
1634.0
54.0
54.0
65.0
25.0
154.0
282.0
33.0
275.0
121.0
256.0
77.0
132.0
762.0
223.0
69.0
1168.0
126.0
127.0
72.0
91.0
121.0
19.0
260.0
192.0
503.0
1296.0
35.0
533.0
120.0
178.0
45.0
319.0
258.0
376.0
61.0
318.0
526.0
292.0
75.0
244.0
78.0
280.0
29.0
363.0
165.0
769.0
1345.0
592.0
359.0
1190.0
294.0
153.0
805.0
5496.0
6038.0
131.0
158.0
305.0
51.0
27.0
186.0
220.0
189.0
534.0
346.0
78.0
62.0
25.0
123.0
31.0
19.0
178.0
854.0
51.0
126.0
61.0
44.0
151.0
151.0
74.0
167.0
142.0
751.0
37.0
21.0
25.0
31.0
8.0
70.0
277.0
107.0
70.0
85.0
57.0
40.0
81.0
142.0
46.0
25.0
56.0
148.0
166.0
102.0
86.0
126.0
46.0
65.0
1599.0
59.0
54.0
68.0
26.0
164.0
273.0
31.0
268.0
123.0
246.0
79.0
137.0
799.0
212.0
66.0
1241.0
129.0
125.0
68.0
87.0
118.0
19.0
270.0
189.0
506.0
1262.0
35.0
535.0
110.0
187.0
46.0
329.0
244.0
365.0
58.0
304.0
549.0
281.0
71.0
252.0
77.0
280.0
27.0
365.0
169.0
791.0
1361.0
560.0
330.0
1143.0
272.0
158.0
795.0
5001.0
5500.0
124.0
157.0
308.0
49.0
28.0
193.0
226.0
186.0
487.0
347.0
72.0
65.0
25.0
118.0
31.0
20.0
177.0
853.0
53.0
125.0
67.0
46.0
158.0
153.0
70.0
156.0
142.0
725.0
36.0
21.0
25.0
30.0
8.0
75.0
256.0
106.0
74.0
83.0
56.0
38.0
81.0
141.0
46.0
26.0
53.0
159.0
172.0
101.0
81.0
131.0
48.0
65.0
1527.0
57.0
59.0
67.0
25.0
155.0
293.0
31.0
260.0
122.0
257.0
80.0
139.0
797.0
214.0
64.0
1220.0
122.0
123.0
69.0
92.0
112.0
20.0
271.0
201.0
490.0
1317.0
36.0
526.0
114.0
183.0
48.0
319.0
256.0
398.0
61.0
310.0
557.0
267.0
70.0
240.0
74.0
295.0
27.0
357.0
173.0
806.0
1333.0
599.0
347.0
1107.0
301.0
153.0
820.0
5241.0
5940.0
124.0
168.0
330.0
50.0
27.0
187.0
217.0
178.0
486.0
350.0
72.0
66.0
25.0
117.0
33.0
19.0
178.0
817.0
49.0
129.0
66.0
42.0
155.0
149.0
73.0
159.0
152.0
766.0
38.0
20.0
24.0
32.0
8.0
76.0
268.0
106.0
68.0
89.0
54.0
40.0
82.0
151.0
48.0
26.0
58.0
164.0
172.0
109.0
87.0
131.0
44.0
63.0
1597.0
56.0
57.0
71.0
24.0
158.0
295.0
33.0
285.0
123.0
256.0
78.0
138.0
823.0
216.0
69.0
1169.0
133.0
115.0
71.0
89.0
120.0
19.0
250.0
196.0
478.0
1316.0
34.0
545.0
111.0
186.0
46.0
341.0
261.0
385.0
60.0
303.0
506.0
266.0
75.0
244.0
79.0
283.0
29.0
345.0
161.0
781.0
1284.0
594.0
361.0
1085.0
289.0
146.0
861.0
5334.0
5512.0
125.0
165.0
331.0
49.0
28.0
193.0
210.0
184.0
488.0
353.0
77.0
66.0
26.0
117.0
31.0
19.0
172.0
826.0
48.0
119.0
62.0
45.0
161.0
150.0
69.0
157.0
147.0
779.0
36.0
20.0
26.0
29.0
8.0
73.0
257.0
103.0
74.0
89.0
59.0
40.0
85.0
152.0
49.0
25.0
55.0
163.0
161.0
110.0
81.0
126.0
48.0
62.0
1663.0
56.0
57.0
68.0
24.0
163.0
275.0
32.0
282.0
128.0
257.0
83.0
140.0
802.0
225.0
70.0
1274.0
132.0
115.0
68.0
87.0
122.0
19.0
258.0
198.0
497.0
1259.0
34.0
555.0
113.0
191.0
44.0
330.0
263.0
399.0
56.0
318.0
515.0
287.0
73.0
240.0
76.0
280.0
29.0
346.0
166.0
807.0
1258.0
568.0
348.0
1196.0
278.0
152.0
853.0
5310.0
5806.0
119.0
160.0
316.0
48.0
27.0
191.0
205.0
182.0
523.0
348.0
78.0
62.0
26.0
121.0
33.0
19.0
171.0
845.0
50.0
123.0
65.0
43.0
165.0
149.0
73.0
167.0
144.0
727.0
36.0
20.0
25.0
32.0
8.0
72.0
260.0
106.0
72.0
85.0
59.0
41.0
88.0
150.0
49.0
27.0
54.0
150.0
174.0
105.0
82.0
135.0
44.0
64.0
1525.0
59.0
59.0
70.0
25.0
159.0
277.0
32.0
283.0
128.0
257.0
80.0
137.0
761.0
212.0
70.0
1270.0
121.0
116.0
67.0
87.0
112.0
18.0
252.0
196.0
475.0
1334.0
34.0
548.0
112.0
182.0
44.0
334.0
251.0
384.0
59.0
313.0
519.0
281.0
69.0
239.0
81.0
288.0
28.0
372.0
166.0
813.0
1284.0
565.0
331.0
1173.0
272.0
151.0
825.0
5322.0
5568.0
120.0
172.0
328.0
51.0
27.0
185.0
226.0
183.0
508.0
370.0
76.0
63.0
25.0
120.0
33.0
19.0
171.0
834.0
52.0
125.0
62.0
46.0
165.0
147.0
75.0
156.0
152.0
799.0
37.0
20.0
24.0
31.0
8.0
74.0
268.0
104.0
71.0
89.0
55.0
40.0
89.0
144.0
45.0
25.0
53.0
157.0
171.0
109.0
79.0
131.0
46.0
64.0
1512.0
59.0
57.0
69.0
24.0
151.0
292.0
32.0
265.0
120.0
241.0
83.0
138.0
810.0
217.0
65.0
1232.0
127.0
126.0
70.0
91.0
120.0
19.0
262.0
194.0
504.0
1320.0
34.0
543.0
114.0
185.0
45.0
346.0
269.0
371.0
58.0
295.0
550.0
287.0
73.0
250.0
79.0
274.0
29.0
340.0
168.0
774.0
1385.0
595.0
339.0
1197.0
298.0
155.0
872.0
5337.0
5669.0
126.0
170.0
328.0
47.0
27.0
183.0
210.0
191.0
527.0
359.0
78.0
65.0
26.0
122.0
31.0
19.0
165.0
830.0
51.0
120.0
67.0
46.0
153.0
150.0
76.0
168.0
147.0
773.0
38.0
21.0
25.0
32.0
8.0
71.0
262.0
110.0
70.0
88.0
54.0
41.0
86.0
148.0
49.0
26.0
55.0
156.0
160.0
102.0
83.0
134.0
47.0
67.0
1551.0
56.0
58.0
71.0
25.0
164.0
278.0
32.0
279.0
125.0
251.0
81.0
137.0
789.0
209.0
71.0
1182.0
134.0
124.0
69.0
89.0
114.0
20.0
255.0
198.0
475.0
1240.0
33.0
548.0
109.0
174.0
47.0
350.0
266.0
396.0
61.0
299.0
531.0
278.0
69.0
230.0
79.0
278.0
28.0
351.0
167.0
777.0
1279.0
595.0
334.0
1130.0
290.0
144.0
808.0
5397.0
5935.0
127.0
172.0
307.0
47.0
27.0
181.0
207.0
195.0
484.0
339.0
74.0
61.0
27.0
119.0
32.0
20.0
167.0
873.0
52.0
125.0
63.0
44.0
157.0
147.0
70.0
156.0
142.0
754.0
38.0
21.0
25.0
31.0
8.0
74.0
274.0
108.0
71.0
85.0
54.0
40.0
82.0
149.0
46.0
26.0
53.0
150.0
163.0
106.0
81.0
130.0
45.0
66.0
1607.0
55.0
54.0
69.0
24.0
156.0
288.0
31.0
288.0
123.0
260.0
82.0
139.0
757.0
206.0
68.0
1189.0
133.0
126.0
69.0
93.0
115.0
19.0
261.0
206.0
476.0
1250.0
34.0
521.0
111.0
176.0
47.0
337.0
251.0
369.0
56.0
300.0
530.0
269.0
72.0
232.0
77.0
289.0
29.0
369.0
170.0
782.0
1383.0
599.0
361.0
1093.0
288.0
151.0
811.0
5029.0
5955.0
128.0
171.0
325.0
50.0
28.0
192.0
221.0
190.0
508.0
366.0
76.0
64.0
27.0
123.0
31.0
20.0
164.0
890.0
49.0
121.0
63.0
46.0
166.0
150.0
75.0
164.0
152.0
726.0
36.0
21.0
26.0
31.0
8.0
71.0
254.0
108.0
73.0
86.0
54.0
38.0
85.0
148.0
45.0
26.0
58.0
161.0
163.0
111.0
85.0
138.0
46.0
61.0
1585.0
57.0
54.0
71.0
24.0
165.0
288.0
32.0
277.0
118.0
256.0
80.0
130.0
789.0
217.0
67.0
1168.0
129.0
127.0
73.0
87.0
114.0
19.0
271.0
202.0
515.0
1219.0
35.0
535.0
109.0
177.0
44.0
323.0
258.0
389.0
57.0
291.0
522.0
289.0
74.0
236.0
76.0
283.0
27.0
365.0
167.0
839.0
1329.0
559.0
336.0
1110.0
294.0
157.0
844.0
5486.0
5869.0
131.0
164.0
321.0
48.0
29.0
184.0
218.0
185.0
496.0
341.0
74.0
66.0
27.0
124.0
32.0
20.0
179.0
874.0
49.0
121.0
65.0
44.0
164.0
144.0
74.0
156.0
143.0
751.0
37.0
20.0
24.0
31.0
8.0
69.0
250.0
112.0
74.0
89.0
55.0
41.0
82.0
142.0
49.0
27.0
53.0
154.0
163.0
111.0
80.0
129.0
47.0
66.0
1647.0
58.0
56.0
69.0
25.0
158.0
298.0
32.0
275.0
119.0
242.0
80.0
135.0
800.0
213.0
66.0
1227.0
128.0
122.0
67.0
90.0
116.0
19.0
263.0
197.0
486.0
1336.0
34.0
544.0
119.0
185.0
45.0
334.0
258.0
376.0
60.0
315.0
558.0
272.0
71.0
245.0
76.0
274.0
28.0
363.0
171.0
802.0
1317.0
564.0
350.0
1153.0
284.0
147.0
826.0
5381.0
5690.0
122.0
171.0
303.0
49.0
27.0
191.0
216.0
189.0
495.0
340.0
75.0
62.0
27.0
124.0
30.0
19.0
165.0
830.0
49.0
125.0
61.0
44.0
155.0
153.0
72.0
158.0
143.0
760.0
35.0
21.0
26.0
32.0
8.0
76.0
254.0
105.0
73.0
90.0
59.0
41.0
86.0
149.0
45.0
26.0
56.0
152.0
164.0
110.0
87.0
139.0
46.0
62.0
1642.0
54.0
54.0
68.0
26.0
162.0
284.0
33.0
277.0
124.0
244.0
78.0
130.0
817.0
215.0
64.0
1282.0
129.0
125.0
72.0
87.0
120.0
20.0
270.0
202.0
499.0
1258.0
34.0
538.0
112.0
175.0
48.0
327.0
247.0
364.0
59.0
319.0
545.0
278.0
70.0
245.0
76.0
274.0
28.0
374.0
173.0
840.0
1330.0
584.0
359.0
1158.0
274.0
159.0
869.0
5273.0
5475.0
120.0
157.0
322.0
50.0
28.0
192.0
219.0
184.0
525.0
365.0
75.0
63.0
26.0
125.0
33.0
20.0
169.0
847.0
51.0
118.0
66.0
44.0
157.0
141.0
73.0
167.0
141.0
726.0
37.0
20.0
24.0
30.0
8.0
74.0
274.0
105.0
69.0
87.0
54.0
41.0
86.0
154.0
48.0
27.0
55.0
162.0
165.0
101.0
81.0
135.0
46.0
64.0
1508.0
57.0
54.0
68.0
26.0
161.0
289.0
30.0
260.0
120.0
247.0
78.0
132.0
797.0
221.0
66.0
1286.0
134.0
120.0
70.0
90.0
114.0
20.0
261.0
206.0
504.0
1238.0
35.0
510.0
114.0
184.0
44.0
342.0
258.0
365.0
56.0
315.0
552.0
284.0
71.0
249.0
81.0
296.0
29.0
341.0
159.0
814.0
1362.0
579.0
339.0
1096.0
297.0
156.0
876.0
5423.0
5826.0
123.0
166.0
318.0
51.0
29.0
176.0
213.0
189.0
508.0
375.0
72.0
62.0
26.0
126.0
32.0
19.0
168.0
823.0
51.0
119.0
62.0
44.0
152.0
144.0
76.0
155.0
145.0
799.0
38.0
21.0
25.0
30.0
8.0
74.0
258.0
111.0
67.0
91.0
58.0
41.0
84.0
146.0
45.0
27.0
55.0
152.0
170.0
103.0
79.0
135.0
46.0
64.0
1583.0
55.0
54.0
65.0
24.0
159.0
296.0
31.0
266.0
124.0
253.0
76.0
132.0
786.0
223.0
71.0
1209.0
124.0
124.0
72.0
89.0
117.0
19.0
246.0
197.0
503.0
1218.0
36.0
506.0
110.0
187.0
45.0
327.0
263.0
390.0
60.0
307.0
543.0
267.0
76.0
252.0
76.0
281.0
28.0
352.0
169.0
809.0
1379.0
592.0
349.0
1083.0
300.0
154.0
803.0
5369.0
5891.0
126.0
169.0
323.0
46.0
27.0
177.0
209.0
181.0
495.0
343.0
76.0
67.0
26.0
120.0
31.0
20.0
173.0
875.0
51.0
130.0
67.0
43.0
158.0
150.0
71.0
153.0
147.0
777.0
38.0
21.0
26.0
32.0
8.0
73.0
273.0
105.0
69.0
88.0
58.0
38.0
82.0
151.0
45.0
27.0
57.0
152.0
161.0
106.0
82.0
129.0
48.0
64.0
1613.0
54.0
55.0
70.0
24.0
164.0
295.0
31.0
270.0
126.0
245.0
77.0
133.0
808.0
223.0
67.0
1287.0
129.0
121.0
73.0
92.0
119.0
20.0
249.0
191.0
502.0
1348.0
35.0
524.0
117.0
179.0
46.0
345.0
268.0
365.0
56.0
289.0
544.0
287.0
75.0
242.0
79.0
289.0
28.0
374.0
173.0
824.0
1323.0
576.0
353.0
1194.0
290.0
148.0
819.0
5273.0
5903.0
125.0
168.0
324.0
47.0
28.0
184.0
214.0
186.0
528.0
365.0
74.0
65.0
27.0
123.0
33.0
20.0
177.0
837.0
50.0
128.0
66.0
43.0
163.0
150.0
69.0
153.0
149.0
773.0
37.0
21.0
24.0
31.0
8.0
73.0
250.0
112.0
68.0
89.0
56.0
38.0
86.0
142.0
46.0
26.0
57.0
154.0
175.0
109.0
85.0
134.0
48.0
65.0
1651.0
58.0
57.0
68.0
26.0
155.0
275.0
33.0
286.0
125.0
258.0
82.0
133.0
823.0
221.0
65.0
1240.0
121.0
121.0
68.0
91.0
112.0
20.0
270.0
196.0
496.0
1238.0
34.0
513.0
112.0
174.0
47.0
319.0
245.0
392.0
58.0
320.0
542.0
277.0
73.0
231.0
82.0
296.0
28.0
341.0
170.0
780.0
1323.0
552.0
330.0
1155.0
272.0
146.0
872.0
5270.0
5680.0
124.0
162.0
303.0
46.0
28.0
182.0
219.0
177.0
523.0
345.0
79.0
61.0
25.0
128.0
33.0
20.0
164.0
823.0
53.0
126.0
63.0
44.0
165.0
147.0
69.0
160.0
149.0
739.0
38.0
21.0
25.0
31.0
8.0
69.0
256.0
112.0
74.0
86.0
56.0
39.0
88.0
153.0
45.0
25.0
56.0
164.0
159.0
111.0
83.0
126.0
46.0
67.0
1535.0
55.0
56.0
70.0
25.0
165.0
298.0
33.0
263.0
122.0
236.0
80.0
131.0
760.0
212.0
70.0
1202.0
133.0
124.0
69.0
86.0
116.0
20.0
252.0
193.0
486.0
1331.0
36.0
556.0
117.0
184.0
47.0
344.0
246.0
385.0
56.0
305.0
559.0
295.0
76.0
246.0
79.0
287.0
29.0
361.0
171.0
837.0
1392.0
582.0
341.0
1175.0
285.0
155.0
800.0
5264.0
5830.0
122.0
169.0
319.0
47.0
28.0
181.0
217.0
184.0
504.0
360.0
77.0
62.0
27.0
119.0
31.0
19.0
169.0
843.0
49.0
129.0
64.0
43.0
160.0
145.0
74.0
167.0
147.0
737.0
35.0
20.0
26.0
32.0
8.0
76.0
275.0
109.0
68.0
88.0
58.0
38.0
84.0
145.0
47.0
26.0
58.0
164.0
169.0
104.0
87.0
132.0
47.0
63.0
1561.0
57.0
56.0
69.0
25.0
154.0
278.0
33.0
281.0
128.0
239.0
77.0
132.0
764.0
211.0
69.0
1226.0
124.0
116.0
70.0
91.0
118.0
19.0
261.0
187.0
495.0
1309.0
36.0
556.0
110.0
181.0
44.0
341.0
256.0
396.0
60.0
312.0
558.0
275.0
76.0
252.0
78.0
276.0
27.0
350.0
168.0
773.0
1391.0
579.0
349.0
1177.0
301.0
152.0
869.0
4977.0
5808.0
130.0
167.0
305.0
49.0
28.0
191.0
206.0
195.0
531.0
351.0
77.0
63.0
27.0
117.0
33.0
19.0
165.0
888.0
52.0
129.0
67.0
45.0
159.0
141.0
76.0
166.0
149.0
792.0
37.0
21.0
26.0
32.0
8.0
75.0
259.0
108.0
71.0
89.0
58.0
41.0
82.0
148.0
47.0
26.0
58.0
150.0
163.0
108.0
79.0
126.0
45.0
62.0
1628.0
58.0
55.0
65.0
26.0
161.0
274.0
31.0
280.0
118.0
258.0
81.0
133.0
794.0
205.0
65.0
1253.0
124.0
125.0
73.0
93.0
122.0
19.0
270.0
191.0
485.0
1328.0
35.0
532.0
118.0
185.0
48.0
343.0
246.0
396.0
61.0
306.0
528.0
288.0
73.0
233.0
82.0
290.0
29.0
372.0
163.0
814.0
1308.0
555.0
352.0
1179.0
280.0
154.0
843.0
5315.0
5842.0
129.0
160.0
316.0
48.0
27.0
185.0
209.0
190.0
512.0
370.0
77.0
63.0
25.0
117.0
31.0
19.0
163.0
842.0
53.0
121.0
62.0
45.0
163.0
150.0
73.0
157.0
149.0
801.0
37.0
21.0
25.0
31.0
8.0
73.0
275.0
105.0
70.0
91.0
55.0
39.0
86.0
145.0
46.0
27.0
57.0
162.0
160.0
104.0
86.0
129.0
48.0
64.0
1549.0
56.0
57.0
66.0
24.0
151.0
272.0
31.0
283.0
125.0
241.0
82.0
131.0
816.0
203.0
69.0
1174.0
126.0
126.0
66.0
92.0
118.0
19.0
250.0
205.0
506.0
1307.0
36.0
509.0
120.0
180.0
46.0
323.0
263.0
374.0
57.0
297.0
553.0
278.0
76.0
247.0
81.0
302.0
27.0
355.0
163.0
769.0
1319.0
585.0
349.0
1100.0
293.0
158.0
797.0
5068.0
6008.0
119.0
172.0
318.0
50.0
27.0
183.0
216.0
196.0
499.0
342.0
79.0
64.0
25.0
120.0
32.0
19.0
173.0
881.0
49.0
126.0
62.0
42.0
166.0
148.0
70.0
161.0
140.0
747.0
36.0
20.0
25.0
30.0
8.0
75.0
257.0
105.0
72.0
85.0
55.0
41.0
89.0
150.0
46.0
25.0
58.0
158.0
167.0
103.0
80.0
136.0
48.0
67.0
1563.0
59.0
55.0
67.0
26.0
159.0
272.0
30.0
288.0
128.0
244.0
83.0
133.0
783.0
224.0
69.0
1281.0
129.0
127.0
68.0
87.0
118.0
19.0
264.0
196.0
513.0
1286.0
33.0
552.0
113.0
183.0
46.0
343.0
267.0
373.0
60.0
316.0
514.0
291.0
74.0
233.0
80.0
281.0
28.0
350.0
168.0
843.0
1315.0
549.0
350.0
1125.0
295.0
150.0
812.0
5336.0
5523.0
120.0
164.0
316.0
49.0
29.0
192.0
214.0
196.0
521.0
340.0
75.0
67.0
27.0
119.0
31.0
20.0
176.0
868.0
49.0
131.0
62.0
46.0
158.0
143.0
71.0
158.0
148.0
762.0
36.0
20.0
25.0
32.0
8.0
72.0
269.0
104.0
73.0
83.0
57.0
39.0
83.0
152.0
49.0
25.0
56.0
157.0
159.0
104.0
86.0
129.0
46.0
64.0
1638.0
56.0
58.0
67.0
24.0
151.0
279.0
30.0
263.0
123.0
244.0
83.0
138.0
776.0
208.0
69.0
1236.0
122.0
125.0
69.0
88.0
114.0
19.0
260.0
200.0
481.0
1292.0
34.0
521.0
118.0
191.0
44.0
350.0
264.0
383.0
58.0
308.0
547.0
272.0
75.0
234.0
76.0
290.0
28.0
368.0
159.0
761.0
1392.0
559.0
337.0
1092.0
284.0
146.0
813.0
5456.0
5497.0
125.0
162.0
324.0
49.0
28.0
177.0
208.0
185.0
511.0
347.0
72.0
62.0
25.0
123.0
31.0
20.0
179.0
883.0
53.0
126.0
65.0
42.0
167.0
142.0
74.0
166.0
142.0
773.0
37.0
21.0
25.0
30.0
8.0
74.0
257.0
112.0
68.0
83.0
59.0
39.0
88.0
146.0
46.0
27.0
54.0
151.0
169.0
107.0
80.0
134.0
45.0
67.0
1547.0
54.0
58.0
67.0
26.0
164.0
288.0
31.0
263.0
118.0
257.0
80.0
134.0
778.0
216.0
68.0
1279.0
132.0
118.0
70.0
86.0
120.0
20.0
251.0
199.0
488.0
1320.0
36.0
535.0
113.0
187.0
47.0
340.0
268.0
384.0
59.0
293.0
526.0
287.0
70.0
244.0
82.0
295.0
29.0
341.0
160.0
785.0
1385.0
579.0
338.0
1165.0
285.0
148.0
806.0
5326.0
5848.0
122.0
165.0
335.0
50.0
27.0
190.0
223.0
178.0
483.0
361.0
77.0
64.0
25.0
121.0
31.0
20.0
179.0
898.0
53.0
122.0
62.0
45.0
165.0
149.0
72.0
152.0
139.0
754.0
38.0
19.0
24.0
32.0
8.0
72.0
271.0
106.0
72.0
91.0
58.0
41.0
88.0
151.0
48.0
27.0
55.0
156.0
163.0
104.0
80.0
138.0
48.0
64.0
1532.0
57.0
59.0
65.0
24.0
165.0
295.0
32.0
288.0
118.0
258.0
81.0
140.0
754.0
215.0
71.0
1160.0
132.0
125.0
69.0
89.0
120.0
20.0
248.0
188.0
475.0
1317.0
33.0
545.0
110.0
182.0
47.0
342.0
267.0
380.0
56.0
295.0
558.0
280.0
72.0
239.0
78.0
275.0
28.0
346.0
166.0
795.0
1286.0
591.0
340.0
1115.0
279.0
147.0
873.0
5357.0
5947.0
131.0
165.0
322.0
50.0
29.0
194.0
215.0
183.0
531.0
347.0
73.0
64.0
27.0
119.0
33.0
20.0
162.0
897.0
49.0
128.0
61.0
45.0
165.0
149.0
74.0
167.0
144.0
798.0
38.0
20.0
24.0
29.0
8.0
69.0
272.0
106.0
71.0
90.0
57.0
39.0
84.0
145.0
47.0
26.0
56.0
160.0
161.0
108.0
84.0
138.0
47.0
62.0
1629.0
58.0
58.0
70.0
26.0
157.0
290.0
33.0
279.0
126.0
237.0
81.0
131.0
791.0
214.0
71.0
1221.0
127.0
115.0
67.0
86.0
113.0
19.0
271.0
195.0
492.0
1290.0
35.0
558.0
117.0
178.0
47.0
348.0
253.0
388.0
61.0
307.0
529.0
277.0
72.0
250.0
81.0
283.0
28.0
356.0
164.0
810.0
1265.0
586.0
348.0
1145.0
273.0
159.0
798.0
5409.0
5455.0
119.0
161.0
307.0
49.0
28.0
183.0
223.0
192.0
501.0
360.0
74.0
67.0
26.0
116.0
32.0
20.0
172.0
823.0
53.0
129.0
61.0
42.0
159.0
150.0
70.0
164.0
140.0
793.0
38.0
20.0
24.0
32.0
8.0
74.0
267.0
113.0
71.0
84.0
55.0
40.0
82.0
154.0
49.0
26.0
58.0
156.0
168.0
104.0
85.0
133.0
47.0
62.0
1561.0
57.0
54.0
65.0
26.0
165.0
282.0
31.0
287.0
120.0
250.0
77.0
138.0
781.0
206.0
71.0
1187.0
129.0
122.0
68.0
92.0
122.0
20.0
246.0
207.0
514.0
1225.0
33.0
549.0
117.0
181.0
46.0
351.0
262.0
371.0
59.0
297.0
528.0
273.0
72.0
235.0
77.0
287.0
29.0
362.0
163.0
843.0
1378.0
548.0
360.0
1149.0
301.0
153.0
829.0
5271.0
5528.0
119.0
161.0
317.0
47.0
27.0
185.0
208.0
177.0
504.0
372.0
79.0
62.0
26.0
125.0
32.0
19.0
173.0
903.0
53.0
124.0
66.0
44.0
158.0
154.0
71.0
157.0
140.0
791.0
35.0
21.0
26.0
31.0
8.0
69.0
256.0
108.0
73.0
91.0
54.0
39.0
81.0
140.0
49.0
27.0
58.0
154.0
172.0
109.0
79.0
132.0
48.0
63.0
1507.0
56.0
57.0
66.0
24.0
156.0
288.0
31.0
261.0
122.0
237.0
83.0
128.0
759.0
206.0
65.0
1275.0
129.0
122.0
69.0
90.0
111.0
19.0
253.0
205.0
470.0
1278.0
33.0
506.0
110.0
189.0
45.0
339.0
249.0
395.0
59.0
305.0
552.0
290.0
76.0
253.0
82.0
296.0
28.0
373.0
159.0
815.0
1292.0
577.0
333.0
1164.0
295.0
145.0
863.0
4998.0
5973.0
120.0
165.0
308.0
50.0
29.0
193.0
207.0
181.0
520.0
342.0
74.0
67.0
26.0
126.0
32.0
19.0
163.0
877.0
48.0
131.0
63.0
42.0
164.0
155.0
71.0
156.0
149.0
783.0
38.0
21.0
24.0
32.0
8.0
71.0
267.0
107.0
74.0
87.0
56.0
38.0
82.0
147.0
49.0
27.0
54.0
163.0
160.0
102.0
81.0
135.0
48.0
63.0
1586.0
55.0
54.0
64.0
26.0
151.0
294.0
31.0
269.0
119.0
249.0
83.0
129.0
757.0
218.0
71.0
1252.0
129.0
115.0
73.0
90.0
119.0
19.0
250.0
197.0
495.0
1313.0
33.0
523.0
118.0
175.0
47.0
350.0
258.0
363.0
58.0
297.0
524.0
294.0
71.0
252.0
82.0
283.0
28.0
339.0
163.0
820.0
1300.0
584.0
334.0
1168.0
298.0
152.0
831.0
5187.0
5468.0
129.0
165.0
325.0
47.0
28.0
179.0
208.0
193.0
512.0
372.0
75.0
66.0
25.0
117.0
32.0
18.0
178.0
882.0
52.0
121.0
62.0
44.0
162.0
145.0
76.0
152.0
139.0
760.0
35.0
20.0
26.0
32.0
8.0
74.0
259.0
107.0
69.0
87.0
54.0
37.0
83.0
148.0
47.0
25.0
55.0
155.0
172.0
103.0
87.0
133.0
45.0
66.0
1599.0
56.0
58.0
70.0
26.0
161.0
271.0
33.0
262.0
129.0
238.0
79.0
134.0
755.0
208.0
69.0
1199.0
134.0
126.0
73.0
92.0
114.0
19.0
266.0
205.0
470.0
1272.0
36.0
517.0
110.0
182.0
47.0
323.0
249.0
376.0
59.0
314.0
541.0
274.0
71.0
252.0
77.0
279.0
28.0
355.0
159.0
819.0
1387.0
559.0
328.0
1127.0
290.0
147.0
833.0
5219.0
5549.0
127.0
166.0
313.0
48.0
27.0
186.0
210.0
196.0
523.0
374.0
76.0
64.0
27.0
120.0
32.0
20.0
171.0
856.0
49.0
129.0
63.0
43.0
163.0
152.0
70.0
158.0
145.0
777.0
36.0
21.0
26.0
31.0
8.0
74.0
250.0
111.0
72.0
84.0
57.0
39.0
86.0
140.0
49.0
26.0
54.0
158.0
162.0
103.0
80.0
138.0
46.0
64.0
1626.0
59.0
58.0
69.0
26.0
154.0
277.0
33.0
266.0
124.0
259.0
81.0
137.0
783.0
217.0
68.0
1250.0
125.0
119.0
69.0
89.0
111.0
20.0
255.0
203.0
485.0
1228.0
36.0
556.0
115.0
181.0
45.0
322.0
259.0
368.0
60.0
310.0
540.0
274.0
73.0
237.0
82.0
301.0
29.0
359.0
167.0
786.0
1383.0
584.0
356.0
1165.0
299.0
155.0
875.0
5361.0
5877.0
131.0
169.0
335.0
47.0
29.0
184.0
214.0
177.0
505.0
361.0
78.0
61.0
27.0
116.0
31.0
20.0
165.0
887.0
53.0
126.0
64.0
43.0
157.0
143.0
75.0
153.0
148.0
747.0
36.0
21.0
25.0
30.0
8.0
74.0
254.0
107.0
71.0
86.0
59.0
40.0
88.0
143.0
49.0
27.0
58.0
149.0
165.0
111.0
86.0
138.0
48.0
61.0
1611.0
59.0
59.0
66.0
24.0
152.0
292.0
32.0
267.0
119.0
250.0
82.0
131.0
811.0
204.0
71.0
1269.0
122.0
118.0
71.0
91.0
121.0
19.0
257.0
187.0
478.0
1350.0
36.0
535.0
116.0
188.0
45.0
351.0
260.0
380.0
56.0
312.0
532.0
269.0
74.0
241.0
78.0
284.0
29.0
363.0
169.0
833.0
1377.0
598.0
334.0
1167.0
283.0
159.0
813.0
5492.0
5647.0
124.0
171.0
319.0
51.0
28.0
194.0
208.0
180.0
528.0
356.0
73.0
64.0
26.0
116.0
33.0
19.0
176.0
879.0
52.0
126.0
65.0
46.0
160.0
142.0
75.0
153.0
148.0
741.0
37.0
20.0
25.0
32.0
8.0
74.0
267.0
104.0
68.0
84.0
59.0
39.0
82.0
140.0
45.0
26.0
53.0
148.0
168.0
107.0
81.0
135.0
47.0
64.0
1604.0
54.0
56.0
65.0
24.0
162.0
281.0
32.0
262.0
130.0
236.0
77.0
130.0
755.0
204.0
71.0
1277.0
131.0
116.0
67.0
91.0
113.0
19.0
250.0
205.0
479.0
1348.0
34.0
537.0
113.0
178.0
46.0
332.0
254.0
363.0
56.0
290.0
510.0
272.0
71.0
242.0
81.0
284.0
29.0
344.0
173.0
781.0
1344.0
554.0
354.0
1165.0
274.0
159.0
831.0
4978.0
5629.0
119.0
164.0
329.0
51.0
27.0
181.0
218.0
191.0
509.0
368.0
72.0
66.0
25.0
124.0
33.0
18.0
170.0
816.0
52.0
119.0
64.0
45.0
154.0
155.0
72.0
156.0
150.0
785.0
37.0
20.0
26.0
32.0
8.0
75.0
274.0
111.0
71.0
89.0
59.0
38.0
88.0
140.0
48.0
25.0
58.0
151.0
170.0
108.0
81.0
127.0
47.0
63.0
1538.0
59.0
55.0
68.0
26.0
159.0
295.0
31.0
277.0
121.0
259.0
81.0
138.0
803.0
211.0
68.0
1228.0
134.0
118.0
70.0
92.0
120.0
20.0
264.0
199.0
495.0
1338.0
36.0
530.0
114.0
190.0
48.0
321.0
269.0
392.0
61.0
302.0
511.0
271.0
72.0
247.0
80.0
289.0
29.0
354.0
164.0
772.0
1303.0
542.0
351.0
1176.0
272.0
156.0
844.0
5026.0
5448.0
122.0
166.0
332.0
48.0
27.0
177.0
211.0
192.0
489.0
375.0
73.0
61.0
25.0
124.0
30.0
19.0
163.0
854.0
49.0
127.0
64.0
44.0
165.0
142.0
71.0
153.0
145.0
724.0
36.0
21.0
25.0
32.0
8.0
74.0
267.0
111.0
67.0
89.0
54.0
41.0
84.0
148.0
46.0
26.0
56.0
156.0
173.0
105.0
84.0
134.0
48.0
62.0
1651.0
58.0
57.0
64.0
25.0
156.0
293.0
33.0
281.0
123.0
246.0
76.0
129.0
828.0
218.0
67.0
1254.0
133.0
121.0
69.0
92.0
120.0
20.0
247.0
205.0
153.0
165.0
139.0
167.0
492.0
132.0
134.0
175.0
164.0
153.0
171.0
135.0
150.0
154.0
154.0
162.0
132.0
130.0
368.0
161.0
135.0
159.0
143.0
160.0
166.0
158.0
153.0
386.0
162.0
158.0
172.0
154.0
157.0
173.0
148.0
134.0
134.0
158.0
143.0
163.0
166.0
144.0
167.0
117.0
134.0
483.0
146.0
146.0
471.0
145.0
148.0
172.0
137.0
169.0
172.0
137.0
153.0
138.0
467.0
142.0
168.0
171.0
147.0
173.0
169.0
166.0
170.0
164.0
154.0
164.0
130.0
156.0
165.0
167.0
136.0
167.0
367.0
155.0
166.0
175.0
155.0
140.0
154.0
175.0
135.0
174.0
443.0
153.0
462.0
131.0
480.0
365.0
477.0
416.0
460.0
487.0
393.0
410.0
476.0
171.0
151.0
146.0
131.0
151.0
153.0
159.0
160.0
159.0
172.0
183.0
146.0
168.0
381.0
146.0
175.0
137.0
176.0
144.0
147.0
162.0
161.0
170.0
141.0
137.0
171.0
174.0
491.0
139.0
146.0
160.0
160.0
153.0
147.0
132.0
144.0
430.0
155.0
161.0
171.0
176.0
160.0
132.0
144.0
166.0
173.0
141.0
176.0
158.0
145.0
153.0
131.0
148.0
145.0
488.0
171.0
138.0
437.0
162.0
148.0
172.0
146.0
132.0
170.0
146.0
154.0
136.0
435.0
132.0
160.0
131.0
162.0
177.0
146.0
135.0
130.0
151.0
133.0
154.0
176.0
139.0
165.0
144.0
114.0
156.0
405.0
150.0
171.0
147.0
169.0
147.0
141.0
131.0
155.0
155.0
369.0
177.0
428.0
159.0
469.0
438.0
414.0
365.0
405.0
454.0
426.0
473.0
418.0
139.0
138.0
162.0
137.0
165.0
154.0
166.0
175.0
144.0
171.0
160.0
174.0
174.0
407.0
138.0
138.0
142.0
174.0
155.0
148.0
174.0
170.0
148.0
172.0
169.0
162.0
143.0
409.0
174.0
130.0
145.0
167.0
132.0
168.0
148.0
173.0
480.0
177.0
143.0
164.0
131.0
160.0
165.0
176.0
175.0
131.0
172.0
169.0
134.0
168.0
133.0
177.0
132.0
151.0
365.0
176.0
171.0
395.0
165.0
144.0
153.0
151.0
166.0
131.0
173.0
130.0
142.0
430.0
139.0
142.0
153.0
157.0
173.0
156.0
162.0
154.0
149.0
161.0
172.0
146.0
166.0
134.0
164.0
135.0
131.0
380.0
130.0
135.0
132.0
140.0
162.0
136.0
135.0
150.0
151.0
409.0
150.0
470.0
134.0
429.0
390.0
436.0
421.0
403.0
429.0
382.0
404.0
401.0
141.0
145.0
136.0
171.0
148.0
132.0
163.0
174.0
165.0
166.0
192.0
166.0
133.0
446.0
164.0
167.0
151.0
137.0
167.0
165.0
137.0
169.0
167.0
144.0
149.0
172.0
155.0
486.0
160.0
157.0
170.0
169.0
149.0
174.0
140.0
135.0
487.0
167.0
171.0
153.0
172.0
134.0
147.0
147.0
175.0
176.0
176.0
163.0
140.0
174.0
145.0
156.0
132.0
165.0
418.0
165.0
144.0
434.0
158.0
137.0
158.0
165.0
151.0
173.0
170.0
172.0
150.0
480.0
143.0
162.0
166.0
170.0
167.0
154.0
136.0
166.0
140.0
162.0
171.0
148.0
135.0
167.0
170.0
149.0
167.0
470.0
141.0
155.0
152.0
156.0
174.0
173.0
133.0
168.0
140.0
375.0
157.0
425.0
166.0
446.0
390.0
366.0
445.0
394.0
457.0
421.0
385.0
477.0
165.0
165.0
149.0
170.0
176.0
173.0
145.0
151.0
143.0
179.0
194.0
172.0
153.0
410.0
144.0
173.0
138.0
161.0
139.0
144.0
162.0
150.0
175.0
173.0
152.0
154.0
151.0
386.0
135.0
148.0
159.0
134.0
172.0
137.0
132.0
144.0
447.0
142.0
130.0
157.0
141.0
169.0
162.0
175.0
136.0
139.0
175.0
138.0
155.0
156.0
154.0
146.0
125.0
153.0
431.0
131.0
167.0
466.0
177.0
173.0
155.0
176.0
160.0
173.0
156.0
152.0
166.0
427.0
137.0
130.0
149.0
142.0
171.0
137.0
134.0
151.0
140.0
163.0
165.0
155.0
143.0
154.0
145.0
126.0
172.0
488.0
164.0
149.0
175.0
173.0
169.0
174.0
160.0
155.0
152.0
420.0
135.0
410.0
135.0
416.0
448.0
383.0
408.0
418.0
430.0
425.0
405.0
373.0
167.0
153.0
130.0
140.0
133.0
176.0
168.0
153.0
169.0
159.0
192.0
145.0
166.0
363.0
147.0
158.0
145.0
155.0
149.0
171.0
154.0
136.0
142.0
162.0
154.0
177.0
131.0
424.0
152.0
135.0
133.0
138.0
133.0
158.0
167.0
145.0
384.0
141.0
146.0
144.0
172.0
174.0
153.0
141.0
135.0
162.0
170.0
158.0
160.0
138.0
171.0
134.0
124.0
141.0
489.0
139.0
144.0
454.0
130.0
171.0
140.0
135.0
151.0
138.0
153.0
130.0
162.0
411.0
149.0
132.0
147.0
147.0
131.0
150.0
175.0
154.0
130.0
159.0
151.0
151.0
175.0
174.0
153.0
118.0
163.0
476.0
160.0
159.0
170.0
167.0
143.0
162.0
145.0
173.0
174.0
379.0
167.0
399.0
131.0
477.0
404.0
377.0
432.0
463.0
420.0
399.0
480.0
466.0
160.0
134.0
144.0
137.0
169.0
133.0
177.0
172.0
153.0
172.0
175.0
169.0
142.0
464.0
140.0
132.0
155.0
167.0
153.0
143.0
174.0
177.0
166.0
167.0
131.0
159.0
162.0
448.0
160.0
147.0
133.0
157.0
144.0
154.0
149.0
158.0
387.0
136.0
148.0
145.0
138.0
171.0
136.0
159.0
177.0
154.0
165.0
165.0
167.0
148.0
155.0
156.0
123.0
145.0
453.0
135.0
150.0
470.0
172.0
166.0
153.0
143.0
143.0
168.0
156.0
174.0
170.0
380.0
143.0
155.0
172.0
143.0
176.0
170.0
146.0
132.0
167.0
174.0
140.0
165.0
142.0
144.0
177.0
119.0
153.0
436.0
141.0
149.0
134.0
150.0
154.0
174.0
138.0
169.0
143.0
411.0
139.0
440.0
162.0
383.0
454.0
368.0
363.0
482.0
482.0
430.0
423.0
381.0
167.0
150.0
157.0
163.0
145.0
156.0
147.0
132.0
158.0
186.0
191.0
145.0
149.0
407.0
138.0
163.0
144.0
160.0
172.0
157.0
143.0
150.0
132.0
156.0
152.0
147.0
156.0
389.0
162.0
151.0
158.0
143.0
157.0
150.0
145.0
153.0
459.0
137.0
160.0
150.0
135.0
157.0
139.0
133.0
153.0
177.0
171.0
163.0
172.0
159.0
132.0
165.0
117.0
162.0
383.0
143.0
132.0
448.0
163.0
156.0
172.0
138.0
169.0
167.0
136.0
175.0
154.0
462.0
152.0
161.0
153.0
148.0
174.0
143.0
162.0
132.0
146.0
132.0
172.0
146.0
149.0
154.0
165.0
141.0
152.0
405.0
145.0
173.0
144.0
176.0
174.0
141.0
173.0
155.0
130.0
431.0
173.0
382.0
172.0
423.0
484.0
445.0
388.0
408.0
425.0
459.0
364.0
405.0
168.0
165.0
176.0
143.0
170.0
151.0
137.0
151.0
146.0
188.0
153.0
136.0
162.0
491.0
140.0
130.0
132.0
148.0
175.0
143.0
171.0
164.0
169.0
146.0
169.0
139.0
161.0
445.0
159.0
166.0
173.0
138.0
157.0
160.0
143.0
172.0
448.0
150.0
160.0
150.0
139.0
167.0
173.0
142.0
134.0
142.0
173.0
155.0
151.0
132.0
149.0
152.0
134.0
159.0
413.0
156.0
147.0
450.0
156.0
176.0
170.0
152.0
137.0
159.0
146.0
174.0
146.0
482.0
170.0
173.0
164.0
142.0
174.0
143.0
171.0
170.0
177.0
133.0
168.0
132.0
142.0
168.0
133.0
131.0
176.0
425.0
146.0
134.0
135.0
172.0
140.0
135.0
138.0
167.0
148.0
488.0
161.0
386.0
144.0
478.0
372.0
408.0
390.0
395.0
475.0
431.0
492.0
383.0
152.0
163.0
141.0
166.0
156.0
155.0
159.0
149.0
169.0
158.0
166.0
148.0
138.0
492.0
165.0
138.0
140.0
131.0
145.0
141.0
135.0
162.0
162.0
163.0
154.0
159.0
136.0
472.0
168.0
148.0
160.0
161.0
140.0
133.0
133.0
155.0
416.0
137.0
168.0
148.0
147.0
136.0
150.0
168.0
135.0
162.0
133.0
148.0
140.0
148.0
163.0
172.0
124.0
134.0
453.0
140.0
132.0
449.0
171.0
139.0
136.0
161.0
155.0
160.0
157.0
143.0
162.0
393.0
173.0
138.0
151.0
143.0
156.0
151.0
131.0
141.0
133.0
130.0
172.0
154.0
136.0
153.0
147.0
120.0
171.0
486.0
176.0
161.0
140.0
175.0
135.0
166.0
165.0
163.0
162.0
453.0
155.0
377.0
133.0
416.0
397.0
396.0
417.0
379.0
365.0
468.0
368.0
432.0
163.0
164.0
169.0
146.0
157.0
171.0
140.0
170.0
154.0
159.0
202.0
142.0
140.0
380.0
171.0
165.0
136.0
170.0
152.0
142.0
170.0
156.0
170.0
166.0
163.0
163.0
164.0
452.0
135.0
141.0
145.0
134.0
145.0
172.0
143.0
145.0
477.0
160.0
146.0
151.0
132.0
155.0
150.0
162.0
133.0
146.0
160.0
161.0
147.0
131.0
162.0
137.0
112.0
146.0
404.0
161.0
160.0
369.0
155.0
175.0
173.0
164.0
162.0
150.0
171.0
149.0
161.0
367.0
136.0
169.0
175.0
131.0
150.0
150.0
138.0
161.0
152.0
177.0
142.0
169.0
139.0
139.0
155.0
115.0
141.0
437.0
148.0
166.0
157.0
154.0
140.0
166.0
146.0
161.0
167.0
445.0
171.0
433.0
142.0
458.0
401.0
376.0
425.0
451.0
467.0
379.0
428.0
430.0
130.0
133.0
133.0
177.0
133.0
131.0
162.0
141.0
158.0
154.0
193.0
149.0
141.0
439.0
147.0
142.0
134.0
147.0
148.0
174.0
160.0
148.0
147.0
170.0
132.0
137.0
157.0
484.0
151.0
151.0
151.0
156.0
130.0
170.0
171.0
167.0
377.0
143.0
145.0
164.0
176.0
175.0
166.0
141.0
158.0
156.0
166.0
149.0
163.0
159.0
135.0
141.0
117.0
155.0
402.0
157.0
175.0
403.0
138.0
149.0
175.0
142.0
172.0
168.0
164.0
145.0
130.0
397.0
138.0
150.0
136.0
138.0
136.0
149.0
162.0
165.0
167.0
177.0
156.0
158.0
158.0
142.0
165.0
137.0
138.0
426.0
148.0
148.0
154.0
131.0
152.0
145.0
137.0
130.0
150.0
415.0
143.0
461.0
146.0
420.0
481.0
386.0
408.0
395.0
462.0
480.0
424.0
460.0
145.0
148.0
136.0
133.0
134.0
160.0
133.0
176.0
140.0
165.0
155.0
153.0
133.0
421.0
131.0
130.0
137.0
143.0
155.0
136.0
163.0
140.0
148.0
170.0
165.0
174.0
167.0
384.0
149.0
168.0
175.0
173.0
175.0
155.0
143.0
158.0
424.0
139.0
176.0
146.0
162.0
167.0
166.0
154.0
174.0
173.0
163.0
149.0
148.0
144.0
155.0
131.0
152.0
136.0
384.0
131.0
176.0
417.0
174.0
141.0
162.0
132.0
169.0
148.0
167.0
139.0
135.0
475.0
175.0
175.0
152.0
159.0
165.0
163.0
140.0
171.0
151.0
154.0
167.0
161.0
160.0
152.0
160.0
147.0
137.0
467.0
150.0
134.0
166.0
137.0
170.0
150.0
134.0
155.0
165.0
391.0
145.0
435.0
138.0
372.0
471.0
373.0
461.0
368.0
428.0
441.0
384.0
413.0
171.0
157.0
176.0
160.0
136.0
170.0
176.0
162.0
138.0
200.0
184.0
142.0
135.0
364.0
145.0
168.0
140.0
162.0
140.0
173.0
152.0
165.0
152.0
153.0
144.0
149.0
138.0
449.0
174.0
164.0
160.0
169.0
157.0
142.0
149.0
148.0
421.0
170.0
159.0
146.0
136.0
177.0
163.0
145.0
130.0
165.0
170.0
139.0
163.0
177.0
164.0
177.0
133.0
153.0
418.0
175.0
166.0
494.0
146.0
174.0
130.0
151.0
170.0
148.0
177.0
132.0
164.0
465.0
160.0
156.0
161.0
130.0
135.0
141.0
161.0
143.0
147.0
152.0
159.0
158.0
142.0
157.0
168.0
134.0
144.0
421.0
176.0
147.0
159.0
157.0
135.0
141.0
159.0
169.0
144.0
397.0
159.0
401.0
131.0
490.0
396.0
413.0
384.0
459.0
414.0
455.0
368.0
464.0
134.0
144.0
161.0
165.0
164.0
159.0
176.0
163.0
134.0
202.0
187.0
144.0
151.0
389.0
159.0
148.0
163.0
135.0
164.0
137.0
136.0
163.0
131.0
174.0
146.0
158.0
142.0
491.0
146.0
175.0
143.0
162.0
136.0
166.0
165.0
162.0
375.0
131.0
169.0
138.0
163.0
140.0
149.0
153.0
174.0
161.0
143.0
139.0
140.0
143.0
142.0
170.0
126.0
175.0
490.0
133.0
153.0
474.0
138.0
135.0
154.0
162.0
158.0
159.0
153.0
150.0
156.0
399.0
154.0
170.0
130.0
168.0
154.0
150.0
175.0
145.0
130.0
134.0
174.0
130.0
138.0
156.0
145.0
137.0
144.0
383.0
162.0
157.0
173.0
159.0
139.0
176.0
162.0
135.0
135.0
428.0
139.0
410.0
156.0
458.0
414.0
481.0
407.0
385.0
430.0
455.0
430.0
427.0
168.0
154.0
164.0
136.0
163.0
131.0
164.0
176.0
141.0
174.0
190.0
137.0
145.0
480.0
168.0
150.0
169.0
159.0
169.0
130.0
152.0
162.0
138.0
134.0
145.0
139.0
166.0
486.0
143.0
171.0
177.0
146.0
162.0
143.0
141.0
156.0
369.0
131.0
165.0
175.0
160.0
145.0
136.0
149.0
139.0
156.0
160.0
168.0
142.0
140.0
161.0
140.0
138.0
137.0
459.0
170.0
141.0
442.0
148.0
156.0
133.0
132.0
131.0
160.0
144.0
162.0
153.0
401.0
161.0
168.0
131.0
169.0
144.0
156.0
171.0
153.0
158.0
177.0
153.0
155.0
152.0
136.0
154.0
113.0
140.0
445.0
155.0
151.0
144.0
140.0
158.0
163.0
169.0
132.0
172.0
474.0
160.0
424.0
130.0
366.0
377.0
488.0
463.0
438.0
414.0
415.0
429.0
432.0
144.0
161.0
151.0
158.0
150.0
142.0
140.0
167.0
172.0
185.0
199.0
164.0
135.0
372.0
175.0
171.0
138.0
132.0
163.0
170.0
131.0
147.0
167.0
158.0
142.0
131.0
158.0
410.0
146.0
138.0
148.0
139.0
169.0
154.0
170.0
136.0
406.0
165.0
162.0
163.0
160.0
165.0
176.0
158.0
155.0
153.0
145.0
169.0
155.0
175.0
142.0
148.0
118.0
158.0
406.0
157.0
138.0
493.0
165.0
137.0
131.0
172.0
160.0
144.0
153.0
158.0
144.0
483.0
170.0
156.0
170.0
156.0
163.0
154.0
145.0
153.0
172.0
167.0
172.0
141.0
133.0
134.0
143.0
138.0
135.0
419.0
166.0
164.0
142.0
170.0
176.0
141.0
164.0
166.0
141.0
392.0
146.0
445.0
166.0
476.0
368.0
483.0
462.0
365.0
441.0
437.0
400.0
478.0
174.0
160.0
138.0
135.0
167.0
159.0
140.0
165.0
151.0
192.0
196.0
157.0
138.0
370.0
162.0
161.0
136.0
159.0
177.0
152.0
144.0
148.0
157.0
160.0
151.0
172.0
153.0
411.0
138.0
145.0
151.0
169.0
171.0
165.0
133.0
147.0
426.0
138.0
152.0
142.0
139.0
149.0
164.0
177.0
176.0
138.0
170.0
173.0
153.0
159.0
160.0
143.0
116.0
149.0
415.0
138.0
133.0
489.0
148.0
172.0
163.0
156.0
155.0
155.0
148.0
145.0
169.0
415.0
171.0
141.0
145.0
166.0
170.0
134.0
156.0
159.0
135.0
143.0
138.0
144.0
151.0
160.0
167.0
114.0
149.0
410.0
148.0
136.0
150.0
151.0
170.0
153.0
166.0
169.0
149.0
479.0
163.0
434.0
140.0
433.0
436.0
479.0
363.0
419.0
425.0
428.0
490.0
422.0
148.0
158.0
177.0
158.0
144.0
170.0
131.0
176.0
168.0
192.0
158.0
152.0
158.0
385.0
156.0
138.0
151.0
137.0
139.0
173.0
160.0
140.0
147.0
160.0
134.0
134.0
163.0
422.0
161.0
134.0
146.0
149.0
134.0
177.0
151.0
154.0
474.0
144.0
171.0
150.0
167.0
140.0
159.0
131.0
142.0
170.0
150.0
159.0
141.0
148.0
141.0
147.0
132.0
142.0
364.0
157.0
175.0
418.0
158.0
160.0
159.0
156.0
171.0
169.0
175.0
153.0
146.0
395.0
154.0
147.0
173.0
161.0
170.0
146.0
154.0
177.0
160.0
164.0
158.0
163.0
136.0
168.0
136.0
123.0
145.0
379.0
145.0
168.0
161.0
154.0
173.0
174.0
139.0
145.0
151.0
489.0
143.0
468.0
146.0
366.0
411.0
404.0
464.0
394.0
432.0
364.0
480.0
421.0
162.0
133.0
155.0
175.0
162.0
165.0
169.0
152.0
164.0
181.0
157.0
173.0
166.0
440.0
175.0
175.0
171.0
135.0
170.0
156.0
169.0
172.0
172.0
158.0
135.0
169.0
135.0
439.0
147.0
172.0
152.0
172.0
175.0
164.0
133.0
140.0
488.0
174.0
157.0
131.0
131.0
167.0
160.0
131.0
169.0
130.0
133.0
153.0
169.0
153.0
161.0
148.0
151.0
153.0
405.0
169.0
138.0
440.0
164.0
153.0
130.0
137.0
156.0
169.0
165.0
157.0
145.0
374.0
157.0
139.0
176.0
172.0
142.0
154.0
176.0
154.0
155.0
167.0
167.0
134.0
176.0
147.0
149.0
143.0
161.0
445.0
168.0
137.0
164.0
163.0
154.0
165.0
139.0
169.0
134.0
388.0
132.0
387.0
171.0
422.0
476.0
480.0
370.0
417.0
386.0
368.0
458.0
415.0
164.0
137.0
164.0
154.0
175.0
154.0
149.0
133.0
153.0
159.0
178.0
138.0
160.0
411.0
158.0
155.0
167.0
149.0
163.0
177.0
163.0
140.0
163.0
133.0
163.0
152.0
143.0
472.0
146.0
176.0
138.0
174.0
145.0
131.0
166.0
148.0
390.0
137.0
132.0
143.0
165.0
139.0
146.0
136.0
160.0
143.0
142.0
132.0
171.0
150.0
164.0
167.0
122.0
131.0
395.0
131.0
163.0
370.0
156.0
168.0
136.0
165.0
147.0
137.0
153.0
159.0
175.0
436.0
176.0
151.0
159.0
155.0
145.0
175.0
152.0
155.0
140.0
139.0
130.0
176.0
161.0
172.0
139.0
120.0
138.0
392.0
150.0
148.0
137.0
170.0
143.0
130.0
163.0
137.0
134.0
407.0
157.0
481.0
158.0
469.0
409.0
365.0
417.0
443.0
485.0
478.0
481.0
435.0
167.0
156.0
160.0
135.0
160.0
171.0
175.0
153.0
162.0
158.0
190.0
157.0
136.0
464.0
148.0
157.0
137.0
168.0
170.0
158.0
140.0
138.0
144.0
143.0
145.0
154.0
167.0
431.0
176.0
151.0
161.0
161.0
156.0
172.0
140.0
168.0
439.0
132.0
159.0
132.0
176.0
144.0
131.0
131.0
150.0
176.0
146.0
162.0
149.0
169.0
131.0
148.0
122.0
159.0
490.0
177.0
165.0
380.0
135.0
176.0
162.0
160.0
174.0
137.0
164.0
150.0
136.0
427.0
153.0
139.0
160.0
176.0
136.0
138.0
130.0
160.0
161.0
146.0
141.0
132.0
147.0
138.0
169.0
114.0
175.0
462.0
169.0
152.0
150.0
136.0
175.0
176.0
133.0
147.0
176.0
442.0
150.0
437.0
136.0
400.0
463.0
458.0
403.0
434.0
392.0
431.0
474.0
409.0
144.0
133.0
164.0
155.0
173.0
147.0
144.0
147.0
167.0
153.0
181.0
138.0
140.0
410.0
172.0
144.0
130.0
138.0
135.0
152.0
164.0
152.0
148.0
152.0
135.0
141.0
169.0
467.0
143.0
173.0
147.0
162.0
160.0
134.0
137.0
158.0
475.0
169.0
149.0
176.0
164.0
144.0
133.0
134.0
169.0
169.0
165.0
132.0
144.0
160.0
174.0
159.0
142.0
158.0
419.0
131.0
159.0
372.0
145.0
131.0
146.0
149.0
132.0
140.0
173.0
166.0
155.0
476.0
134.0
159.0
133.0
135.0
131.0
152.0
175.0
140.0
136.0
139.0
152.0
138.0
157.0
174.0
137.0
144.0
161.0
384.0
142.0
139.0
170.0
165.0
170.0
148.0
154.0
173.0
137.0
385.0
141.0
400.0
156.0
444.0
434.0
469.0
382.0
479.0
426.0
485.0
373.0
387.0
177.0
146.0
144.0
132.0
152.0
149.0
164.0
141.0
160.0
191.0
173.0
175.0
166.0
444.0
153.0
144.0
176.0
171.0
158.0
173.0
163.0
141.0
164.0
148.0
141.0
132.0
153.0
367.0
144.0
132.0
172.0
161.0
149.0
170.0
163.0
173.0
437.0
134.0
172.0
136.0
131.0
161.0
166.0
159.0
170.0
143.0
143.0
134.0
130.0
161.0
136.0
152.0
129.0
137.0
395.0
152.0
143.0
381.0
130.0
145.0
139.0
168.0
147.0
176.0
152.0
157.0
148.0
430.0
151.0
136.0
137.0
141.0
143.0
170.0
175.0
145.0
132.0
141.0
147.0
152.0
133.0
141.0
142.0
117.0
155.0
370.0
138.0
148.0
177.0
156.0
159.0
136.0
149.0
145.0
131.0
447.0
151.0
384.0
150.0
432.0
465.0
429.0
405.0
404.0
367.0
364.0
373.0
435.0
173.0
143.0
174.0
135.0
165.0
158.0
146.0
174.0
136.0
204.0
173.0
156.0
169.0
489.0
148.0
174.0
165.0
143.0
176.0
168.0
168.0
157.0
141.0
138.0
140.0
149.0
158.0
455.0
134.0
145.0
170.0
163.0
154.0
137.0
142.0
134.0
475.0
143.0
158.0
136.0
153.0
146.0
158.0
160.0
152.0
162.0
151.0
174.0
158.0
155.0
176.0
174.0
120.0
159.0
442.0
162.0
158.0
471.0
154.0
171.0
154.0
176.0
159.0
157.0
156.0
130.0
169.0
434.0
150.0
131.0
136.0
169.0
177.0
170.0
152.0
142.0
169.0
148.0
136.0
152.0
177.0
162.0
150.0
118.0
158.0
434.0
163.0
174.0
169.0
134.0
134.0
173.0
157.0
161.0
149.0
490.0
149.0
489.0
140.0
372.0
470.0
385.0
491.0
424.0
377.0
449.0
437.0
416.0
135.0
152.0
173.0
158.0
158.0
154.0
149.0
175.0
137.0
176.0
163.0
168.0
130.0
412.0
163.0
136.0
173.0
136.0
174.0
136.0
132.0
158.0
143.0
147.0
158.0
141.0
136.0
411.0
155.0
133.0
149.0
130.0
169.0
160.0
153.0
162.0
464.0
156.0
164.0
159.0
149.0
171.0
138.0
173.0
149.0
142.0
143.0
152.0
151.0
164.0
160.0
146.0
120.0
157.0
366.0
163.0
164.0
424.0
158.0
141.0
137.0
132.0
155.0
153.0
168.0
152.0
169.0
470.0
157.0
162.0
173.0
166.0
142.0
150.0
142.0
176.0
156.0
141.0
139.0
137.0
149.0
171.0
165.0
130.0
145.0
369.0
168.0
152.0
153.0
147.0
146.0
164.0
136.0
165.0
153.0
393.0
143.0
483.0
138.0
421.0
475.0
430.0
409.0
483.0
483.0
381.0
439.0
420.0
138.0
141.0
150.0
137.0
152.0
161.0
142.0
147.0
158.0
168.0
164.0
161.0
158.0
387.0
151.0
175.0
169.0
132.0
170.0
138.0
169.0
168.0
131.0
170.0
139.0
133.0
137.0
365.0
132.0
135.0
171.0
176.0
147.0
140.0
151.0
166.0
460.0
146.0
130.0
159.0
131.0
138.0
140.0
156.0
138.0
153.0
131.0
132.0
175.0
131.0
144.0
146.0
132.0
152.0
399.0
162.0
130.0
393.0
145.0
175.0
165.0
131.0
150.0
130.0
152.0
157.0
149.0
375.0
162.0
172.0
161.0
171.0
152.0
165.0
133.0
131.0
167.0
164.0
144.0
158.0
157.0
160.0
161.0
123.0
169.0
384.0
138.0
155.0
155.0
144.0
164.0
132.0
157.0
161.0
139.0
399.0
140.0
473.0
131.0
441.0
407.0
428.0
468.0
428.0
438.0
454.0
430.0
399.0
153.0
160.0
164.0
146.0
134.0
132.0
171.0
166.0
166.0
188.0
173.0
148.0
173.0
432.0
136.0
164.0
157.0
149.0
166.0
145.0
162.0
131.0
164.0
159.0
139.0
136.0
173.0
370.0
174.0
174.0
159.0
141.0
171.0
173.0
167.0
157.0
398.0
145.0
133.0
136.0
171.0
164.0
175.0
143.0
138.0
159.0
142.0
169.0
148.0
172.0
150.0
133.0
127.0
146.0
441.0
175.0
143.0
372.0
150.0
169.0
131.0
136.0
175.0
137.0
132.0
162.0
145.0
451.0
147.0
171.0
157.0
176.0
140.0
165.0
152.0
161.0
143.0
145.0
166.0
147.0
136.0
147.0
139.0
124.0
143.0
440.0
152.0
145.0
142.0
149.0
165.0
149.0
144.0
139.0
158.0
377.0
164.0
364.0
144.0
458.0
368.0
368.0
490.0
434.0
423.0
391.0
486.0
373.0
137.0
171.0
146.0
172.0
157.0
146.0
170.0
141.0
167.0
193.0
205.0
175.0
144.0
442.0
145.0
136.0
138.0
171.0
134.0
157.0
139.0
152.0
130.0
175.0
153.0
157.0
135.0
414.0
172.0
139.0
174.0
159.0
164.0
159.0
162.0
137.0
377.0
133.0
173.0
132.0
170.0
152.0
149.0
134.0
144.0
130.0
159.0
165.0
135.0
140.0
155.0
171.0
130.0
161.0
367.0
147.0
149.0
394.0
137.0
169.0
150.0
174.0
159.0
153.0
174.0
153.0
157.0
428.0
166.0
137.0
166.0
146.0
174.0
164.0
132.0
152.0
167.0
149.0
138.0
166.0
156.0
138.0
159.0
145.0
134.0
459.0
143.0
135.0
131.0
141.0
158.0
154.0
164.0
148.0
161.0
429.0
168.0
434.0
171.0
430.0
399.0
485.0
444.0
471.0
371.0
382.0
479.0
364.0
174.0
155.0
160.0
139.0
134.0
133.0
161.0
136.0
153.0
204.0
153.0
141.0
139.0
471.0
144.0
171.0
133.0
163.0
150.0
160.0
152.0
154.0
156.0
152.0
134.0
137.0
156.0
449.0
172.0
164.0
171.0
136.0
164.0
158.0
167.0
172.0
412.0
136.0
157.0
133.0
162.0
135.0
174.0
177.0
147.0
170.0
155.0
166.0
157.0
167.0
172.0
157.0
117.0
144.0
466.0
175.0
149.0
423.0
158.0
136.0
161.0
143.0
170.0
153.0
170.0
170.0
157.0
394.0
140.0
136.0
177.0
171.0
155.0
144.0
134.0
155.0
159.0
139.0
175.0
176.0
132.0
170.0
165.0
120.0
140.0
439.0
171.0
145.0
140.0
171.0
160.0
136.0
145.0
174.0
159.0
406.0
168.0
372.0
137.0
433.0
438.0
458.0
389.0
409.0
449.0
390.0
368.0
413.0
163.0
149.0
164.0
162.0
138.0
173.0
147.0
139.0
140.0
165.0
173.0
139.0
144.0
412.0
161.0
162.0
152.0
166.0
173.0
137.0
174.0
136.0
173.0
160.0
159.0
137.0
141.0
419.0
155.0
163.0
170.0
174.0
136.0
139.0
153.0
131.0
419.0
145.0
171.0
152.0
176.0
175.0
134.0
136.0
145.0
150.0
155.0
151.0
152.0
140.0
155.0
138.0
127.0
155.0
427.0
152.0
167.0
457.0
175.0
159.0
152.0
152.0
131.0
131.0
135.0
174.0
148.0
457.0
138.0
144.0
139.0
168.0
155.0
165.0
135.0
131.0
167.0
155.0
140.0
145.0
150.0
165.0
143.0
148.0
139.0
476.0
168.0
155.0
164.0
142.0
173.0
157.0
164.0
150.0
164.0
425.0
159.0
390.0
138.0
416.0
450.0
431.0
367.0
401.0
383.0
424.0
467.0
455.0
136.0
163.0
164.0
174.0
139.0
140.0
131.0
159.0
148.0
176.0
160.0
148.0
148.0
466.0
156.0
161.0
149.0
145.0
159.0
158.0
152.0
147.0
135.0
147.0
134.0
155.0
175.0
482.0
153.0
147.0
172.0
149.0
163.0
177.0
139.0
137.0
431.0
157.0
165.0
173.0
169.0
166.0
134.0
144.0
134.0
173.0
139.0
151.0
159.0
141.0
177.0
164.0
123.0
131.0
381.0
176.0
159.0
420.0
148.0
132.0
154.0
158.0
155.0
147.0
171.0
136.0
170.0
450.0
174.0
143.0
157.0
142.0
151.0
133.0
161.0
163.0
151.0
150.0
177.0
140.0
151.0
134.0
168.0
142.0
154.0
447.0
169.0
138.0
149.0
142.0
161.0
132.0
156.0
165.0
139.0
412.0
174.0
486.0
135.0
423.0
476.0
476.0
466.0
437.0
381.0
480.0
400.0
456.0
154.0
172.0
133.0
156.0
130.0
141.0
161.0
160.0
158.0
206.0
175.0
135.0
158.0
442.0
131.0
164.0
145.0
147.0
171.0
139.0
144.0
172.0
156.0
148.0
161.0
152.0
170.0
439.0
170.0
154.0
168.0
163.0
165.0
131.0
153.0
170.0
420.0
176.0
173.0
132.0
169.0
161.0
170.0
158.0
150.0
135.0
165.0
172.0
132.0
157.0
175.0
138.0
127.0
164.0
365.0
162.0
159.0
414.0
151.0
156.0
158.0
156.0
156.0
169.0
131.0
148.0
142.0
470.0
175.0
131.0
159.0
162.0
152.0
167.0
169.0
163.0
140.0
132.0
177.0
173.0
145.0
152.0
147.0
144.0
163.0
473.0
156.0
155.0
130.0
157.0
156.0
164.0
154.0
157.0
151.0
430.0
166.0
467.0
152.0
367.0
483.0
379.0
440.0
365.0
466.0
408.0
475.0
391.0
149.0
168.0
132.0
137.0
144.0
164.0
156.0
137.0
174.0
202.0
181.0
155.0
134.0
391.0
149.0
168.0
169.0
149.0
169.0
131.0
170.0
173.0
139.0
153.0
167.0
156.0
152.0
455.0
133.0
166.0
138.0
139.0
156.0
149.0
139.0
162.0
449.0
137.0
155.0
153.0
172.0
149.0
158.0
142.0
137.0
138.0
157.0
159.0
177.0
173.0
162.0
132.0
141.0
166.0
447.0
135.0
141.0
444.0
165.0
136.0
160.0
155.0
172.0
155.0
152.0
134.0
171.0
445.0
159.0
136.0
174.0
166.0
157.0
137.0
167.0
169.0
158.0
159.0
175.0
154.0
159.0
147.0
158.0
114.0
150.0
405.0
133.0
142.0
135.0
141.0
164.0
131.0
174.0
160.0
130.0
423.0
134.0
469.0
156.0
465.0
363.0
397.0
488.0
386.0
390.0
467.0
427.0
415.0
171.0
153.0
171.0
176.0
155.0
176.0
168.0
131.0
156.0
202.0
205.0
145.0
154.0
418.0
160.0
169.0
153.0
134.0
148.0
134.0
161.0
166.0
174.0
136.0
142.0
168.0
153.0
449.0
142.0
146.0
155.0
161.0
158.0
133.0
131.0
136.0
475.0
157.0
137.0
173.0
148.0
170.0
170.0
139.0
168.0
170.0
160.0
149.0
175.0
157.0
170.0
174.0
139.0
173.0
476.0
150.0
152.0
399.0
136.0
150.0
153.0
167.0
136.0
152.0
155.0
154.0
157.0
397.0
176.0
176.0
142.0
133.0
170.0
175.0
157.0
168.0
161.0
149.0
168.0
151.0
140.0
170.0
136.0
130.0
174.0
443.0
148.0
160.0
150.0
173.0
136.0
156.0
177.0
154.0
132.0
401.0
160.0
406.0
137.0
410.0
444.0
439.0
414.0
487.0
441.0
371.0
386.0
455.0
132.0
161.0
142.0
133.0
145.0
145.0
130.0
156.0
157.0
206.0
200.0
154.0
159.0
398.0
157.0
149.0
137.0
172.0
151.0
165.0
133.0
175.0
172.0
161.0
170.0
173.0
161.0
431.0
176.0
156.0
175.0
155.0
146.0
150.0
134.0
144.0
439.0
158.0
142.0
137.0
135.0
155.0
170.0
135.0
143.0
162.0
142.0
145.0
167.0
168.0
137.0
137.0
124.0
145.0
424.0
138.0
136.0
381.0
173.0
170.0
136.0
172.0
154.0
159.0
142.0
143.0
153.0
451.0
157.0
177.0
163.0
165.0
151.0
164.0
141.0
149.0
152.0
172.0
169.0
176.0
133.0
141.0
150.0
116.0
131.0
399.0
136.0
138.0
145.0
158.0
169.0
158.0
177.0
138.0
165.0
417.0
177.0
382.0
161.0
451.0
387.0
375.0
401.0
468.0
485.0
418.0
401.0
448.0
177.0
153.0
165.0
131.0
162.0
160.0
141.0
173.0
145.0
165.0
194.0
168.0
166.0
406.0
176.0
158.0
144.0
159.0
176.0
136.0
137.0
166.0
177.0
145.0
159.0
142.0
132.0
423.0
147.0
152.0
158.0
134.0
155.0
151.0
148.0
157.0
454.0
160.0
135.0
139.0
155.0
159.0
167.0
155.0
140.0
159.0
167.0
146.0
161.0
137.0
171.0
139.0
146.0
141.0
492.0
164.0
151.0
380.0
136.0
174.0
131.0
140.0
138.0
148.0
160.0
165.0
176.0
463.0
165.0
152.0
142.0
149.0
152.0
152.0
148.0
164.0
131.0
154.0
157.0
155.0
157.0
171.0
155.0
146.0
162.0
438.0
143.0
157.0
160.0
141.0
174.0
137.0
166.0
132.0
152.0
381.0
167.0
467.0
165.0
398.0
490.0
439.0
441.0
406.0
401.0
483.0
415.0
388.0
130.0
147.0
162.0
158.0
151.0
161.0
153.0
157.0
171.0
165.0
197.0
160.0
159.0
419.0
131.0
138.0
174.0
173.0
148.0
154.0
144.0
131.0
169.0
169.0
133.0
131.0
164.0
451.0
159.0
162.0
148.0
162.0
157.0
146.0
146.0
142.0
449.0
159.0
167.0
165.0
137.0
158.0
161.0
149.0
140.0
154.0
140.0
167.0
154.0
170.0
145.0
162.0
136.0
149.0
417.0
168.0
148.0
389.0
131.0
155.0
158.0
165.0
162.0
150.0
167.0
176.0
171.0
368.0
156.0
164.0
177.0
132.0
171.0
158.0
140.0
153.0
168.0
163.0
159.0
133.0
134.0
155.0
140.0
126.0
177.0
491.0
162.0
161.0
167.0
137.0
161.0
175.0
166.0
164.0
147.0
453.0
142.0
460.0
157.0
464.0
427.0
393.0
386.0
382.0
367.0
382.0
387.0
400.0
141.0
138.0
158.0
170.0
172.0
167.0
156.0
148.0
172.0
172.0
201.0
156.0
174.0
403.0
159.0
153.0
145.0
153.0
149.0
141.0
145.0
152.0
172.0
137.0
171.0
142.0
131.0
371.0
146.0
164.0
158.0
146.0
175.0
159.0
171.0
142.0
473.0
136.0
149.0
140.0
163.0
146.0
147.0
168.0
132.0
170.0
163.0
163.0
174.0
162.0
157.0
177.0
112.0
175.0
402.0
145.0
139.0
411.0
169.0
169.0
138.0
173.0
168.0
134.0
174.0
166.0
157.0
404.0
155.0
145.0
153.0
154.0
176.0
147.0
159.0
152.0
136.0
148.0
160.0
160.0
175.0
140.0
155.0
128.0
132.0
434.0
152.0
143.0
131.0
177.0
152.0
173.0
160.0
172.0
159.0
386.0
169.0
479.0
138.0
410.0
414.0
473.0
382.0
439.0
411.0
365.0
396.0
483.0
176.0
145.0
130.0
154.0
143.0
171.0
171.0
135.0
175.0
181.0
163.0
154.0
135.0
372.0
158.0
172.0
160.0
131.0
140.0
137.0
171.0
146.0
159.0
162.0
154.0
151.0
149.0
487.0
162.0
162.0
134.0
140.0
134.0
156.0
148.0
134.0
433.0
164.0
135.0
150.0
131.0
166.0
153.0
154.0
145.0
154.0
152.0
168.0
170.0
146.0
143.0
173.0
113.0
135.0
396.0
175.0
172.0
464.0
130.0
173.0
172.0
174.0
139.0
169.0
168.0
172.0
144.0
396.0
130.0
169.0
165.0
170.0
147.0
140.0
158.0
143.0
167.0
165.0
137.0
170.0
166.0
132.0
174.0
122.0
175.0
412.0
176.0
173.0
144.0
164.0
152.0
132.0
142.0
139.0
168.0
368.0
145.0
445.0
143.0
443.0
458.0
439.0
399.0
444.0
490.0
423.0
368.0
476.0
169.0
142.0
149.0
167.0
168.0
137.0
171.0
151.0
131.0
205.0
163.0
164.0
148.0
379.0
131.0
167.0
138.0
138.0
154.0
154.0
164.0
133.0
171.0
173.0
151.0
146.0
142.0
393.0
161.0
138.0
158.0
171.0
131.0
136.0
169.0
158.0
391.0
174.0
144.0
161.0
150.0
171.0
170.0
157.0
163.0
140.0
167.0
169.0
150.0
150.0
139.0
169.0
151.0
133.0
457.0
163.0
165.0
363.0
145.0
177.0
140.0
165.0
148.0
133.0
143.0
156.0
170.0
474.0
138.0
149.0
130.0
159.0
134.0
176.0
153.0
142.0
166.0
136.0
162.0
170.0
132.0
172.0
132.0
112.0
176.0
434.0
155.0
165.0
176.0
150.0
138.0
156.0
147.0
166.0
171.0
473.0
167.0
408.0
166.0
415.0
476.0
366.0
418.0
364.0
474.0
403.0
394.0
448.0
131.0
155.0
151.0
169.0
149.0
150.0
163.0
134.0
160.0
153.0
163.0
158.0
149.0
364.0
161.0
147.0
168.0
155.0
174.0
165.0
136.0
155.0
163.0
168.0
148.0
132.0
158.0
384.0
146.0
166.0
174.0
141.0
173.0
132.0
169.0
167.0
399.0
147.0
137.0
157.0
169.0
137.0
163.0
137.0
135.0
143.0
167.0
147.0
140.0
162.0
170.0
133.0
122.0
168.0
467.0
173.0
172.0
381.0
141.0
150.0
136.0
158.0
132.0
162.0
173.0
170.0
150.0
386.0
169.0
174.0
168.0
131.0
152.0
142.0
142.0
137.0
136.0
144.0
167.0
144.0
148.0
156.0
146.0
124.0
156.0
387.0
132.0
148.0
158.0
174.0
169.0
169.0
164.0
172.0
166.0
402.0
155.0
387.0
169.0
420.0
448.0
489.0
442.0
436.0
438.0
479.0
401.0
459.0
149.0
147.0
133.0
152.0
134.0
171.0
159.0
166.0
170.0
172.0
181.0
139.0
165.0
426.0
154.0
153.0
156.0
138.0
131.0
162.0
149.0
171.0
158.0
156.0
168.0
141.0
174.0
415.0
138.0
143.0
153.0
175.0
172.0
146.0
146.0
135.0
399.0
142.0
149.0
131.0
151.0
148.0
141.0
139.0
166.0
170.0
141.0
143.0
133.0
171.0
155.0
135.0
122.0
172.0
415.0
158.0
170.0
382.0
165.0
150.0
154.0
174.0
169.0
144.0
155.0
147.0
157.0
492.0
176.0
160.0
174.0
152.0
138.0
136.0
144.0
161.0
138.0
161.0
166.0
140.0
163.0
174.0
168.0
120.0
175.0
473.0
170.0
141.0
173.0
139.0
154.0
161.0
174.0
138.0
157.0
401.0
143.0
401.0
133.0
479.0
420.0
486.0
374.0
484.0
416.0
472.0
478.0
463.0
161.0
154.0
161.0
135.0
175.0
141.0
138.0
147.0
158.0
182.0
193.0
141.0
158.0
431.0
147.0
168.0
130.0
159.0
147.0
172.0
140.0
140.0
153.0
139.0
132.0
154.0
142.0
367.0
133.0
160.0
140.0
136.0
137.0
163.0
147.0
132.0
424.0
141.0
172.0
145.0
151.0
154.0
174.0
132.0
139.0
147.0
176.0
170.0
153.0
166.0
139.0
136.0
130.0
132.0
478.0
150.0
152.0
452.0
156.0
173.0
164.0
134.0
166.0
149.0
166.0
155.0
139.0
482.0
172.0
151.0
131.0
164.0
130.0
156.0
152.0
145.0
155.0
165.0
166.0
152.0
148.0
151.0
154.0
138.0
144.0
364.0
160.0
164.0
158.0
145.0
163.0
159.0
156.0
164.0
134.0
466.0
175.0
370.0
151.0
483.0
380.0
488.0
448.0
438.0
376.0
392.0
435.0
418.0
136.0
169.0
165.0
161.0
132.0
153.0
136.0
138.0
138.0
164.0
192.0
147.0
160.0
406.0
137.0
163.0
150.0
157.0
176.0
151.0
148.0
150.0
144.0
137.0
139.0
176.0
165.0
478.0
168.0
149.0
159.0
175.0
141.0
159.0
164.0
143.0
372.0
135.0
150.0
132.0
164.0
137.0
151.0
149.0
135.0
140.0
134.0
164.0
173.0
160.0
152.0
139.0
117.0
158.0
494.0
137.0
144.0
414.0
144.0
132.0
158.0
170.0
146.0
144.0
164.0
144.0
141.0
423.0
149.0
153.0
139.0
166.0
167.0
139.0
164.0
132.0
171.0
156.0
150.0
168.0
143.0
155.0
170.0
151.0
157.0
451.0
164.0
145.0
175.0
142.0
147.0
155.0
141.0
159.0
162.0
393.0
143.0
495.0
156.0
397.0
420.0
414.0
475.0
443.0
424.0
390.0
486.0
408.0
138.0
158.0
172.0
137.0
157.0
174.0
163.0
146.0
154.0
185.0
195.0
156.0
172.0
412.0
176.0
144.0
175.0
166.0
171.0
143.0
146.0
134.0
170.0
138.0
172.0
156.0
143.0
494.0
138.0
131.0
134.0
157.0
163.0
167.0
132.0
157.0
451.0
135.0
175.0
133.0
138.0
158.0
154.0
167.0
139.0
165.0
144.0
148.0
149.0
164.0
155.0
149.0
120.0
172.0
367.0
158.0
174.0
403.0
132.0
137.0
160.0
131.0
166.0
173.0
156.0
139.0
144.0
368.0
141.0
154.0
170.0
157.0
139.0
165.0
147.0
149.0
140.0
138.0
160.0
151.0
161.0
173.0
160.0
130.0
174.0
378.0
176.0
149.0
142.0
135.0
144.0
159.0
173.0
156.0
139.0
473.0
146.0
395.0
173.0
388.0
468.0
397.0
372.0
441.0
465.0
428.0
493.0
481.0
163.0
168.0
147.0
139.0
146.0
143.0
155.0
164.0
153.0
174.0
175.0
155.0
131.0
366.0
171.0
162.0
150.0
159.0
141.0
165.0
137.0
131.0
136.0
171.0
167.0
161.0
162.0
441.0
156.0
138.0
137.0
146.0
169.0
157.0
134.0
132.0
436.0
167.0
132.0
154.0
167.0
171.0
131.0
149.0
173.0
144.0
142.0
133.0
132.0
144.0
153.0
151.0
138.0
176.0
376.0
160.0
154.0
469.0
142.0
147.0
167.0
156.0
169.0
175.0
137.0
169.0
161.0
447.0
176.0
175.0
151.0
157.0
158.0
163.0
152.0
154.0
139.0
171.0
163.0
147.0
134.0
144.0
141.0
140.0
131.0
409.0
175.0
148.0
144.0
131.0
167.0
155.0
141.0
147.0
144.0
436.0
164.0
467.0
134.0
396.0
479.0
417.0
429.0
458.0
459.0
430.0
413.0
364.0
164.0
172.0
139.0
156.0
144.0
154.0
156.0
167.0
136.0
195.0
199.0
165.0
149.0
420.0
168.0
133.0
146.0
171.0
130.0
139.0
131.0
137.0
164.0
152.0
136.0
149.0
152.0
409.0
175.0
133.0
151.0
135.0
175.0
145.0
153.0
157.0
491.0
155.0
142.0
176.0
149.0
166.0
175.0
163.0
135.0
155.0
149.0
171.0
136.0
144.0
168.0
158.0
117.0
155.0
388.0
161.0
143.0
407.0
141.0
174.0
132.0
164.0
149.0
165.0
132.0
147.0
139.0
478.0
173.0
139.0
133.0
132.0
175.0
142.0
156.0
136.0
166.0
161.0
141.0
142.0
148.0
152.0
167.0
143.0
161.0
377.0
151.0
151.0
155.0
144.0
141.0
157.0
172.0
175.0
135.0
494.0
168.0
368.0
165.0
480.0
433.0
374.0
425.0
483.0
443.0
381.0
367.0
395.0
165.0
156.0
157.0
154.0
152.0
144.0
152.0
154.0
165.0
154.0
198.0
147.0
169.0
449.0
154.0
155.0
152.0
170.0
154.0
164.0
168.0
167.0
150.0
159.0
167.0
134.0
171.0
373.0
173.0
167.0
171.0
141.0
158.0
171.0
146.0
148.0
444.0
143.0
165.0
171.0
139.0
131.0
133.0
144.0
168.0
151.0
167.0
168.0
168.0
168.0
163.0
177.0
126.0
170.0
428.0
134.0
144.0
481.0
158.0
139.0
138.0
160.0
166.0
165.0
174.0
166.0
135.0
456.0
164.0
136.0
173.0
166.0
151.0
173.0
145.0
132.0
175.0
131.0
152.0
155.0
138.0
169.0
130.0
140.0
153.0
490.0
134.0
177.0
146.0
158.0
173.0
158.0
152.0
158.0
156.0
413.0
158.0
403.0
136.0
467.0
432.0
387.0
463.0
431.0
447.0
384.0
391.0
469.0
153.0
157.0
160.0
161.0
175.0
141.0
175.0
133.0
136.0
194.0
173.0
136.0
172.0
383.0
131.0
166.0
164.0
163.0
148.0
143.0
159.0
138.0
152.0
134.0
158.0
130.0
155.0
403.0
157.0
147.0
170.0
168.0
154.0
159.0
137.0
151.0
470.0
137.0
144.0
136.0
131.0
146.0
152.0
176.0
159.0
174.0
139.0
176.0
164.0
158.0
158.0
160.0
121.0
132.0
481.0
162.0
147.0
484.0
130.0
166.0
170.0
168.0
171.0
164.0
176.0
155.0
162.0
480.0
159.0
176.0
135.0
144.0
167.0
171.0
157.0
139.0
177.0
143.0
164.0
166.0
134.0
134.0
171.0
120.0
175.0
388.0
176.0
164.0
137.0
154.0
155.0
152.0
166.0
176.0
152.0
403.0
165.0
383.0
159.0
416.0
433.0
493.0
458.0
493.0
484.0
364.0
480.0
388.0
141.0
176.0
174.0
151.0
149.0
158.0
137.0
174.0
158.0
153.0
158.0
136.0
138.0
386.0
130.0
156.0
152.0
138.0
149.0
170.0
158.0
139.0
143.0
141.0
131.0
169.0
171.0
487.0
173.0
155.0
167.0
160.0
149.0
172.0
145.0
161.0
391.0
169.0
167.0
143.0
145.0
156.0
157.0
177.0
160.0
161.0
175.0
134.0
175.0
172.0
134.0
164.0
124.0
172.0
468.0
135.0
172.0
369.0
159.0
175.0
139.0
166.0
163.0
176.0
149.0
148.0
150.0
484.0
176.0
136.0
154.0
177.0
158.0
131.0
155.0
137.0
165.0
156.0
155.0
168.0
132.0
153.0
156.0
150.0
158.0
423.0
140.0
158.0
146.0
162.0
152.0
145.0
139.0
140.0
143.0
495.0
130.0
480.0
130.0
380.0
389.0
392.0
424.0
425.0
402.0
410.0
368.0
457.0
161.0
171.0
158.0
151.0
152.0
161.0
153.0
163.0
141.0
188.0
182.0
168.0
175.0
452.0
145.0
147.0
148.0
131.0
147.0
146.0
173.0
152.0
131.0
135.0
150.0
156.0
140.0
414.0
165.0
164.0
137.0
158.0
161.0
156.0
162.0
148.0
480.0
175.0
147.0
169.0
133.0
142.0
163.0
170.0
165.0
156.0
158.0
175.0
144.0
157.0
175.0
132.0
143.0
146.0
449.0
137.0
144.0
482.0
171.0
137.0
162.0
132.0
171.0
133.0
132.0
177.0
135.0
390.0
174.0
147.0
146.0
150.0
176.0
165.0
161.0
147.0
139.0
168.0
139.0
135.0
156.0
173.0
146.0
113.0
137.0
411.0
145.0
152.0
154.0
175.0
175.0
154.0
146.0
157.0
140.0
393.0
143.0
441.0
172.0
378.0
391.0
462.0
408.0
402.0
367.0
443.0
414.0
365.0
145.0
157.0
153.0
151.0
173.0
149.0
136.0
165.0
164.0
185.0
192.0
172.0
173.0
465.0
160.0
130.0
152.0
149.0
143.0
159.0
173.0
143.0
173.0
156.0
146.0
154.0
136.0
438.0
148.0
133.0
173.0
137.0
158.0
130.0
154.0
166.0
402.0
139.0
139.0
153.0
135.0
170.0
173.0
141.0
155.0
145.0
158.0
157.0
147.0
175.0
139.0
161.0
141.0
132.0
477.0
164.0
131.0
365.0
144.0
138.0
150.0
154.0
146.0
137.0
136.0
174.0
169.0
438.0
167.0
164.0
168.0
139.0
131.0
139.0
142.0
172.0
158.0
131.0
136.0
130.0
172.0
157.0
141.0
124.0
160.0
419.0
143.0
134.0
130.0
137.0
143.0
146.0
164.0
132.0
173.0
383.0
158.0
413.0
160.0
437.0
459.0
401.0
434.0
468.0
402.0
425.0
437.0
410.0
155.0
144.0
139.0
157.0
155.0
132.0
168.0
150.0
172.0
160.0
186.0
174.0
139.0
478.0
150.0
142.0
133.0
131.0
132.0
149.0
142.0
177.0
167.0
140.0
162.0
159.0
151.0
466.0
172.0
172.0
177.0
169.0
132.0
136.0
148.0
152.0
414.0
134.0
153.0
153.0
173.0
154.0
141.0
171.0
157.0
165.0
131.0
151.0
158.0
160.0
144.0
174.0
114.0
163.0
474.0
145.0
153.0
403.0
130.0
167.0
172.0
154.0
138.0
158.0
136.0
151.0
176.0
414.0
141.0
174.0
132.0
174.0
152.0
132.0
152.0
147.0
149.0
151.0
145.0
149.0
161.0
144.0
152.0
152.0
160.0
383.0
133.0
150.0
146.0
150.0
137.0
131.0
159.0
164.0
141.0
456.0
135.0
476.0
132.0
367.0
440.0
467.0
426.0
476.0
447.0
365.0
448.0
409.0
132.0
143.0
154.0
134.0
132.0
145.0
158.0
159.0
146.0
169.0
178.0
153.0
165.0
363.0
145.0
175.0
158.0
174.0
165.0
150.0
161.0
131.0
147.0
161.0
159.0
153.0
134.0
421.0
172.0
171.0
133.0
160.0
139.0
167.0
172.0
151.0
475.0
150.0
176.0
138.0
143.0
174.0
169.0
146.0
157.0
158.0
153.0
162.0
159.0
173.0
172.0
167.0
144.0
143.0
433.0
160.0
146.0
479.0
149.0
155.0
133.0
172.0
137.0
154.0
165.0
139.0
164.0
493.0
156.0
138.0
141.0
171.0
143.0
137.0
167.0
140.0
138.0
168.0
141.0
155.0
166.0
153.0
148.0
116.0
131.0
380.0
175.0
173.0
154.0
153.0
148.0
136.0
149.0
159.0
147.0
397.0
174.0
494.0
150.0
395.0
380.0
444.0
406.0
403.0
371.0
491.0
463.0
400.0
141.0
168.0
162.0
160.0
148.0
174.0
156.0
156.0
142.0
194.0
202.0
157.0
164.0
485.0
142.0
177.0
161.0
151.0
142.0
164.0
145.0
150.0
154.0
147.0
175.0
166.0
158.0
491.0
136.0
168.0
134.0
140.0
177.0
169.0
158.0
150.0
398.0
159.0
145.0
161.0
171.0
159.0
154.0
150.0
150.0
155.0
161.0
133.0
177.0
138.0
156.0
165.0
145.0
134.0
446.0
160.0
173.0
376.0
167.0
169.0
172.0
177.0
130.0
161.0
137.0
168.0
149.0
372.0
153.0
152.0
146.0
168.0
166.0
173.0
171.0
151.0
177.0
169.0
161.0
135.0
138.0
151.0
139.0
144.0
167.0
411.0
159.0
176.0
151.0
139.0
132.0
165.0
160.0
149.0
162.0
474.0
174.0
470.0
142.0
389.0
443.0
428.0
484.0
473.0
416.0
385.0
363.0
409.0
161.0
134.0
169.0
138.0
151.0
148.0
141.0
153.0
173.0
156.0
181.0
154.0
155.0
382.0
177.0
139.0
159.0
170.0
141.0
132.0
139.0
158.0
176.0
143.0
157.0
149.0
134.0
434.0
167.0
163.0
172.0
137.0
161.0
171.0
135.0
136.0
451.0
133.0
132.0
133.0
152.0
172.0
160.0
132.0
164.0
137.0
166.0
159.0
177.0
163.0
168.0
136.0
123.0
139.0
386.0
139.0
170.0
367.0
160.0
139.0
156.0
140.0
156.0
160.0
139.0
153.0
133.0
397.0
144.0
131.0
141.0
173.0
134.0
175.0
154.0
164.0
140.0
132.0
132.0
131.0
130.0
150.0
157.0
116.0
142.0
404.0
140.0
167.0
149.0
174.0
138.0
132.0
174.0
145.0
132.0
486.0
150.0
448.0
165.0
455.0
422.0
475.0
456.0
389.0
368.0
409.0
366.0
410.0
168.0
169.0
177.0
155.0
171.0
134.0
166.0
163.0
168.0
154.0
170.0
147.0
163.0
476.0
134.0
177.0
170.0
131.0
153.0
132.0
161.0
172.0
168.0
132.0
172.0
163.0
164.0
404.0
133.0
163.0
148.0
137.0
132.0
137.0
151.0
173.0
477.0
169.0
162.0
164.0
143.0
141.0
155.0
144.0
167.0
148.0
160.0
172.0
173.0
144.0
136.0
147.0
120.0
137.0
431.0
169.0
134.0
471.0
171.0
149.0
155.0
158.0
136.0
137.0
136.0
175.0
168.0
373.0
148.0
154.0
168.0
169.0
168.0
135.0
166.0
150.0
147.0
146.0
175.0
144.0
153.0
159.0
145.0
120.0
154.0
402.0
165.0
135.0
144.0
132.0
137.0
175.0
148.0
142.0
142.0
459.0
132.0
477.0
137.0
442.0
483.0
383.0
456.0
474.0
390.0
471.0
476.0
460.0
161.0
148.0
134.0
170.0
161.0
151.0
158.0
145.0
136.0
190.0
156.0
174.0
152.0
412.0
130.0
143.0
142.0
174.0
137.0
140.0
155.0
169.0
142.0
146.0
135.0
155.0
138.0
419.0
136.0
170.0
158.0
166.0
162.0
156.0
133.0
173.0
404.0
168.0
163.0
154.0
168.0
159.0
165.0
174.0
149.0
154.0
145.0
133.0
151.0
156.0
162.0
145.0
117.0
158.0
436.0
170.0
169.0
449.0
142.0
156.0
130.0
163.0
163.0
140.0
132.0
165.0
169.0
494.0
138.0
169.0
158.0
130.0
154.0
174.0
168.0
168.0
163.0
146.0
150.0
173.0
175.0
137.0
138.0
144.0
142.0
396.0
144.0
130.0
135.0
145.0
137.0
131.0
136.0
145.0
175.0
422.0
135.0
403.0
147.0
415.0
472.0
393.0
430.0
388.0
415.0
435.0
493.0
478.0
170.0
154.0
143.0
168.0
153.0
153.0
153.0
170.0
137.0
197.0
178.0
154.0
143.0
452.0
151.0
134.0
162.0
162.0
136.0
131.0
177.0
155.0
163.0
160.0
163.0
170.0
175.0
489.0
173.0
174.0
172.0
158.0
140.0
175.0
142.0
167.0
440.0
155.0
135.0
165.0
175.0
159.0
170.0
147.0
173.0
161.0
175.0
169.0
163.0
143.0
133.0
142.0
137.0
138.0
486.0
133.0
138.0
397.0
166.0
146.0
168.0
162.0
171.0
137.0
133.0
148.0
150.0
401.0
156.0
176.0
176.0
141.0
166.0
130.0
134.0
153.0
171.0
161.0
172.0
168.0
141.0
163.0
165.0
140.0
164.0
364.0
141.0
147.0
157.0
139.0
137.0
130.0
135.0
132.0
139.0
480.0
162.0
477.0
148.0
477.0
435.0
468.0
464.0
402.0
447.0
466.0
459.0
393.0
150.0
174.0
169.0
158.0
141.0
137.0
140.0
162.0
170.0
174.0
204.0
132.0
137.0
377.0
164.0
168.0
142.0
151.0
131.0
173.0
141.0
146.0
150.0
156.0
156.0
168.0
165.0
418.0
159.0
165.0
137.0
169.0
139.0
138.0
164.0
141.0
458.0
173.0
164.0
172.0
153.0
163.0
154.0
130.0
142.0
167.0
150.0
145.0
132.0
131.0
148.0
158.0
113.0
137.0
433.0
156.0
154.0
386.0
170.0
144.0
166.0
141.0
164.0
130.0
137.0
134.0
177.0
470.0
162.0
176.0
163.0
171.0
176.0
176.0
161.0
136.0
139.0
165.0
165.0
145.0
164.0
136.0
145.0
117.0
146.0
438.0
145.0
160.0
141.0
172.0
165.0
145.0
139.0
159.0
164.0
434.0
166.0
478.0
155.0
493.0
392.0
436.0
468.0
432.0
447.0
408.0
401.0
451.0
149.0
172.0
158.0
148.0
175.0
174.0
169.0
132.0
156.0
169.0
164.0
164.0
155.0
411.0
171.0
133.0
137.0
173.0
153.0
162.0
174.0
165.0
162.0
155.0
153.0
155.0
173.0
455.0
166.0
160.0
156.0
174.0
149.0
175.0
150.0
148.0
478.0
171.0
174.0
164.0
136.0
135.0
148.0
150.0
138.0
176.0
147.0
172.0
174.0
141.0
146.0
167.0
115.0
153.0
414.0
169.0
168.0
377.0
142.0
162.0
159.0
172.0
172.0
163.0
169.0
134.0
141.0
366.0
138.0
140.0
161.0
176.0
164.0
140.0
166.0
160.0
176.0
156.0
141.0
149.0
132.0
148.0
162.0
144.0
138.0
368.0
135.0
152.0
160.0
141.0
144.0
165.0
156.0
171.0
135.0
470.0
154.0
404.0
156.0
411.0
373.0
448.0
386.0
425.0
376.0
487.0
389.0
479.0
166.0
172.0
145.0
133.0
137.0
143.0
176.0
167.0
161.0
203.0
202.0
162.0
159.0
387.0
173.0
161.0
175.0
156.0
145.0
163.0
151.0
137.0
156.0
147.0
147.0
162.0
164.0
419.0
144.0
139.0
145.0
132.0
155.0
148.0
142.0
162.0
376.0
161.0
169.0
152.0
160.0
167.0
152.0
175.0
160.0
136.0
146.0
141.0
145.0
167.0
131.0
172.0
148.0
136.0
368.0
149.0
150.0
403.0
162.0
130.0
156.0
176.0
163.0
167.0
143.0
149.0
162.0
476.0
131.0
151.0
130.0
167.0
170.0
133.0
137.0
156.0
167.0
157.0
139.0
173.0
143.0
164.0
137.0
134.0
147.0
397.0
152.0
170.0
145.0
151.0
160.0
173.0
148.0
175.0
169.0
382.0
141.0
494.0
133.0
454.0
405.0
414.0
422.0
413.0
449.0
411.0
492.0
494.0
154.0
176.0
157.0
138.0
158.0
147.0
132.0
132.0
160.0
185.0
153.0
155.0
164.0
435.0
145.0
172.0
157.0
130.0
135.0
176.0
167.0
142.0
174.0
139.0
162.0
153.0
143.0
383.0
134.0
132.0
163.0
160.0
153.0
140.0
131.0
137.0
398.0
133.0
157.0
149.0
169.0
167.0
157.0
143.0
133.0
131.0
166.0
143.0
142.0
162.0
130.0
157.0
132.0
177.0
454.0
169.0
137.0
453.0
174.0
167.0
174.0
166.0
169.0
138.0
168.0
138.0
159.0
386.0
153.0
139.0
133.0
173.0
149.0
159.0
168.0
154.0
153.0
173.0
139.0
155.0
176.0
167.0
175.0
117.0
141.0
385.0
171.0
133.0
136.0
139.0
132.0
144.0
163.0
130.0
160.0
391.0
172.0
391.0
173.0
394.0
458.0
424.0
418.0
445.0
390.0
423.0
382.0
457.0
171.0
142.0
138.0
166.0
157.0
173.0
150.0
148.0
132.0
178.0
152.0
174.0
150.0
393.0
160.0
156.0
163.0
158.0
139.0
165.0
159.0
167.0
135.0
158.0
163.0
160.0
134.0
479.0
154.0
173.0
171.0
177.0
174.0
168.0
159.0
142.0
414.0
175.0
132.0
177.0
146.0
170.0
163.0
153.0
143.0
148.0
177.0
165.0
131.0
140.0
153.0
165.0
122.0
170.0
486.0
141.0
154.0
494.0
136.0
171.0
132.0
142.0
135.0
158.0
138.0
147.0
165.0
364.0
138.0
159.0
151.0
137.0
171.0
177.0
165.0
148.0
148.0
142.0
169.0
132.0
159.0
130.0
143.0
136.0
156.0
435.0
167.0
153.0
156.0
169.0
141.0
135.0
177.0
130.0
172.0
419.0
130.0
424.0
139.0
396.0
389.0
367.0
430.0
381.0
460.0
489.0
363.0
419.0
174.0
174.0
141.0
131.0
144.0
132.0
145.0
166.0
166.0
185.0
191.0
151.0
159.0
363.0
166.0
131.0
132.0
152.0
136.0
160.0
161.0
170.0
131.0
130.0
141.0
139.0
140.0
469.0
150.0
158.0
156.0
132.0
161.0
154.0
164.0
142.0
467.0
170.0
142.0
140.0
163.0
171.0
149.0
157.0
172.0
155.0
166.0
153.0
152.0
139.0
164.0
134.0
126.0
130.0
462.0
158.0
157.0
433.0
168.0
137.0
170.0
137.0
162.0
173.0
168.0
164.0
145.0
468.0
166.0
175.0
162.0
130.0
164.0
130.0
147.0
143.0
133.0
132.0
130.0
144.0
132.0
161.0
153.0
149.0
139.0
452.0
147.0
137.0
137.0
151.0
164.0
167.0
149.0
168.0
173.0
406.0
142.0
406.0
152.0
459.0
473.0
427.0
398.0
466.0
465.0
471.0
468.0
406.0
140.0
145.0
131.0
164.0
140.0
158.0
147.0
134.0
146.0
174.0
172.0
141.0
152.0
471.0
162.0
156.0
175.0
135.0
131.0
174.0
154.0
164.0
140.0
165.0
160.0
156.0
159.0
403.0
150.0
172.0
162.0
151.0
130.0
172.0
137.0
134.0
366.0
163.0
140.0
169.0
172.0
133.0
168.0
141.0
161.0
157.0
163.0
175.0
171.0
159.0
138.0
135.0
138.0
154.0
378.0
157.0
167.0
486.0
153.0
132.0
172.0
135.0
169.0
170.0
157.0
152.0
154.0
392.0
138.0
132.0
131.0
145.0
131.0
150.0
146.0
131.0
157.0
139.0
138.0
168.0
136.0
148.0
165.0
134.0
154.0
486.0
146.0
161.0
132.0
153.0
161.0
160.0
137.0
138.0
173.0
465.0
161.0
438.0
135.0
372.0
378.0
459.0
486.0
370.0
366.0
446.0
387.0
418.0
164.0
142.0
166.0
160.0
142.0
153.0
156.0
168.0
160.0
178.0
190.0
153.0
138.0
468.0
133.0
150.0
168.0
137.0
152.0
176.0
157.0
176.0
168.0
138.0
175.0
142.0
136.0
431.0
140.0
166.0
141.0
163.0
148.0
173.0
160.0
145.0
411.0
158.0
169.0
166.0
143.0
146.0
156.0
148.0
136.0
157.0
169.0
133.0
142.0
175.0
174.0
145.0
125.0
145.0
418.0
140.0
159.0
391.0
131.0
159.0
136.0
146.0
132.0
141.0
157.0
153.0
144.0
437.0
142.0
149.0
138.0
144.0
152.0
135.0
133.0
165.0
176.0
143.0
138.0
176.0
163.0
176.0
162.0
122.0
153.0
438.0
160.0
155.0
166.0
163.0
140.0
142.0
149.0
173.0
171.0
478.0
138.0
369.0
165.0
422.0
418.0
403.0
455.0
449.0
371.0
370.0
375.0
472.0
176.0
161.0
160.0
172.0
135.0
154.0
134.0
146.0
149.0
185.0
164.0
163.0
174.0
479.0
155.0
170.0
174.0
155.0
162.0
158.0
167.0
167.0
152.0
175.0
177.0
167.0
176.0
370.0
165.0
172.0
138.0
137.0
159.0
140.0
174.0
148.0
407.0
146.0
154.0
171.0
136.0
163.0
170.0
177.0
154.0
157.0
133.0
173.0
168.0
143.0
142.0
131.0
150.0
162.0
425.0
153.0
173.0
370.0
136.0
141.0
134.0
137.0
162.0
130.0
159.0
165.0
134.0
422.0
134.0
143.0
147.0
144.0
149.0
135.0
143.0
176.0
163.0
165.0
138.0
151.0
148.0
170.0
136.0
147.0
134.0
494.0
144.0
152.0
169.0
155.0
168.0
176.0
155.0
169.0
166.0
376.0
176.0
491.0
152.0
490.0
494.0
447.0
373.0
466.0
477.0
435.0
410.0
366.0
163.0
176.0
156.0
162.0
145.0
131.0
164.0
155.0
156.0
195.0
156.0
164.0
143.0
411.0
141.0
158.0
152.0
168.0
151.0
176.0
132.0
174.0
164.0
142.0
159.0
169.0
141.0
468.0
172.0
166.0
177.0
168.0
159.0
135.0
144.0
148.0
443.0
144.0
140.0
163.0
159.0
150.0
156.0
139.0
156.0
131.0
145.0
155.0
141.0
151.0
157.0
158.0
130.0
158.0
482.0
160.0
152.0
481.0
155.0
157.0
163.0
132.0
142.0
170.0
155.0
164.0
170.0
440.0
158.0
143.0
166.0
162.0
157.0
139.0
136.0
145.0
170.0
165.0
156.0
167.0
138.0
138.0
174.0
147.0
142.0
414.0
153.0
175.0
135.0
175.0
168.0
163.0
153.0
164.0
147.0
379.0
157.0
443.0
132.0
490.0
494.0
401.0
416.0
386.0
455.0
465.0
478.0
450.0
141.0
136.0
136.0
159.0
162.0
170.0
142.0
138.0
171.0
