I_BRKGA_112_4_50_12_CESP
112 4 50 494.0
35062.5
35055.5
33175.5
35360.5
33331.5
29008.5
35068.5
34994.5
34252.5
31381.5
32746.5
35581.5
30687.5
33001.5
35557.5
33319.5
35129.5
35760.5
34412.5
34041.5
35378.5
32726.5
35020.5
34606.5
30632.5
30371.5
30763.5
29464.5
31617.5
34074.5
34648.5
30742.5
34366.5
29988.5
31002.5
34261.5
30793.5
33595.5
30865.5
34587.5
28940.5
34096.5
36146.5
31524.5
32023.5
34556.5
34256.5
34856.5
29446.5
31370.5
0.02060992330008669
0.01647168220572063
0.022992489633052216
0.01878219155375021
0.02375456080293476
0.019821582790562994
0.02098377385035406
0.017434576205123925
0.022511275966490267
0.01739236325621508
0.02183092894639846
0.01719019040895889
0.023499459471340443
0.016747252714030124
0.02325590005904087
0.01782416582676675
0.023169722702863237
0.017597903404915464
0.022518686084911033
0.01817525798932939
0.023875996626763093
0.016910952309659114
0.02018083123111882
0.01969033326481141
0.02056799568403859
0.018741477074923775
0.022695397585619156
0.017397349034611244
0.022548505162217423
0.016312755709195978
0.020597955034431667
0.018168033737876683
0.02018135536557428
0.01651408204755543
0.02257702997031636
0.016221316268653564
0.02100235438832135
0.01751573534899254
0.020331362522272103
0.017783398081348524
0.02337685522559346
0.01660254297880209
0.02087522609737301
0.016660205505707917
0.020664040562880834
0.017604820431736137
0.02383197192589623
0.016192803715007618
0.02278941426255577
0.029024015673300485
121.0
110.0
119.0
130.0
3842.0
29.0
1884.0
1957.0
494.0
1231.0
35.0
510.0
110.0
187.0
46.0
322.0
246.0
398.0
60.0
320.0
511.0
275.0
75.0
246.0
75.0
300.0
27.0
364.0
171.0
779.0
1278.0
564.0
330.0
1141.0
284.0
157.0
806.0
5362.0
5435.0
120.0
161.0
329.0
49.0
27.0
179.0
208.0
195.0
506.0
358.0
75.0
62.0
25.0
124.0
31.0
20.0
172.0
837.0
50.0
122.0
66.0
44.0
167.0
143.0
74.0
166.0
145.0
796.0
37.0
20.0
24.0
30.0
8.0
69.0
267.0
113.0
73.0
88.0
59.0
39.0
87.0
149.0
45.0
27.0
54.0
153.0
173.0
108.0
83.0
135.0
45.0
61.0
1656.0
54.0
57.0
65.0
26.0
158.0
280.0
32.0
280.0
128.0
250.0
79.0
133.0
817.0
209.0
64.0
1212.0
130.0
126.0
72.0
88.0
116.0
19.0
260.0
204.0
510.0
1306.0
34.0
544.0
110.0
185.0
44.0
329.0
268.0
371.0
59.0
319.0
509.0
269.0
75.0
247.0
81.0
302.0
28.0
355.0
165.0
770.0
1325.0
592.0
348.0
1193.0
278.0
147.0
790.0
5381.0
5515.0
121.0
159.0
335.0
50.0
29.0
182.0
211.0
189.0
496.0
347.0
77.0
63.0
26.0
116.0
31.0
19.0
166.0
882.0
52.0
120.0
63.0
45.0
166.0
140.0
70.0
168.0
153.0
765.0
35.0
21.0
26.0
30.0
8.0
70.0
254.0
103.0
71.0
84.0
58.0
38.0
83.0
149.0
48.0
27.0
58.0
152.0
160.0
104.0
85.0
135.0
44.0
63.0
1577.0
54.0
58.0
67.0
25.0
151.0
280.0
33.0
263.0
128.0
245.0
76.0
141.0
764.0
219.0
69.0
1178.0
134.0
127.0
70.0
87.0
119.0
18.0
267.0
192.0
477.0
1321.0
33.0
543.0
113.0
189.0
46.0
335.0
266.0
389.0
61.0
318.0
549.0
286.0
74.0
234.0
75.0
287.0
29.0
359.0
159.0
843.0
1271.0
554.0
351.0
1129.0
271.0
144.0
863.0
5096.0
5636.0
119.0
169.0
327.0
50.0
27.0
185.0
220.0
196.0
511.0
374.0
75.0
63.0
27.0
122.0
33.0
20.0
169.0
888.0
50.0
130.0
67.0
43.0
163.0
152.0
70.0
157.0
152.0
784.0
36.0
21.0
25.0
31.0
8.0
73.0
255.0
106.0
70.0
90.0
56.0
40.0
85.0
154.0
48.0
27.0
54.0
161.0
173.0
109.0
83.0
133.0
48.0
64.0
1609.0
58.0
55.0
66.0
26.0
155.0
294.0
31.0
286.0
119.0
243.0
78.0
138.0
805.0
222.0
65.0
1168.0
126.0
127.0
68.0
86.0
115.0
20.0
271.0
195.0
519.0
1336.0
34.0
544.0
117.0
192.0
46.0
333.0
254.0
397.0
61.0
289.0
526.0
288.0
69.0
230.0
81.0
277.0
27.0
345.0
159.0
798.0
1376.0
570.0
330.0
1195.0
271.0
156.0
856.0
5511.0
5520.0
122.0
165.0
305.0
47.0
28.0
191.0
217.0
184.0
491.0
365.0
79.0
62.0
27.0
122.0
31.0
20.0
176.0
835.0
49.0
122.0
67.0
42.0
165.0
142.0
72.0
162.0
142.0
761.0
35.0
20.0
26.0
30.0
8.0
69.0
266.0
111.0
68.0
87.0
59.0
38.0
82.0
150.0
47.0
25.0
55.0
156.0
160.0
103.0
79.0
129.0
47.0
63.0
1554.0
55.0
57.0
68.0
26.0
152.0
271.0
33.0
280.0
119.0
243.0
77.0
139.0
808.0
220.0
70.0
1170.0
122.0
120.0
70.0
91.0
112.0
18.0
267.0
196.0
501.0
1219.0
36.0
527.0
111.0
174.0
46.0
345.0
263.0
394.0
61.0
313.0
556.0
268.0
75.0
240.0
82.0
273.0
27.0
349.0
166.0
820.0
1374.0
557.0
359.0
1103.0
284.0
156.0
804.0
5132.0
5881.0
119.0
173.0
321.0
51.0
29.0
190.0
226.0
188.0
530.0
347.0
79.0
61.0
26.0
122.0
31.0
19.0
173.0
846.0
50.0
125.0
67.0
46.0
153.0
149.0
76.0
156.0
145.0
771.0
35.0
20.0
24.0
31.0
8.0
73.0
256.0
102.0
68.0
86.0
54.0
40.0
88.0
143.0
46.0
26.0
53.0
154.0
160.0
109.0
79.0
128.0
47.0
65.0
1522.0
55.0
54.0
65.0
25.0
167.0
284.0
33.0
286.0
123.0
243.0
82.0
140.0
796.0
215.0
65.0
1221.0
129.0
115.0
68.0
90.0
113.0
20.0
258.0
187.0
474.0
1281.0
35.0
548.0
113.0
192.0
45.0
321.0
266.0
365.0
56.0
295.0
539.0
272.0
72.0
235.0
75.0
275.0
29.0
355.0
170.0
828.0
1272.0
556.0
338.0
1162.0
272.0
158.0
791.0
5300.0
5876.0
125.0
162.0
310.0
51.0
29.0
193.0
206.0
192.0
494.0
374.0
73.0
64.0
26.0
125.0
31.0
19.0
171.0
876.0
49.0
127.0
66.0
46.0
161.0
145.0
72.0
166.0
148.0
746.0
36.0
20.0
26.0
32.0
8.0
72.0
268.0
105.0
69.0
86.0
55.0
37.0
87.0
140.0
46.0
27.0
55.0
151.0
165.0
105.0
82.0
129.0
45.0
67.0
1610.0
58.0
54.0
66.0
25.0
163.0
274.0
31.0
288.0
122.0
243.0
77.0
140.0
818.0
208.0
65.0
1228.0
134.0
123.0
71.0
93.0
114.0
19.0
249.0
194.0
484.0
1313.0
34.0
537.0
118.0
186.0
48.0
332.0
248.0
370.0
57.0
289.0
523.0
293.0
69.0
244.0
82.0
287.0
28.0
366.0
169.0
773.0
1301.0
564.0
328.0
1141.0
295.0
148.0
817.0
5191.0
5510.0
119.0
163.0
306.0
47.0
28.0
179.0
213.0
185.0
512.0
343.0
79.0
66.0
26.0
125.0
33.0
20.0
170.0
836.0
53.0
122.0
67.0
46.0
155.0
142.0
75.0
154.0
152.0
735.0
35.0
20.0
26.0
31.0
8.0
75.0
253.0
110.0
69.0
83.0
59.0
41.0
89.0
145.0
48.0
26.0
56.0
157.0
168.0
106.0
80.0
127.0
47.0
66.0
1609.0
56.0
59.0
70.0
26.0
159.0
280.0
32.0
283.0
120.0
247.0
81.0
135.0
784.0
221.0
66.0
1169.0
129.0
122.0
69.0
91.0
120.0
19.0
268.0
206.0
496.0
1337.0
33.0
509.0
115.0
179.0
44.0
321.0
251.0
385.0
57.0
296.0
515.0
283.0
74.0
240.0
76.0
285.0
27.0
360.0
166.0
795.0
1286.0
578.0
358.0
1181.0
297.0
144.0
871.0
5104.0
5969.0
128.0
170.0
331.0
47.0
28.0
193.0
207.0
192.0
533.0
357.0
77.0
62.0
27.0
121.0
32.0
19.0
178.0
841.0
51.0
123.0
64.0
45.0
155.0
147.0
71.0
155.0
140.0
803.0
36.0
19.0
25.0
32.0
8.0
75.0
274.0
113.0
73.0
82.0
59.0
40.0
81.0
152.0
47.0
26.0
55.0
161.0
170.0
108.0
86.0
132.0
48.0
65.0
1528.0
58.0
56.0
70.0
24.0
162.0
281.0
33.0
270.0
123.0
243.0
81.0
132.0
761.0
214.0
70.0
1246.0
131.0
121.0
73.0
90.0
112.0
20.0
266.0
191.0
501.0
1313.0
36.0
543.0
112.0
183.0
47.0
332.0
262.0
381.0
56.0
313.0
557.0
270.0
70.0
241.0
81.0
294.0
29.0
346.0
161.0
767.0
1262.0
589.0
330.0
1167.0
275.0
144.0
870.0
5262.0
5832.0
126.0
164.0
312.0
51.0
28.0
182.0
225.0
189.0
511.0
365.0
76.0
61.0
25.0
127.0
30.0
19.0
164.0
866.0
49.0
127.0
64.0
44.0
163.0
144.0
72.0
159.0
145.0
727.0
36.0
20.0
24.0
30.0
8.0
75.0
259.0
113.0
72.0
91.0
57.0
41.0
82.0
154.0
49.0
26.0
53.0
161.0
170.0
111.0
87.0
138.0
45.0
67.0
1606.0
54.0
59.0
71.0
26.0
151.0
288.0
32.0
265.0
121.0
243.0
83.0
133.0
814.0
222.0
66.0
1229.0
133.0
118.0
67.0
93.0
122.0
20.0
258.0
191.0
496.0
1291.0
33.0
517.0
112.0
191.0
45.0
329.0
246.0
375.0
58.0
294.0
507.0
293.0
73.0
251.0
78.0
277.0
28.0
363.0
166.0
810.0
1286.0
589.0
353.0
1141.0
283.0
147.0
863.0
5214.0
5763.0
131.0
173.0
324.0
47.0
29.0
188.0
205.0
184.0
484.0
353.0
77.0
64.0
26.0
116.0
33.0
19.0
171.0
904.0
52.0
120.0
67.0
43.0
164.0
154.0
71.0
163.0
138.0
786.0
37.0
21.0
26.0
31.0
8.0
70.0
256.0
113.0
68.0
89.0
57.0
41.0
87.0
147.0
48.0
27.0
56.0
164.0
171.0
104.0
79.0
134.0
45.0
61.0
1537.0
56.0
54.0
71.0
26.0
156.0
272.0
33.0
272.0
121.0
260.0
77.0
130.0
812.0
221.0
67.0
1222.0
124.0
121.0
68.0
90.0
121.0
18.0
249.0
192.0
517.0
1332.0
33.0
558.0
115.0
184.0
44.0
333.0
250.0
364.0
56.0
310.0
543.0
281.0
75.0
250.0
74.0
300.0
28.0
349.0
157.0
817.0
1374.0
552.0
333.0
1144.0
275.0
145.0
861.0
5162.0
6029.0
126.0
173.0
333.0
47.0
27.0
178.0
215.0
182.0
519.0
338.0
75.0
64.0
25.0
122.0
31.0
20.0
172.0
877.0
53.0
124.0
67.0
44.0
165.0
148.0
71.0
156.0
146.0
767.0
38.0
20.0
24.0
32.0
8.0
73.0
261.0
104.0
69.0
89.0
59.0
38.0
81.0
141.0
47.0
27.0
58.0
156.0
163.0
109.0
83.0
126.0
45.0
62.0
1657.0
59.0
59.0
69.0
24.0
152.0
290.0
31.0
281.0
127.0
257.0
76.0
135.0
752.0
213.0
71.0
1213.0
127.0
116.0
70.0
91.0
118.0
20.0
254.0
189.0
507.0
1286.0
36.0
537.0
110.0
178.0
46.0
345.0
264.0
379.0
61.0
312.0
525.0
284.0
72.0
241.0
80.0
291.0
28.0
366.0
165.0
791.0
1266.0
542.0
356.0
1092.0
272.0
144.0
811.0
5155.0
5526.0
120.0
157.0
312.0
48.0
28.0
186.0
214.0
190.0
530.0
350.0
74.0
65.0
27.0
119.0
30.0
20.0
176.0
884.0
48.0
126.0
65.0
44.0
160.0
152.0
69.0
165.0
142.0
791.0
36.0
21.0
24.0
30.0
8.0
75.0
259.0
106.0
69.0
83.0
57.0
38.0
85.0
142.0
49.0
25.0
57.0
158.0
169.0
108.0
85.0
130.0
48.0
67.0
1561.0
54.0
55.0
69.0
26.0
156.0
282.0
31.0
260.0
128.0
257.0
82.0
133.0
825.0
216.0
66.0
1174.0
126.0
116.0
71.0
88.0
115.0
20.0
264.0
188.0
489.0
1297.0
34.0
549.0
112.0
177.0
44.0
322.0
270.0
376.0
60.0
296.0
526.0
293.0
70.0
235.0
81.0
299.0
28.0
366.0
162.0
830.0
1272.0
574.0
354.0
1169.0
291.0
156.0
841.0
5440.0
5700.0
121.0
171.0
330.0
50.0
28.0
192.0
215.0
192.0
512.0
352.0
73.0
65.0
27.0
120.0
31.0
20.0
165.0
897.0
53.0
128.0
66.0
42.0
161.0
142.0
71.0
155.0
149.0
797.0
36.0
21.0
24.0
29.0
8.0
74.0
257.0
111.0
70.0
86.0
54.0
41.0
88.0
147.0
46.0
27.0
56.0
152.0
165.0
109.0
83.0
126.0
47.0
62.0
1660.0
59.0
59.0
65.0
25.0
164.0
277.0
30.0
273.0
129.0
243.0
77.0
132.0
804.0
225.0
70.0
1230.0
122.0
125.0
67.0
86.0
117.0
20.0
271.0
189.0
475.0
1288.0
34.0
513.0
117.0
192.0
46.0
327.0
248.0
401.0
58.0
290.0
556.0
280.0
74.0
238.0
81.0
288.0
27.0
354.0
163.0
835.0
1349.0
581.0
358.0
1121.0
296.0
151.0
822.0
5281.0
5976.0
121.0
161.0
331.0
51.0
27.0
182.0
207.0
191.0
490.0
352.0
73.0
65.0
25.0
122.0
31.0
19.0
175.0
820.0
51.0
127.0
63.0
43.0
157.0
148.0
72.0
168.0
146.0
787.0
38.0
20.0
26.0
31.0
8.0
73.0
271.0
108.0
74.0
85.0
55.0
41.0
81.0
141.0
48.0
27.0
57.0
156.0
167.0
104.0
85.0
133.0
46.0
63.0
1556.0
59.0
55.0
66.0
26.0
154.0
291.0
31.0
273.0
119.0
254.0
83.0
132.0
776.0
224.0
68.0
1251.0
125.0
119.0
72.0
88.0
112.0
19.0
257.0
193.0
507.0
1335.0
35.0
529.0
112.0
185.0
48.0
342.0
253.0
387.0
57.0
292.0
557.0
295.0
75.0
253.0
77.0
290.0
28.0
353.0
164.0
842.0
1389.0
593.0
350.0
1166.0
286.0
144.0
836.0
5459.0
5872.0
125.0
171.0
326.0
51.0
29.0
184.0
218.0
189.0
520.0
368.0
74.0
65.0
27.0
125.0
32.0
20.0
163.0
875.0
50.0
124.0
66.0
46.0
152.0
150.0
75.0
162.0
145.0
741.0
37.0
19.0
24.0
30.0
8.0
76.0
253.0
102.0
67.0
91.0
55.0
40.0
82.0
152.0
49.0
26.0
57.0
156.0
174.0
103.0
80.0
127.0
47.0
66.0
1663.0
56.0
55.0
71.0
26.0
161.0
273.0
32.0
267.0
122.0
236.0
78.0
138.0
755.0
221.0
69.0
1262.0
134.0
122.0
67.0
87.0
122.0
20.0
253.0
190.0
499.0
1218.0
33.0
531.0
112.0
192.0
44.0
334.0
264.0
373.0
59.0
301.0
535.0
289.0
71.0
238.0
79.0
298.0
28.0
364.0
171.0
836.0
1333.0
579.0
339.0
1149.0
278.0
150.0
858.0
5426.0
5549.0
129.0
164.0
329.0
47.0
27.0
190.0
211.0
180.0
501.0
357.0
77.0
65.0
25.0
117.0
32.0
20.0
175.0
834.0
53.0
124.0
65.0
43.0
158.0
155.0
76.0
165.0
146.0
802.0
35.0
20.0
26.0
30.0
8.0
73.0
260.0
113.0
70.0
86.0
55.0
40.0
81.0
141.0
46.0
25.0
55.0
162.0
175.0
102.0
84.0
133.0
45.0
64.0
1529.0
54.0
57.0
67.0
26.0
152.0
274.0
31.0
273.0
121.0
244.0
82.0
139.0
825.0
207.0
66.0
1206.0
127.0
126.0
70.0
86.0
119.0
20.0
264.0
197.0
514.0
1294.0
34.0
530.0
109.0
184.0
44.0
341.0
259.0
401.0
61.0
296.0
527.0
294.0
75.0
236.0
76.0
301.0
28.0
341.0
159.0
814.0
1380.0
581.0
362.0
1083.0
299.0
146.0
823.0
5020.0
5767.0
127.0
168.0
331.0
49.0
27.0
186.0
219.0
191.0
493.0
373.0
79.0
66.0
25.0
125.0
32.0
19.0
172.0
899.0
48.0
130.0
67.0
42.0
164.0
155.0
76.0
152.0
149.0
770.0
37.0
21.0
26.0
31.0
8.0
75.0
263.0
102.0
70.0
87.0
54.0
38.0
82.0
144.0
48.0
27.0
57.0
164.0
173.0
109.0
83.0
138.0
44.0
64.0
1556.0
58.0
55.0
70.0
25.0
152.0
274.0
32.0
261.0
126.0
258.0
83.0
139.0
802.0
210.0
65.0
1225.0
124.0
121.0
71.0
86.0
120.0
20.0
265.0
190.0
478.0
1267.0
34.0
560.0
110.0
190.0
45.0
345.0
262.0
367.0
58.0
311.0
513.0
280.0
74.0
251.0
78.0
289.0
29.0
341.0
162.0
839.0
1384.0
569.0
345.0
1086.0
294.0
155.0
850.0
5293.0
5955.0
124.0
159.0
320.0
47.0
29.0
193.0
208.0
181.0
508.0
352.0
74.0
63.0
26.0
119.0
32.0
20.0
165.0
820.0
49.0
120.0
64.0
45.0
161.0
153.0
72.0
157.0
150.0
746.0
36.0
21.0
26.0
30.0
8.0
72.0
276.0
107.0
69.0
90.0
54.0
39.0
83.0
146.0
49.0
26.0
57.0
155.0
168.0
109.0
80.0
129.0
48.0
66.0
1634.0
55.0
54.0
68.0
26.0
161.0
280.0
31.0
280.0
119.0
250.0
80.0
135.0
783.0
218.0
71.0
1227.0
122.0
121.0
71.0
89.0
121.0
19.0
256.0
199.0
479.0
1236.0
35.0
532.0
114.0
179.0
46.0
325.0
251.0
366.0
55.0
296.0
525.0
273.0
72.0
232.0
75.0
284.0
29.0
362.0
161.0
809.0
1323.0
545.0
358.0
1158.0
277.0
153.0
825.0
5389.0
5895.0
123.0
157.0
332.0
48.0
28.0
194.0
214.0
181.0
509.0
344.0
77.0
66.0
27.0
127.0
30.0
18.0
177.0
822.0
50.0
129.0
63.0
45.0
158.0
146.0
69.0
158.0
147.0
795.0
35.0
21.0
25.0
31.0
8.0
70.0
253.0
112.0
68.0
88.0
59.0
40.0
85.0
144.0
47.0
25.0
57.0
150.0
167.0
108.0
80.0
136.0
47.0
65.0
1646.0
54.0
56.0
69.0
24.0
160.0
297.0
31.0
282.0
130.0
243.0
77.0
130.0
769.0
223.0
67.0
1199.0
130.0
121.0
70.0
86.0
115.0
20.0
267.0
188.0
512.0
1264.0
34.0
540.0
120.0
186.0
46.0
332.0
255.0
371.0
56.0
313.0
554.0
290.0
76.0
233.0
78.0
297.0
27.0
342.0
164.0
812.0
1293.0
594.0
337.0
1145.0
299.0
155.0
810.0
5214.0
5788.0
121.0
159.0
333.0
49.0
29.0
189.0
226.0
186.0
519.0
340.0
76.0
62.0
27.0
116.0
32.0
19.0
174.0
869.0
50.0
119.0
62.0
46.0
163.0
148.0
73.0
165.0
141.0
800.0
37.0
20.0
26.0
30.0
8.0
73.0
277.0
111.0
73.0
86.0
57.0
39.0
82.0
140.0
45.0
26.0
56.0
163.0
169.0
108.0
86.0
138.0
48.0
65.0
1615.0
58.0
59.0
71.0
25.0
166.0
283.0
31.0
265.0
127.0
236.0
79.0
132.0
774.0
215.0
64.0
1230.0
127.0
115.0
66.0
86.0
119.0
20.0
252.0
188.0
474.0
1343.0
34.0
554.0
111.0
183.0
47.0
334.0
265.0
365.0
56.0
313.0
516.0
292.0
70.0
252.0
81.0
286.0
27.0
369.0
166.0
821.0
1318.0
544.0
328.0
1140.0
277.0
147.0
826.0
5024.0
5695.0
124.0
157.0
311.0
47.0
29.0
176.0
206.0
179.0
511.0
348.0
73.0
64.0
26.0
116.0
31.0
20.0
164.0
903.0
51.0
130.0
64.0
42.0
156.0
144.0
70.0
167.0
149.0
732.0
37.0
20.0
25.0
32.0
8.0
71.0
266.0
109.0
72.0
90.0
56.0
39.0
88.0
147.0
45.0
25.0
54.0
151.0
175.0
110.0
87.0
133.0
45.0
61.0
1524.0
59.0
58.0
68.0
24.0
158.0
283.0
30.0
270.0
130.0
236.0
78.0
132.0
825.0
204.0
66.0
1242.0
126.0
122.0
69.0
93.0
113.0
20.0
252.0
193.0
513.0
1309.0
36.0
544.0
117.0
180.0
48.0
327.0
247.0
393.0
61.0
299.0
550.0
279.0
69.0
240.0
75.0
296.0
27.0
338.0
168.0
817.0
1304.0
595.0
357.0
1196.0
288.0
156.0
832.0
5339.0
5442.0
120.0
161.0
308.0
51.0
27.0
177.0
215.0
186.0
530.0
340.0
75.0
64.0
27.0
121.0
31.0
19.0
169.0
884.0
48.0
123.0
64.0
44.0
154.0
154.0
69.0
155.0
153.0
791.0
35.0
20.0
26.0
32.0
8.0
74.0
264.0
105.0
67.0
91.0
54.0
39.0
81.0
143.0
47.0
26.0
56.0
152.0
173.0
103.0
82.0
131.0
47.0
67.0
1503.0
54.0
58.0
66.0
25.0
162.0
295.0
32.0
279.0
128.0
238.0
81.0
137.0
794.0
206.0
66.0
1240.0
129.0
120.0
73.0
94.0
112.0
19.0
251.0
189.0
511.0
1302.0
34.0
526.0
116.0
183.0
44.0
331.0
260.0
396.0
61.0
314.0
544.0
278.0
69.0
242.0
79.0
273.0
28.0
356.0
162.0
806.0
1362.0
544.0
338.0
1128.0
299.0
151.0
792.0
5194.0
5690.0
130.0
172.0
335.0
50.0
29.0
180.0
214.0
177.0
490.0
349.0
79.0
63.0
27.0
120.0
33.0
20.0
176.0
870.0
51.0
130.0
66.0
43.0
166.0
142.0
73.0
153.0
149.0
790.0
35.0
21.0
26.0
32.0
8.0
73.0
253.0
113.0
70.0
90.0
54.0
41.0
86.0
152.0
46.0
25.0
55.0
158.0
167.0
105.0
79.0
128.0
46.0
62.0
1657.0
59.0
54.0
71.0
26.0
162.0
287.0
32.0
280.0
119.0
251.0
81.0
140.0
761.0
203.0
70.0
1244.0
131.0
123.0
66.0
90.0
114.0
20.0
260.0
191.0
507.0
1312.0
35.0
560.0
116.0
181.0
48.0
325.0
251.0
378.0
60.0
315.0
548.0
293.0
76.0
234.0
80.0
285.0
28.0
363.0
162.0
765.0
1364.0
570.0
345.0
1122.0
278.0
144.0
828.0
5189.0
5522.0
120.0
165.0
318.0
50.0
27.0
192.0
222.0
188.0
518.0
346.0
73.0
62.0
27.0
122.0
33.0
19.0
169.0
841.0
53.0
122.0
64.0
45.0
163.0
155.0
74.0
152.0
148.0
776.0
36.0
19.0
26.0
32.0
8.0
71.0
257.0
108.0
68.0
87.0
58.0
39.0
87.0
149.0
49.0
27.0
56.0
157.0
163.0
101.0
87.0
135.0
44.0
66.0
1654.0
56.0
57.0
69.0
24.0
153.0
291.0
33.0
273.0
119.0
244.0
83.0
140.0
813.0
224.0
67.0
1275.0
128.0
125.0
68.0
87.0
121.0
19.0
255.0
196.0
499.0
1271.0
35.0
551.0
110.0
183.0
47.0
336.0
247.0
362.0
57.0
291.0
529.0
281.0
72.0
230.0
76.0
302.0
27.0
358.0
167.0
789.0
1282.0
583.0
357.0
1133.0
299.0
158.0
863.0
5331.0
5999.0
123.0
163.0
326.0
49.0
27.0
191.0
211.0
196.0
518.0
365.0
78.0
67.0
26.0
128.0
31.0
19.0
165.0
884.0
49.0
122.0
63.0
44.0
153.0
145.0
69.0
157.0
144.0
770.0
36.0
20.0
24.0
30.0
8.0
71.0
253.0
104.0
71.0
85.0
58.0
39.0
81.0
143.0
46.0
27.0
57.0
154.0
165.0
107.0
80.0
128.0
48.0
61.0
1597.0
56.0
58.0
65.0
24.0
162.0
292.0
32.0
288.0
128.0
239.0
82.0
131.0
768.0
221.0
67.0
1262.0
129.0
118.0
67.0
93.0
116.0
20.0
248.0
196.0
519.0
1268.0
34.0
521.0
112.0
189.0
47.0
349.0
252.0
394.0
61.0
295.0
553.0
280.0
74.0
238.0
77.0
282.0
28.0
375.0
161.0
826.0
1381.0
583.0
345.0
1163.0
298.0
144.0
851.0
5509.0
5688.0
130.0
163.0
313.0
50.0
28.0
190.0
220.0
186.0
527.0
373.0
74.0
66.0
26.0
119.0
32.0
20.0
168.0
874.0
49.0
123.0
66.0
45.0
165.0
148.0
71.0
168.0
139.0
774.0
37.0
21.0
25.0
30.0
8.0
73.0
274.0
113.0
71.0
91.0
54.0
38.0
87.0
140.0
45.0
25.0
58.0
148.0
160.0
108.0
85.0
139.0
45.0
67.0
1537.0
58.0
56.0
70.0
26.0
157.0
273.0
33.0
272.0
125.0
240.0
83.0
139.0
766.0
205.0
71.0
1163.0
131.0
120.0
69.0
88.0
115.0
18.0
266.0
206.0
489.0
1236.0
34.0
509.0
110.0
177.0
48.0
341.0
266.0
361.0
59.0
308.0
541.0
275.0
72.0
236.0
81.0
301.0
28.0
343.0
172.0
844.0
1373.0
551.0
334.0
1177.0
296.0
156.0
870.0
5512.0
5744.0
122.0
173.0
317.0
47.0
28.0
183.0
215.0
187.0
484.0
344.0
74.0
62.0
26.0
124.0
32.0
19.0
169.0
853.0
49.0
130.0
62.0
44.0
159.0
145.0
75.0
158.0
140.0
745.0
36.0
20.0
25.0
32.0
8.0
75.0
270.0
105.0
68.0
84.0
55.0
39.0
84.0
140.0
49.0
27.0
55.0
158.0
172.0
104.0
79.0
128.0
46.0
64.0
1582.0
58.0
55.0
71.0
25.0
159.0
299.0
32.0
274.0
118.0
247.0
76.0
133.0
765.0
216.0
69.0
1256.0
131.0
123.0
71.0
94.0
119.0
20.0
259.0
196.0
468.0
1245.0
35.0
509.0
116.0
188.0
47.0
322.0
256.0
370.0
55.0
289.0
554.0
282.0
69.0
248.0
80.0
275.0
28.0
350.0
159.0
835.0
1307.0
570.0
333.0
1120.0
293.0
153.0
806.0
5511.0
5446.0
122.0
162.0
322.0
51.0
27.0
194.0
208.0
180.0
505.0
349.0
77.0
65.0
27.0
124.0
31.0
19.0
171.0
834.0
51.0
123.0
62.0
44.0
165.0
150.0
71.0
168.0
141.0
743.0
35.0
21.0
26.0
31.0
8.0
69.0
257.0
104.0
72.0
90.0
56.0
39.0
87.0
153.0
48.0
27.0
54.0
163.0
172.0
103.0
81.0
132.0
45.0
66.0
1535.0
57.0
58.0
69.0
26.0
165.0
291.0
31.0
271.0
127.0
245.0
76.0
128.0
833.0
225.0
69.0
1265.0
132.0
115.0
67.0
86.0
120.0
20.0
263.0
188.0
505.0
1279.0
36.0
540.0
109.0
180.0
46.0
321.0
269.0
386.0
60.0
293.0
549.0
274.0
75.0
249.0
78.0
275.0
27.0
367.0
165.0
803.0
1278.0
560.0
344.0
1190.0
290.0
148.0
802.0
5303.0
5449.0
118.0
171.0
317.0
50.0
29.0
175.0
210.0
180.0
533.0
349.0
72.0
66.0
26.0
120.0
32.0
19.0
169.0
825.0
48.0
125.0
63.0
42.0
160.0
149.0
73.0
154.0
151.0
764.0
37.0
21.0
26.0
30.0
8.0
74.0
254.0
106.0
74.0
90.0
58.0
38.0
87.0
139.0
46.0
27.0
56.0
164.0
171.0
106.0
80.0
139.0
47.0
65.0
1597.0
54.0
57.0
68.0
25.0
158.0
288.0
33.0
262.0
123.0
236.0
83.0
130.0
823.0
213.0
71.0
1178.0
134.0
126.0
69.0
88.0
114.0
19.0
266.0
204.0
477.0
1296.0
35.0
538.0
119.0
182.0
45.0
348.0
260.0
371.0
60.0
317.0
532.0
273.0
75.0
233.0
77.0
284.0
27.0
357.0
158.0
764.0
1390.0
590.0
355.0
1091.0
280.0
147.0
831.0
5179.0
5983.0
123.0
156.0
335.0
48.0
28.0
175.0
221.0
184.0
499.0
354.0
78.0
61.0
25.0
118.0
32.0
19.0
175.0
838.0
50.0
125.0
66.0
46.0
158.0
148.0
71.0
154.0
139.0
752.0
36.0
20.0
25.0
31.0
8.0
70.0
254.0
110.0
70.0
86.0
58.0
39.0
83.0
143.0
45.0
27.0
53.0
157.0
170.0
101.0
82.0
133.0
44.0
61.0
1663.0
55.0
58.0
66.0
26.0
160.0
278.0
33.0
276.0
122.0
247.0
81.0
136.0
785.0
224.0
68.0
1207.0
134.0
127.0
72.0
86.0
113.0
19.0
272.0
188.0
512.0
1319.0
36.0
542.0
110.0
186.0
44.0
342.0
246.0
370.0
55.0
305.0
537.0
293.0
76.0
231.0
74.0
289.0
28.0
359.0
168.0
770.0
1382.0
581.0
328.0
1092.0
282.0
145.0
872.0
5313.0
5513.0
130.0
157.0
322.0
47.0
28.0
192.0
216.0
190.0
507.0
341.0
76.0
66.0
26.0
127.0
32.0
20.0
173.0
817.0
49.0
122.0
66.0
44.0
158.0
149.0
69.0
158.0
153.0
803.0
36.0
19.0
24.0
32.0
8.0
76.0
252.0
111.0
73.0
90.0
59.0
39.0
85.0
154.0
46.0
25.0
55.0
159.0
164.0
109.0
82.0
136.0
44.0
63.0
1648.0
55.0
55.0
69.0
25.0
167.0
271.0
32.0
262.0
122.0
244.0
76.0
136.0
805.0
225.0
70.0
1225.0
127.0
119.0
71.0
93.0
114.0
19.0
264.0
189.0
468.0
1218.0
34.0
560.0
111.0
183.0
48.0
337.0
253.0
389.0
57.0
299.0
530.0
283.0
75.0
230.0
81.0
291.0
28.0
370.0
168.0
793.0
1267.0
576.0
328.0
1193.0
296.0
154.0
809.0
5177.0
5487.0
128.0
173.0
316.0
47.0
27.0
188.0
221.0
178.0
501.0
368.0
78.0
63.0
27.0
121.0
33.0
20.0
175.0
850.0
50.0
131.0
62.0
43.0
165.0
153.0
75.0
167.0
139.0
749.0
36.0
20.0
25.0
31.0
8.0
69.0
274.0
105.0
68.0
90.0
59.0
40.0
83.0
141.0
48.0
27.0
58.0
160.0
174.0
107.0
85.0
139.0
46.0
65.0
1630.0
58.0
59.0
65.0
25.0
164.0
290.0
32.0
280.0
124.0
258.0
81.0
134.0
780.0
206.0
68.0
1193.0
133.0
123.0
70.0
92.0
121.0
20.0
267.0
204.0
497.0
1347.0
34.0
545.0
118.0
186.0
45.0
350.0
264.0
401.0
59.0
304.0
549.0
290.0
71.0
242.0
81.0
299.0
28.0
348.0
172.0
769.0
1340.0
550.0
335.0
1142.0
277.0
150.0
858.0
5109.0
5859.0
126.0
158.0
314.0
50.0
27.0
182.0
226.0
182.0
523.0
357.0
73.0
65.0
27.0
117.0
33.0
20.0
171.0
818.0
51.0
119.0
66.0
46.0
160.0
144.0
73.0
156.0
147.0
778.0
37.0
20.0
25.0
32.0
8.0
72.0
272.0
103.0
71.0
86.0
58.0
41.0
89.0
140.0
45.0
26.0
55.0
148.0
161.0
107.0
85.0
137.0
46.0
67.0
1501.0
54.0
54.0
70.0
24.0
152.0
278.0
32.0
283.0
119.0
245.0
80.0
139.0
757.0
210.0
65.0
1171.0
130.0
126.0
70.0
90.0
120.0
19.0
264.0
189.0
479.0
1322.0
36.0
512.0
117.0
185.0
48.0
327.0
268.0
394.0
56.0
307.0
527.0
267.0
75.0
241.0
81.0
282.0
28.0
362.0
158.0
838.0
1327.0
591.0
328.0
1144.0
298.0
154.0
810.0
5190.0
5776.0
125.0
160.0
304.0
50.0
28.0
190.0
213.0
183.0
484.0
374.0
79.0
64.0
27.0
119.0
31.0
20.0
175.0
883.0
49.0
129.0
63.0
44.0
159.0
147.0
71.0
159.0
139.0
774.0
37.0
21.0
24.0
32.0
8.0
72.0
254.0
109.0
72.0
85.0
57.0
39.0
85.0
140.0
49.0
26.0
56.0
161.0
174.0
109.0
83.0
129.0
44.0
66.0
1652.0
56.0
57.0
68.0
24.0
160.0
295.0
33.0
262.0
122.0
245.0
83.0
129.0
806.0
217.0
67.0
1201.0
128.0
126.0
71.0
91.0
118.0
20.0
256.0
187.0
468.0
1288.0
36.0
549.0
113.0
191.0
47.0
331.0
261.0
396.0
56.0
291.0
531.0
295.0
73.0
246.0
75.0
290.0
29.0
367.0
160.0
782.0
1392.0
577.0
360.0
1163.0
301.0
154.0
797.0
5501.0
5879.0
129.0
169.0
330.0
48.0
29.0
184.0
211.0
182.0
499.0
355.0
76.0
65.0
27.0
124.0
30.0
20.0
178.0
858.0
49.0
123.0
64.0
43.0
162.0
140.0
74.0
154.0
141.0
742.0
35.0
21.0
24.0
30.0
8.0
76.0
261.0
103.0
74.0
86.0
59.0
41.0
86.0
143.0
47.0
25.0
55.0
155.0
173.0
101.0
84.0
135.0
46.0
67.0
1639.0
54.0
56.0
71.0
25.0
162.0
286.0
33.0
275.0
120.0
237.0
80.0
127.0
773.0
222.0
67.0
1272.0
130.0
115.0
68.0
86.0
121.0
19.0
255.0
199.0
483.0
1286.0
36.0
523.0
119.0
185.0
46.0
317.0
256.0
370.0
57.0
289.0
551.0
280.0
71.0
235.0
78.0
277.0
29.0
368.0
173.0
773.0
1382.0
580.0
328.0
1096.0
300.0
144.0
838.0
5385.0
5782.0
130.0
156.0
329.0
49.0
27.0
192.0
225.0
189.0
512.0
368.0
76.0
61.0
26.0
119.0
31.0
20.0
178.0
872.0
51.0
130.0
62.0
44.0
163.0
152.0
69.0
160.0
141.0
756.0
38.0
20.0
26.0
31.0
8.0
70.0
255.0
103.0
74.0
90.0
56.0
38.0
82.0
146.0
48.0
25.0
57.0
148.0
173.0
110.0
86.0
134.0
48.0
65.0
1608.0
55.0
54.0
67.0
25.0
161.0
296.0
33.0
263.0
119.0
237.0
82.0
129.0
826.0
216.0
68.0
1203.0
125.0
123.0
70.0
89.0
112.0
20.0
250.0
190.0
469.0
1343.0
34.0
516.0
109.0
178.0
48.0
334.0
263.0
393.0
61.0
299.0
557.0
293.0
73.0
253.0
75.0
280.0
27.0
347.0
158.0
765.0
1368.0
548.0
354.0
1111.0
283.0
154.0
789.0
4975.0
5563.0
124.0
161.0
317.0
47.0
27.0
184.0
221.0
187.0
495.0
344.0
78.0
64.0
26.0
118.0
31.0
19.0
178.0
902.0
50.0
120.0
64.0
46.0
163.0
154.0
75.0
156.0
145.0
730.0
37.0
19.0
25.0
32.0
8.0
69.0
274.0
105.0
71.0
85.0
56.0
40.0
86.0
153.0
49.0
26.0
54.0
155.0
168.0
107.0
83.0
129.0
47.0
67.0
1508.0
59.0
56.0
71.0
25.0
165.0
288.0
32.0
264.0
123.0
244.0
78.0
137.0
783.0
207.0
67.0
1219.0
132.0
115.0
71.0
87.0
119.0
20.0
254.0
187.0
500.0
1239.0
36.0
534.0
116.0
180.0
47.0
349.0
254.0
388.0
59.0
310.0
535.0
280.0
74.0
242.0
80.0
292.0
28.0
373.0
159.0
790.0
1319.0
578.0
346.0
1137.0
289.0
150.0
807.0
5208.0
5726.0
122.0
168.0
322.0
50.0
28.0
185.0
218.0
188.0
524.0
359.0
72.0
64.0
27.0
125.0
32.0
20.0
170.0
891.0
50.0
129.0
66.0
44.0
154.0
146.0
72.0
156.0
141.0
765.0
38.0
21.0
25.0
30.0
8.0
75.0
273.0
107.0
74.0
83.0
55.0
41.0
87.0
145.0
47.0
26.0
58.0
156.0
165.0
103.0
84.0
127.0
46.0
63.0
1617.0
58.0
55.0
67.0
24.0
167.0
282.0
33.0
288.0
128.0
248.0
80.0
139.0
826.0
214.0
65.0
1210.0
128.0
127.0
68.0
94.0
118.0
20.0
247.0
193.0
511.0
1281.0
33.0
538.0
118.0
179.0
45.0
333.0
253.0
374.0
57.0
316.0
514.0
274.0
71.0
245.0
77.0
301.0
27.0
355.0
165.0
789.0
1373.0
547.0
347.0
1116.0
285.0
154.0
825.0
5471.0
5714.0
124.0
157.0
336.0
51.0
28.0
190.0
220.0
193.0
484.0
368.0
77.0
67.0
26.0
119.0
32.0
20.0
177.0
883.0
52.0
127.0
67.0
44.0
152.0
143.0
76.0
162.0
148.0
789.0
38.0
20.0
25.0
30.0
8.0
75.0
250.0
103.0
71.0
88.0
54.0
38.0
83.0
150.0
47.0
25.0
58.0
159.0
175.0
107.0
81.0
134.0
47.0
65.0
1656.0
55.0
56.0
67.0
26.0
167.0
277.0
31.0
262.0
120.0
254.0
77.0
134.0
808.0
214.0
67.0
1180.0
122.0
121.0
68.0
92.0
115.0
20.0
258.0
206.0
484.0
1337.0
34.0
546.0
118.0
179.0
48.0
347.0
258.0
371.0
59.0
293.0
519.0
269.0
72.0
231.0
81.0
286.0
29.0
359.0
161.0
761.0
1301.0
576.0
333.0
1083.0
287.0
150.0
875.0
5298.0
6005.0
129.0
167.0
314.0
50.0
28.0
192.0
216.0
183.0
496.0
354.0
73.0
62.0
27.0
123.0
32.0
20.0
175.0
862.0
50.0
126.0
62.0
44.0
158.0
147.0
71.0
162.0
144.0
768.0
37.0
21.0
24.0
32.0
8.0
70.0
276.0
107.0
73.0
87.0
59.0
39.0
84.0
141.0
49.0
25.0
57.0
161.0
169.0
104.0
87.0
133.0
48.0
64.0
1620.0
59.0
59.0
67.0
26.0
167.0
271.0
32.0
282.0
129.0
245.0
80.0
129.0
802.0
225.0
67.0
1183.0
128.0
122.0
70.0
92.0
115.0
20.0
270.0
187.0
519.0
1306.0
35.0
556.0
120.0
191.0
46.0
340.0
246.0
390.0
58.0
312.0
507.0
283.0
75.0
252.0
78.0
274.0
27.0
344.0
160.0
837.0
1271.0
554.0
338.0
1184.0
289.0
147.0
872.0
5126.0
5720.0
130.0
165.0
309.0
47.0
29.0
176.0
212.0
188.0
507.0
361.0
75.0
64.0
27.0
117.0
33.0
20.0
176.0
844.0
52.0
130.0
65.0
46.0
153.0
153.0
73.0
155.0
149.0
739.0
38.0
20.0
26.0
32.0
8.0
72.0
257.0
112.0
70.0
85.0
55.0
38.0
83.0
149.0
47.0
27.0
57.0
152.0
163.0
111.0
85.0
128.0
45.0
64.0
1656.0
54.0
54.0
71.0
26.0
159.0
278.0
32.0
261.0
118.0
251.0
82.0
139.0
799.0
210.0
70.0
1278.0
125.0
117.0
72.0
90.0
112.0
19.0
270.0
188.0
493.0
1264.0
35.0
551.0
114.0
177.0
48.0
334.0
266.0
379.0
61.0
310.0
557.0
268.0
76.0
239.0
79.0
289.0
27.0
365.0
161.0
835.0
1296.0
558.0
335.0
1100.0
280.0
146.0
871.0
5077.0
5899.0
123.0
160.0
321.0
51.0
28.0
183.0
215.0
196.0
493.0
357.0
76.0
62.0
26.0
116.0
32.0
20.0
169.0
885.0
50.0
123.0
64.0
43.0
157.0
142.0
75.0
166.0
149.0
753.0
38.0
20.0
24.0
31.0
8.0
72.0
277.0
104.0
72.0
87.0
56.0
38.0
88.0
140.0
45.0
27.0
57.0
150.0
173.0
106.0
87.0
136.0
47.0
62.0
1552.0
58.0
54.0
70.0
25.0
157.0
274.0
33.0
280.0
120.0
255.0
78.0
128.0
829.0
210.0
65.0
1273.0
129.0
123.0
68.0
92.0
119.0
18.0
257.0
194.0
510.0
1318.0
36.0
538.0
120.0
178.0
46.0
324.0
255.0
380.0
58.0
317.0
554.0
288.0
74.0
244.0
77.0
289.0
27.0
361.0
172.0
800.0
1290.0
595.0
329.0
1107.0
301.0
146.0
809.0
5331.0
5848.0
123.0
161.0
312.0
46.0
29.0
191.0
224.0
187.0
531.0
343.0
76.0
65.0
25.0
122.0
31.0
20.0
167.0
854.0
50.0
123.0
61.0
45.0
158.0
146.0
74.0
160.0
143.0
764.0
35.0
19.0
25.0
30.0
8.0
73.0
266.0
107.0
73.0
89.0
58.0
40.0
87.0
144.0
46.0
25.0
54.0
163.0
163.0
105.0
85.0
139.0
45.0
64.0
1585.0
57.0
59.0
70.0
26.0
162.0
272.0
33.0
264.0
127.0
248.0
81.0
130.0
792.0
218.0
68.0
1229.0
127.0
118.0
66.0
94.0
115.0
19.0
249.0
202.0
485.0
1338.0
35.0
528.0
120.0
185.0
47.0
350.0
265.0
386.0
57.0
309.0
555.0
277.0
72.0
241.0
75.0
288.0
27.0
366.0
167.0
784.0
1266.0
556.0
348.0
1173.0
289.0
144.0
863.0
5123.0
5442.0
124.0
157.0
322.0
49.0
27.0
185.0
220.0
180.0
519.0
368.0
72.0
61.0
25.0
120.0
32.0
20.0
177.0
870.0
50.0
130.0
64.0
46.0
159.0
155.0
69.0
157.0
148.0
757.0
36.0
21.0
26.0
30.0
8.0
73.0
262.0
103.0
71.0
90.0
54.0
40.0
83.0
150.0
47.0
26.0
53.0
150.0
161.0
103.0
85.0
135.0
45.0
64.0
1523.0
56.0
57.0
71.0
26.0
158.0
283.0
30.0
286.0
129.0
250.0
83.0
136.0
817.0
206.0
66.0
1166.0
134.0
120.0
69.0
87.0
115.0
20.0
272.0
199.0
517.0
1219.0
36.0
533.0
118.0
182.0
47.0
340.0
251.0
367.0
60.0
296.0
552.0
281.0
76.0
246.0
75.0
299.0
28.0
365.0
169.0
809.0
1294.0
544.0
351.0
1099.0
295.0
159.0
789.0
5312.0
5896.0
122.0
158.0
323.0
48.0
28.0
194.0
213.0
181.0
526.0
342.0
72.0
64.0
27.0
122.0
33.0
19.0
165.0
844.0
49.0
130.0
61.0
43.0
163.0
141.0
74.0
164.0
147.0
763.0
36.0
21.0
25.0
31.0
8.0
75.0
251.0
107.0
70.0
90.0
56.0
41.0
85.0
144.0
46.0
25.0
54.0
154.0
173.0
106.0
85.0
132.0
46.0
61.0
1635.0
58.0
57.0
67.0
26.0
159.0
277.0
31.0
277.0
123.0
243.0
82.0
136.0
803.0
223.0
71.0
1242.0
125.0
116.0
72.0
90.0
116.0
20.0
246.0
203.0
498.0
1245.0
33.0
524.0
120.0
182.0
46.0
319.0
248.0
381.0
61.0
297.0
557.0
270.0
73.0
234.0
79.0
285.0
28.0
357.0
164.0
841.0
1391.0
563.0
336.0
1165.0
287.0
156.0
819.0
5208.0
5914.0
122.0
157.0
319.0
51.0
28.0
186.0
212.0
185.0
516.0
350.0
76.0
67.0
27.0
116.0
31.0
20.0
169.0
884.0
53.0
130.0
66.0
42.0
165.0
147.0
75.0
157.0
151.0
792.0
36.0
20.0
26.0
31.0
8.0
73.0
251.0
113.0
68.0
86.0
58.0
41.0
89.0
145.0
48.0
27.0
58.0
148.0
159.0
103.0
81.0
126.0
45.0
67.0
1581.0
56.0
54.0
65.0
24.0
167.0
272.0
31.0
262.0
128.0
246.0
83.0
134.0
755.0
220.0
65.0
1173.0
127.0
121.0
66.0
89.0
111.0
19.0
269.0
198.0
498.0
1230.0
34.0
513.0
109.0
188.0
47.0
332.0
257.0
389.0
61.0
294.0
550.0
267.0
70.0
245.0
76.0
293.0
27.0
367.0
172.0
834.0
1305.0
601.0
345.0
1079.0
279.0
156.0
845.0
5495.0
5938.0
123.0
162.0
336.0
49.0
29.0
189.0
210.0
178.0
512.0
351.0
78.0
64.0
25.0
127.0
33.0
20.0
176.0
867.0
48.0
121.0
67.0
43.0
162.0
142.0
70.0
163.0
153.0
777.0
37.0
21.0
25.0
30.0
8.0
76.0
264.0
105.0
69.0
85.0
57.0
40.0
88.0
150.0
49.0
27.0
54.0
164.0
161.0
106.0
87.0
133.0
44.0
63.0
1600.0
56.0
56.0
71.0
25.0
162.0
298.0
31.0
286.0
130.0
237.0
76.0
133.0
783.0
212.0
65.0
1278.0
131.0
120.0
72.0
92.0
116.0
19.0
264.0
194.0
504.0
1328.0
34.0
506.0
118.0
177.0
46.0
316.0
262.0
398.0
60.0
308.0
511.0
275.0
71.0
238.0
82.0
278.0
28.0
367.0
164.0
777.0
1271.0
596.0
357.0
1169.0
283.0
157.0
800.0
5468.0
5635.0
125.0
158.0
326.0
50.0
27.0
183.0
210.0
187.0
488.0
344.0
75.0
63.0
26.0
123.0
33.0
19.0
171.0
897.0
50.0
122.0
67.0
45.0
163.0
142.0
76.0
163.0
139.0
748.0
37.0
21.0
26.0
30.0
8.0
74.0
260.0
105.0
73.0
91.0
58.0
39.0
88.0
152.0
48.0
27.0
53.0
151.0
160.0
102.0
81.0
132.0
48.0
65.0
1653.0
54.0
55.0
68.0
25.0
165.0
295.0
33.0
287.0
130.0
260.0
79.0
141.0
823.0
205.0
66.0
1252.0
133.0
116.0
72.0
88.0
120.0
19.0
263.0
187.0
503.0
1226.0
36.0
553.0
116.0
192.0
47.0
318.0
270.0
366.0
55.0
310.0
550.0
287.0
71.0
242.0
82.0
292.0
28.0
369.0
157.0
790.0
1259.0
587.0
356.0
1174.0
299.0
151.0
826.0
5027.0
5847.0
119.0
169.0
306.0
49.0
28.0
176.0
214.0
180.0
511.0
354.0
74.0
64.0
26.0
128.0
33.0
19.0
173.0
902.0
49.0
123.0
64.0
42.0
165.0
144.0
76.0
164.0
139.0
739.0
35.0
19.0
25.0
32.0
8.0
72.0
252.0
108.0
67.0
88.0
57.0
40.0
85.0
150.0
47.0
27.0
54.0
150.0
168.0
109.0
81.0
128.0
47.0
63.0
1661.0
57.0
54.0
67.0
25.0
158.0
284.0
30.0
279.0
129.0
250.0
80.0
131.0
833.0
211.0
66.0
1189.0
127.0
120.0
71.0
91.0
116.0
20.0
262.0
203.0
503.0
1223.0
33.0
537.0
117.0
178.0
45.0
340.0
270.0
381.0
59.0
313.0
536.0
270.0
69.0
250.0
77.0
297.0
28.0
371.0
173.0
805.0
1260.0
554.0
330.0
1118.0
278.0
155.0
858.0
5451.0
5858.0
125.0
157.0
305.0
47.0
29.0
182.0
206.0
194.0
501.0
375.0
77.0
63.0
26.0
118.0
33.0
20.0
168.0
867.0
50.0
129.0
61.0
45.0
153.0
155.0
76.0
155.0
142.0
750.0
35.0
21.0
25.0
31.0
8.0
75.0
259.0
106.0
71.0
87.0
58.0
41.0
88.0
152.0
47.0
27.0
54.0
162.0
175.0
104.0
82.0
131.0
46.0
64.0
1578.0
58.0
57.0
70.0
25.0
160.0
277.0
31.0
274.0
129.0
254.0
78.0
139.0
817.0
205.0
67.0
1278.0
127.0
126.0
71.0
91.0
117.0
19.0
246.0
203.0
175.0
185.0
147.0
176.0
389.0
174.0
170.0
177.0
158.0
171.0
144.0
151.0
156.0
137.0
134.0
131.0
136.0
140.0
492.0
177.0
168.0
134.0
174.0
162.0
145.0
142.0
142.0
404.0
162.0
148.0
130.0
141.0
158.0
170.0
165.0
154.0
146.0
158.0
135.0
166.0
164.0
160.0
162.0
120.0
166.0
392.0
138.0
164.0
403.0
154.0
130.0
146.0
154.0
154.0
162.0
145.0
134.0
138.0
422.0
160.0
159.0
136.0
149.0
171.0
148.0
162.0
168.0
162.0
163.0
159.0
152.0
135.0
141.0
139.0
118.0
164.0
403.0
152.0
166.0
141.0
170.0
152.0
149.0
135.0
158.0
143.0
468.0
137.0
459.0
163.0
450.0
409.0
491.0
409.0
458.0
399.0
363.0
378.0
492.0
172.0
145.0
150.0
172.0
156.0
155.0
171.0
175.0
154.0
155.0
200.0
159.0
140.0
384.0
162.0
159.0
149.0
163.0
172.0
147.0
154.0
168.0
172.0
144.0
173.0
158.0
150.0
394.0
144.0
160.0
133.0
159.0
175.0
164.0
172.0
175.0
452.0
132.0
137.0
157.0
175.0
174.0
154.0
171.0
142.0
172.0
138.0
169.0
164.0
145.0
168.0
163.0
140.0
146.0
422.0
171.0
163.0
447.0
152.0
146.0
171.0
131.0
148.0
156.0
133.0
147.0
143.0
387.0
132.0
175.0
164.0
149.0
147.0
155.0
165.0
158.0
131.0
153.0
147.0
149.0
176.0
132.0
150.0
112.0
134.0
394.0
167.0
155.0
175.0
138.0
142.0
137.0
171.0
130.0
173.0
446.0
171.0
395.0
149.0
459.0
407.0
442.0
428.0
390.0
365.0
429.0
372.0
402.0
142.0
167.0
140.0
155.0
155.0
147.0
136.0
167.0
135.0
203.0
155.0
156.0
174.0
450.0
145.0
177.0
148.0
175.0
149.0
141.0
152.0
147.0
152.0
169.0
142.0
133.0
159.0
454.0
136.0
140.0
145.0
153.0
168.0
148.0
138.0
161.0
398.0
176.0
145.0
147.0
145.0
166.0
138.0
173.0
170.0
153.0
177.0
173.0
155.0
151.0
166.0
168.0
131.0
144.0
401.0
147.0
164.0
450.0
157.0
176.0
174.0
141.0
156.0
140.0
158.0
147.0
140.0
379.0
155.0
152.0
150.0
154.0
150.0
162.0
172.0
167.0
175.0
154.0
148.0
144.0
159.0
159.0
169.0
127.0
131.0
462.0
140.0
147.0
164.0
155.0
133.0
138.0
162.0
170.0
138.0
429.0
168.0
452.0
173.0
436.0
391.0
465.0
490.0
489.0
400.0
447.0
460.0
376.0
157.0
159.0
150.0
142.0
136.0
172.0
160.0
136.0
167.0
155.0
164.0
157.0
153.0
380.0
142.0
174.0
165.0
160.0
175.0
131.0
166.0
166.0
150.0
155.0
169.0
164.0
157.0
471.0
176.0
140.0
136.0
134.0
133.0
138.0
175.0
147.0
463.0
147.0
143.0
172.0
133.0
161.0
168.0
174.0
152.0
165.0
158.0
173.0
155.0
174.0
131.0
154.0
112.0
131.0
438.0
131.0
151.0
440.0
131.0
142.0
168.0
134.0
149.0
166.0
174.0
159.0
162.0
489.0
150.0
148.0
130.0
162.0
167.0
165.0
142.0
137.0
146.0
134.0
130.0
148.0
160.0
150.0
174.0
127.0
148.0
418.0
168.0
177.0
168.0
157.0
142.0
175.0
147.0
157.0
167.0
427.0
168.0
366.0
142.0
475.0
411.0
373.0
398.0
397.0
425.0
458.0
427.0
399.0
134.0
166.0
168.0
161.0
166.0
161.0
162.0
139.0
176.0
202.0
171.0
171.0
145.0
414.0
150.0
159.0
155.0
139.0
152.0
152.0
155.0
156.0
143.0
166.0
134.0
174.0
164.0
444.0
148.0
165.0
134.0
134.0
176.0
167.0
168.0
167.0
473.0
156.0
165.0
141.0
141.0
131.0
131.0
135.0
133.0
167.0
171.0
156.0
153.0
138.0
160.0
148.0
117.0
130.0
407.0
172.0
150.0
391.0
142.0
155.0
153.0
142.0
152.0
169.0
161.0
141.0
145.0
479.0
131.0
175.0
133.0
130.0
175.0
152.0
155.0
163.0
172.0
132.0
143.0
141.0
168.0
177.0
153.0
143.0
171.0
418.0
133.0
152.0
160.0
160.0
133.0
136.0
153.0
155.0
168.0
428.0
137.0
447.0
140.0
470.0
455.0
384.0
392.0
464.0
401.0
439.0
409.0
460.0
148.0
155.0
156.0
163.0
152.0
172.0
143.0
161.0
144.0
180.0
159.0
138.0
146.0
462.0
161.0
147.0
171.0
138.0
131.0
159.0
170.0
157.0
171.0
162.0
157.0
152.0
142.0
377.0
169.0
168.0
164.0
174.0
174.0
141.0
176.0
140.0
471.0
150.0
146.0
135.0
141.0
140.0
144.0
169.0
157.0
159.0
168.0
156.0
175.0
161.0
177.0
157.0
137.0
140.0
405.0
146.0
160.0
451.0
171.0
149.0
158.0
148.0
168.0
135.0
166.0
143.0
139.0
466.0
164.0
177.0
135.0
161.0
172.0
146.0
151.0
169.0
171.0
139.0
166.0
174.0
170.0
173.0
147.0
124.0
167.0
467.0
139.0
175.0
142.0
159.0
149.0
152.0
136.0
163.0
159.0
471.0
174.0
430.0
139.0
440.0
430.0
409.0
388.0
485.0
467.0
488.0
439.0
454.0
140.0
131.0
135.0
140.0
158.0
167.0
166.0
164.0
137.0
165.0
197.0
151.0
138.0
456.0
169.0
172.0
150.0
130.0
133.0
166.0
149.0
173.0
149.0
159.0
177.0
137.0
146.0
379.0
171.0
173.0
174.0
156.0
138.0
160.0
171.0
131.0
376.0
158.0
163.0
141.0
136.0
157.0
136.0
138.0
154.0
153.0
168.0
167.0
132.0
166.0
134.0
150.0
115.0
143.0
462.0
138.0
157.0
431.0
155.0
157.0
153.0
155.0
172.0
169.0
170.0
134.0
155.0
435.0
140.0
163.0
163.0
149.0
158.0
159.0
172.0
147.0
171.0
135.0
166.0
137.0
136.0
145.0
154.0
134.0
166.0
445.0
158.0
149.0
141.0
153.0
177.0
143.0
153.0
130.0
136.0
434.0
172.0
445.0
136.0
491.0
461.0
486.0
398.0
409.0
376.0
404.0
436.0
447.0
146.0
174.0
171.0
154.0
149.0
147.0
140.0
161.0
144.0
196.0
197.0
166.0
154.0
446.0
138.0
149.0
138.0
174.0
157.0
132.0
158.0
132.0
137.0
133.0
154.0
142.0
173.0
402.0
166.0
150.0
147.0
157.0
152.0
176.0
133.0
150.0
398.0
153.0
136.0
161.0
152.0
175.0
169.0
163.0
162.0
154.0
171.0
168.0
148.0
173.0
151.0
151.0
149.0
146.0
452.0
162.0
148.0
389.0
142.0
139.0
149.0
130.0
147.0
141.0
146.0
155.0
136.0
484.0
164.0
163.0
142.0
141.0
138.0
137.0
163.0
130.0
158.0
143.0
139.0
160.0
153.0
131.0
145.0
119.0
155.0
385.0
148.0
146.0
141.0
151.0
176.0
137.0
155.0
173.0
154.0
457.0
162.0
444.0
162.0
386.0
430.0
490.0
454.0
436.0
411.0
472.0
365.0
425.0
171.0
137.0
159.0
167.0
153.0
149.0
137.0
154.0
164.0
176.0
182.0
161.0
134.0
403.0
171.0
177.0
145.0
147.0
157.0
159.0
164.0
157.0
140.0
175.0
134.0
165.0
161.0
450.0
134.0
145.0
132.0
149.0
169.0
176.0
130.0
153.0
487.0
164.0
142.0
133.0
158.0
167.0
135.0
130.0
131.0
145.0
174.0
170.0
166.0
152.0
142.0
160.0
127.0
156.0
386.0
137.0
162.0
426.0
157.0
134.0
155.0
153.0
164.0
133.0
157.0
165.0
161.0
469.0
134.0
165.0
148.0
150.0
130.0
137.0
164.0
175.0
147.0
166.0
145.0
158.0
158.0
165.0
139.0
115.0
141.0
374.0
173.0
148.0
145.0
141.0
131.0
145.0
132.0
136.0
163.0
410.0
131.0
383.0
145.0
381.0
473.0
478.0
467.0
435.0
448.0
397.0
454.0
468.0
155.0
135.0
148.0
151.0
148.0
160.0
131.0
149.0
155.0
184.0
195.0
148.0
167.0
372.0
171.0
148.0
140.0
157.0
145.0
140.0
173.0
133.0
141.0
169.0
168.0
161.0
138.0
416.0
177.0
140.0
135.0
138.0
140.0
162.0
166.0
152.0
432.0
136.0
146.0
162.0
142.0
169.0
134.0
162.0
169.0
164.0
138.0
147.0
169.0
139.0
164.0
139.0
144.0
137.0
381.0
161.0
146.0
405.0
166.0
151.0
150.0
130.0
170.0
153.0
145.0
133.0
148.0
379.0
145.0
138.0
169.0
141.0
137.0
160.0
142.0
133.0
175.0
132.0
145.0
173.0
174.0
130.0
171.0
112.0
139.0
403.0
147.0
146.0
158.0
145.0
147.0
138.0
141.0
176.0
156.0
434.0
133.0
460.0
149.0
462.0
486.0
397.0
384.0
378.0
461.0
397.0
460.0
380.0
163.0
157.0
132.0
168.0
172.0
134.0
153.0
132.0
153.0
166.0
197.0
135.0
153.0
479.0
146.0
160.0
158.0
151.0
166.0
175.0
175.0
156.0
151.0
138.0
154.0
175.0
139.0
441.0
147.0
176.0
134.0
166.0
151.0
132.0
148.0
152.0
411.0
137.0
140.0
174.0
132.0
131.0
174.0
140.0
166.0
152.0
163.0
177.0
163.0
140.0
169.0
169.0
146.0
143.0
418.0
137.0
138.0
424.0
170.0
167.0
140.0
158.0
176.0
165.0
161.0
173.0
169.0
426.0
149.0
136.0
156.0
131.0
140.0
157.0
173.0
152.0
133.0
147.0
134.0
130.0
163.0
134.0
131.0
117.0
175.0
377.0
161.0
130.0
177.0
133.0
142.0
134.0
147.0
132.0
144.0
394.0
164.0
486.0
139.0
381.0
420.0
448.0
487.0
482.0
411.0
395.0
438.0
467.0
174.0
140.0
169.0
158.0
167.0
147.0
158.0
146.0
174.0
164.0
205.0
133.0
135.0
462.0
162.0
168.0
168.0
167.0
133.0
145.0
135.0
160.0
169.0
177.0
143.0
157.0
165.0
367.0
173.0
143.0
150.0
162.0
168.0
154.0
174.0
148.0
389.0
150.0
164.0
176.0
168.0
144.0
155.0
141.0
164.0
163.0
162.0
157.0
151.0
154.0
157.0
154.0
125.0
173.0
434.0
147.0
142.0
433.0
147.0
137.0
145.0
148.0
165.0
170.0
134.0
139.0
139.0
392.0
142.0
144.0
156.0
132.0
136.0
132.0
138.0
154.0
136.0
168.0
176.0
177.0
140.0
153.0
146.0
126.0
133.0
427.0
159.0
169.0
135.0
152.0
136.0
173.0
141.0
145.0
157.0
449.0
138.0
378.0
137.0
454.0
419.0
371.0
400.0
444.0
483.0
468.0
379.0
436.0
165.0
142.0
161.0
133.0
177.0
143.0
139.0
172.0
132.0
179.0
203.0
171.0
138.0
386.0
154.0
146.0
147.0
144.0
164.0
161.0
154.0
157.0
138.0
161.0
143.0
153.0
139.0
414.0
165.0
173.0
141.0
137.0
137.0
177.0
134.0
169.0
461.0
134.0
142.0
138.0
139.0
174.0
170.0
143.0
140.0
166.0
130.0
148.0
161.0
160.0
171.0
139.0
134.0
171.0
419.0
168.0
160.0
439.0
159.0
138.0
163.0
150.0
174.0
167.0
136.0
144.0
177.0
468.0
152.0
152.0
133.0
173.0
163.0
148.0
152.0
165.0
163.0
144.0
140.0
152.0
140.0
140.0
157.0
146.0
171.0
480.0
176.0
137.0
151.0
176.0
132.0
151.0
154.0
155.0
143.0
392.0
160.0
403.0
152.0
433.0
401.0
457.0
422.0
474.0
476.0
401.0
420.0
418.0
160.0
141.0
174.0
131.0
149.0
132.0
140.0
133.0
135.0
180.0
194.0
159.0
176.0
444.0
134.0
170.0
155.0
134.0
176.0
173.0
175.0
155.0
130.0
138.0
150.0
151.0
163.0
415.0
145.0
162.0
133.0
148.0
161.0
130.0
132.0
176.0
475.0
168.0
137.0
158.0
136.0
141.0
161.0
154.0
163.0
141.0
155.0
169.0
163.0
140.0
151.0
161.0
134.0
150.0
440.0
176.0
144.0
388.0
158.0
137.0
130.0
159.0
149.0
139.0
134.0
154.0
162.0
406.0
152.0
145.0
164.0
131.0
172.0
163.0
155.0
132.0
153.0
171.0
150.0
176.0
163.0
166.0
168.0
114.0
144.0
476.0
158.0
169.0
154.0
168.0
143.0
149.0
136.0
165.0
141.0
426.0
175.0
456.0
141.0
449.0
434.0
384.0
387.0
419.0
444.0
383.0
391.0
494.0
151.0
148.0
130.0
164.0
175.0
173.0
172.0
131.0
147.0
191.0
207.0
166.0
170.0
376.0
154.0
162.0
143.0
168.0
132.0
147.0
131.0
133.0
145.0
161.0
161.0
135.0
171.0
460.0
165.0
134.0
156.0
131.0
135.0
132.0
169.0
170.0
434.0
157.0
147.0
150.0
145.0
145.0
139.0
156.0
150.0
146.0
155.0
143.0
150.0
140.0
137.0
133.0
145.0
139.0
477.0
162.0
169.0
464.0
136.0
148.0
176.0
162.0
151.0
150.0
150.0
131.0
164.0
487.0
149.0
136.0
163.0
153.0
135.0
136.0
142.0
138.0
158.0
165.0
138.0
166.0
175.0
154.0
165.0
130.0
160.0
397.0
135.0
142.0
154.0
130.0
149.0
168.0
146.0
146.0
172.0
425.0
164.0
486.0
173.0
489.0
398.0
458.0
389.0
418.0
383.0
378.0
467.0
413.0
131.0
134.0
169.0
157.0
163.0
177.0
166.0
154.0
159.0
186.0
190.0
159.0
156.0
435.0
143.0
174.0
140.0
144.0
132.0
134.0
169.0
146.0
174.0
167.0
162.0
130.0
131.0
478.0
145.0
148.0
132.0
139.0
165.0
137.0
159.0
153.0
489.0
138.0
135.0
173.0
166.0
142.0
158.0
141.0
146.0
153.0
150.0
167.0
142.0
133.0
135.0
145.0
113.0
145.0
463.0
166.0
134.0
430.0
143.0
155.0
177.0
160.0
175.0
154.0
137.0
146.0
139.0
385.0
156.0
145.0
157.0
153.0
175.0
150.0
141.0
149.0
166.0
169.0
165.0
176.0
160.0
130.0
156.0
145.0
140.0
363.0
167.0
139.0
170.0
143.0
175.0
159.0
133.0
168.0
134.0
430.0
135.0
375.0
131.0
456.0
476.0
368.0
485.0
481.0
364.0
377.0
430.0
448.0
143.0
176.0
144.0
140.0
170.0
171.0
132.0
154.0
164.0
155.0
199.0
171.0
139.0
408.0
133.0
149.0
131.0
151.0
167.0
145.0
170.0
156.0
141.0
137.0
167.0
164.0
171.0
494.0
162.0
154.0
166.0
148.0
171.0
146.0
150.0
171.0
485.0
142.0
150.0
175.0
156.0
142.0
145.0
159.0
149.0
144.0
159.0
168.0
174.0
148.0
136.0
152.0
116.0
131.0
459.0
131.0
172.0
381.0
138.0
152.0
162.0
163.0
171.0
147.0
138.0
167.0
163.0
431.0
145.0
143.0
173.0
177.0
144.0
131.0
133.0
172.0
164.0
165.0
157.0
169.0
153.0
140.0
175.0
130.0
137.0
427.0
138.0
172.0
145.0
176.0
157.0
146.0
167.0
133.0
143.0
397.0
152.0
395.0
131.0
419.0
373.0
493.0
489.0
400.0
391.0
482.0
437.0
382.0
148.0
176.0
134.0
138.0
132.0
168.0
176.0
138.0
166.0
162.0
158.0
168.0
173.0
402.0
176.0
152.0
167.0
168.0
175.0
138.0
162.0
138.0
160.0
135.0
164.0
172.0
147.0
462.0
140.0
137.0
168.0
156.0
165.0
146.0
143.0
163.0
447.0
171.0
163.0
161.0
142.0
133.0
171.0
176.0
140.0
138.0
144.0
137.0
155.0
158.0
155.0
137.0
131.0
135.0
374.0
172.0
150.0
441.0
143.0
138.0
176.0
141.0
151.0
148.0
139.0
172.0
151.0
369.0
131.0
149.0
155.0
148.0
158.0
152.0
164.0
139.0
152.0
135.0
162.0
158.0
131.0
130.0
141.0
141.0
142.0
399.0
148.0
146.0
175.0
140.0
145.0
165.0
169.0
148.0
168.0
448.0
145.0
473.0
134.0
372.0
459.0
415.0
464.0
489.0
413.0
427.0
469.0
408.0
163.0
163.0
146.0
150.0
148.0
132.0
130.0
154.0
136.0
205.0
202.0
175.0
162.0
493.0
151.0
153.0
176.0
136.0
170.0
155.0
167.0
137.0
169.0
150.0
132.0
138.0
162.0
436.0
169.0
158.0
140.0
132.0
164.0
130.0
166.0
145.0
477.0
165.0
152.0
158.0
133.0
138.0
155.0
154.0
162.0
165.0
137.0
174.0
148.0
166.0
144.0
131.0
131.0
132.0
431.0
134.0
134.0
367.0
154.0
154.0
171.0
136.0
132.0
134.0
138.0
140.0
161.0
418.0
176.0
161.0
175.0
141.0
170.0
136.0
159.0
166.0
168.0
154.0
147.0
157.0
169.0
176.0
157.0
127.0
153.0
433.0
142.0
173.0
167.0
166.0
151.0
170.0
138.0
173.0
147.0
365.0
154.0
381.0
175.0
489.0
420.0
408.0
444.0
392.0
376.0
473.0
364.0
476.0
154.0
176.0
156.0
146.0
177.0
144.0
173.0
160.0
139.0
203.0
179.0
135.0
130.0
381.0
167.0
165.0
136.0
161.0
144.0
160.0
135.0
163.0
173.0
165.0
140.0
130.0
147.0
436.0
147.0
154.0
137.0
173.0
138.0
132.0
166.0
143.0
423.0
164.0
146.0
141.0
139.0
147.0
170.0
167.0
152.0
153.0
171.0
136.0
176.0
157.0
132.0
154.0
123.0
154.0
376.0
161.0
158.0
488.0
173.0
172.0
135.0
139.0
131.0
156.0
169.0
147.0
159.0
489.0
164.0
134.0
164.0
151.0
150.0
151.0
150.0
156.0
171.0
141.0
134.0
139.0
163.0
172.0
173.0
136.0
141.0
416.0
151.0
144.0
138.0
134.0
173.0
135.0
164.0
143.0
142.0
419.0
152.0
479.0
145.0
366.0
396.0
472.0
467.0
364.0
384.0
446.0
446.0
485.0
169.0
148.0
131.0
174.0
139.0
149.0
143.0
163.0
138.0
203.0
166.0
148.0
174.0
439.0
169.0
169.0
158.0
131.0
134.0
165.0
170.0
146.0
166.0
166.0
154.0
143.0
140.0
437.0
133.0
168.0
144.0
176.0
130.0
133.0
148.0
161.0
385.0
175.0
167.0
175.0
145.0
170.0
142.0
148.0
138.0
140.0
135.0
174.0
138.0
134.0
152.0
167.0
140.0
169.0
429.0
161.0
176.0
407.0
156.0
140.0
138.0
170.0
162.0
169.0
135.0
133.0
133.0
432.0
144.0
130.0
139.0
152.0
175.0
171.0
159.0
174.0
163.0
134.0
134.0
135.0
172.0
134.0
131.0
132.0
161.0
405.0
169.0
168.0
138.0
177.0
146.0
134.0
176.0
138.0
154.0
381.0
171.0
421.0
141.0
375.0
389.0
382.0
433.0
472.0
413.0
480.0
368.0
430.0
163.0
131.0
136.0
148.0
144.0
132.0
136.0
174.0
142.0
162.0
192.0
158.0
166.0
468.0
135.0
171.0
150.0
139.0
132.0
162.0
135.0
172.0
141.0
170.0
150.0
161.0
132.0
434.0
132.0
165.0
161.0
171.0
173.0
139.0
159.0
162.0
368.0
130.0
175.0
170.0
136.0
163.0
175.0
135.0
153.0
151.0
151.0
143.0
176.0
173.0
130.0
170.0
146.0
150.0
461.0
162.0
157.0
363.0
144.0
162.0
154.0
159.0
138.0
158.0
154.0
156.0
175.0
402.0
173.0
157.0
150.0
141.0
169.0
161.0
138.0
164.0
141.0
145.0
174.0
160.0
160.0
151.0
165.0
121.0
137.0
472.0
165.0
155.0
141.0
148.0
138.0
145.0
154.0
162.0
173.0
446.0
143.0
423.0
160.0
421.0
482.0
411.0
405.0
466.0
366.0
474.0
461.0
452.0
133.0
173.0
145.0
149.0
172.0
152.0
139.0
134.0
148.0
164.0
185.0
167.0
136.0
402.0
172.0
138.0
176.0
153.0
164.0
169.0
154.0
137.0
142.0
168.0
137.0
158.0
143.0
429.0
151.0
155.0
177.0
153.0
144.0
155.0
150.0
162.0
485.0
174.0
170.0
174.0
132.0
155.0
175.0
174.0
131.0
176.0
132.0
130.0
133.0
159.0
138.0
152.0
119.0
144.0
437.0
134.0
134.0
444.0
170.0
139.0
173.0
135.0
134.0
157.0
152.0
161.0
140.0
469.0
151.0
147.0
175.0
177.0
175.0
137.0
177.0
176.0
170.0
132.0
163.0
143.0
140.0
137.0
150.0
143.0
171.0
436.0
152.0
153.0
148.0
149.0
153.0
130.0
152.0
153.0
137.0
464.0
147.0
443.0
171.0
466.0
483.0
446.0
414.0
472.0
384.0
404.0
393.0
371.0
161.0
173.0
144.0
157.0
135.0
142.0
148.0
152.0
168.0
153.0
158.0
142.0
130.0
384.0
159.0
175.0
141.0
168.0
142.0
169.0
134.0
177.0
165.0
173.0
148.0
142.0
165.0
468.0
132.0
166.0
164.0
176.0
164.0
151.0
168.0
139.0
466.0
159.0
163.0
142.0
175.0
169.0
168.0
142.0
143.0
165.0
159.0
152.0
158.0
165.0
153.0
130.0
117.0
143.0
430.0
143.0
162.0
378.0
147.0
159.0
147.0
138.0
177.0
162.0
156.0
148.0
160.0
457.0
160.0
135.0
163.0
152.0
176.0
163.0
139.0
151.0
169.0
144.0
174.0
172.0
139.0
141.0
173.0
133.0
145.0
402.0
131.0
142.0
146.0
171.0
148.0
171.0
140.0
165.0
135.0
465.0
172.0
489.0
169.0
418.0
416.0
388.0
445.0
424.0
404.0
416.0
384.0
423.0
165.0
165.0
132.0
131.0
173.0
173.0
164.0
138.0
170.0
197.0
182.0
134.0
164.0
436.0
167.0
158.0
134.0
165.0
164.0
138.0
167.0
146.0
172.0
173.0
144.0
154.0
150.0
392.0
140.0
146.0
176.0
133.0
153.0
142.0
153.0
164.0
485.0
162.0
134.0
165.0
147.0
176.0
156.0
148.0
176.0
133.0
146.0
165.0
176.0
175.0
133.0
154.0
134.0
142.0
368.0
160.0
175.0
418.0
177.0
172.0
165.0
133.0
140.0
167.0
130.0
174.0
175.0
404.0
166.0
139.0
150.0
162.0
130.0
176.0
132.0
162.0
134.0
164.0
163.0
166.0
142.0
145.0
177.0
140.0
174.0
425.0
131.0
148.0
151.0
154.0
132.0
141.0
169.0
167.0
171.0
409.0
163.0
385.0
141.0
388.0
407.0
417.0
386.0
431.0
411.0
425.0
402.0
485.0
172.0
167.0
150.0
133.0
172.0
149.0
131.0
155.0
130.0
168.0
170.0
170.0
150.0
384.0
142.0
145.0
142.0
174.0
147.0
144.0
155.0
144.0
145.0
147.0
172.0
138.0
132.0
426.0
157.0
137.0
133.0
134.0
139.0
177.0
133.0
161.0
405.0
174.0
147.0
134.0
141.0
137.0
134.0
137.0
131.0
131.0
141.0
172.0
166.0
162.0
156.0
152.0
151.0
133.0
419.0
174.0
138.0
448.0
173.0
175.0
147.0
143.0
158.0
159.0
161.0
134.0
133.0
443.0
157.0
144.0
176.0
147.0
158.0
136.0
140.0
145.0
130.0
157.0
157.0
174.0
132.0
153.0
167.0
133.0
134.0
392.0
176.0
162.0
146.0
175.0
173.0
133.0
175.0
139.0
158.0
492.0
175.0
409.0
173.0
436.0
396.0
386.0
430.0
469.0
428.0
428.0
402.0
484.0
161.0
163.0
171.0
145.0
165.0
158.0
173.0
152.0
156.0
205.0
188.0
155.0
133.0
443.0
150.0
137.0
143.0
172.0
144.0
141.0
166.0
136.0
134.0
144.0
159.0
175.0
152.0
464.0
169.0
139.0
167.0
154.0
177.0
135.0
165.0
138.0
432.0
157.0
146.0
143.0
163.0
154.0
152.0
139.0
154.0
135.0
139.0
148.0
171.0
155.0
153.0
155.0
143.0
147.0
389.0
143.0
157.0
412.0
136.0
135.0
133.0
148.0
174.0
141.0
159.0
177.0
175.0
434.0
136.0
172.0
134.0
143.0
154.0
162.0
167.0
156.0
150.0
152.0
141.0
140.0
175.0
173.0
158.0
137.0
165.0
382.0
172.0
138.0
162.0
174.0
160.0
162.0
141.0
131.0
169.0
393.0
171.0
426.0
143.0
472.0
408.0
414.0
457.0
469.0
452.0
410.0
397.0
403.0
135.0
164.0
175.0
175.0
152.0
135.0
159.0
153.0
153.0
165.0
204.0
145.0
143.0
430.0
130.0
171.0
175.0
147.0
151.0
145.0
168.0
138.0
164.0
147.0
133.0
169.0
152.0
453.0
160.0
132.0
130.0
152.0
155.0
150.0
138.0
142.0
379.0
174.0
139.0
165.0
130.0
155.0
143.0
149.0
150.0
171.0
137.0
139.0
151.0
153.0
162.0
152.0
122.0
164.0
412.0
176.0
146.0
424.0
142.0
165.0
158.0
149.0
155.0
171.0
141.0
143.0
136.0
459.0
146.0
151.0
163.0
140.0
149.0
164.0
134.0
169.0
176.0
139.0
175.0
164.0
162.0
167.0
148.0
122.0
168.0
400.0
157.0
150.0
147.0
153.0
162.0
148.0
155.0
166.0
168.0
457.0
153.0
441.0
153.0
414.0
418.0
440.0
388.0
436.0
492.0
456.0
449.0
409.0
156.0
160.0
140.0
162.0
140.0
158.0
146.0
154.0
172.0
160.0
200.0
132.0
157.0
453.0
134.0
134.0
144.0
163.0
144.0
136.0
143.0
168.0
152.0
140.0
151.0
157.0
151.0
445.0
143.0
140.0
159.0
156.0
163.0
166.0
169.0
176.0
416.0
160.0
148.0
167.0
168.0
137.0
134.0
139.0
157.0
169.0
158.0
175.0
156.0
152.0
177.0
162.0
122.0
135.0
465.0
165.0
148.0
438.0
134.0
137.0
131.0
143.0
169.0
150.0
167.0
141.0
159.0
449.0
145.0
159.0
147.0
172.0
163.0
145.0
145.0
168.0
144.0
145.0
135.0
140.0
173.0
162.0
149.0
146.0
175.0
470.0
161.0
151.0
135.0
134.0
153.0
138.0
145.0
165.0
152.0
479.0
133.0
386.0
157.0
440.0
476.0
455.0
393.0
423.0
452.0
413.0
364.0
486.0
174.0
160.0
146.0
170.0
171.0
162.0
161.0
162.0
160.0
156.0
208.0
151.0
150.0
443.0
171.0
161.0
153.0
171.0
135.0
141.0
168.0
169.0
163.0
169.0
162.0
133.0
177.0
418.0
165.0
139.0
174.0
144.0
130.0
174.0
173.0
174.0
477.0
141.0
152.0
139.0
148.0
141.0
141.0
174.0
135.0
133.0
146.0
174.0
142.0
171.0
160.0
169.0
120.0
132.0
386.0
143.0
147.0
424.0
169.0
157.0
174.0
149.0
144.0
166.0
149.0
156.0
143.0
416.0
147.0
172.0
140.0
177.0
139.0
155.0
153.0
162.0
172.0
151.0
174.0
144.0
162.0
144.0
147.0
131.0
151.0
467.0
146.0
135.0
143.0
162.0
133.0
137.0
142.0
173.0
160.0
482.0
148.0
431.0
170.0
414.0
470.0
447.0
486.0
465.0
488.0
431.0
437.0
452.0
158.0
140.0
155.0
154.0
140.0
167.0
132.0
134.0
166.0
191.0
190.0
150.0
168.0
382.0
140.0
140.0
165.0
149.0
132.0
157.0
161.0
134.0
177.0
170.0
164.0
150.0
148.0
475.0
150.0
158.0
175.0
157.0
131.0
174.0
133.0
146.0
470.0
149.0
173.0
132.0
152.0
158.0
176.0
160.0
139.0
149.0
131.0
148.0
156.0
174.0
131.0
146.0
126.0
146.0
367.0
135.0
163.0
443.0
131.0
162.0
149.0
157.0
173.0
141.0
135.0
164.0
150.0
377.0
169.0
144.0
160.0
173.0
174.0
133.0
139.0
135.0
163.0
162.0
154.0
138.0
173.0
149.0
158.0
117.0
134.0
444.0
146.0
144.0
150.0
158.0
137.0
149.0
160.0
142.0
152.0
402.0
173.0
479.0
156.0
385.0
380.0
385.0
433.0
479.0
451.0
485.0
446.0
454.0
157.0
150.0
174.0
163.0
139.0
133.0
145.0
161.0
130.0
157.0
169.0
131.0
166.0
397.0
168.0
149.0
171.0
169.0
150.0
161.0
160.0
145.0
149.0
153.0
137.0
168.0
147.0
398.0
148.0
168.0
171.0
137.0
135.0
166.0
175.0
132.0
483.0
137.0
148.0
130.0
167.0
145.0
149.0
166.0
164.0
158.0
171.0
167.0
173.0
155.0
151.0
131.0
137.0
138.0
370.0
138.0
169.0
452.0
156.0
135.0
173.0
159.0
170.0
167.0
162.0
136.0
153.0
485.0
168.0
145.0
154.0
138.0
163.0
166.0
141.0
152.0
154.0
136.0
135.0
173.0
164.0
136.0
134.0
131.0
154.0
401.0
163.0
177.0
164.0
146.0
136.0
163.0
146.0
138.0
172.0
492.0
164.0
464.0
174.0
383.0
473.0
394.0
377.0
438.0
439.0
399.0
430.0
374.0
158.0
155.0
138.0
131.0
143.0
150.0
165.0
174.0
134.0
194.0
191.0
172.0
131.0
375.0
166.0
131.0
131.0
162.0
165.0
160.0
169.0
139.0
130.0
138.0
140.0
132.0
140.0
438.0
174.0
163.0
137.0
134.0
162.0
137.0
159.0
159.0
461.0
169.0
166.0
166.0
153.0
151.0
156.0
155.0
156.0
152.0
170.0
149.0
157.0
138.0
156.0
168.0
142.0
169.0
485.0
158.0
151.0
364.0
158.0
131.0
175.0
148.0
142.0
131.0
169.0
152.0
176.0
381.0
153.0
171.0
153.0
141.0
135.0
157.0
131.0
170.0
169.0
164.0
152.0
175.0
174.0
142.0
176.0
117.0
151.0
423.0
148.0
166.0
148.0
172.0
164.0
170.0
153.0
161.0
137.0
364.0
147.0
455.0
166.0
413.0
369.0
462.0
391.0
375.0
458.0
384.0
375.0
439.0
134.0
149.0
151.0
139.0
147.0
149.0
138.0
152.0
133.0
196.0
183.0
141.0
138.0
446.0
171.0
150.0
138.0
150.0
150.0
142.0
130.0
145.0
155.0
134.0
140.0
170.0
142.0
376.0
150.0
160.0
131.0
164.0
145.0
173.0
151.0
152.0
432.0
162.0
168.0
147.0
132.0
131.0
138.0
145.0
149.0
166.0
132.0
144.0
145.0
161.0
130.0
162.0
147.0
156.0
475.0
153.0
132.0
392.0
130.0
155.0
166.0
146.0
147.0
138.0
143.0
176.0
170.0
438.0
153.0
138.0
135.0
157.0
134.0
142.0
155.0
162.0
132.0
132.0
136.0
158.0
137.0
177.0
135.0
124.0
151.0
488.0
148.0
166.0
174.0
141.0
175.0
165.0
162.0
130.0
133.0
390.0
155.0
389.0
176.0
390.0
461.0
426.0
490.0
445.0
391.0
389.0
434.0
459.0
155.0
172.0
169.0
158.0
159.0
137.0
145.0
173.0
166.0
202.0
204.0
162.0
155.0
364.0
160.0
162.0
157.0
149.0
148.0
176.0
153.0
158.0
174.0
158.0
142.0
148.0
169.0
409.0
168.0
155.0
164.0
144.0
167.0
176.0
166.0
140.0
439.0
158.0
159.0
156.0
143.0
136.0
149.0
130.0
174.0
176.0
169.0
149.0
147.0
165.0
131.0
134.0
129.0
136.0
470.0
175.0
155.0
401.0
168.0
149.0
160.0
156.0
142.0
134.0
139.0
165.0
151.0
449.0
165.0
173.0
148.0
176.0
176.0
146.0
172.0
137.0
158.0
148.0
151.0
160.0
153.0
146.0
133.0
117.0
157.0
398.0
158.0
131.0
156.0
164.0
166.0
166.0
171.0
160.0
133.0
391.0
165.0
488.0
146.0
466.0
468.0
430.0
424.0
403.0
412.0
440.0
458.0
445.0
149.0
173.0
157.0
144.0
174.0
130.0
136.0
139.0
177.0
176.0
166.0
160.0
172.0
486.0
141.0
147.0
134.0
170.0
165.0
167.0
175.0
137.0
173.0
167.0
145.0
132.0
140.0
425.0
158.0
173.0
150.0
157.0
163.0
133.0
159.0
130.0
400.0
162.0
143.0
150.0
169.0
159.0
164.0
140.0
164.0
149.0
154.0
154.0
149.0
146.0
161.0
146.0
150.0
143.0
445.0
158.0
173.0
488.0
152.0
166.0
148.0
172.0
168.0
145.0
145.0
172.0
138.0
450.0
163.0
174.0
135.0
153.0
136.0
171.0
131.0
144.0
169.0
149.0
163.0
150.0
150.0
134.0
176.0
130.0
153.0
384.0
175.0
156.0
137.0
131.0
159.0
148.0
134.0
132.0
130.0
492.0
159.0
404.0
141.0
482.0
373.0
425.0
469.0
390.0
366.0
476.0
388.0
383.0
161.0
151.0
161.0
172.0
141.0
137.0
162.0
144.0
131.0
155.0
180.0
168.0
162.0
485.0
160.0
175.0
165.0
156.0
151.0
169.0
154.0
166.0
132.0
164.0
173.0
164.0
134.0
490.0
163.0
147.0
148.0
137.0
147.0
171.0
138.0
160.0
437.0
153.0
159.0
131.0
162.0
137.0
175.0
173.0
141.0
163.0
136.0
135.0
135.0
159.0
175.0
174.0
131.0
166.0
396.0
175.0
150.0
406.0
147.0
147.0
149.0
169.0
171.0
153.0
168.0
149.0
170.0
490.0
163.0
143.0
152.0
154.0
144.0
138.0
135.0
147.0
160.0
145.0
143.0
171.0
161.0
132.0
163.0
141.0
160.0
409.0
173.0
166.0
160.0
161.0
159.0
161.0
156.0
172.0
134.0
431.0
157.0
448.0
141.0
398.0
437.0
435.0
482.0
450.0
430.0
471.0
493.0
376.0
170.0
141.0
130.0
148.0
161.0
171.0
146.0
149.0
164.0
187.0
179.0
142.0
144.0
412.0
158.0
148.0
161.0
175.0
160.0
152.0
133.0
158.0
167.0
153.0
165.0
161.0
152.0
380.0
164.0
146.0
165.0
132.0
130.0
171.0
172.0
144.0
379.0
163.0
175.0
158.0
139.0
149.0
172.0
130.0
175.0
176.0
162.0
165.0
153.0
158.0
148.0
169.0
132.0
140.0
494.0
167.0
155.0
484.0
163.0
165.0
137.0
133.0
168.0
161.0
150.0
138.0
143.0
414.0
175.0
153.0
135.0
168.0
138.0
156.0
158.0
153.0
131.0
144.0
134.0
144.0
175.0
141.0
147.0
112.0
175.0
486.0
143.0
173.0
173.0
177.0
139.0
134.0
172.0
177.0
170.0
423.0
162.0
384.0
142.0
494.0
479.0
468.0
482.0
493.0
433.0
455.0
429.0
462.0
166.0
132.0
164.0
149.0
143.0
160.0
175.0
164.0
144.0
164.0
159.0
171.0
161.0
433.0
154.0
177.0
172.0
138.0
169.0
154.0
158.0
149.0
163.0
160.0
155.0
157.0
176.0
367.0
174.0
160.0
136.0
168.0
147.0
146.0
146.0
166.0
482.0
146.0
171.0
160.0
150.0
132.0
134.0
147.0
145.0
161.0
146.0
134.0
133.0
149.0
133.0
130.0
125.0
160.0
409.0
154.0
152.0
429.0
155.0
147.0
168.0
176.0
157.0
143.0
172.0
140.0
156.0
488.0
160.0
146.0
134.0
171.0
134.0
153.0
169.0
148.0
142.0
154.0
150.0
145.0
140.0
161.0
139.0
144.0
143.0
385.0
167.0
132.0
139.0
160.0
150.0
148.0
152.0
155.0
155.0
474.0
151.0
392.0
168.0
489.0
440.0
427.0
364.0
431.0
365.0
390.0
381.0
452.0
162.0
167.0
163.0
155.0
137.0
160.0
142.0
174.0
143.0
184.0
177.0
147.0
139.0
482.0
136.0
135.0
132.0
175.0
146.0
170.0
133.0
172.0
153.0
163.0
141.0
135.0
151.0
384.0
176.0
130.0
174.0
147.0
162.0
141.0
139.0
174.0
453.0
146.0
163.0
135.0
154.0
132.0
166.0
173.0
176.0
159.0
168.0
159.0
158.0
142.0
133.0
167.0
146.0
143.0
478.0
159.0
155.0
430.0
160.0
151.0
166.0
146.0
146.0
148.0
142.0
141.0
138.0
449.0
162.0
155.0
150.0
145.0
159.0
135.0
132.0
173.0
135.0
131.0
145.0
159.0
134.0
146.0
149.0
144.0
172.0
431.0
141.0
135.0
166.0
153.0
142.0
158.0
139.0
173.0
165.0
372.0
149.0
403.0
135.0
400.0
373.0
407.0
470.0
398.0
446.0
363.0
446.0
486.0
141.0
170.0
142.0
175.0
152.0
150.0
172.0
143.0
152.0
171.0
197.0
135.0
165.0
476.0
156.0
172.0
141.0
133.0
163.0
163.0
177.0
159.0
167.0
149.0
172.0
164.0
165.0
366.0
135.0
143.0
171.0
149.0
135.0
168.0
176.0
138.0
447.0
167.0
164.0
148.0
173.0
157.0
173.0
161.0
168.0
132.0
141.0
143.0
174.0
154.0
136.0
175.0
151.0
155.0
386.0
134.0
144.0
369.0
162.0
151.0
135.0
145.0
136.0
138.0
158.0
135.0
162.0
367.0
156.0
132.0
130.0
156.0
163.0
166.0
171.0
146.0
164.0
156.0
159.0
171.0
155.0
161.0
142.0
134.0
144.0
389.0
162.0
153.0
159.0
159.0
158.0
166.0
141.0
172.0
172.0
491.0
167.0
371.0
147.0
368.0
388.0
487.0
445.0
491.0
432.0
442.0
380.0
482.0
173.0
155.0
157.0
153.0
149.0
143.0
158.0
162.0
131.0
207.0
205.0
145.0
148.0
384.0
137.0
136.0
162.0
160.0
164.0
132.0
174.0
156.0
171.0
176.0
161.0
161.0
146.0
397.0
142.0
154.0
140.0
166.0
147.0
142.0
160.0
136.0
395.0
131.0
134.0
157.0
143.0
132.0
135.0
148.0
146.0
150.0
156.0
133.0
140.0
161.0
146.0
159.0
135.0
157.0
490.0
150.0
135.0
423.0
168.0
170.0
132.0
137.0
171.0
154.0
161.0
166.0
175.0
444.0
172.0
171.0
134.0
133.0
144.0
173.0
161.0
139.0
155.0
161.0
164.0
136.0
143.0
176.0
159.0
129.0
150.0
464.0
146.0
145.0
174.0
140.0
159.0
159.0
144.0
131.0
175.0
421.0
133.0
392.0
149.0
494.0
432.0
465.0
414.0
372.0
433.0
487.0
428.0
410.0
141.0
138.0
145.0
144.0
174.0
136.0
162.0
143.0
159.0
207.0
187.0
151.0
159.0
484.0
145.0
147.0
164.0
170.0
157.0
137.0
154.0
160.0
157.0
138.0
160.0
134.0
140.0
383.0
158.0
170.0
133.0
140.0
135.0
169.0
160.0
158.0
366.0
162.0
168.0
155.0
154.0
166.0
151.0
132.0
172.0
140.0
152.0
146.0
147.0
143.0
133.0
177.0
139.0
143.0
462.0
150.0
132.0
387.0
146.0
132.0
145.0
146.0
144.0
147.0
135.0
159.0
168.0
441.0
132.0
165.0
159.0
163.0
172.0
172.0
152.0
141.0
163.0
173.0
160.0
170.0
161.0
145.0
134.0
138.0
174.0
392.0
133.0
170.0
175.0
173.0
133.0
139.0
168.0
155.0
160.0
382.0
158.0
390.0
165.0
489.0
402.0
426.0
493.0
487.0
481.0
490.0
411.0
444.0
145.0
158.0
149.0
161.0
149.0
171.0
156.0
159.0
154.0
202.0
178.0
131.0
176.0
385.0
140.0
140.0
150.0
154.0
136.0
139.0
148.0
148.0
136.0
175.0
171.0
164.0
136.0
439.0
135.0
169.0
174.0
168.0
143.0
131.0
154.0
161.0
477.0
142.0
165.0
168.0
147.0
159.0
161.0
150.0
138.0
151.0
144.0
158.0
173.0
172.0
150.0
176.0
139.0
162.0
442.0
130.0
161.0
416.0
158.0
161.0
156.0
139.0
132.0
173.0
150.0
166.0
167.0
400.0
165.0
169.0
144.0
133.0
146.0
135.0
145.0
131.0
132.0
145.0
147.0
177.0
144.0
147.0
166.0
125.0
138.0
471.0
157.0
139.0
151.0
138.0
147.0
151.0
167.0
137.0
166.0
380.0
131.0
462.0
137.0
381.0
397.0
416.0
396.0
442.0
384.0
369.0
491.0
471.0
160.0
131.0
137.0
177.0
130.0
136.0
134.0
176.0
134.0
172.0
177.0
170.0
171.0
479.0
169.0
132.0
167.0
163.0
143.0
142.0
162.0
161.0
168.0
152.0
136.0
168.0
134.0
451.0
150.0
158.0
135.0
145.0
153.0
174.0
136.0
152.0
481.0
157.0
130.0
132.0
140.0
134.0
157.0
175.0
155.0
134.0
168.0
166.0
138.0
141.0
130.0
138.0
131.0
160.0
375.0
162.0
161.0
429.0
166.0
177.0
162.0
171.0
138.0
135.0
164.0
135.0
150.0
392.0
141.0
162.0
173.0
161.0
170.0
162.0
141.0
171.0
175.0
162.0
159.0
170.0
134.0
137.0
159.0
129.0
174.0
448.0
159.0
174.0
164.0
176.0
163.0
146.0
150.0
158.0
159.0
416.0
132.0
478.0
176.0
421.0
469.0
441.0
477.0
415.0
483.0
381.0
463.0
454.0
159.0
143.0
135.0
169.0
145.0
145.0
131.0
167.0
133.0
161.0
165.0
160.0
168.0
410.0
171.0
132.0
140.0
154.0
173.0
154.0
169.0
144.0
151.0
143.0
170.0
138.0
168.0
473.0
177.0
148.0
155.0
170.0
133.0
172.0
160.0
139.0
401.0
160.0
151.0
162.0
147.0
157.0
136.0
175.0
132.0
177.0
167.0
156.0
156.0
176.0
159.0
149.0
113.0
166.0
410.0
149.0
139.0
430.0
149.0
136.0
145.0
164.0
176.0
161.0
171.0
148.0
139.0
476.0
133.0
157.0
152.0
168.0
175.0
167.0
169.0
149.0
143.0
169.0
158.0
174.0
132.0
153.0
146.0
124.0
148.0
421.0
134.0
150.0
138.0
152.0
143.0
155.0
168.0
152.0
159.0
473.0
162.0
366.0
145.0
448.0
426.0
448.0
491.0
447.0
424.0
464.0
392.0
402.0
131.0
136.0
176.0
147.0
148.0
140.0
170.0
136.0
142.0
200.0
200.0
155.0
168.0
390.0
171.0
170.0
136.0
148.0
139.0
176.0
140.0
176.0
142.0
174.0
131.0
132.0
144.0
493.0
140.0
177.0
156.0
147.0
158.0
168.0
147.0
168.0
414.0
152.0
133.0
130.0
169.0
152.0
168.0
131.0
160.0
162.0
154.0
132.0
162.0
141.0
153.0
139.0
126.0
171.0
473.0
133.0
130.0
373.0
138.0
151.0
134.0
133.0
157.0
140.0
131.0
137.0
168.0
414.0
131.0
147.0
134.0
174.0
131.0
134.0
132.0
165.0
176.0
142.0
155.0
168.0
162.0
149.0
158.0
134.0
140.0
413.0
162.0
131.0
155.0
165.0
168.0
133.0
164.0
138.0
150.0
486.0
139.0
390.0
135.0
494.0
422.0
388.0
395.0
388.0
446.0
429.0
446.0
456.0
165.0
137.0
140.0
175.0
137.0
144.0
166.0
160.0
177.0
187.0
156.0
167.0
154.0
398.0
171.0
162.0
150.0
164.0
166.0
155.0
167.0
149.0
166.0
168.0
131.0
134.0
134.0
481.0
140.0
130.0
159.0
158.0
160.0
177.0
171.0
134.0
490.0
174.0
156.0
135.0
139.0
170.0
136.0
176.0
165.0
157.0
156.0
162.0
141.0
166.0
167.0
154.0
126.0
130.0
374.0
169.0
147.0
428.0
153.0
158.0
144.0
170.0
134.0
143.0
134.0
148.0
168.0
371.0
173.0
154.0
167.0
140.0
158.0
168.0
163.0
150.0
173.0
174.0
160.0
146.0
130.0
156.0
141.0
131.0
150.0
458.0
139.0
148.0
148.0
162.0
157.0
162.0
140.0
171.0
141.0
411.0
144.0
420.0
151.0
432.0
447.0
478.0
444.0
396.0
391.0
421.0
428.0
437.0
158.0
148.0
151.0
152.0
145.0
135.0
149.0
155.0
146.0
163.0
156.0
164.0
143.0
407.0
172.0
133.0
146.0
175.0
145.0
164.0
145.0
140.0
143.0
151.0
168.0
133.0
156.0
393.0
151.0
144.0
134.0
133.0
147.0
142.0
173.0
171.0
450.0
166.0
143.0
172.0
153.0
154.0
153.0
152.0
157.0
130.0
144.0
158.0
174.0
159.0
164.0
132.0
114.0
147.0
485.0
162.0
177.0
481.0
153.0
145.0
177.0
135.0
174.0
147.0
166.0
170.0
160.0
489.0
146.0
158.0
149.0
150.0
140.0
169.0
140.0
138.0
140.0
165.0
134.0
160.0
145.0
151.0
177.0
123.0
142.0
444.0
140.0
152.0
169.0
150.0
165.0
148.0
130.0
146.0
148.0
384.0
147.0
469.0
172.0
387.0
443.0
374.0
373.0
374.0
484.0
461.0
481.0
486.0
155.0
156.0
176.0
157.0
168.0
167.0
171.0
143.0
159.0
168.0
159.0
173.0
176.0
428.0
133.0
155.0
177.0
160.0
168.0
174.0
165.0
162.0
160.0
161.0
157.0
156.0
142.0
442.0
131.0
177.0
137.0
166.0
143.0
173.0
138.0
149.0
466.0
136.0
145.0
144.0
165.0
170.0
171.0
162.0
136.0
145.0
164.0
160.0
176.0
153.0
153.0
154.0
136.0
155.0
443.0
160.0
147.0
458.0
162.0
170.0
132.0
171.0
158.0
143.0
161.0
147.0
146.0
391.0
166.0
161.0
156.0
152.0
140.0
150.0
174.0
145.0
137.0
175.0
151.0
173.0
148.0
161.0
166.0
136.0
165.0
418.0
142.0
131.0
134.0
143.0
169.0
155.0
161.0
168.0
171.0
379.0
150.0
370.0
164.0
453.0
407.0
484.0
374.0
414.0
453.0
410.0
375.0
492.0
130.0
169.0
155.0
146.0
141.0
164.0
177.0
145.0
135.0
