I_BRKGA_52_2_40_12_CESP
52 2 40 495.0
33268.5
34896.5
35381.5
33640.5
30621.5
30985.5
30124.5
29204.5
33710.5
30130.5
35860.5
35682.5
31389.5
31294.5
33069.5
33001.5
33083.5
33768.5
35774.5
30500.5
35328.5
35124.5
34172.5
34552.5
34728.5
35167.5
31492.5
34723.5
32592.5
33104.5
35436.5
34756.5
34093.5
36029.5
33593.5
33325.5
29200.5
33872.5
35038.5
35052.5
0.02860372716290554
0.02098851027489807
0.02980867436772489
0.02182158534057798
0.026137406953067984
0.022879426869929175
0.027868881821153244
0.02005816339115822
0.028903143575279594
0.020332734439920605
0.02866193659562688
0.020033792936188868
0.026283684706597605
0.020666132694251625
0.02837073650651121
0.0224714969846761
0.027180641907469993
0.0216772821190067
0.027627246448584348
0.024114419868848908
0.02963581160853176
0.02238554090503409
0.025721586204067153
0.022068178015843855
0.029403764444152276
0.023643959221776967
0.025575207575339723
0.02184701018563959
0.027899439144341412
0.024363565106708007
0.026955118928655143
0.023027382924265954
0.02627748631741221
0.021626158367400023
0.026817249929878707
0.020743761066581573
0.025139362378651213
0.022839754619951812
0.02598443097940771
0.033555607111983354
110.0
110.0
7678.0
62.0
736.0
1440.0
149.0
778.0
385.0
276.0
479.0
682.0
1063.0
434.0
77.0
331.0
555.0
298.0
149.0
514.0
183.0
342.0
115.0
403.0
205.0
878.0
1485.0
608.0
370.0
1156.0
446.0
325.0
908.0
5488.0
5735.0
174.0
227.0
1933.0
108.0
83.0
263.0
251.0
343.0
794.0
388.0
359.0
183.0
274.0
209.0
161.0
822.0
375.0
915.0
1270.0
746.0
1452.0
146.0
768.0
375.0
278.0
485.0
670.0
1003.0
426.0
80.0
340.0
555.0
302.0
144.0
528.0
187.0
360.0
112.0
414.0
201.0
874.0
1409.0
611.0
368.0
1164.0
454.0
312.0
982.0
5433.0
5844.0
165.0
229.0
1942.0
106.0
84.0
259.0
238.0
333.0
792.0
383.0
360.0
188.0
278.0
201.0
163.0
834.0
385.0
944.0
1255.0
767.0
1476.0
146.0
770.0
376.0
264.0
471.0
678.0
1054.0
410.0
82.0
335.0
563.0
284.0
141.0
515.0
189.0
370.0
113.0
421.0
209.0
876.0
1512.0
597.0
385.0
1143.0
446.0
312.0
943.0
5464.0
5862.0
167.0
226.0
1841.0
107.0
82.0
253.0
247.0
340.0
824.0
407.0
351.0
194.0
271.0
203.0
160.0
845.0
383.0
921.0
1290.0
734.0
1505.0
154.0
798.0
382.0
272.0
458.0
670.0
1006.0
407.0
77.0
326.0
555.0
287.0
145.0
523.0
182.0
363.0
111.0
424.0
213.0
871.0
1400.0
644.0
378.0
1229.0
446.0
324.0
984.0
5278.0
5571.0
177.0
234.0
1944.0
105.0
83.0
262.0
239.0
344.0
806.0
372.0
339.0
193.0
269.0
208.0
163.0
808.0
389.0
898.0
1306.0
728.0
1457.0
150.0
763.0
373.0
271.0
464.0
674.0
1021.0
402.0
82.0
336.0
555.0
286.0
145.0
493.0
187.0
369.0
115.0
410.0
198.0
887.0
1424.0
602.0
372.0
1242.0
444.0
322.0
915.0
5553.0
6031.0
172.0
228.0
1836.0
106.0
85.0
253.0
248.0
348.0
785.0
394.0
349.0
187.0
284.0
199.0
162.0
842.0
385.0
936.0
1258.0
750.0
1517.0
146.0
768.0
378.0
283.0
458.0
705.0
1056.0
421.0
82.0
337.0
544.0
286.0
142.0
507.0
184.0
366.0
112.0
433.0
201.0
848.0
1482.0
601.0
376.0
1155.0
436.0
309.0
967.0
5360.0
5791.0
167.0
231.0
1865.0
102.0
86.0
261.0
248.0
355.0
807.0
370.0
336.0
190.0
268.0
200.0
171.0
805.0
393.0
971.0
1273.0
723.0
1482.0
151.0
773.0
386.0
271.0
474.0
667.0
993.0
436.0
80.0
344.0
552.0
275.0
147.0
500.0
187.0
357.0
113.0
423.0
204.0
894.0
1426.0
643.0
380.0
1168.0
441.0
314.0
898.0
5181.0
6074.0
167.0
236.0
1863.0
106.0
84.0
259.0
248.0
347.0
800.0
373.0
334.0
185.0
276.0
194.0
164.0
835.0
382.0
912.0
1269.0
728.0
1502.0
145.0
797.0
380.0
283.0
458.0
668.0
977.0
436.0
80.0
337.0
547.0
284.0
140.0
517.0
186.0
373.0
111.0
434.0
201.0
928.0
1504.0
627.0
364.0
1240.0
444.0
327.0
904.0
5245.0
5648.0
176.0
234.0
1817.0
107.0
85.0
255.0
251.0
349.0
796.0
389.0
341.0
191.0
262.0
206.0
173.0
789.0
389.0
916.0
1249.0
744.0
1411.0
152.0
766.0
380.0
284.0
471.0
681.0
1008.0
425.0
78.0
343.0
583.0
276.0
141.0
518.0
187.0
351.0
114.0
412.0
212.0
886.0
1533.0
618.0
369.0
1184.0
434.0
331.0
902.0
5196.0
6078.0
165.0
225.0
1836.0
103.0
87.0
243.0
243.0
342.0
760.0
383.0
357.0
196.0
263.0
206.0
166.0
778.0
377.0
889.0
1307.0
738.0
1433.0
148.0
783.0
390.0
287.0
475.0
674.0
1058.0
433.0
76.0
319.0
574.0
279.0
150.0
501.0
188.0
372.0
119.0
396.0
210.0
913.0
1454.0
634.0
370.0
1208.0
442.0
315.0
960.0
5507.0
6145.0
171.0
237.0
1962.0
108.0
87.0
249.0
251.0
360.0
803.0
375.0
348.0
190.0
286.0
193.0
166.0
831.0
391.0
956.0
1337.0
721.0
1416.0
146.0
806.0
370.0
282.0
472.0
676.0
976.0
406.0
78.0
340.0
571.0
301.0
152.0
501.0
185.0
371.0
114.0
402.0
198.0
895.0
1479.0
640.0
381.0
1235.0
455.0
322.0
920.0
5348.0
5925.0
165.0
231.0
1909.0
104.0
84.0
251.0
243.0
341.0
782.0
377.0
352.0
183.0
285.0
200.0
168.0
845.0
383.0
931.0
1309.0
744.0
1490.0
148.0
770.0
372.0
270.0
453.0
686.0
995.0
431.0
79.0
343.0
592.0
298.0
148.0
513.0
181.0
368.0
114.0
421.0
208.0
922.0
1466.0
598.0
364.0
1241.0
440.0
330.0
902.0
5425.0
5919.0
172.0
229.0
1954.0
105.0
88.0
256.0
237.0
342.0
788.0
383.0
354.0
187.0
284.0
205.0
172.0
813.0
393.0
940.0
1248.0
736.0
1474.0
151.0
774.0
381.0
271.0
467.0
703.0
1013.0
432.0
80.0
319.0
582.0
287.0
144.0
489.0
180.0
359.0
119.0
412.0
200.0
911.0
1529.0
589.0
383.0
1224.0
431.0
323.0
912.0
5176.0
6086.0
167.0
234.0
1890.0
104.0
84.0
259.0
241.0
357.0
796.0
372.0
348.0
189.0
281.0
207.0
172.0
799.0
401.0
894.0
1221.0
750.0
1504.0
150.0
760.0
380.0
279.0
472.0
658.0
1056.0
439.0
78.0
342.0
581.0
299.0
149.0
489.0
188.0
360.0
116.0
407.0
200.0
893.0
1398.0
605.0
380.0
1214.0
425.0
310.0
930.0
5218.0
5950.0
167.0
225.0
1994.0
103.0
82.0
261.0
241.0
354.0
811.0
380.0
357.0
184.0
269.0
207.0
159.0
836.0
377.0
966.0
1236.0
723.0
1459.0
147.0
768.0
393.0
285.0
445.0
665.0
997.0
402.0
77.0
326.0
588.0
301.0
144.0
524.0
182.0
352.0
110.0
426.0
211.0
854.0
1485.0
631.0
354.0
1141.0
444.0
314.0
973.0
5484.0
6161.0
167.0
221.0
1857.0
106.0
83.0
246.0
246.0
362.0
790.0
389.0
354.0
189.0
282.0
207.0
168.0
836.0
384.0
918.0
1322.0
733.0
1498.0
147.0
813.0
377.0
262.0
480.0
694.0
1004.0
410.0
81.0
334.0
536.0
276.0
146.0
521.0
180.0
354.0
118.0
407.0
205.0
856.0
1473.0
618.0
371.0
1146.0
450.0
333.0
933.0
5172.0
5828.0
168.0
225.0
1962.0
109.0
81.0
244.0
250.0
351.0
780.0
400.0
336.0
193.0
269.0
203.0
161.0
846.0
374.0
952.0
1227.0
729.0
1504.0
144.0
795.0
377.0
278.0
480.0
679.0
1027.0
427.0
75.0
317.0
567.0
279.0
145.0
502.0
190.0
358.0
115.0
402.0
208.0
923.0
1458.0
599.0
366.0
1204.0
431.0
314.0
916.0
5522.0
5791.0
170.0
234.0
1934.0
102.0
86.0
247.0
242.0
333.0
832.0
379.0
360.0
182.0
273.0
197.0
168.0
833.0
391.0
923.0
1269.0
742.0
1468.0
146.0
795.0
374.0
268.0
460.0
702.0
1036.0
427.0
81.0
324.0
558.0
293.0
152.0
506.0
191.0
373.0
120.0
408.0
204.0
901.0
1420.0
645.0
376.0
1217.0
456.0
313.0
937.0
5530.0
5935.0
176.0
229.0
1955.0
107.0
86.0
242.0
230.0
344.0
773.0
389.0
355.0
181.0
268.0
207.0
162.0
806.0
384.0
959.0
1318.0
778.0
1462.0
151.0
778.0
376.0
275.0
479.0
669.0
1035.0
405.0
79.0
338.0
545.0
294.0
147.0
516.0
185.0
347.0
116.0
416.0
202.0
900.0
1536.0
600.0
357.0
1246.0
449.0
314.0
901.0
5581.0
5840.0
175.0
223.0
1901.0
104.0
86.0
252.0
248.0
351.0
797.0
401.0
358.0
194.0
279.0
201.0
171.0
819.0
393.0
889.0
1258.0
761.0
1431.0
150.0
786.0
371.0
277.0
473.0
686.0
997.0
417.0
78.0
336.0
540.0
288.0
151.0
523.0
189.0
359.0
110.0
408.0
200.0
915.0
1432.0
599.0
379.0
1151.0
442.0
310.0
935.0
5465.0
6056.0
168.0
223.0
1947.0
106.0
82.0
261.0
247.0
347.0
790.0
380.0
364.0
189.0
265.0
206.0
162.0
813.0
379.0
891.0
1338.0
721.0
1424.0
155.0
808.0
378.0
280.0
465.0
697.0
1059.0
421.0
81.0
318.0
578.0
302.0
149.0
505.0
187.0
348.0
113.0
429.0
209.0
869.0
1516.0
629.0
387.0
1152.0
453.0
321.0
974.0
5451.0
5897.0
176.0
235.0
1867.0
101.0
85.0
253.0
245.0
346.0
810.0
379.0
357.0
186.0
274.0
206.0
158.0
776.0
393.0
890.0
1249.0
745.0
1403.0
149.0
799.0
377.0
279.0
455.0
655.0
1018.0
424.0
79.0
339.0
578.0
275.0
148.0
530.0
185.0
354.0
112.0
413.0
204.0
901.0
1433.0
598.0
385.0
1170.0
436.0
317.0
953.0
5502.0
5569.0
172.0
225.0
1897.0
105.0
82.0
244.0
230.0
339.0
816.0
397.0
355.0
184.0
270.0
197.0
164.0
792.0
388.0
947.0
1266.0
742.0
1410.0
147.0
764.0
368.0
275.0
472.0
674.0
1042.0
410.0
80.0
332.0
535.0
295.0
147.0
513.0
191.0
369.0
113.0
399.0
204.0
847.0
1493.0
612.0
356.0
1189.0
450.0
312.0
973.0
5437.0
5659.0
177.0
235.0
1889.0
105.0
87.0
254.0
240.0
356.0
782.0
390.0
339.0
182.0
266.0
191.0
174.0
815.0
374.0
925.0
1317.0
746.0
1419.0
144.0
813.0
379.0
276.0
446.0
649.0
987.0
413.0
78.0
315.0
589.0
282.0
146.0
493.0
186.0
368.0
113.0
428.0
195.0
923.0
1414.0
600.0
379.0
1228.0
437.0
322.0
976.0
5276.0
5650.0
169.0
230.0
1984.0
102.0
82.0
262.0
230.0
354.0
783.0
371.0
336.0
187.0
274.0
207.0
162.0
772.0
397.0
972.0
1260.0
735.0
1509.0
143.0
765.0
376.0
283.0
461.0
675.0
975.0
414.0
76.0
327.0
573.0
293.0
142.0
504.0
190.0
368.0
117.0
429.0
204.0
868.0
1529.0
618.0
382.0
1203.0
432.0
304.0
972.0
5501.0
5604.0
167.0
224.0
1852.0
104.0
86.0
249.0
238.0
337.0
823.0
387.0
340.0
181.0
261.0
204.0
166.0
779.0
398.0
949.0
1264.0
764.0
1445.0
151.0
777.0
378.0
269.0
473.0
695.0
1015.0
422.0
79.0
329.0
560.0
287.0
143.0
503.0
183.0
347.0
113.0
404.0
197.0
871.0
1438.0
605.0
357.0
1233.0
441.0
316.0
954.0
5213.0
5686.0
173.0
229.0
1950.0
102.0
83.0
245.0
245.0
346.0
804.0
399.0
337.0
186.0
278.0
207.0
169.0
836.0
392.0
969.0
1330.0
746.0
1457.0
153.0
804.0
382.0
265.0
471.0
678.0
1013.0
405.0
81.0
333.0
540.0
293.0
146.0
502.0
186.0
358.0
111.0
413.0
194.0
909.0
1422.0
592.0
378.0
1253.0
445.0
311.0
976.0
5261.0
6147.0
166.0
234.0
1980.0
103.0
85.0
256.0
237.0
339.0
779.0
404.0
357.0
194.0
278.0
196.0
168.0
812.0
384.0
936.0
1222.0
769.0
1516.0
152.0
796.0
375.0
287.0
461.0
681.0
1043.0
428.0
80.0
333.0
551.0
287.0
151.0
503.0
190.0
361.0
111.0
426.0
209.0
918.0
1428.0
592.0
354.0
1142.0
440.0
314.0
935.0
5226.0
5939.0
175.0
226.0
1964.0
106.0
82.0
255.0
233.0
347.0
808.0
389.0
346.0
193.0
280.0
201.0
172.0
837.0
386.0
886.0
1314.0
730.0
1412.0
153.0
780.0
375.0
269.0
463.0
682.0
986.0
424.0
82.0
326.0
566.0
298.0
144.0
498.0
183.0
352.0
114.0
411.0
202.0
919.0
1540.0
601.0
356.0
1163.0
457.0
324.0
942.0
5468.0
6173.0
178.0
234.0
1956.0
106.0
84.0
255.0
240.0
346.0
786.0
376.0
346.0
185.0
265.0
201.0
164.0
830.0
385.0
929.0
1239.0
773.0
1439.0
150.0
774.0
380.0
287.0
468.0
654.0
1016.0
426.0
81.0
341.0
588.0
285.0
145.0
504.0
193.0
349.0
116.0
415.0
201.0
912.0
1419.0
637.0
390.0
1221.0
457.0
320.0
909.0
5128.0
5766.0
171.0
231.0
1903.0
104.0
87.0
246.0
244.0
344.0
802.0
397.0
345.0
182.0
279.0
201.0
159.0
837.0
376.0
956.0
1254.0
723.0
1412.0
150.0
771.0
381.0
272.0
467.0
689.0
1040.0
401.0
77.0
329.0
573.0
301.0
144.0
521.0
188.0
370.0
117.0
405.0
198.0
894.0
1529.0
622.0
363.0
1230.0
435.0
310.0
962.0
5341.0
5914.0
173.0
228.0
1948.0
107.0
88.0
250.0
249.0
355.0
825.0
374.0
354.0
192.0
272.0
198.0
168.0
794.0
372.0
927.0
1272.0
749.0
1402.0
144.0
815.0
380.0
270.0
456.0
697.0
1031.0
401.0
82.0
328.0
574.0
297.0
145.0
504.0
182.0
351.0
112.0
415.0
211.0
864.0
1484.0
614.0
362.0
1185.0
456.0
308.0
946.0
5354.0
6096.0
175.0
229.0
1905.0
102.0
87.0
254.0
251.0
357.0
792.0
392.0
351.0
190.0
263.0
199.0
163.0
829.0
386.0
924.0
1285.0
760.0
1533.0
149.0
761.0
386.0
277.0
474.0
675.0
1018.0
413.0
81.0
341.0
540.0
288.0
140.0
508.0
189.0
342.0
114.0
410.0
197.0
929.0
1461.0
592.0
373.0
1237.0
427.0
330.0
977.0
5220.0
5702.0
170.0
222.0
1850.0
102.0
83.0
261.0
230.0
343.0
778.0
389.0
342.0
188.0
274.0
204.0
159.0
838.0
384.0
949.0
1246.0
761.0
1495.0
147.0
763.0
381.0
277.0
450.0
676.0
1027.0
400.0
75.0
316.0
555.0
294.0
144.0
492.0
182.0
361.0
111.0
402.0
200.0
853.0
1423.0
637.0
377.0
1226.0
438.0
322.0
968.0
5567.0
5720.0
174.0
232.0
1891.0
106.0
86.0
262.0
248.0
356.0
805.0
396.0
359.0
187.0
266.0
205.0
160.0
776.0
382.0
919.0
1322.0
749.0
1446.0
146.0
800.0
362.0
282.0
470.0
656.0
1002.0
406.0
78.0
333.0
541.0
290.0
148.0
521.0
190.0
351.0
115.0
417.0
201.0
851.0
1513.0
604.0
372.0
1147.0
434.0
328.0
934.0
5213.0
6081.0
169.0
225.0
1877.0
106.0
83.0
265.0
239.0
349.0
786.0
375.0
348.0
184.0
270.0
195.0
170.0
823.0
369.0
905.0
1301.0
748.0
1495.0
144.0
792.0
389.0
272.0
472.0
704.0
1034.0
429.0
79.0
345.0
552.0
288.0
150.0
507.0
189.0
349.0
120.0
394.0
207.0
898.0
1460.0
594.0
357.0
1150.0
431.0
306.0
939.0
5196.0
6139.0
165.0
233.0
1893.0
101.0
87.0
250.0
240.0
356.0
786.0
383.0
353.0
183.0
264.0
195.0
160.0
829.0
391.0
928.0
1235.0
774.0
1461.0
147.0
786.0
389.0
287.0
469.0
673.0
980.0
417.0
77.0
312.0
582.0
303.0
146.0
493.0
195.0
358.0
120.0
399.0
210.0
846.0
1449.0
590.0
366.0
1163.0
441.0
303.0
912.0
5106.0
6076.0
170.0
228.0
1959.0
106.0
84.0
245.0
233.0
344.0
776.0
398.0
339.0
196.0
285.0
204.0
161.0
842.0
389.0
891.0
1334.0
730.0
1496.0
147.0
773.0
387.0
273.0
458.0
664.0
1034.0
429.0
77.0
325.0
576.0
302.0
140.0
491.0
186.0
359.0
114.0
407.0
210.0
847.0
1494.0
606.0
361.0
1206.0
456.0
315.0
930.0
5183.0
5892.0
169.0
233.0
1876.0
102.0
88.0
241.0
239.0
347.0
796.0
376.0
358.0
188.0
269.0
205.0
165.0
795.0
393.0
922.0
1252.0
745.0
1506.0
150.0
791.0
384.0
267.0
467.0
680.0
991.0
402.0
78.0
327.0
552.0
284.0
141.0
483.0
191.0
368.0
114.0
431.0
213.0
902.0
1432.0
602.0
368.0
1164.0
443.0
309.0
939.0
5322.0
5905.0
169.0
222.0
1856.0
105.0
82.0
264.0
242.0
346.0
820.0
391.0
347.0
191.0
278.0
200.0
170.0
834.0
380.0
900.0
1256.0
754.0
1536.0
142.0
783.0
384.0
276.0
466.0
681.0
991.0
411.0
77.0
342.0
541.0
293.0
146.0
501.0
191.0
341.0
112.0
430.0
213.0
844.0
1453.0
638.0
378.0
1249.0
440.0
317.0
921.0
5085.0
5887.0
171.0
234.0
1897.0
105.0
85.0
257.0
240.0
344.0
807.0
372.0
351.0
182.0
278.0
196.0
167.0
774.0
376.0
915.0
1292.0
156.0
162.0
162.0
160.0
232.0
154.0
156.0
158.0
282.0
170.0
147.0
171.0
148.0
143.0
134.0
162.0
148.0
153.0
303.0
152.0
174.0
171.0
161.0
140.0
161.0
159.0
284.0
314.0
152.0
153.0
148.0
151.0
156.0
160.0
146.0
153.0
309.0
140.0
272.0
162.0
284.0
302.0
296.0
266.0
304.0
419.0
305.0
270.0
382.0
153.0
167.0
155.0
162.0
146.0
231.0
152.0
156.0
152.0
282.0
152.0
156.0
175.0
152.0
165.0
156.0
141.0
156.0
154.0
327.0
148.0
148.0
144.0
146.0
158.0
151.0
150.0
292.0
259.0
149.0
160.0
148.0
154.0
160.0
166.0
142.0
150.0
300.0
138.0
282.0
138.0
292.0
288.0
294.0
290.0
310.0
398.0
306.0
292.0
458.0
153.0
144.0
169.0
151.0
157.0
212.0
162.0
145.0
153.0
270.0
172.0
143.0
136.0
158.0
151.0
149.0
152.0
156.0
136.0
310.0
140.0
157.0
150.0
152.0
162.0
153.0
171.0
253.0
293.0
154.0
153.0
166.0
164.0
164.0
158.0
156.0
148.0
288.0
166.0
284.0
154.0
274.0
272.0
302.0
268.0
264.0
424.0
278.0
316.0
424.0
151.0
155.0
158.0
165.0
142.0
196.0
170.0
150.0
158.0
308.0
152.0
162.0
146.0
160.0
158.0
156.0
141.0
143.0
144.0
312.0
146.0
156.0
148.0
148.0
148.0
132.0
136.0
277.0
310.0
163.0
144.0
147.0
166.0
165.0
162.0
168.0
156.0
252.0
157.0
282.0
156.0
270.0
318.0
292.0
273.0
262.0
404.0
300.0
298.0
384.0
147.0
163.0
144.0
158.0
142.0
215.0
166.0
160.0
164.0
276.0
148.0
164.0
160.0
138.0
159.0
169.0
149.0
164.0
152.0
265.0
148.0
174.0
136.0
152.0
153.0
152.0
174.0
308.0
308.0
161.0
136.0
154.0
151.0
159.0
170.0
136.0
156.0
281.0
150.0
304.0
161.0
300.0
308.0
270.0
264.0
260.0
463.0
280.0
278.0
430.0
154.0
150.0
154.0
142.0
148.0
212.0
136.0
158.0
150.0
292.0
154.0
154.0
148.0
148.0
154.0
146.0
146.0
158.0
158.0
266.0
144.0
146.0
160.0
156.0
157.0
154.0
157.0
274.0
276.0
142.0
146.0
156.0
140.0
144.0
160.0
144.0
152.0
304.0
151.0
325.0
158.0
270.0
306.0
298.0
283.0
266.0
419.0
328.0
312.0
452.0
172.0
154.0
166.0
164.0
160.0
209.0
156.0
160.0
157.0
283.0
142.0
155.0
156.0
144.0
132.0
159.0
142.0
163.0
150.0
254.0
146.0
140.0
171.0
158.0
146.0
134.0
139.0
270.0
292.0
156.0
158.0
147.0
161.0
138.0
152.0
151.0
140.0
264.0
166.0
280.0
162.0
268.0
317.0
296.0
251.0
320.0
412.0
308.0
320.0
384.0
158.0
154.0
152.0
154.0
150.0
218.0
159.0
158.0
165.0
274.0
155.0
168.0
152.0
150.0
166.0
152.0
141.0
148.0
163.0
302.0
158.0
158.0
146.0
170.0
149.0
142.0
172.0
256.0
266.0
147.0
140.0
146.0
160.0
166.0
152.0
132.0
170.0
264.0
168.0
318.0
138.0
278.0
272.0
270.0
268.0
308.0
409.0
274.0
258.0
380.0
148.0
170.0
160.0
148.0
141.0
239.0
144.0
164.0
142.0
308.0
162.0
154.0
148.0
164.0
150.0
158.0
155.0
166.0
159.0
295.0
166.0
152.0
150.0
156.0
152.0
156.0
149.0
286.0
318.0
162.0
169.0
153.0
161.0
166.0
162.0
156.0
162.0
314.0
152.0
255.0
147.0
267.0
268.0
285.0
297.0
267.0
414.0
294.0
306.0
466.0
140.0
158.0
157.0
158.0
155.0
224.0
152.0
163.0
166.0
314.0
153.0
146.0
163.0
154.0
142.0
173.0
154.0
162.0
160.0
316.0
147.0
154.0
149.0
133.0
152.0
130.0
152.0
330.0
310.0
165.0
139.0
158.0
148.0
134.0
168.0
169.0
172.0
288.0
152.0
306.0
176.0
303.0
306.0
268.0
289.0
300.0
476.0
306.0
268.0
468.0
168.0
168.0
148.0
142.0
161.0
214.0
150.0
150.0
138.0
284.0
156.0
148.0
152.0
156.0
140.0
158.0
144.0
159.0
166.0
312.0
150.0
172.0
130.0
154.0
152.0
154.0
154.0
261.0
326.0
155.0
152.0
142.0
169.0
142.0
146.0
152.0
176.0
260.0
139.0
278.0
160.0
280.0
263.0
254.0
260.0
320.0
412.0
262.0
283.0
482.0
142.0
167.0
158.0
166.0
168.0
217.0
148.0
166.0
169.0
284.0
161.0
152.0
162.0
166.0
153.0
158.0
158.0
156.0
158.0
326.0
146.0
136.0
145.0
152.0
158.0
141.0
140.0
276.0
282.0
168.0
152.0
150.0
154.0
166.0
156.0
143.0
158.0
260.0
160.0
291.0
150.0
278.0
278.0
300.0
293.0
268.0
463.0
260.0
277.0
462.0
154.0
158.0
169.0
161.0
154.0
242.0
164.0
164.0
164.0
312.0
154.0
149.0
150.0
132.0
160.0
154.0
152.0
148.0
144.0
286.0
172.0
166.0
162.0
152.0
150.0
126.0
168.0
272.0
283.0
145.0
166.0
170.0
174.0
160.0
153.0
166.0
172.0
288.0
154.0
282.0
160.0
310.0
313.0
288.0
320.0
322.0
407.0
262.0
310.0
437.0
142.0
160.0
168.0
146.0
146.0
232.0
160.0
148.0
146.0
260.0
156.0
169.0
146.0
138.0
173.0
136.0
144.0
145.0
154.0
290.0
153.0
165.0
134.0
162.0
150.0
136.0
149.0
304.0
318.0
159.0
152.0
166.0
147.0
138.0
134.0
154.0
161.0
298.0
142.0
268.0
164.0
315.0
280.0
304.0
315.0
262.0
464.0
315.0
302.0
450.0
144.0
149.0
169.0
156.0
142.0
236.0
156.0
147.0
152.0
288.0
154.0
156.0
163.0
168.0
141.0
161.0
151.0
158.0
166.0
322.0
175.0
157.0
147.0
164.0
157.0
145.0
150.0
300.0
286.0
154.0
167.0
147.0
170.0
159.0
146.0
146.0
154.0
270.0
152.0
306.0
148.0
324.0
292.0
262.0
306.0
268.0
405.0
256.0
268.0
428.0
170.0
146.0
164.0
136.0
148.0
218.0
160.0
150.0
158.0
282.0
144.0
162.0
138.0
152.0
152.0
142.0
152.0
148.0
151.0
321.0
162.0
152.0
166.0
150.0
159.0
146.0
162.0
296.0
270.0
160.0
146.0
153.0
148.0
160.0
150.0
142.0
142.0
282.0
154.0
288.0
136.0
288.0
294.0
312.0
270.0
315.0
382.0
320.0
298.0
380.0
140.0
158.0
169.0
155.0
163.0
205.0
145.0
156.0
168.0
294.0
152.0
170.0
162.0
158.0
146.0
136.0
144.0
160.0
165.0
302.0
174.0
156.0
150.0
146.0
156.0
150.0
158.0
277.0
308.0
157.0
144.0
160.0
160.0
168.0
160.0
152.0
154.0
306.0
170.0
318.0
162.0
275.0
314.0
267.0
273.0
284.0
433.0
304.0
300.0
426.0
134.0
154.0
157.0
152.0
140.0
227.0
152.0
141.0
161.0
302.0
160.0
148.0
148.0
158.0
158.0
134.0
137.0
152.0
158.0
288.0
162.0
146.0
149.0
153.0
166.0
152.0
154.0
302.0
274.0
157.0
141.0
166.0
148.0
162.0
156.0
141.0
149.0
312.0
150.0
289.0
152.0
285.0
292.0
319.0
296.0
288.0
388.0
280.0
320.0
368.0
166.0
158.0
147.0
160.0
138.0
231.0
142.0
143.0
144.0
286.0
150.0
148.0
154.0
154.0
148.0
162.0
148.0
138.0
146.0
258.0
156.0
145.0
152.0
154.0
144.0
125.0
166.0
308.0
292.0
132.0
161.0
157.0
144.0
168.0
166.0
166.0
158.0
312.0
160.0
266.0
167.0
314.0
302.0
310.0
294.0
328.0
432.0
304.0
284.0
435.0
140.0
156.0
156.0
162.0
141.0
236.0
146.0
150.0
147.0
292.0
150.0
156.0
152.0
138.0
150.0
150.0
160.0
154.0
164.0
324.0
158.0
162.0
150.0
153.0
158.0
146.0
144.0
266.0
292.0
165.0
162.0
147.0
156.0
162.0
164.0
157.0
172.0
292.0
162.0
301.0
158.0
287.0
257.0
286.0
287.0
258.0
430.0
302.0
306.0
413.0
172.0
158.0
160.0
162.0
153.0
218.0
150.0
147.0
156.0
284.0
146.0
172.0
157.0
142.0
150.0
160.0
162.0
169.0
157.0
268.0
166.0
174.0
147.0
142.0
153.0
145.0
158.0
283.0
313.0
145.0
171.0
144.0
163.0
146.0
161.0
151.0
164.0
282.0
151.0
318.0
164.0
311.0
264.0
312.0
288.0
290.0
428.0
330.0
295.0
412.0
150.0
168.0
170.0
168.0
154.0
228.0
168.0
156.0
163.0
277.0
148.0
138.0
143.0
150.0
145.0
149.0
139.0
144.0
159.0
286.0
153.0
142.0
153.0
157.0
158.0
142.0
156.0
292.0
268.0
174.0
154.0
166.0
138.0
160.0
144.0
146.0
160.0
284.0
156.0
292.0
154.0
273.0
306.0
252.0
294.0
323.0
388.0
302.0
300.0
446.0
144.0
170.0
161.0
146.0
146.0
207.0
158.0
146.0
154.0
288.0
154.0
153.0
146.0
156.0
160.0
146.0
155.0
150.0
164.0
309.0
174.0
151.0
141.0
154.0
142.0
147.0
156.0
302.0
316.0
161.0
154.0
139.0
156.0
170.0
154.0
162.0
154.0
297.0
165.0
269.0
164.0
257.0
313.0
270.0
260.0
266.0
441.0
306.0
254.0
415.0
142.0
158.0
159.0
142.0
141.0
240.0
148.0
155.0
153.0
250.0
160.0
156.0
152.0
162.0
148.0
145.0
169.0
152.0
147.0
256.0
154.0
164.0
157.0
160.0
170.0
144.0
156.0
316.0
270.0
138.0
156.0
143.0
154.0
166.0
147.0
170.0
166.0
304.0
152.0
303.0
159.0
311.0
310.0
328.0
288.0
266.0
382.0
251.0
259.0
436.0
154.0
161.0
170.0
149.0
166.0
221.0
171.0
147.0
142.0
319.0
148.0
152.0
157.0
138.0
154.0
144.0
142.0
162.0
142.0
295.0
173.0
158.0
138.0
134.0
142.0
131.0
158.0
296.0
280.0
152.0
160.0
146.0
148.0
144.0
154.0
148.0
162.0
287.0
146.0
268.0
150.0
309.0
287.0
292.0
270.0
272.0
470.0
266.0
328.0
402.0
164.0
159.0
166.0
140.0
153.0
222.0
156.0
158.0
153.0
292.0
156.0
164.0
156.0
164.0
153.0
155.0
151.0
160.0
154.0
265.0
150.0
162.0
159.0
138.0
148.0
158.0
158.0
277.0
306.0
165.0
150.0
150.0
168.0
144.0
162.0
149.0
168.0
266.0
138.0
312.0
136.0
299.0
292.0
272.0
300.0
320.0
419.0
296.0
286.0
444.0
148.0
157.0
158.0
160.0
154.0
243.0
152.0
157.0
159.0
308.0
156.0
151.0
155.0
148.0
147.0
154.0
142.0
134.0
144.0
264.0
143.0
166.0
168.0
152.0
155.0
142.0
156.0
330.0
294.0
148.0
157.0
142.0
149.0
158.0
153.0
158.0
147.0
296.0
138.0
295.0
146.0
317.0
270.0
320.0
256.0
280.0
428.0
290.0
268.0
443.0
158.0
166.0
159.0
162.0
146.0
239.0
164.0
148.0
162.0
278.0
158.0
163.0
158.0
148.0
151.0
147.0
155.0
149.0
158.0
278.0
163.0
140.0
155.0
138.0
141.0
148.0
150.0
288.0
294.0
147.0
158.0
168.0
141.0
138.0
144.0
142.0
152.0
328.0
145.0
272.0
170.0
270.0
275.0
300.0
290.0
308.0
396.0
309.0
258.0
398.0
170.0
174.0
164.0
140.0
146.0
202.0
148.0
164.0
151.0
278.0
148.0
143.0
137.0
160.0
165.0
148.0
156.0
150.0
161.0
320.0
145.0
164.0
158.0
143.0
155.0
135.0
160.0
281.0
324.0
132.0
157.0
160.0
146.0
150.0
147.0
148.0
156.0
285.0
156.0
276.0
142.0
309.0
272.0
254.0
292.0
304.0
403.0
284.0
304.0
454.0
164.0
162.0
144.0
153.0
151.0
225.0
158.0
155.0
160.0
288.0
158.0
156.0
163.0
148.0
141.0
152.0
160.0
172.0
143.0
292.0
146.0
176.0
155.0
142.0
155.0
140.0
162.0
309.0
286.0
164.0
161.0
158.0
164.0
164.0
164.0
169.0
154.0
289.0
146.0
270.0
149.0
286.0
301.0
308.0
280.0
320.0
415.0
290.0
254.0
418.0
150.0
170.0
160.0
138.0
150.0
234.0
137.0
148.0
151.0
300.0
172.0
152.0
163.0
150.0
156.0
163.0
165.0
145.0
153.0
298.0
152.0
156.0
164.0
155.0
150.0
141.0
164.0
318.0
270.0
142.0
144.0
148.0
156.0
168.0
150.0
150.0
166.0
309.0
153.0
302.0
158.0
296.0
298.0
262.0
254.0
326.0
414.0
305.0
310.0
478.0
157.0
154.0
149.0
158.0
158.0
212.0
146.0
144.0
164.0
300.0
167.0
148.0
134.0
150.0
136.0
149.0
152.0
148.0
158.0
268.0
153.0
159.0
146.0
158.0
164.0
128.0
159.0
316.0
323.0
137.0
160.0
144.0
162.0
146.0
164.0
164.0
141.0
304.0
156.0
298.0
151.0
276.0
290.0
300.0
278.0
302.0
411.0
308.0
306.0
382.0
137.0
174.0
151.0
148.0
144.0
236.0
154.0
149.0
164.0
254.0
144.0
151.0
139.0
154.0
160.0
144.0
152.0
164.0
154.0
307.0
141.0
154.0
167.0
150.0
150.0
154.0
150.0
317.0
328.0
155.0
155.0
158.0
150.0
144.0
148.0
146.0
140.0
332.0
135.0
320.0
151.0
258.0
256.0
291.0
251.0
296.0
426.0
300.0
320.0
414.0
156.0
161.0
168.0
137.0
140.0
238.0
152.0
142.0
153.0
274.0
147.0
144.0
152.0
156.0
168.0
140.0
144.0
148.0
162.0
310.0
149.0
154.0
161.0
152.0
158.0
142.0
154.0
272.0
282.0
140.0
171.0
138.0
167.0
170.0
155.0
144.0
164.0
302.0
140.0
292.0
161.0
270.0
312.0
277.0
304.0
310.0
420.0
260.0
296.0
394.0
145.0
146.0
160.0
170.0
154.0
224.0
146.0
166.0
168.0
324.0
172.0
160.0
152.0
140.0
174.0
146.0
138.0
150.0
160.0
267.0
140.0
149.0
152.0
152.0
133.0
134.0
147.0
316.0
309.0
152.0
144.0
164.0
166.0
133.0
148.0
146.0
156.0
271.0
160.0
304.0
156.0
270.0
276.0
316.0
256.0
312.0
388.0
274.0
286.0
439.0
160.0
154.0
160.0
168.0
158.0
224.0
140.0
151.0
160.0
312.0
152.0
156.0
154.0
165.0
152.0
148.0
146.0
162.0
163.0
297.0
160.0
156.0
149.0
152.0
166.0
137.0
151.0
279.0
278.0
148.0
142.0
171.0
156.0
160.0
166.0
152.0
165.0
286.0
148.0
257.0
150.0
291.0
296.0
250.0
286.0
286.0
422.0
316.0
306.0
418.0
149.0
150.0
175.0
165.0
149.0
227.0
146.0
160.0
135.0
298.0
154.0
154.0
158.0
164.0
168.0
148.0
156.0
154.0
151.0
270.0
160.0
167.0
146.0
152.0
168.0
135.0
136.0
328.0
255.0
168.0
165.0
154.0
162.0
162.0
152.0
149.0
146.0
282.0
150.0
274.0
141.0
310.0
302.0
321.0
269.0
253.0
463.0
274.0
330.0
402.0
154.0
176.0
152.0
154.0
154.0
250.0
154.0
153.0
172.0
290.0
172.0
165.0
157.0
166.0
152.0
154.0
158.0
170.0
163.0
331.0
150.0
152.0
171.0
152.0
165.0
132.0
142.0
314.0
288.0
159.0
156.0
146.0
136.0
148.0
148.0
149.0
150.0
274.0
150.0
282.0
165.0
323.0
300.0
278.0
262.0
304.0
426.0
300.0
274.0
408.0
154.0
154.0
160.0
140.0
152.0
228.0
162.0
146.0
148.0
272.0
152.0
152.0
162.0
148.0
166.0
138.0
159.0
156.0
150.0
279.0
148.0
161.0
158.0
150.0
163.0
154.0
152.0
300.0
262.0
138.0
171.0
144.0
165.0
164.0
152.0
144.0
160.0
312.0
154.0
294.0
149.0
312.0
290.0
330.0
306.0
314.0
420.0
302.0
265.0
446.0
141.0
168.0
167.0
162.0
146.0
238.0
150.0
150.0
144.0
265.0
143.0
147.0
157.0
166.0
170.0
158.0
139.0
155.0
135.0
273.0
158.0
166.0
160.0
159.0
148.0
142.0
154.0
274.0
262.0
154.0
162.0
164.0
160.0
163.0
161.0
164.0
174.0
311.0
157.0
277.0
164.0
306.0
262.0
285.0
276.0
272.0
468.0
292.0
278.0
478.0
150.0
