I_BRKGA_52_2_10_4_CESP
52 2 10 495.0
29855.5
31433.5
35493.5
28874.5
31506.5
28887.5
29666.5
30874.5
33694.5
29750.5
0.1156070708818964
0.08323033505856679
0.10296102359706921
0.09300459855151655
0.1031273278701543
0.09113923134770963
0.10156851195163986
0.09954346391753086
0.11670763731327113
0.09311079951064527
117.0
109.0
7678.0
62.0
738.0
1421.0
147.0
811.0
375.0
276.0
474.0
678.0
1009.0
433.0
81.0
316.0
587.0
303.0
146.0
513.0
186.0
348.0
118.0
421.0
201.0
853.0
1408.0
590.0
355.0
1211.0
446.0
314.0
913.0
5195.0
5741.0
172.0
234.0
1979.0
105.0
86.0
252.0
238.0
344.0
824.0
388.0
352.0
190.0
271.0
205.0
169.0
803.0
380.0
934.0
1239.0
763.0
1498.0
148.0
763.0
376.0
268.0
451.0
665.0
1060.0
438.0
80.0
315.0
562.0
299.0
148.0
500.0
188.0
367.0
115.0
402.0
198.0
918.0
1515.0
608.0
367.0
1201.0
429.0
328.0
929.0
5605.0
5717.0
168.0
229.0
1974.0
104.0
86.0
246.0
248.0
349.0
779.0
398.0
365.0
193.0
269.0
197.0
165.0
853.0
386.0
918.0
1330.0
724.0
1454.0
149.0
792.0
376.0
288.0
453.0
683.0
1017.0
409.0
79.0
321.0
587.0
292.0
142.0
520.0
184.0
347.0
110.0
408.0
200.0
899.0
1524.0
645.0
368.0
1234.0
448.0
324.0
930.0
5433.0
6060.0
173.0
234.0
1894.0
106.0
87.0
253.0
249.0
343.0
790.0
380.0
343.0
192.0
269.0
200.0
167.0
791.0
389.0
930.0
1267.0
729.0
1507.0
149.0
792.0
375.0
272.0
475.0
684.0
1058.0
428.0
79.0
315.0
551.0
279.0
146.0
495.0
184.0
351.0
113.0
406.0
196.0
872.0
1477.0
620.0
368.0
1187.0
456.0
309.0
982.0
5272.0
5589.0
176.0
223.0
1901.0
106.0
87.0
252.0
242.0
348.0
800.0
408.0
352.0
193.0
281.0
200.0
168.0
838.0
396.0
940.0
1298.0
726.0
1520.0
147.0
783.0
375.0
282.0
463.0
694.0
988.0
415.0
81.0
330.0
586.0
283.0
152.0
493.0
189.0
367.0
116.0
404.0
200.0
920.0
1462.0
631.0
372.0
1186.0
439.0
318.0
942.0
5106.0
5888.0
176.0
226.0
1817.0
106.0
88.0
259.0
246.0
340.0
796.0
391.0
348.0
193.0
280.0
200.0
172.0
821.0
392.0
961.0
1313.0
732.0
1445.0
149.0
790.0
372.0
279.0
480.0
678.0
1016.0
414.0
78.0
344.0
572.0
277.0
146.0
501.0
189.0
352.0
118.0
402.0
200.0
893.0
1489.0
604.0
379.0
1190.0
445.0
327.0
965.0
5199.0
5987.0
167.0
230.0
1821.0
106.0
86.0
251.0
234.0
360.0
780.0
396.0
341.0
195.0
280.0
200.0
173.0
774.0
380.0
912.0
1269.0
740.0
1452.0
145.0
792.0
372.0
277.0
454.0
701.0
976.0
427.0
76.0
320.0
556.0
295.0
146.0
509.0
182.0
356.0
114.0
398.0
204.0
850.0
1439.0
631.0
356.0
1239.0
442.0
319.0
922.0
5330.0
5649.0
171.0
218.0
1884.0
105.0
85.0
243.0
231.0
343.0
776.0
374.0
340.0
196.0
267.0
202.0
165.0
842.0
388.0
935.0
1310.0
723.0
1423.0
150.0
797.0
369.0
275.0
472.0
665.0
1056.0
431.0
79.0
314.0
566.0
295.0
147.0
514.0
179.0
373.0
114.0
419.0
206.0
877.0
1437.0
590.0
388.0
1159.0
454.0
333.0
902.0
5136.0
5582.0
173.0
224.0
1904.0
102.0
84.0
263.0
250.0
354.0
792.0
374.0
364.0
191.0
276.0
196.0
167.0
792.0
384.0
960.0
1296.0
759.0
1448.0
148.0
781.0
365.0
267.0
463.0
689.0
1006.0
411.0
78.0
324.0
562.0
280.0
148.0
511.0
178.0
365.0
113.0
408.0
207.0
873.0
1425.0
625.0
390.0
1197.0
432.0
318.0
929.0
5515.0
5776.0
167.0
223.0
1938.0
107.0
84.0
243.0
241.0
350.0
815.0
381.0
340.0
183.0
282.0
207.0
160.0
810.0
398.0
924.0
1215.0
725.0
1400.0
144.0
763.0
373.0
275.0
450.0
686.0
1007.0
435.0
75.0
341.0
577.0
294.0
147.0
503.0
181.0
346.0
111.0
419.0
213.0
853.0
1538.0
646.0
378.0
1218.0
431.0
317.0
941.0
5139.0
5818.0
174.0
225.0
1982.0
109.0
85.0
248.0
236.0
345.0
781.0
387.0
352.0
184.0
263.0
202.0
165.0
801.0
383.0
925.0
1266.0
162.0
163.0
160.0
163.0
210.0
142.0
141.0
151.0
257.0
149.0
156.0
158.0
168.0
146.0
152.0
157.0
172.0
164.0
300.0
148.0
138.0
164.0
155.0
172.0
146.0
152.0
259.0
286.0
134.0
164.0
148.0
140.0
166.0
162.0
168.0
148.0
264.0
150.0
308.0
168.0
286.0
283.0
300.0
291.0
290.0
422.0
314.0
278.0
441.0
164.0
168.0
158.0
146.0
141.0
236.0
168.0
174.0
141.0
279.0
174.0
146.0
146.0
138.0
138.0
164.0
140.0
147.0
164.0
260.0
142.0
156.0
168.0
158.0
164.0
156.0
152.0
286.0
284.0
156.0
165.0
170.0
138.0
152.0
167.0
140.0
152.0
291.0
150.0
285.0
156.0
311.0
282.0
263.0
248.0
317.0
406.0
309.0
298.0
455.0
174.0
178.0
168.0
134.0
141.0
229.0
154.0
166.0
160.0
290.0
146.0
172.0
146.0
146.0
148.0
152.0
151.0
161.0
149.0
310.0
152.0
132.0
148.0
147.0
144.0
136.0
147.0
277.0
274.0
146.0
162.0
149.0
164.0
167.0
151.0
156.0
167.0
320.0
144.0
282.0
160.0
328.0
307.0
264.0
268.0
312.0
402.0
318.0
321.0
436.0
160.0
146.0
146.0
148.0
171.0
227.0
150.0
158.0
150.0
312.0
155.0
158.0
155.0
148.0
162.0
172.0
159.0
164.0
164.0
328.0
137.0
148.0
168.0
150.0
140.0
142.0
167.0
277.0
287.0
156.0
156.0
158.0
165.0
140.0
144.0
138.0
148.0
282.0
143.0
316.0
159.0
320.0
320.0
276.0
306.0
272.0
402.0
284.0
290.0
436.0
164.0
154.0
156.0
150.0
158.0
212.0
140.0
138.0
150.0
288.0
156.0
149.0
158.0
168.0
160.0
154.0
146.0
167.0
161.0
261.0
152.0
156.0
137.0
154.0
172.0
138.0
160.0
278.0
283.0
152.0
160.0
156.0
162.0
151.0
142.0
142.0
156.0
277.0
146.0
323.0
156.0
291.0
310.0
302.0
316.0
266.0
453.0
310.0
264.0
417.0
146.0
160.0
156.0
148.0
163.0
216.0
156.0
148.0
154.0
261.0
147.0
146.0
146.0
163.0
146.0
142.0
149.0
146.0
160.0
300.0
155.0
140.0
134.0
156.0
156.0
154.0
154.0
258.0
252.0
140.0
142.0
174.0
154.0
142.0
154.0
151.0
146.0
322.0
171.0
310.0
168.0
326.0
253.0
314.0
296.0
303.0
394.0
268.0
291.0
450.0
156.0
148.0
165.0
165.0
141.0
220.0
148.0
147.0
150.0
262.0
166.0
154.0
162.0
147.0
154.0
161.0
147.0
158.0
166.0
270.0
149.0
168.0
140.0
150.0
165.0
125.0
154.0
267.0
266.0
159.0
160.0
143.0
147.0
146.0
162.0
158.0
151.0
270.0
160.0
256.0
162.0
270.0
310.0
302.0
288.0
292.0
396.0
290.0
300.0
392.0
156.0
154.0
164.0
156.0
148.0
210.0
146.0
150.0
164.0
327.0
156.0
168.0
163.0
136.0
142.0
144.0
162.0
137.0
164.0
324.0
162.0
144.0
163.0
148.0
152.0
130.0
160.0
268.0
320.0
150.0
160.0
150.0
160.0
166.0
158.0
171.0
142.0
286.0
156.0
296.0
148.0
290.0
253.0
318.0
291.0
311.0
435.0
318.0
272.0
382.0
148.0
152.0
157.0
146.0
158.0
222.0
151.0
160.0
152.0
326.0
160.0
142.0
156.0
176.0
140.0
156.0
140.0
154.0
148.0
257.0
147.0
136.0
162.0
160.0
162.0
136.0
160.0
270.0
262.0
154.0
164.0
172.0
154.0
156.0
164.0
160.0
152.0
310.0
137.0
276.0
141.0
312.0
311.0
272.0
302.0
295.0
416.0
308.0
310.0
409.0
142.0
145.0
158.0
154.0
154.0
222.0
150.0
156.0
136.0
312.0
159.0
132.0
150.0
144.0
136.0
140.0
162.0
156.0
170.0
308.0
152.0
154.0
145.0
142.0
150.0
146.0
150.0
310.0
262.0
167.0
139.0
146.0
162.0
144.0
140.0
162.0
153.0
264.0
152.0
283.0
140.0
274.0
273.0
324.0
302.0
319.0
451.0
276.0
278.0
432.0
153.0
