I_BRKGA_111_3_10_3_CESP
111 3 10 494.0
30934.5
31333.5
33836.5
32804.5
33514.5
35630.5
31365.5
32598.5
30445.5
35638.5
0.11833512065978731
0.09080677325088557
0.10647175170510421
0.09413112040300968
0.10664864230722888
0.09227507274159301
0.11005191831131711
0.08497699895040556
0.103781624455441
0.09252097721522767
130.0
126.0
117.0
5105.0
35.0
2516.0
469.0
1329.0
35.0
555.0
111.0
179.0
45.0
351.0
253.0
401.0
60.0
307.0
519.0
267.0
71.0
239.0
80.0
273.0
29.0
369.0
164.0
811.0
1303.0
566.0
361.0
1097.0
280.0
148.0
791.0
5052.0
5722.0
126.0
164.0
314.0
48.0
28.0
180.0
217.0
179.0
515.0
374.0
74.0
62.0
26.0
117.0
31.0
19.0
169.0
836.0
53.0
121.0
63.0
44.0
162.0
152.0
76.0
159.0
139.0
758.0
35.0
20.0
24.0
31.0
8.0
73.0
254.0
107.0
68.0
86.0
59.0
39.0
87.0
147.0
48.0
25.0
54.0
153.0
171.0
108.0
85.0
127.0
45.0
66.0
1573.0
55.0
54.0
66.0
26.0
163.0
273.0
33.0
279.0
127.0
250.0
80.0
134.0
772.0
214.0
70.0
1250.0
132.0
117.0
68.0
94.0
122.0
18.0
261.0
203.0
518.0
1308.0
34.0
544.0
110.0
186.0
44.0
341.0
259.0
373.0
58.0
318.0
515.0
274.0
74.0
234.0
77.0
274.0
28.0
372.0
158.0
798.0
1378.0
587.0
344.0
1096.0
300.0
144.0
845.0
5130.0
6015.0
130.0
166.0
314.0
51.0
29.0
188.0
218.0
180.0
532.0
344.0
76.0
65.0
27.0
120.0
30.0
20.0
162.0
884.0
51.0
125.0
65.0
44.0
153.0
152.0
74.0
160.0
153.0
777.0
35.0
21.0
25.0
30.0
8.0
71.0
274.0
108.0
74.0
88.0
54.0
38.0
86.0
151.0
49.0
25.0
58.0
154.0
167.0
106.0
86.0
134.0
47.0
63.0
1667.0
56.0
59.0
65.0
24.0
153.0
293.0
32.0
269.0
128.0
256.0
78.0
131.0
795.0
211.0
69.0
1276.0
130.0
126.0
70.0
91.0
111.0
20.0
257.0
190.0
470.0
1317.0
33.0
555.0
112.0
183.0
45.0
346.0
252.0
379.0
57.0
319.0
523.0
285.0
70.0
250.0
74.0
275.0
27.0
342.0
157.0
828.0
1379.0
562.0
340.0
1131.0
275.0
144.0
797.0
5240.0
5698.0
124.0
157.0
323.0
47.0
29.0
185.0
219.0
188.0
499.0
360.0
79.0
67.0
26.0
119.0
33.0
19.0
164.0
836.0
51.0
121.0
61.0
43.0
159.0
152.0
74.0
156.0
151.0
782.0
37.0
19.0
24.0
32.0
8.0
75.0
253.0
113.0
72.0
85.0
57.0
38.0
82.0
143.0
46.0
26.0
54.0
149.0
158.0
102.0
85.0
138.0
44.0
62.0
1532.0
57.0
54.0
67.0
26.0
157.0
294.0
31.0
283.0
119.0
258.0
82.0
140.0
773.0
219.0
67.0
1221.0
134.0
122.0
69.0
92.0
119.0
19.0
247.0
194.0
500.0
1235.0
35.0
512.0
117.0
185.0
46.0
346.0
250.0
383.0
60.0
301.0
544.0
267.0
75.0
247.0
79.0
279.0
29.0
372.0
160.0
774.0
1266.0
553.0
352.0
1079.0
285.0
149.0
797.0
5124.0
5992.0
131.0
173.0
332.0
51.0
29.0
177.0
217.0
183.0
492.0
354.0
78.0
62.0
25.0
118.0
31.0
19.0
166.0
830.0
52.0
123.0
66.0
43.0
164.0
153.0
74.0
154.0
150.0
763.0
36.0
20.0
25.0
30.0
8.0
70.0
269.0
109.0
69.0
84.0
56.0
38.0
83.0
140.0
47.0
25.0
58.0
150.0
163.0
110.0
79.0
129.0
45.0
65.0
1527.0
56.0
58.0
67.0
25.0
155.0
291.0
32.0
271.0
127.0
251.0
80.0
134.0
820.0
224.0
66.0
1200.0
123.0
117.0
73.0
86.0
110.0
18.0
253.0
198.0
515.0
1290.0
35.0
521.0
116.0
180.0
47.0
319.0
257.0
371.0
61.0
291.0
545.0
285.0
70.0
236.0
76.0
288.0
29.0
348.0
171.0
773.0
1352.0
563.0
329.0
1186.0
278.0
156.0
855.0
5116.0
5467.0
130.0
169.0
332.0
48.0
27.0
177.0
220.0
189.0
513.0
343.0
73.0
65.0
26.0
125.0
33.0
20.0
168.0
850.0
50.0
129.0
66.0
46.0
151.0
150.0
70.0
160.0
150.0
757.0
38.0
20.0
24.0
31.0
8.0
69.0
270.0
105.0
70.0
85.0
57.0
41.0
82.0
143.0
45.0
27.0
54.0
160.0
164.0
104.0
85.0
129.0
47.0
64.0
1552.0
57.0
58.0
66.0
26.0
153.0
278.0
32.0
261.0
130.0
239.0
79.0
141.0
802.0
215.0
67.0
1186.0
126.0
125.0
67.0
92.0
119.0
19.0
250.0
206.0
513.0
1289.0
34.0
512.0
114.0
190.0
45.0
318.0
251.0
395.0
58.0
314.0
529.0
279.0
70.0
232.0
80.0
283.0
27.0
346.0
168.0
811.0
1387.0
584.0
334.0
1128.0
285.0
159.0
800.0
5356.0
5628.0
122.0
169.0
334.0
49.0
28.0
183.0
212.0
184.0
488.0
356.0
79.0
65.0
26.0
121.0
33.0
20.0
168.0
827.0
51.0
124.0
64.0
46.0
158.0
150.0
73.0
162.0
147.0
788.0
36.0
20.0
26.0
30.0
8.0
70.0
250.0
112.0
73.0
88.0
57.0
38.0
88.0
142.0
45.0
27.0
57.0
151.0
172.0
108.0
87.0
138.0
45.0
67.0
1549.0
55.0
59.0
69.0
26.0
164.0
281.0
30.0
275.0
128.0
243.0
78.0
129.0
806.0
210.0
68.0
1190.0
127.0
127.0
71.0
93.0
117.0
20.0
259.0
198.0
493.0
1291.0
36.0
527.0
112.0
186.0
46.0
329.0
266.0
368.0
61.0
290.0
549.0
292.0
73.0
254.0
76.0
282.0
28.0
362.0
160.0
796.0
1333.0
568.0
354.0
1142.0
274.0
147.0
846.0
5402.0
5444.0
127.0
168.0
320.0
47.0
27.0
193.0
213.0
192.0
494.0
361.0
74.0
62.0
25.0
122.0
32.0
19.0
173.0
902.0
51.0
120.0
62.0
46.0
155.0
140.0
74.0
162.0
140.0
761.0
37.0
21.0
25.0
32.0
8.0
70.0
257.0
109.0
70.0
84.0
54.0
38.0
86.0
144.0
48.0
25.0
58.0
164.0
162.0
110.0
79.0
136.0
46.0
67.0
1641.0
55.0
55.0
65.0
24.0
166.0
280.0
33.0
267.0
120.0
246.0
81.0
134.0
821.0
221.0
66.0
1218.0
123.0
123.0
67.0
91.0
115.0
19.0
260.0
199.0
490.0
1256.0
33.0
511.0
115.0
188.0
44.0
350.0
269.0
382.0
57.0
305.0
508.0
291.0
75.0
249.0
81.0
291.0
29.0
373.0
163.0
814.0
1381.0
590.0
333.0
1152.0
301.0
158.0
834.0
5358.0
5943.0
130.0
167.0
333.0
50.0
29.0
190.0
219.0
195.0
485.0
372.0
77.0
64.0
27.0
123.0
31.0
20.0
173.0
895.0
53.0
130.0
67.0
44.0
151.0
143.0
73.0
157.0
147.0
763.0
37.0
20.0
26.0
32.0
8.0
74.0
251.0
109.0
71.0
87.0
56.0
41.0
83.0
142.0
47.0
27.0
56.0
159.0
160.0
105.0
82.0
131.0
48.0
65.0
1521.0
54.0
54.0
71.0
26.0
156.0
297.0
33.0
276.0
123.0
257.0
80.0
131.0
796.0
223.0
67.0
1230.0
129.0
118.0
72.0
86.0
113.0
20.0
254.0
188.0
475.0
1311.0
33.0
520.0
112.0
190.0
45.0
326.0
268.0
398.0
59.0
296.0
509.0
278.0
76.0
253.0
76.0
300.0
28.0
372.0
172.0
817.0
1308.0
580.0
362.0
1097.0
289.0
144.0
813.0
5392.0
5708.0
125.0
172.0
313.0
47.0
29.0
193.0
218.0
191.0
519.0
365.0
78.0
64.0
25.0
120.0
33.0
18.0
176.0
831.0
51.0
123.0
63.0
45.0
151.0
152.0
72.0
157.0
149.0
750.0
36.0
20.0
26.0
32.0
8.0
73.0
277.0
108.0
71.0
88.0
54.0
39.0
87.0
151.0
47.0
27.0
53.0
155.0
159.0
107.0
82.0
133.0
45.0
65.0
1589.0
58.0
54.0
71.0
26.0
151.0
290.0
31.0
274.0
119.0
247.0
80.0
131.0
764.0
220.0
68.0
1211.0
130.0
118.0
73.0
94.0
120.0
18.0
270.0
202.0
506.0
1319.0
33.0
538.0
117.0
186.0
47.0
325.0
257.0
393.0
56.0
305.0
532.0
283.0
72.0
230.0
80.0
274.0
29.0
373.0
171.0
817.0
1288.0
593.0
346.0
1108.0
288.0
159.0
825.0
5054.0
5674.0
129.0
165.0
335.0
47.0
29.0
193.0
209.0
184.0
512.0
360.0
77.0
64.0
25.0
116.0
32.0
20.0
163.0
825.0
53.0
130.0
64.0
44.0
152.0
142.0
71.0
167.0
152.0
802.0
35.0
21.0
25.0
30.0
8.0
72.0
263.0
113.0
72.0
82.0
55.0
41.0
85.0
147.0
47.0
25.0
57.0
153.0
168.0
107.0
79.0
138.0
46.0
66.0
1517.0
55.0
58.0
65.0
25.0
154.0
276.0
31.0
265.0
129.0
248.0
82.0
128.0
794.0
207.0
69.0
1253.0
122.0
127.0
73.0
93.0
116.0
20.0
261.0
197.0
192.0
167.0
169.0
148.0
392.0
176.0
145.0
134.0
163.0
135.0
157.0
140.0
165.0
149.0
140.0
131.0
147.0
157.0
484.0
167.0
154.0
168.0
168.0
133.0
149.0
174.0
177.0
409.0
175.0
171.0
166.0
154.0
149.0
140.0
150.0
171.0
155.0
156.0
144.0
162.0
177.0
159.0
176.0
145.0
136.0
404.0
156.0
162.0
476.0
146.0
153.0
134.0
158.0
175.0
137.0
130.0
152.0
133.0
414.0
140.0
134.0
158.0
170.0
136.0
163.0
177.0
150.0
166.0
159.0
140.0
146.0
138.0
177.0
155.0
146.0
132.0
430.0
140.0
142.0
145.0
157.0
152.0
133.0
167.0
177.0
164.0
388.0
146.0
388.0
168.0
440.0
392.0
444.0
457.0
365.0
372.0
464.0
368.0
416.0
144.0
174.0
131.0
140.0
164.0
165.0
143.0
165.0
140.0
206.0
163.0
152.0
145.0
401.0
162.0
146.0
170.0
173.0
131.0
142.0
174.0
137.0
160.0
169.0
171.0
160.0
139.0
476.0
131.0
150.0
149.0
171.0
157.0
151.0
149.0
131.0
447.0
172.0
154.0
147.0
144.0
157.0
163.0
149.0
154.0
147.0
152.0
146.0
168.0
132.0
145.0
156.0
126.0
157.0
426.0
176.0
130.0
388.0
157.0
155.0
170.0
133.0
138.0
137.0
170.0
154.0
150.0
399.0
162.0
160.0
151.0
151.0
147.0
143.0
131.0
150.0
159.0
160.0
157.0
151.0
131.0
150.0
175.0
113.0
152.0
374.0
132.0
147.0
141.0
136.0
152.0
165.0
173.0
155.0
168.0
404.0
177.0
475.0
143.0
447.0
437.0
440.0
419.0
452.0
483.0
478.0
443.0
463.0
157.0
149.0
147.0
135.0
141.0
148.0
156.0
147.0
161.0
194.0
169.0
166.0
144.0
377.0
168.0
156.0
159.0
177.0
163.0
132.0
173.0
147.0
162.0
174.0
144.0
163.0
138.0
445.0
145.0
168.0
156.0
155.0
131.0
142.0
141.0
130.0
480.0
149.0
154.0
163.0
148.0
173.0
171.0
144.0
156.0
148.0
148.0
145.0
163.0
173.0
149.0
159.0
151.0
136.0
396.0
177.0
161.0
388.0
143.0
160.0
140.0
136.0
175.0
159.0
162.0
130.0
132.0
454.0
155.0
135.0
143.0
167.0
157.0
135.0
148.0
141.0
144.0
167.0
142.0
160.0
162.0
174.0
136.0
140.0
143.0
389.0
174.0
159.0
152.0
149.0
156.0
163.0
176.0
151.0
146.0
434.0
164.0
441.0
155.0
456.0
399.0
365.0
480.0
456.0
482.0
491.0
491.0
367.0
143.0
161.0
132.0
141.0
142.0
167.0
140.0
147.0
142.0
188.0
176.0
149.0
139.0
464.0
153.0
150.0
130.0
167.0
134.0
149.0
141.0
176.0
159.0
147.0
137.0
160.0
143.0
475.0
146.0
139.0
157.0
138.0
174.0
161.0
150.0
169.0
461.0
138.0
146.0
173.0
173.0
146.0
155.0
167.0
137.0
160.0
160.0
172.0
140.0
150.0
168.0
168.0
136.0
135.0
490.0
162.0
156.0
396.0
166.0
168.0
154.0
144.0
152.0
132.0
177.0
165.0
155.0
373.0
151.0
162.0
138.0
169.0
148.0
173.0
158.0
165.0
133.0
143.0
132.0
158.0
149.0
177.0
163.0
141.0
172.0
456.0
142.0
146.0
159.0
169.0
146.0
144.0
132.0
165.0
155.0
490.0
164.0
373.0
146.0
428.0
369.0
460.0
441.0
451.0
383.0
455.0
490.0
485.0
149.0
162.0
156.0
144.0
165.0
138.0
136.0
148.0
142.0
170.0
189.0
154.0
160.0
491.0
141.0
132.0
134.0
159.0
165.0
173.0
152.0
172.0
134.0
144.0
133.0
150.0
136.0
492.0
161.0
156.0
143.0
148.0
166.0
158.0
148.0
130.0
368.0
163.0
167.0
142.0
151.0
135.0
142.0
170.0
152.0
169.0
137.0
162.0
159.0
162.0
157.0
159.0
149.0
151.0
445.0
150.0
142.0
426.0
153.0
139.0
157.0
170.0
175.0
156.0
148.0
145.0
148.0
471.0
142.0
145.0
146.0
172.0
132.0
169.0
148.0
143.0
175.0
174.0
170.0
162.0
170.0
142.0
149.0
123.0
159.0
480.0
174.0
144.0
175.0
136.0
166.0
155.0
140.0
144.0
159.0
386.0
148.0
442.0
154.0
476.0
479.0
437.0
449.0
480.0
365.0
453.0
374.0
365.0
143.0
138.0
146.0
142.0
166.0
134.0
171.0
161.0
147.0
161.0
175.0
169.0
156.0
369.0
132.0
173.0
132.0
174.0
149.0
138.0
147.0
161.0
140.0
138.0
145.0
167.0
144.0
455.0
131.0
142.0
154.0
151.0
152.0
163.0
156.0
143.0
412.0
144.0
146.0
170.0
156.0
175.0
149.0
144.0
171.0
141.0
161.0
171.0
174.0
176.0
153.0
156.0
136.0
130.0
479.0
162.0
146.0
491.0
173.0
160.0
172.0
151.0
145.0
176.0
163.0
167.0
154.0
382.0
138.0
141.0
144.0
142.0
159.0
156.0
152.0
142.0
157.0
172.0
161.0
152.0
164.0
165.0
150.0
125.0
162.0
407.0
138.0
175.0
150.0
164.0
160.0
165.0
176.0
144.0
133.0
494.0
164.0
462.0
169.0
455.0
437.0
422.0
455.0
421.0
426.0
472.0
481.0
424.0
157.0
151.0
142.0
136.0
153.0
157.0
154.0
151.0
163.0
180.0
179.0
145.0
140.0
372.0
155.0
162.0
158.0
176.0
161.0
166.0
147.0
173.0
137.0
137.0
142.0
156.0
152.0
378.0
171.0
130.0
133.0
164.0
150.0
143.0
135.0
162.0
370.0
162.0
143.0
159.0
168.0
146.0
145.0
156.0
174.0
153.0
171.0
160.0
149.0
161.0
163.0
146.0
142.0
150.0
429.0
130.0
162.0
380.0
170.0
175.0
169.0
164.0
171.0
170.0
166.0
168.0
172.0
378.0
146.0
136.0
172.0
144.0
157.0
162.0
167.0
176.0
165.0
164.0
165.0
143.0
170.0
150.0
175.0
130.0
175.0
390.0
165.0
173.0
147.0
161.0
168.0
157.0
177.0
170.0
135.0
437.0
162.0
397.0
156.0
443.0
466.0
458.0
425.0
441.0
405.0
382.0
472.0
392.0
139.0
164.0
143.0
159.0
156.0
138.0
163.0
149.0
137.0
202.0
202.0
158.0
146.0
419.0
151.0
148.0
136.0
148.0
172.0
148.0
136.0
161.0
168.0
146.0
165.0
170.0
158.0
376.0
161.0
135.0
167.0
139.0
157.0
156.0
136.0
173.0
450.0
153.0
137.0
177.0
140.0
161.0
162.0
168.0
160.0
148.0
151.0
154.0
153.0
149.0
131.0
157.0
128.0
162.0
429.0
153.0
173.0
429.0
162.0
171.0
170.0
158.0
166.0
131.0
149.0
144.0
175.0
442.0
147.0
160.0
174.0
152.0
131.0
140.0
167.0
135.0
154.0
134.0
149.0
166.0
137.0
176.0
154.0
150.0
148.0
443.0
133.0
133.0
164.0
132.0
144.0
145.0
134.0
140.0
130.0
474.0
165.0
485.0
159.0
386.0
390.0
413.0
412.0
408.0
481.0
447.0
406.0
490.0
133.0
160.0
143.0
149.0
156.0
130.0
169.0
172.0
135.0
163.0
201.0
169.0
166.0
396.0
165.0
134.0
136.0
177.0
143.0
170.0
163.0
143.0
169.0
136.0
155.0
175.0
176.0
410.0
131.0
145.0
145.0
151.0
154.0
156.0
170.0
141.0
465.0
139.0
149.0
140.0
135.0
158.0
161.0
140.0
136.0
136.0
144.0
176.0
155.0
148.0
149.0
134.0
141.0
174.0
415.0
168.0
173.0
482.0
169.0
148.0
169.0
170.0
176.0
145.0
156.0
160.0
177.0
405.0
131.0
175.0
133.0
134.0
169.0
143.0
175.0
142.0
173.0
169.0
165.0
171.0
133.0
133.0
154.0
129.0
135.0
369.0
162.0
148.0
152.0
133.0
177.0
145.0
147.0
176.0
138.0
471.0
175.0
486.0
140.0
367.0
366.0
396.0
405.0
478.0
492.0
480.0
423.0
421.0
156.0
159.0
160.0
159.0
141.0
175.0
154.0
152.0
147.0
174.0
207.0
162.0
148.0
416.0
172.0
130.0
168.0
149.0
171.0
158.0
167.0
161.0
176.0
172.0
149.0
157.0
172.0
379.0
131.0
139.0
150.0
161.0
141.0
162.0
173.0
173.0
439.0
176.0
156.0
148.0
158.0
137.0
132.0
139.0
143.0
176.0
166.0
134.0
166.0
169.0
150.0
160.0
148.0
131.0
381.0
152.0
136.0
467.0
132.0
150.0
156.0
177.0
138.0
135.0
147.0
137.0
133.0
397.0
134.0
136.0
145.0
171.0
175.0
171.0
142.0
170.0
155.0
166.0
131.0
130.0
164.0
166.0
137.0
120.0
145.0
392.0
148.0
146.0
171.0
135.0
131.0
146.0
161.0
177.0
146.0
382.0
173.0
481.0
163.0
477.0
456.0
402.0
437.0
370.0
365.0
417.0
403.0
370.0
168.0
163.0
164.0
168.0
153.0
150.0
158.0
161.0
162.0
