I_BRKGA_52_2_40_6_CESP
52 2 40 495.0
32171.5
30929.5
32817.5
30487.5
30639.5
32075.5
34540.5
35498.5
35084.5
34881.5
34773.5
35100.5
31438.5
31328.5
34510.5
35311.5
35409.5
35208.5
32713.5
29700.5
29874.5
34394.5
33220.5
34236.5
32516.5
36183.5
31308.5
33599.5
34631.5
33613.5
35524.5
32201.5
35212.5
35558.5
33721.5
33597.5
32139.5
30872.5
29148.5
35237.5
0.02787742832626531
0.024229547718079877
0.027186473052441727
0.02181912892296486
0.02736540785520318
0.023971708597560842
0.027036187205368902
0.023406369251592868
0.026805180302808637
0.02180768184546492
0.028809505029700314
0.02068970249150152
0.025367782878228235
0.021011861822690218
0.025553293014391572
0.024132454443750898
0.026284316944791847
0.02147743624017789
0.02883679088436666
0.023294620825183097
0.0269862153324955
0.022465307421497126
0.028815263063639338
0.023762923069059694
0.02644491731066058
0.023934360380593694
0.02500265561661821
0.02458413189879574
0.026301677827299485
0.022160933619874947
0.02631908269248802
0.023274260450304986
0.027305000046374626
0.020545777693788295
0.02648385430987971
0.024963533430054252
0.02890618210786436
0.02404096617705426
0.027235885531754028
0.023504194367369724
121.0
127.0
7678.0
62.0
740.0
1505.0
146.0
768.0
375.0
270.0
471.0
690.0
1046.0
407.0
80.0
332.0
573.0
281.0
148.0
490.0
189.0
345.0
116.0
408.0
208.0
897.0
1404.0
628.0
373.0
1184.0
458.0
311.0
941.0
5060.0
5723.0
167.0
227.0
1939.0
105.0
87.0
260.0
243.0
348.0
822.0
380.0
340.0
193.0
278.0
193.0
169.0
783.0
372.0
894.0
1303.0
745.0
1514.0
150.0
755.0
390.0
284.0
473.0
673.0
978.0
427.0
77.0
333.0
585.0
288.0
148.0
514.0
187.0
364.0
111.0
399.0
206.0
884.0
1418.0
640.0
376.0
1162.0
455.0
311.0
909.0
5291.0
6094.0
177.0
236.0
1962.0
105.0
82.0
244.0
247.0
350.0
802.0
370.0
350.0
183.0
269.0
204.0
169.0
823.0
385.0
891.0
1313.0
762.0
1424.0
153.0
792.0
363.0
269.0
463.0
679.0
997.0
433.0
75.0
330.0
553.0
291.0
151.0
524.0
187.0
349.0
113.0
397.0
208.0
870.0
1439.0
623.0
372.0
1228.0
447.0
326.0
982.0
5553.0
5772.0
172.0
226.0
1994.0
103.0
85.0
257.0
241.0
344.0
822.0
396.0
333.0
192.0
280.0
197.0
169.0
833.0
394.0
909.0
1262.0
724.0
1416.0
153.0
801.0
385.0
276.0
463.0
682.0
1014.0
417.0
78.0
318.0
577.0
287.0
139.0
511.0
192.0
361.0
117.0
402.0
211.0
848.0
1540.0
629.0
369.0
1245.0
436.0
330.0
944.0
5418.0
5867.0
173.0
224.0
1878.0
107.0
86.0
243.0
247.0
345.0
783.0
403.0
354.0
188.0
285.0
210.0
171.0
853.0
389.0
915.0
1290.0
762.0
1438.0
148.0
765.0
379.0
278.0
466.0
687.0
1029.0
434.0
81.0
345.0
558.0
303.0
149.0
495.0
191.0
370.0
118.0
417.0
212.0
898.0
1443.0
602.0
359.0
1237.0
448.0
326.0
967.0
5211.0
5878.0
173.0
233.0
1899.0
104.0
84.0
259.0
248.0
353.0
801.0
399.0
342.0
182.0
270.0
198.0
168.0
840.0
385.0
937.0
1236.0
746.0
1452.0
147.0
791.0
367.0
277.0
466.0
674.0
998.0
410.0
79.0
335.0
540.0
286.0
141.0
486.0
183.0
369.0
117.0
410.0
205.0
880.0
1477.0
613.0
376.0
1226.0
448.0
323.0
977.0
5491.0
5910.0
171.0
235.0
1840.0
109.0
86.0
262.0
244.0
348.0
806.0
408.0
348.0
183.0
272.0
207.0
164.0
850.0
383.0
908.0
1334.0
753.0
1439.0
151.0
807.0
379.0
281.0
456.0
671.0
1071.0
412.0
82.0
334.0
554.0
286.0
140.0
490.0
183.0
345.0
115.0
396.0
198.0
891.0
1539.0
647.0
372.0
1140.0
457.0
326.0
910.0
5547.0
5597.0
171.0
225.0
1822.0
105.0
82.0
249.0
232.0
352.0
811.0
404.0
340.0
190.0
265.0
204.0
168.0
824.0
381.0
972.0
1253.0
719.0
1514.0
152.0
763.0
383.0
279.0
460.0
683.0
1002.0
411.0
79.0
332.0
542.0
277.0
141.0
521.0
188.0
350.0
116.0
430.0
199.0
920.0
1405.0
601.0
384.0
1193.0
437.0
318.0
916.0
5080.0
6132.0
178.0
223.0
1965.0
100.0
83.0
254.0
244.0
351.0
809.0
383.0
359.0
187.0
271.0
202.0
160.0
818.0
369.0
947.0
1325.0
751.0
1423.0
148.0
770.0
374.0
280.0
449.0
668.0
1039.0
421.0
79.0
329.0
539.0
297.0
141.0
491.0
185.0
354.0
115.0
408.0
199.0
876.0
1414.0
602.0
369.0
1166.0
441.0
323.0
905.0
5102.0
6093.0
167.0
229.0
1940.0
108.0
87.0
257.0
239.0
351.0
786.0
407.0
345.0
189.0
268.0
203.0
165.0
816.0
384.0
910.0
1302.0
752.0
1513.0
149.0
765.0
390.0
284.0
459.0
673.0
996.0
439.0
77.0
333.0
553.0
281.0
145.0
522.0
187.0
344.0
119.0
399.0
204.0
875.0
1476.0
619.0
385.0
1141.0
454.0
314.0
930.0
5475.0
5902.0
164.0
228.0
1929.0
107.0
84.0
253.0
235.0
338.0
802.0
373.0
345.0
192.0
273.0
201.0
164.0
818.0
378.0
967.0
1250.0
746.0
1536.0
153.0
767.0
375.0
274.0
446.0
664.0
1041.0
410.0
77.0
333.0
570.0
284.0
144.0
506.0
185.0
350.0
120.0
429.0
201.0
852.0
1495.0
641.0
378.0
1198.0
455.0
324.0
939.0
5184.0
5920.0
164.0
228.0
1868.0
100.0
85.0
243.0
244.0
341.0
806.0
372.0
344.0
185.0
285.0
194.0
172.0
795.0
390.0
935.0
1263.0
780.0
1466.0
149.0
782.0
381.0
270.0
463.0
689.0
1059.0
435.0
78.0
338.0
572.0
277.0
140.0
503.0
189.0
347.0
110.0
400.0
207.0
904.0
1530.0
599.0
383.0
1197.0
436.0
323.0
982.0
5258.0
5718.0
177.0
228.0
1970.0
110.0
82.0
249.0
237.0
351.0
768.0
374.0
348.0
193.0
262.0
199.0
165.0
789.0
378.0
921.0
1235.0
735.0
1426.0
146.0
783.0
376.0
267.0
482.0
678.0
1010.0
414.0
81.0
327.0
583.0
289.0
141.0
503.0
194.0
365.0
116.0
429.0
209.0
909.0
1427.0
601.0
356.0
1217.0
438.0
321.0
969.0
5342.0
5706.0
166.0
233.0
1884.0
106.0
84.0
260.0
232.0
337.0
787.0
405.0
359.0
187.0
276.0
204.0
163.0
832.0
373.0
886.0
1295.0
762.0
1401.0
151.0
797.0
377.0
280.0
466.0
668.0
1049.0
414.0
77.0
325.0
571.0
301.0
145.0
503.0
179.0
362.0
117.0
421.0
197.0
893.0
1438.0
646.0
364.0
1244.0
457.0
330.0
986.0
5145.0
6115.0
165.0
224.0
1822.0
103.0
86.0
261.0
238.0
340.0
819.0
396.0
341.0
186.0
271.0
208.0
170.0
839.0
395.0
956.0
1318.0
750.0
1538.0
151.0
784.0
380.0
267.0
460.0
688.0
985.0
433.0
79.0
339.0
570.0
284.0
145.0
517.0
182.0
372.0
118.0
420.0
209.0
848.0
1539.0
608.0
381.0
1203.0
443.0
320.0
920.0
5224.0
5735.0
168.0
232.0
1915.0
107.0
85.0
249.0
235.0
343.0
811.0
380.0
340.0
195.0
276.0
207.0
168.0
801.0
387.0
948.0
1214.0
759.0
1438.0
144.0
771.0
379.0
276.0
463.0
674.0
1020.0
428.0
78.0
336.0
536.0
294.0
147.0
518.0
188.0
368.0
117.0
411.0
205.0
901.0
1443.0
597.0
354.0
1239.0
447.0
317.0
934.0
5488.0
6030.0
170.0
231.0
1927.0
110.0
83.0
247.0
244.0
328.0
777.0
396.0
357.0
184.0
264.0
204.0
171.0
795.0
384.0
946.0
1269.0
725.0
1492.0
152.0
791.0
369.0
282.0
462.0
674.0
1037.0
425.0
80.0
322.0
559.0
277.0
146.0
504.0
188.0
362.0
114.0
415.0
207.0
919.0
1422.0
603.0
382.0
1248.0
436.0
317.0
963.0
5511.0
5942.0
173.0
227.0
1970.0
104.0
87.0
242.0
250.0
342.0
776.0
391.0
363.0
193.0
278.0
203.0
160.0
820.0
385.0
925.0
1256.0
730.0
1484.0
152.0
804.0
374.0
278.0
469.0
678.0
1000.0
421.0
80.0
324.0
574.0
279.0
141.0
516.0
178.0
349.0
119.0
429.0
207.0
876.0
1473.0
615.0
380.0
1202.0
442.0
319.0
926.0
5306.0
5734.0
178.0
222.0
1892.0
102.0
83.0
260.0
238.0
348.0
799.0
378.0
348.0
182.0
263.0
196.0
164.0
813.0
392.0
905.0
1273.0
726.0
1515.0
147.0
799.0
364.0
277.0
454.0
676.0
1048.0
416.0
78.0
314.0
576.0
299.0
144.0
514.0
185.0
363.0
112.0
432.0
195.0
914.0
1442.0
642.0
387.0
1177.0
459.0
326.0
974.0
5353.0
5899.0
169.0
235.0
1950.0
108.0
82.0
249.0
229.0
347.0
821.0
389.0
340.0
181.0
283.0
195.0
165.0
798.0
386.0
886.0
1273.0
763.0
1508.0
147.0
780.0
380.0
280.0
465.0
701.0
1069.0
405.0
77.0
334.0
555.0
278.0
141.0
490.0
195.0
366.0
114.0
414.0
201.0
912.0
1477.0
633.0
381.0
1183.0
448.0
317.0
923.0
5500.0
6065.0
164.0
227.0
1996.0
105.0
85.0
240.0
235.0
344.0
794.0
403.0
342.0
191.0
273.0
200.0
160.0
843.0
383.0
950.0
1245.0
732.0
1475.0
149.0
790.0
381.0
268.0
465.0
680.0
1013.0
429.0
80.0
326.0
536.0
303.0
144.0
507.0
189.0
347.0
114.0
414.0
206.0
911.0
1491.0
630.0
364.0
1179.0
439.0
318.0
952.0
5473.0
6076.0
174.0
226.0
1874.0
103.0
87.0
251.0
230.0
346.0
775.0
390.0
340.0
188.0
285.0
203.0
163.0
829.0
384.0
946.0
1312.0
753.0
1518.0
147.0
766.0
382.0
271.0
456.0
657.0
1023.0
432.0
80.0
325.0
553.0
295.0
145.0
498.0
186.0
345.0
115.0
409.0
201.0
928.0
1536.0
631.0
385.0
1232.0
447.0
313.0
929.0
5422.0
5683.0
173.0
232.0
1886.0
110.0
84.0
264.0
245.0
353.0
790.0
405.0
359.0
192.0
285.0
201.0
173.0
781.0
380.0
894.0
1329.0
763.0
1442.0
148.0
764.0
381.0
267.0
447.0
683.0
1003.0
432.0
82.0
338.0
540.0
290.0
148.0
500.0
188.0
363.0
109.0
414.0
197.0
872.0
1486.0
600.0
370.0
1229.0
448.0
322.0
920.0
5567.0
6065.0
169.0
233.0
1868.0
106.0
85.0
241.0
229.0
339.0
806.0
406.0
354.0
195.0
266.0
202.0
172.0
773.0
395.0
890.0
1298.0
732.0
1495.0
149.0
765.0
372.0
270.0
480.0
675.0
1041.0
420.0
79.0
336.0
556.0
279.0
147.0
506.0
181.0
366.0
117.0
405.0
196.0
859.0
1438.0
635.0
373.0
1231.0
445.0
320.0
964.0
5223.0
6133.0
177.0
229.0
1840.0
104.0
81.0
246.0
238.0
329.0
801.0
374.0
345.0
193.0
285.0
202.0
160.0
769.0
385.0
927.0
1319.0
741.0
1450.0
145.0
803.0
374.0
272.0
469.0
671.0
985.0
425.0
76.0
317.0
582.0
274.0
143.0
517.0
182.0
364.0
113.0
402.0
207.0
918.0
1454.0
598.0
381.0
1213.0
454.0
325.0
947.0
5168.0
5850.0
170.0
225.0
1904.0
106.0
85.0
252.0
242.0
341.0
780.0
383.0
362.0
195.0
261.0
196.0
169.0
832.0
384.0
935.0
1213.0
743.0
1505.0
150.0
775.0
383.0
279.0
470.0
654.0
980.0
401.0
81.0
330.0
554.0
294.0
142.0
507.0
187.0
367.0
114.0
419.0
200.0
904.0
1487.0
645.0
380.0
1221.0
434.0
321.0
917.0
5405.0
5807.0
176.0
226.0
1965.0
107.0
84.0
257.0
238.0
346.0
803.0
376.0
354.0
186.0
285.0
202.0
167.0
845.0
382.0
964.0
1334.0
748.0
1518.0
146.0
798.0
379.0
280.0
478.0
668.0
979.0
421.0
80.0
340.0
566.0
285.0
145.0
504.0
188.0
359.0
111.0
414.0
209.0
915.0
1531.0
632.0
363.0
1208.0
432.0
322.0
965.0
5447.0
5937.0
166.0
236.0
1929.0
105.0
86.0
253.0
247.0
343.0
796.0
373.0
350.0
190.0
276.0
210.0
168.0
830.0
386.0
943.0
1334.0
730.0
1530.0
151.0
769.0
372.0
273.0
469.0
671.0
989.0
417.0
78.0
337.0
536.0
288.0
150.0
496.0
180.0
375.0
115.0
404.0
198.0
875.0
1404.0
605.0
379.0
1241.0
453.0
320.0
900.0
5550.0
5937.0
164.0
236.0
1925.0
103.0
81.0
241.0
241.0
354.0
768.0
389.0
348.0
188.0
275.0
198.0
172.0
781.0
376.0
928.0
1259.0
725.0
1439.0
145.0
779.0
380.0
273.0
470.0
697.0
1008.0
425.0
77.0
326.0
562.0
296.0
143.0
518.0
186.0
350.0
110.0
406.0
202.0
859.0
1403.0
591.0
375.0
1175.0
446.0
320.0
901.0
5087.0
6155.0
173.0
235.0
1970.0
106.0
87.0
262.0
231.0
346.0
812.0
379.0
360.0
191.0
280.0
205.0
169.0
811.0
381.0
935.0
1243.0
769.0
1532.0
152.0
796.0
372.0
274.0
479.0
697.0
1017.0
414.0
80.0
328.0
591.0
281.0
152.0
506.0
187.0
364.0
113.0
421.0
197.0
858.0
1428.0
606.0
381.0
1155.0
439.0
307.0
952.0
5253.0
6047.0
174.0
238.0
1866.0
105.0
82.0
262.0
251.0
336.0
762.0
403.0
338.0
188.0
273.0
202.0
162.0
821.0
394.0
942.0
1330.0
729.0
1417.0
148.0
810.0
377.0
265.0
477.0
674.0
1018.0
426.0
79.0
326.0
575.0
294.0
141.0
512.0
191.0
344.0
119.0
414.0
207.0
872.0
1483.0
623.0
369.0
1199.0
429.0
319.0
914.0
5326.0
5962.0
171.0
231.0
1922.0
105.0
83.0
258.0
242.0
348.0
794.0
381.0
353.0
186.0
278.0
199.0
168.0
772.0
391.0
898.0
1332.0
759.0
1459.0
154.0
785.0
375.0
279.0
468.0
661.0
1049.0
410.0
79.0
332.0
537.0
289.0
144.0
482.0
188.0
368.0
111.0
433.0
204.0
888.0
1442.0
609.0
355.0
1213.0
443.0
308.0
902.0
5297.0
5592.0
174.0
233.0
1841.0
109.0
88.0
263.0
236.0
353.0
824.0
388.0
352.0
188.0
260.0
203.0
170.0
838.0
389.0
969.0
1319.0
716.0
1510.0
149.0
771.0
381.0
285.0
450.0
690.0
986.0
401.0
75.0
334.0
586.0
291.0
140.0
518.0
193.0
347.0
119.0
422.0
207.0
870.0
1438.0
650.0
360.0
1226.0
460.0
316.0
955.0
5256.0
5639.0
170.0
225.0
1988.0
105.0
83.0
251.0
247.0
350.0
802.0
374.0
343.0
194.0
272.0
203.0
161.0
781.0
393.0
945.0
1334.0
710.0
1524.0
148.0
751.0
391.0
270.0
462.0
656.0
1053.0
426.0
80.0
331.0
540.0
292.0
141.0
518.0
185.0
365.0
118.0
400.0
203.0
860.0
1469.0
617.0
358.0
1141.0
454.0
315.0
906.0
5489.0
5713.0
178.0
227.0
1835.0
105.0
85.0
258.0
250.0
343.0
785.0
380.0
346.0
183.0
274.0
203.0
168.0
800.0
381.0
902.0
1275.0
763.0
1412.0
147.0
758.0
384.0
271.0
459.0
706.0
1003.0
403.0
79.0
344.0
579.0
301.0
142.0
514.0
190.0
367.0
119.0
402.0
206.0
930.0
1526.0
633.0
368.0
1241.0
440.0
311.0
946.0
5242.0
5981.0
166.0
225.0
1893.0
108.0
83.0
246.0
239.0
333.0
787.0
396.0
340.0
184.0
275.0
196.0
163.0
815.0
394.0
967.0
1333.0
757.0
1420.0
149.0
769.0
377.0
282.0
469.0
650.0
997.0
425.0
76.0
326.0
545.0
291.0
148.0
501.0
181.0
346.0
111.0
411.0
195.0
894.0
1510.0
637.0
363.0
1176.0
428.0
317.0
968.0
5562.0
5772.0
169.0
223.0
1826.0
103.0
81.0
254.0
240.0
341.0
757.0
406.0
359.0
195.0
275.0
193.0
172.0
827.0
376.0
886.0
1272.0
737.0
1453.0
149.0
796.0
389.0
285.0
455.0
691.0
1010.0
433.0
77.0
317.0
567.0
291.0
143.0
502.0
183.0
352.0
117.0
410.0
205.0
878.0
1482.0
630.0
358.0
1166.0
449.0
306.0
911.0
5440.0
5980.0
164.0
233.0
1823.0
103.0
82.0
262.0
246.0
345.0
760.0
403.0
351.0
185.0
285.0
204.0
166.0
832.0
369.0
945.0
1243.0
742.0
1417.0
145.0
778.0
384.0
267.0
470.0
675.0
1031.0
424.0
79.0
343.0
569.0
283.0
149.0
512.0
184.0
353.0
113.0
394.0
196.0
916.0
1503.0
629.0
380.0
1169.0
456.0
313.0
975.0
5433.0
6109.0
172.0
233.0
1995.0
110.0
84.0
253.0
250.0
344.0
807.0
400.0
343.0
191.0
265.0
206.0
166.0
818.0
371.0
908.0
1268.0
719.0
1427.0
152.0
802.0
373.0
275.0
470.0
664.0
1042.0
410.0
81.0
315.0
571.0
280.0
144.0
488.0
181.0
358.0
117.0
416.0
209.0
862.0
1399.0
626.0
355.0
1208.0
433.0
310.0
973.0
5308.0
5592.0
169.0
233.0
1975.0
107.0
83.0
243.0
251.0
347.0
799.0
375.0
347.0
185.0
263.0
201.0
165.0
798.0
373.0
948.0
1276.0
765.0
1495.0
153.0
804.0
385.0
274.0
444.0
682.0
984.0
427.0
78.0
342.0
549.0
278.0
140.0
502.0
186.0
362.0
120.0
402.0
201.0
855.0
1470.0
598.0
382.0
1233.0
446.0
311.0
964.0
5287.0
6081.0
164.0
228.0
1892.0
103.0
86.0
254.0
245.0
335.0
763.0
395.0
360.0
183.0
266.0
204.0
170.0
824.0
377.0
965.0
1248.0
176.0
177.0
166.0
156.0
230.0
154.0
162.0
156.0
275.0
144.0
158.0
157.0
147.0
161.0
139.0
158.0
158.0
141.0
292.0
137.0
141.0
158.0
138.0
139.0
144.0
156.0
279.0
289.0
176.0
157.0
142.0
154.0
148.0
146.0
163.0
144.0
284.0
138.0
306.0
144.0
300.0
258.0
273.0
305.0
251.0
440.0
296.0
270.0
413.0
152.0
151.0
150.0
141.0
134.0
224.0
144.0
146.0
156.0
318.0
150.0
141.0
160.0
137.0
146.0
132.0
156.0
144.0
152.0
312.0
156.0
148.0
158.0
146.0
141.0
130.0
162.0
280.0
272.0
150.0
154.0
153.0
147.0
152.0
151.0
154.0
154.0
282.0
150.0
271.0
158.0
266.0
300.0
280.0
302.0
291.0
421.0
274.0
279.0
460.0
142.0
153.0
162.0
153.0
151.0
230.0
152.0
148.0
152.0
292.0
159.0
146.0
161.0
158.0
157.0
164.0
148.0
152.0
144.0
310.0
156.0
162.0
141.0
168.0
146.0
134.0
162.0
306.0
261.0
143.0
156.0
171.0
154.0
160.0
158.0
169.0
164.0
284.0
142.0
252.0
148.0
262.0
312.0
254.0
280.0
274.0
414.0
262.0
328.0
413.0
158.0
169.0
164.0
166.0
159.0
234.0
154.0
161.0
168.0
302.0
153.0
160.0
142.0
171.0
146.0
150.0
143.0
162.0
150.0
294.0
158.0
166.0
158.0
154.0
138.0
132.0
132.0
294.0
288.0
160.0
140.0
154.0
148.0
137.0
158.0
150.0
153.0
314.0
158.0
273.0
142.0
292.0
304.0
307.0
308.0
284.0
467.0
300.0
272.0
429.0
148.0
152.0
155.0
150.0
150.0
224.0
148.0
143.0
168.0
290.0
160.0
163.0
158.0
161.0
152.0
168.0
155.0
146.0
138.0
271.0
158.0
165.0
144.0
144.0
171.0
146.0
153.0
296.0
272.0
161.0
149.0
158.0
152.0
171.0
154.0
154.0
133.0
295.0
158.0
312.0
150.0
308.0
268.0
276.0
253.0
328.0
445.0
298.0
320.0
463.0
154.0
179.0
164.0
144.0
146.0
228.0
148.0
147.0
144.0
279.0
167.0
140.0
153.0
166.0
154.0
164.0
134.0
150.0
161.0
292.0
157.0
153.0
150.0
138.0
153.0
142.0
151.0
286.0
316.0
148.0
154.0
145.0
148.0
148.0
158.0
154.0
139.0
300.0
143.0
272.0
164.0
320.0
300.0
274.0
268.0
280.0
448.0
292.0
266.0
384.0
154.0
151.0
169.0
152.0
159.0
214.0
166.0
156.0
148.0
292.0
140.0
160.0
153.0
162.0
162.0
162.0
135.0
160.0
170.0
258.0
154.0
159.0
158.0
130.0
152.0
146.0
154.0
297.0
330.0
146.0
148.0
145.0
166.0
140.0
170.0
154.0
156.0
302.0
170.0
273.0
154.0
268.0
281.0
261.0
299.0
268.0
423.0
262.0
272.0
368.0
145.0
152.0
150.0
143.0
146.0
220.0
145.0
157.0
148.0
283.0
162.0
164.0
160.0
170.0
170.0
148.0
158.0
150.0
160.0
324.0
156.0
145.0
150.0
153.0
154.0
144.0
161.0
298.0
298.0
170.0
158.0
158.0
150.0
161.0
151.0
163.0
152.0
334.0
156.0
278.0
162.0
302.0
274.0
272.0
274.0
308.0
394.0
316.0
310.0
410.0
164.0
154.0
162.0
162.0
158.0
212.0
148.0
149.0
150.0
304.0
156.0
156.0
158.0
138.0
134.0
136.0
158.0
148.0
166.0
300.0
150.0
161.0
160.0
143.0
136.0
150.0
150.0
274.0
265.0
141.0
168.0
144.0
150.0
158.0
152.0
154.0
164.0
256.0
156.0
284.0
142.0
312.0
289.0
283.0
302.0
284.0
454.0
288.0
304.0
436.0
138.0
164.0
161.0
141.0
152.0
213.0
142.0
169.0
157.0
258.0
150.0
142.0
164.0
163.0
153.0
150.0
148.0
158.0
164.0
293.0
142.0
160.0
134.0
136.0
154.0
146.0
148.0
302.0
298.0
152.0
166.0
152.0
144.0
170.0
152.0
145.0
152.0
284.0
152.0
256.0
131.0
270.0
272.0
268.0
284.0
266.0
425.0
288.0
302.0
445.0
158.0
161.0
156.0
155.0
160.0
228.0
159.0
149.0
144.0
256.0
158.0
148.0
167.0
140.0
150.0
136.0
150.0
156.0
147.0
323.0
156.0
142.0
140.0
160.0
156.0
141.0
145.0
298.0
284.0
162.0
142.0
149.0
150.0
138.0
156.0
168.0
156.0
291.0
168.0
274.0
140.0
272.0
318.0
290.0
256.0
284.0
374.0
264.0
274.0
377.0
146.0
148.0
158.0
152.0
146.0
220.0
157.0
140.0
142.0
309.0
166.0
151.0
146.0
156.0
134.0
156.0
161.0
150.0
152.0
274.0
154.0
156.0
155.0
140.0
148.0
151.0
148.0
268.0
298.0
157.0
164.0
156.0
162.0
158.0
138.0
160.0
143.0
286.0
144.0
297.0
147.0
291.0
326.0
272.0
280.0
320.0
420.0
322.0
285.0
394.0
171.0
166.0
160.0
154.0
161.0
218.0
158.0
157.0
158.0
332.0
144.0
162.0
167.0
162.0
158.0
154.0
160.0
156.0
154.0
332.0
144.0
164.0
144.0
158.0
150.0
142.0
138.0
294.0
288.0
149.0
160.0
158.0
154.0
159.0
146.0
135.0
162.0
325.0
152.0
285.0
168.0
268.0
273.0
248.0
276.0
316.0
462.0
273.0
306.0
410.0
152.0
158.0
152.0
152.0
148.0
220.0
168.0
171.0
160.0
326.0
146.0
160.0
168.0
170.0
143.0
166.0
138.0
172.0
162.0
290.0
160.0
148.0
140.0
162.0
156.0
150.0
150.0
299.0
270.0
156.0
147.0
150.0
152.0
144.0
166.0
156.0
166.0
286.0
147.0
310.0
157.0
278.0
324.0
294.0
242.0
294.0
420.0
306.0
330.0
418.0
144.0
162.0
153.0
163.0
151.0
238.0
148.0
160.0
160.0
272.0
143.0
155.0
146.0
152.0
146.0
162.0
157.0
155.0
144.0
273.0
154.0
154.0
150.0
174.0
148.0
131.0
150.0
270.0
318.0
170.0
160.0
152.0
138.0
166.0
158.0
169.0
162.0
289.0
163.0
321.0
162.0
314.0
264.0
323.0
316.0
300.0
416.0
300.0
292.0
386.0
168.0
167.0
166.0
166.0
148.0
226.0
162.0
145.0
160.0
291.0
159.0
148.0
152.0
158.0
134.0
150.0
157.0
157.0
162.0
286.0
160.0
150.0
144.0
145.0
150.0
158.0
154.0
308.0
265.0
148.0
146.0
137.0
160.0
155.0
158.0
152.0
152.0
314.0
152.0
272.0
158.0
301.0
258.0
310.0
304.0
296.0
404.0
311.0
309.0
411.0
168.0
158.0
166.0
152.0
170.0
233.0
172.0
150.0
156.0
310.0
154.0
140.0
159.0
140.0
151.0
138.0
154.0
152.0
147.0
310.0
148.0
162.0
148.0
162.0
158.0
134.0
141.0
284.0
298.0
134.0
156.0
168.0
165.0
165.0
172.0
170.0
172.0
304.0
143.0
310.0
168.0
258.0
265.0
261.0
250.0
264.0
429.0
269.0
326.0
475.0
162.0
146.0
161.0
144.0
152.0
234.0
162.0
152.0
157.0
318.0
165.0
160.0
140.0
157.0
142.0
148.0
150.0
160.0
147.0
308.0
150.0
158.0
141.0
154.0
166.0
155.0
158.0
279.0
299.0
157.0
163.0
165.0
177.0
166.0
152.0
139.0
156.0
293.0
154.0
300.0
154.0
278.0
318.0
275.0
271.0
268.0
425.0
308.0
270.0
468.0
155.0
156.0
157.0
146.0
142.0
214.0
150.0
152.0
151.0
264.0
153.0
142.0
151.0
142.0
147.0
145.0
158.0
142.0
138.0
268.0
137.0
174.0
157.0
164.0
140.0
137.0
154.0
304.0
296.0
146.0
174.0
142.0
144.0
148.0
152.0
143.0
168.0
262.0
144.0
270.0
157.0
274.0
320.0
274.0
260.0
310.0
428.0
303.0
276.0
388.0
158.0
162.0
158.0
166.0
156.0
210.0
164.0
158.0
136.0
284.0
151.0
149.0
146.0
156.0
171.0
136.0
158.0
156.0
158.0
304.0
172.0
164.0
158.0
147.0
164.0
137.0
141.0
298.0
304.0
146.0
172.0
160.0
172.0
170.0
150.0
140.0
160.0
328.0
140.0
295.0
159.0
296.0
326.0
267.0
273.0
310.0
430.0
328.0
260.0
393.0
154.0
149.0
164.0
160.0
145.0
212.0
161.0
156.0
158.0
274.0
158.0
152.0
148.0
154.0
138.0
156.0
161.0
160.0
132.0
300.0
141.0
152.0
136.0
164.0
158.0
138.0
160.0
273.0
310.0
158.0
136.0
136.0
158.0
154.0
164.0
168.0
156.0
285.0
150.0
278.0
170.0
316.0
324.0
278.0
316.0
267.0
410.0
314.0
268.0
422.0
162.0
181.0
156.0
158.0
152.0
216.0
143.0
155.0
160.0
306.0
152.0
145.0
157.0
163.0
142.0
162.0
158.0
141.0
170.0
276.0
143.0
141.0
148.0
152.0
158.0
156.0
164.0
304.0
278.0
172.0
169.0
142.0
133.0
138.0
156.0
156.0
158.0
319.0
138.0
268.0
154.0
312.0
252.0
308.0
308.0
280.0
448.0
260.0
310.0
391.0
134.0
174.0
156.0
144.0
142.0
210.0
146.0
138.0
156.0
278.0
144.0
160.0
134.0
164.0
163.0
150.0
160.0
152.0
152.0
308.0
159.0
160.0
157.0
154.0
150.0
145.0
146.0
302.0
294.0
152.0
164.0
146.0
148.0
140.0
158.0
152.0
150.0
298.0
154.0
327.0
148.0
270.0
308.0
256.0
312.0
264.0
448.0
298.0
306.0
460.0
158.0
146.0
156.0
161.0
144.0
210.0
141.0
150.0
161.0
298.0
160.0
144.0
143.0
156.0
154.0
154.0
151.0
165.0
152.0
318.0
154.0
141.0
149.0
151.0
170.0
132.0
153.0
274.0
320.0
146.0
160.0
152.0
144.0
156.0
153.0
142.0
154.0
293.0
152.0
302.0
144.0
276.0
314.0
298.0
318.0
296.0
390.0
300.0
310.0
420.0
150.0
162.0
154.0
160.0
162.0
210.0
164.0
138.0
160.0
311.0
150.0
145.0
152.0
159.0
144.0
170.0
162.0
172.0
152.0
268.0
152.0
152.0
170.0
146.0
160.0
136.0
163.0
260.0
308.0
158.0
161.0
159.0
136.0
144.0
151.0
148.0
152.0
316.0
140.0
307.0
150.0
315.0
313.0
315.0
266.0
272.0
485.0
298.0
268.0
450.0
150.0
142.0
168.0
156.0
162.0
212.0
146.0
145.0
163.0
282.0
145.0
139.0
150.0
141.0
157.0
172.0
162.0
152.0
131.0
312.0
162.0
154.0
152.0
168.0
175.0
141.0
146.0
302.0
268.0
164.0
161.0
163.0
156.0
134.0
166.0
158.0
150.0
288.0
162.0
286.0
173.0
264.0
331.0
288.0
265.0
287.0
428.0
297.0
278.0
386.0
146.0
175.0
157.0
160.0
162.0
228.0
166.0
148.0
160.0
256.0
154.0
142.0
142.0
154.0
166.0
164.0
156.0
148.0
168.0
272.0
165.0
145.0
146.0
135.0
153.0
140.0
151.0
282.0
296.0
156.0
148.0
146.0
155.0
170.0
164.0
161.0
161.0
304.0
150.0
307.0
166.0
331.0
306.0
322.0
266.0
256.0
396.0
314.0
320.0
430.0
150.0
160.0
160.0
160.0
156.0
227.0
151.0
142.0
142.0
264.0
166.0
151.0
156.0
160.0
146.0
162.0
149.0
140.0
164.0
270.0
151.0
146.0
148.0
154.0
157.0
136.0
156.0
282.0
282.0
138.0
164.0
143.0
151.0
147.0
160.0
152.0
162.0
288.0
164.0
256.0
146.0
270.0
300.0
291.0
305.0
254.0
446.0
271.0
304.0
458.0
136.0
157.0
172.0
153.0
148.0
235.0
148.0
142.0
158.0
263.0
164.0
141.0
145.0
152.0
164.0
166.0
152.0
146.0
162.0
307.0
154.0
156.0
169.0
158.0
143.0
134.0
151.0
268.0
319.0
142.0
152.0
150.0
158.0
158.0
168.0
162.0
160.0
266.0
151.0
320.0
150.0
288.0
317.0
293.0
252.0
282.0
430.0
280.0
310.0
452.0
144.0
150.0
150.0
154.0
145.0
208.0
140.0
139.0
145.0
326.0
153.0
162.0
145.0
149.0
157.0
148.0
148.0
160.0
150.0
314.0
137.0
143.0
150.0
141.0
136.0
154.0
157.0
309.0
302.0
145.0
147.0
159.0
155.0
158.0
165.0
171.0
154.0
278.0
148.0
273.0
158.0
264.0
264.0
292.0
266.0
278.0
400.0
298.0
272.0
431.0
152.0
169.0
174.0
156.0
158.0
220.0
145.0
150.0
146.0
319.0
154.0
142.0
164.0
172.0
170.0
153.0
136.0
160.0
146.0
324.0
158.0
147.0
148.0
166.0
158.0
156.0
144.0
299.0
295.0
156.0
156.0
160.0
154.0
149.0
156.0
166.0
155.0
271.0
162.0
326.0
149.0
308.0
290.0
266.0
272.0
316.0
384.0
272.0
264.0
438.0
170.0
152.0
169.0
142.0
156.0
212.0
154.0
145.0
138.0
314.0
156.0
150.0
133.0
172.0
166.0
141.0
143.0
157.0
155.0
284.0
147.0
160.0
150.0
154.0
154.0
136.0
152.0
274.0
261.0
132.0
152.0
160.0
142.0
152.0
154.0
161.0
168.0
271.0
149.0
260.0
161.0
290.0
304.0
263.0
260.0
278.0
416.0
272.0
312.0
472.0
151.0
156.0
176.0
153.0
156.0
212.0
160.0
154.0
154.0
284.0
144.0
158.0
142.0
173.0
149.0
155.0
160.0
154.0
166.0
275.0
152.0
147.0
157.0
154.0
175.0
154.0
161.0
293.0
300.0
140.0
150.0
172.0
148.0
162.0
150.0
164.0
166.0
262.0
158.0
310.0
156.0
298.0
304.0
263.0
272.0
266.0
434.0
282.0
281.0
400.0
136.0
154.0
160.0
156.0
166.0
220.0
154.0
155.0
165.0
283.0
144.0
139.0
134.0
147.0
159.0
148.0
166.0
138.0
148.0
270.0
164.0
159.0
139.0
152.0
144.0
154.0
154.0
313.0
269.0
160.0
154.0
170.0
156.0
158.0
150.0
151.0
162.0
271.0
156.0
302.0
158.0
311.0
292.0
250.0
306.0
275.0
408.0
322.0
256.0
460.0
144.0
158.0
164.0
142.0
158.0
201.0
157.0
152.0
154.0
301.0
140.0
152.0
162.0
159.0
160.0
170.0
142.0
156.0
152.0
264.0
162.0
153.0
132.0
148.0
168.0
156.0
170.0
292.0
269.0
160.0
147.0
140.0
155.0
159.0
160.0
155.0
153.0
276.0
154.0
266.0
166.0
266.0
298.0
272.0
256.0
268.0
432.0
320.0
254.0
406.0
152.0
166.0
156.0
159.0
156.0
231.0
144.0
168.0
153.0
310.0
148.0
163.0
144.0
142.0
162.0
135.0
154.0
154.0
152.0
274.0
154.0
156.0
156.0
157.0
160.0
158.0
155.0
310.0
307.0
154.0
154.0
170.0
168.0
160.0
133.0
156.0
168.0
272.0
153.0
256.0
149.0
304.0
316.0
264.0
306.0
254.0
430.0
328.0
308.0
427.0
154.0
157.0
152.0
157.0
144.0
196.0
142.0
154.0
139.0
296.0
150.0
152.0
148.0
166.0
160.0
143.0
168.0
140.0
163.0
311.0
143.0
154.0
166.0
154.0
168.0
136.0
153.0
278.0
284.0
143.0
151.0
147.0
158.0
135.0
149.0
135.0
163.0
276.0
147.0
292.0
140.0
295.0
272.0
297.0
266.0
278.0
382.0
323.0
276.0
425.0
153.0
164.0
154.0
147.0
166.0
227.0
138.0
168.0
148.0
296.0
160.0
156.0
156.0
138.0
166.0
163.0
172.0
158.0
146.0
274.0
158.0
164.0
159.0
144.0
135.0
148.0
148.0
272.0
317.0
173.0
156.0
149.0
161.0
158.0
158.0
142.0
168.0
298.0
164.0
284.0
154.0
272.0
301.0
298.0
314.0
275.0
402.0
270.0
331.0
396.0
146.0
156.0
154.0
148.0
150.0
204.0
159.0
144.0
161.0
293.0
152.0
148.0
162.0
144.0
152.0
175.0
164.0
132.0
160.0
286.0
150.0
159.0
164.0
160.0
152.0
153.0
151.0
270.0
330.0
161.0
150.0
150.0
170.0
152.0
160.0
165.0
136.0
284.0
143.0
305.0
153.0
265.0
317.0
277.0
278.0
318.0
448.0
268.0
294.0
402.0
156.0
160.0
170.0
160.0
146.0
232.0
153.0
165.0
144.0
319.0
144.0
166.0
154.0
145.0
148.0
149.0
155.0
134.0
156.0
262.0
164.0
148.0
163.0
169.0
160.0
143.0
165.0
280.0
278.0
152.0
146.0
150.0
156.0
152.0
142.0
149.0
158.0
308.0
176.0
310.0
165.0
312.0
278.0
275.0
293.0
314.0
449.0
274.0
270.0
462.0
170.0
