I_BRKGA_111_3_10_4_CESP
111 3 10 495.0
29855.5
31433.5
35493.5
28874.5
31506.5
28887.5
29666.5
30874.5
33694.5
29750.5
0.1156070708818964
0.08323033505856679
0.10296102359706921
0.09300459855151655
0.1031273278701543
0.09113923134770963
0.10156851195163986
0.09954346391753086
0.11670763731327113
0.09311079951064527
116.0
109.0
118.0
5105.0
35.0
2516.0
483.0
1230.0
36.0
555.0
119.0
183.0
48.0
327.0
253.0
395.0
60.0
291.0
555.0
295.0
74.0
248.0
75.0
280.0
29.0
363.0
160.0
766.0
1256.0
545.0
328.0
1153.0
284.0
148.0
811.0
5114.0
5609.0
125.0
168.0
321.0
49.0
27.0
186.0
214.0
182.0
532.0
357.0
74.0
67.0
26.0
127.0
32.0
20.0
170.0
866.0
50.0
127.0
64.0
45.0
167.0
143.0
74.0
161.0
147.0
756.0
38.0
21.0
25.0
32.0
8.0
72.0
265.0
111.0
68.0
89.0
58.0
41.0
87.0
152.0
45.0
27.0
58.0
162.0
166.0
102.0
81.0
132.0
47.0
66.0
1658.0
56.0
59.0
66.0
24.0
162.0
292.0
31.0
278.0
123.0
245.0
78.0
137.0
783.0
210.0
68.0
1189.0
128.0
127.0
66.0
89.0
113.0
19.0
265.0
204.0
519.0
1318.0
35.0
515.0
116.0
174.0
47.0
318.0
266.0
401.0
60.0
290.0
533.0
291.0
76.0
246.0
80.0
298.0
29.0
344.0
157.0
830.0
1366.0
562.0
342.0
1145.0
273.0
154.0
823.0
5518.0
5582.0
123.0
166.0
314.0
50.0
29.0
175.0
223.0
183.0
492.0
366.0
79.0
66.0
26.0
116.0
32.0
20.0
168.0
852.0
51.0
123.0
65.0
42.0
162.0
147.0
74.0
152.0
151.0
794.0
37.0
20.0
25.0
29.0
8.0
72.0
254.0
108.0
69.0
86.0
58.0
41.0
88.0
149.0
46.0
25.0
56.0
156.0
174.0
106.0
87.0
135.0
45.0
63.0
1660.0
54.0
57.0
71.0
25.0
166.0
287.0
32.0
286.0
127.0
243.0
81.0
133.0
833.0
218.0
66.0
1279.0
121.0
115.0
71.0
86.0
113.0
20.0
252.0
196.0
474.0
1266.0
34.0
536.0
110.0
193.0
47.0
345.0
253.0
371.0
58.0
296.0
557.0
284.0
71.0
249.0
76.0
274.0
27.0
351.0
162.0
818.0
1384.0
598.0
341.0
1180.0
292.0
152.0
823.0
5348.0
5931.0
129.0
172.0
306.0
49.0
28.0
184.0
224.0
188.0
515.0
349.0
78.0
62.0
27.0
119.0
31.0
19.0
179.0
862.0
53.0
119.0
67.0
44.0
163.0
148.0
76.0
161.0
143.0
764.0
38.0
21.0
25.0
30.0
8.0
71.0
271.0
108.0
73.0
83.0
57.0
38.0
81.0
140.0
47.0
27.0
54.0
156.0
172.0
107.0
85.0
129.0
44.0
62.0
1588.0
57.0
59.0
69.0
25.0
155.0
275.0
31.0
265.0
130.0
242.0
81.0
136.0
772.0
210.0
68.0
1214.0
131.0
121.0
71.0
93.0
118.0
19.0
245.0
195.0
472.0
1323.0
34.0
551.0
118.0
182.0
46.0
346.0
265.0
393.0
58.0
289.0
519.0
271.0
70.0
237.0
75.0
282.0
27.0
351.0
157.0
791.0
1334.0
574.0
343.0
1134.0
296.0
144.0
871.0
5185.0
5458.0
131.0
159.0
336.0
48.0
29.0
181.0
216.0
196.0
525.0
375.0
74.0
67.0
26.0
117.0
33.0
19.0
176.0
870.0
50.0
126.0
64.0
45.0
152.0
140.0
70.0
161.0
149.0
793.0
35.0
21.0
26.0
32.0
8.0
76.0
258.0
109.0
69.0
86.0
55.0
39.0
81.0
143.0
46.0
25.0
53.0
160.0
165.0
111.0
87.0
131.0
45.0
64.0
1565.0
58.0
58.0
71.0
26.0
152.0
275.0
33.0
278.0
126.0
255.0
83.0
135.0
819.0
220.0
70.0
1248.0
131.0
120.0
70.0
89.0
117.0
20.0
268.0
189.0
478.0
1340.0
33.0
532.0
113.0
188.0
47.0
350.0
258.0
380.0
60.0
304.0
554.0
275.0
76.0
238.0
82.0
296.0
27.0
350.0
162.0
836.0
1314.0
586.0
347.0
1133.0
290.0
147.0
835.0
5026.0
5756.0
130.0
159.0
315.0
51.0
29.0
192.0
221.0
181.0
516.0
358.0
77.0
67.0
27.0
124.0
32.0
20.0
170.0
894.0
49.0
120.0
61.0
44.0
162.0
146.0
75.0
162.0
143.0
730.0
35.0
21.0
26.0
32.0
8.0
76.0
255.0
107.0
71.0
89.0
54.0
38.0
84.0
148.0
45.0
25.0
53.0
149.0
171.0
107.0
80.0
132.0
46.0
67.0
1502.0
55.0
59.0
67.0
25.0
159.0
280.0
33.0
271.0
126.0
253.0
76.0
140.0
801.0
222.0
67.0
1264.0
128.0
119.0
70.0
89.0
116.0
19.0
254.0
201.0
481.0
1254.0
36.0
547.0
113.0
184.0
48.0
330.0
266.0
376.0
57.0
318.0
541.0
269.0
70.0
232.0
82.0
284.0
27.0
343.0
159.0
811.0
1344.0
557.0
352.0
1137.0
295.0
152.0
860.0
5120.0
5860.0
120.0
166.0
315.0
48.0
27.0
186.0
210.0
194.0
495.0
365.0
76.0
65.0
27.0
123.0
33.0
18.0
166.0
842.0
49.0
119.0
64.0
45.0
152.0
142.0
76.0
162.0
153.0
750.0
38.0
21.0
26.0
31.0
8.0
76.0
269.0
107.0
68.0
91.0
59.0
41.0
82.0
145.0
47.0
27.0
53.0
150.0
175.0
105.0
79.0
127.0
47.0
64.0
1506.0
58.0
59.0
65.0
24.0
166.0
285.0
31.0
265.0
130.0
253.0
77.0
140.0
756.0
214.0
70.0
1220.0
132.0
127.0
68.0
91.0
117.0
19.0
270.0
195.0
488.0
1267.0
33.0
542.0
113.0
182.0
47.0
345.0
246.0
389.0
56.0
294.0
526.0
287.0
74.0
238.0
78.0
286.0
29.0
341.0
163.0
763.0
1286.0
582.0
331.0
1186.0
292.0
159.0
813.0
5246.0
5521.0
125.0
157.0
316.0
47.0
27.0
177.0
206.0
181.0
486.0
342.0
72.0
67.0
27.0
122.0
33.0
20.0
179.0
867.0
53.0
126.0
61.0
44.0
156.0
142.0
75.0
157.0
153.0
730.0
38.0
20.0
26.0
30.0
8.0
72.0
271.0
104.0
70.0
85.0
57.0
41.0
87.0
153.0
49.0
25.0
53.0
150.0
160.0
109.0
84.0
128.0
46.0
61.0
1568.0
58.0
58.0
66.0
25.0
162.0
290.0
32.0
268.0
129.0
240.0
80.0
132.0
822.0
209.0
68.0
1257.0
126.0
124.0
68.0
94.0
117.0
20.0
250.0
203.0
477.0
1234.0
33.0
542.0
112.0
185.0
44.0
326.0
258.0
396.0
58.0
289.0
537.0
287.0
76.0
241.0
77.0
301.0
29.0
363.0
165.0
790.0
1287.0
545.0
362.0
1106.0
294.0
158.0
800.0
5050.0
5443.0
126.0
161.0
326.0
46.0
29.0
192.0
225.0
193.0
505.0
343.0
78.0
67.0
26.0
120.0
31.0
19.0
168.0
894.0
49.0
121.0
62.0
46.0
163.0
145.0
71.0
158.0
142.0
798.0
35.0
21.0
25.0
29.0
8.0
71.0
273.0
102.0
72.0
85.0
56.0
41.0
87.0
150.0
45.0
26.0
53.0
160.0
175.0
102.0
86.0
139.0
47.0
63.0
1578.0
56.0
55.0
71.0
25.0
161.0
287.0
31.0
286.0
124.0
250.0
76.0
136.0
773.0
216.0
66.0
1247.0
125.0
127.0
71.0
92.0
112.0
19.0
270.0
197.0
511.0
1264.0
35.0
525.0
111.0
178.0
44.0
338.0
262.0
373.0
58.0
300.0
532.0
272.0
73.0
254.0
75.0
296.0
28.0
350.0
168.0
788.0
1272.0
577.0
363.0
1139.0
283.0
151.0
821.0
5433.0
5645.0
120.0
162.0
324.0
49.0
29.0
177.0
215.0
193.0
530.0
349.0
76.0
65.0
26.0
128.0
31.0
19.0
178.0
860.0
52.0
119.0
63.0
45.0
163.0
142.0
70.0
159.0
149.0
744.0
38.0
20.0
24.0
30.0
8.0
75.0
257.0
103.0
69.0
85.0
58.0
39.0
85.0
153.0
48.0
27.0
58.0
149.0
167.0
108.0
82.0
131.0
47.0
61.0
1614.0
58.0
55.0
66.0
26.0
157.0
285.0
32.0
264.0
118.0
256.0
79.0
129.0
791.0
220.0
64.0
1163.0
129.0
121.0
68.0
93.0
112.0
19.0
260.0
202.0
477.0
1219.0
33.0
515.0
113.0
180.0
45.0
343.0
265.0
398.0
55.0
316.0
546.0
286.0
71.0
233.0
77.0
276.0
28.0
360.0
172.0
769.0
1391.0
599.0
351.0
1163.0
283.0
155.0
835.0
5056.0
5688.0
126.0
161.0
332.0
50.0
28.0
180.0
212.0
191.0
492.0
354.0
77.0
64.0
26.0
122.0
32.0
19.0
167.0
858.0
51.0
122.0
61.0
45.0
162.0
146.0
75.0
154.0
141.0
742.0
37.0
20.0
25.0
31.0
8.0
76.0
270.0
104.0
70.0
83.0
59.0
41.0
84.0
147.0
47.0
27.0
55.0
148.0
162.0
106.0
83.0
130.0
48.0
64.0
1650.0
59.0
57.0
68.0
24.0
154.0
289.0
33.0
275.0
120.0
237.0
80.0
133.0
782.0
216.0
67.0
1215.0
126.0
120.0
66.0
86.0
114.0
20.0
251.0
202.0
205.0
181.0
158.0
136.0
412.0
151.0
139.0
164.0
147.0
153.0
149.0
151.0
171.0
137.0
153.0
163.0
176.0
150.0
438.0
130.0
138.0
153.0
142.0
172.0
165.0
153.0
136.0
435.0
135.0
177.0
147.0
138.0
166.0
152.0
159.0
131.0
162.0
164.0
137.0
172.0
162.0
134.0
161.0
127.0
173.0
378.0
145.0
134.0
446.0
171.0
177.0
171.0
162.0
173.0
156.0
151.0
153.0
168.0
367.0
145.0
164.0
164.0
166.0
156.0
150.0
151.0
167.0
177.0
161.0
165.0
138.0
175.0
168.0
173.0
126.0
151.0
382.0
138.0
132.0
152.0
148.0
142.0
166.0
171.0
177.0
164.0
365.0
137.0
478.0
163.0
411.0
432.0
438.0
455.0
408.0
467.0
484.0
423.0
436.0
157.0
133.0
150.0
161.0
172.0
137.0
132.0
136.0
136.0
155.0
158.0
160.0
134.0
489.0
156.0
172.0
157.0
171.0
174.0
134.0
146.0
136.0
137.0
177.0
136.0
150.0
173.0
370.0
143.0
144.0
163.0
146.0
166.0
164.0
159.0
150.0
415.0
146.0
157.0
172.0
144.0
166.0
167.0
148.0
156.0
148.0
151.0
131.0
170.0
143.0
130.0
145.0
118.0
170.0
431.0
164.0
149.0
481.0
177.0
171.0
162.0
138.0
156.0
170.0
170.0
171.0
133.0
387.0
174.0
158.0
147.0
140.0
138.0
150.0
144.0
144.0
155.0
149.0
140.0
168.0
173.0
170.0
162.0
149.0
145.0
422.0
152.0
166.0
173.0
168.0
133.0
139.0
167.0
132.0
148.0
434.0
149.0
439.0
143.0
479.0
435.0
381.0
378.0
464.0
380.0
454.0
446.0
429.0
172.0
173.0
157.0
144.0
137.0
141.0
173.0
177.0
137.0
186.0
201.0
133.0
150.0
449.0
167.0
142.0
148.0
165.0
156.0
176.0
135.0
140.0
149.0
139.0
168.0
160.0
135.0
452.0
165.0
130.0
164.0
162.0
148.0
144.0
161.0
151.0
371.0
156.0
169.0
133.0
151.0
158.0
165.0
167.0
165.0
176.0
134.0
154.0
143.0
170.0
138.0
142.0
142.0
166.0
393.0
170.0
162.0
442.0
143.0
176.0
157.0
134.0
144.0
152.0
165.0
172.0
174.0
414.0
137.0
167.0
157.0
153.0
147.0
165.0
134.0
162.0
163.0
168.0
139.0
134.0
133.0
132.0
140.0
129.0
133.0
403.0
177.0
135.0
154.0
165.0
176.0
176.0
137.0
146.0
169.0
465.0
153.0
410.0
177.0
486.0
476.0
387.0
393.0
459.0
411.0
466.0
480.0
429.0
176.0
176.0
156.0
135.0
135.0
158.0
141.0
174.0
160.0
171.0
171.0
135.0
169.0
426.0
176.0
164.0
170.0
141.0
148.0
146.0
167.0
135.0
159.0
174.0
150.0
160.0
164.0
486.0
132.0
146.0
173.0
148.0
133.0
161.0
157.0
141.0
421.0
162.0
148.0
173.0
170.0
143.0
141.0
143.0
145.0
140.0
145.0
145.0
166.0
162.0
155.0
132.0
132.0
165.0
436.0
164.0
170.0
386.0
165.0
140.0
137.0
142.0
163.0
145.0
140.0
162.0
167.0
482.0
162.0
170.0
143.0
162.0
166.0
169.0
168.0
167.0
163.0
170.0
142.0
150.0
162.0
153.0
147.0
123.0
177.0
413.0
153.0
151.0
163.0
142.0
160.0
136.0
148.0
133.0
150.0
423.0
141.0
488.0
152.0
478.0
485.0
420.0
479.0
378.0
368.0
405.0
409.0
485.0
163.0
137.0
137.0
159.0
176.0
168.0
141.0
154.0
131.0
158.0
205.0
157.0
139.0
394.0
147.0
132.0
148.0
147.0
170.0
158.0
152.0
171.0
168.0
156.0
159.0
172.0
153.0
377.0
168.0
142.0
137.0
153.0
169.0
135.0
146.0
166.0
419.0
149.0
166.0
151.0
165.0
148.0
139.0
142.0
173.0
168.0
142.0
156.0
158.0
140.0
137.0
158.0
138.0
166.0
444.0
152.0
153.0
399.0
156.0
172.0
159.0
159.0
150.0
140.0
149.0
152.0
134.0
430.0
141.0
140.0
164.0
164.0
152.0
152.0
134.0
162.0
169.0
145.0
135.0
171.0
137.0
155.0
174.0
141.0
174.0
390.0
147.0
156.0
155.0
160.0
160.0
154.0
146.0
141.0
140.0
386.0
149.0
490.0
155.0
442.0
483.0
447.0
493.0
367.0
462.0
468.0
374.0
435.0
137.0
143.0
130.0
143.0
171.0
156.0
131.0
133.0
160.0
183.0
206.0
164.0
166.0
414.0
143.0
139.0
131.0
145.0
146.0
139.0
148.0
172.0
151.0
146.0
134.0
130.0
146.0
463.0
136.0
148.0
135.0
153.0
143.0
161.0
138.0
153.0
366.0
139.0
151.0
177.0
140.0
140.0
171.0
137.0
141.0
165.0
175.0
165.0
171.0
166.0
140.0
141.0
128.0
150.0
406.0
131.0
156.0
490.0
151.0
142.0
137.0
140.0
148.0
148.0
162.0
148.0
175.0
377.0
148.0
153.0
145.0
154.0
141.0
138.0
164.0
163.0
174.0
137.0
174.0
131.0
134.0
160.0
170.0
146.0
171.0
363.0
137.0
141.0
134.0
172.0
168.0
143.0
138.0
165.0
151.0
478.0
167.0
454.0
165.0
486.0
366.0
487.0
463.0
456.0
382.0
405.0
426.0
411.0
160.0
157.0
141.0
143.0
169.0
151.0
161.0
153.0
155.0
197.0
173.0
147.0
146.0
402.0
154.0
149.0
147.0
139.0
176.0
161.0
174.0
157.0
166.0
153.0
144.0
176.0
166.0
378.0
145.0
171.0
140.0
162.0
170.0
134.0
152.0
156.0
372.0
165.0
153.0
132.0
144.0
137.0
166.0
176.0
169.0
141.0
146.0
150.0
157.0
176.0
167.0
130.0
121.0
138.0
379.0
145.0
163.0
407.0
136.0
137.0
172.0
168.0
133.0
132.0
165.0
137.0
167.0
384.0
157.0
146.0
150.0
137.0
141.0
169.0
150.0
139.0
165.0
162.0
153.0
166.0
141.0
139.0
160.0
116.0
156.0
378.0
160.0
153.0
168.0
154.0
150.0
154.0
159.0
141.0
133.0
398.0
175.0
363.0
167.0
363.0
454.0
475.0
455.0
445.0
412.0
435.0
436.0
377.0
176.0
130.0
158.0
172.0
142.0
173.0
137.0
151.0
142.0
155.0
192.0
174.0
135.0
374.0
165.0
157.0
173.0
170.0
138.0
169.0
162.0
138.0
149.0
132.0
148.0
131.0
162.0
475.0
163.0
149.0
151.0
141.0
171.0
145.0
159.0
163.0
489.0
161.0
167.0
144.0
145.0
175.0
147.0
172.0
131.0
139.0
168.0
168.0
158.0
143.0
132.0
147.0
125.0
168.0
475.0
163.0
133.0
384.0
162.0
141.0
130.0
138.0
147.0
172.0
143.0
170.0
164.0
484.0
175.0
168.0
164.0
133.0
134.0
157.0
177.0
143.0
165.0
173.0
162.0
138.0
175.0
154.0
133.0
114.0
162.0
373.0
151.0
139.0
154.0
156.0
174.0
158.0
170.0
170.0
152.0
434.0
145.0
425.0
138.0
438.0
374.0
489.0
457.0
454.0
395.0
474.0
410.0
379.0
135.0
161.0
168.0
157.0
155.0
146.0
138.0
135.0
160.0
187.0
188.0
133.0
165.0
477.0
153.0
155.0
147.0
172.0
163.0
144.0
152.0
177.0
143.0
143.0
143.0
148.0
132.0
376.0
162.0
141.0
153.0
176.0
159.0
160.0
170.0
138.0
378.0
164.0
165.0
176.0
137.0
176.0
167.0
152.0
132.0
155.0
134.0
171.0
145.0
166.0
163.0
143.0
123.0
158.0
402.0
168.0
155.0
415.0
150.0
157.0
152.0
142.0
157.0
142.0
139.0
137.0
162.0
479.0
156.0
139.0
160.0
175.0
137.0
169.0
137.0
160.0
164.0
138.0
132.0
132.0
171.0
144.0
165.0
113.0
149.0
403.0
145.0
144.0
163.0
168.0
172.0
136.0
161.0
167.0
171.0
466.0
140.0
381.0
137.0
458.0
459.0
400.0
480.0
432.0
430.0
448.0
465.0
403.0
134.0
132.0
144.0
155.0
156.0
134.0
156.0
174.0
151.0
167.0
161.0
169.0
157.0
394.0
164.0
132.0
144.0
152.0
157.0
132.0
147.0
151.0
136.0
142.0
153.0
174.0
170.0
453.0
168.0
173.0
148.0
132.0
148.0
145.0
134.0
139.0
383.0
172.0
144.0
156.0
174.0
144.0
146.0
167.0
157.0
161.0
145.0
135.0
143.0
139.0
169.0
162.0
134.0
147.0
407.0
175.0
153.0
482.0
172.0
152.0
148.0
158.0
145.0
166.0
160.0
162.0
134.0
471.0
161.0
133.0
153.0
136.0
136.0
138.0
171.0
138.0
171.0
162.0
137.0
136.0
142.0
151.0
153.0
147.0
166.0
481.0
141.0
162.0
134.0
135.0
151.0
143.0
135.0
158.0
149.0
367.0
158.0
431.0
137.0
410.0
377.0
486.0
471.0
491.0
495.0
378.0
402.0
381.0
134.0
130.0
161.0
145.0
156.0
164.0
138.0
166.0
133.0
