I_BRKGA_52_2_40_10_CESP
52 2 40 495.0
34072.5
30518.5
28897.5
29556.5
29581.5
31581.5
31027.5
30967.5
29052.5
32904.5
31881.5
29145.5
30943.5
34205.5
31010.5
29857.5
33645.5
30212.5
32172.5
29554.5
33393.5
35718.5
29751.5
33905.5
33164.5
29690.5
31824.5
32721.5
35214.5
34676.5
35492.5
30862.5
33889.5
34443.5
32889.5
32896.5
35806.5
33681.5
34729.5
32338.5
0.029513960401157703
0.02363445395089312
0.029023174052254214
0.023087559942488678
0.02625851476169964
0.02277726057480383
0.02539092626079603
0.02281315117830184
0.02564876269992688
0.02050968637739813
0.028656539572035178
0.02383516979941719
0.02870448942249091
0.02129782592733924
0.029911173109400148
0.021370178878621204
0.028017966686008675
0.02499559966233309
0.029922916251773856
0.02221155731156747
0.026417732755247163
0.02443449651864822
0.028409224639078454
0.020249920215284604
0.025986990156234978
0.022953612440546507
0.027422596340569965
0.020208293437797363
0.029759775216786823
0.020673541973386788
0.027366486763142392
0.021791598701186438
0.029282303625227685
0.02007061189650739
0.027600843133921416
0.02249980592278679
0.028497411426460045
0.020504623438997355
0.02594527247961394
0.022343992097868526
110.0
124.0
7678.0
62.0
758.0
1501.0
149.0
796.0
371.0
283.0
469.0
680.0
984.0
424.0
80.0
318.0
558.0
298.0
147.0
522.0
184.0
350.0
115.0
405.0
202.0
881.0
1502.0
638.0
353.0
1132.0
448.0
308.0
946.0
5102.0
5643.0
175.0
223.0
1953.0
104.0
83.0
258.0
246.0
335.0
798.0
371.0
332.0
182.0
283.0
203.0
171.0
801.0
399.0
882.0
1255.0
719.0
1470.0
143.0
763.0
384.0
268.0
457.0
664.0
996.0
426.0
79.0
338.0
543.0
275.0
146.0
492.0
184.0
362.0
117.0
404.0
206.0
918.0
1435.0
642.0
354.0
1162.0
442.0
316.0
932.0
5260.0
6022.0
176.0
233.0
1976.0
102.0
84.0
257.0
237.0
337.0
759.0
388.0
338.0
189.0
263.0
200.0
162.0
806.0
380.0
956.0
1212.0
749.0
1443.0
147.0
776.0
381.0
273.0
448.0
671.0
998.0
430.0
77.0
330.0
545.0
287.0
145.0
499.0
177.0
371.0
110.0
400.0
209.0
870.0
1477.0
629.0
373.0
1163.0
429.0
321.0
967.0
5391.0
5901.0
169.0
235.0
1854.0
107.0
83.0
246.0
244.0
353.0
811.0
368.0
347.0
188.0
270.0
201.0
170.0
840.0
396.0
942.0
1277.0
749.0
1468.0
148.0
805.0
370.0
269.0
476.0
670.0
1001.0
403.0
79.0
329.0
580.0
280.0
143.0
495.0
183.0
358.0
118.0
409.0
209.0
893.0
1409.0
647.0
383.0
1154.0
428.0
319.0
982.0
5351.0
6015.0
172.0
236.0
1937.0
106.0
82.0
249.0
237.0
346.0
765.0
395.0
347.0
192.0
264.0
198.0
161.0
814.0
401.0
971.0
1240.0
748.0
1502.0
152.0
782.0
381.0
281.0
466.0
686.0
1063.0
407.0
82.0
338.0
577.0
296.0
144.0
526.0
181.0
345.0
111.0
410.0
204.0
922.0
1414.0
601.0
379.0
1183.0
441.0
328.0
959.0
5528.0
6054.0
176.0
235.0
1889.0
106.0
85.0
257.0
242.0
346.0
827.0
388.0
338.0
187.0
269.0
201.0
160.0
802.0
390.0
896.0
1312.0
763.0
1501.0
148.0
773.0
378.0
273.0
459.0
679.0
1032.0
408.0
80.0
330.0
574.0
276.0
148.0
512.0
188.0
369.0
120.0
424.0
209.0
853.0
1433.0
606.0
366.0
1245.0
442.0
332.0
927.0
5436.0
6141.0
166.0
230.0
1850.0
102.0
87.0
256.0
243.0
350.0
801.0
395.0
336.0
195.0
281.0
206.0
164.0
850.0
366.0
932.0
1322.0
719.0
1398.0
151.0
799.0
366.0
283.0
458.0
699.0
1038.0
436.0
79.0
327.0
549.0
293.0
144.0
506.0
180.0
347.0
117.0
398.0
209.0
877.0
1475.0
645.0
359.0
1235.0
450.0
308.0
952.0
5579.0
6143.0
168.0
221.0
1843.0
105.0
86.0
244.0
241.0
343.0
800.0
372.0
352.0
187.0
267.0
204.0
162.0
802.0
384.0
957.0
1270.0
763.0
1431.0
152.0
767.0
383.0
270.0
458.0
686.0
1012.0
429.0
79.0
314.0
537.0
277.0
142.0
500.0
184.0
362.0
113.0
423.0
202.0
857.0
1444.0
589.0
386.0
1136.0
436.0
321.0
919.0
5082.0
5724.0
177.0
227.0
1826.0
101.0
85.0
248.0
233.0
344.0
817.0
382.0
362.0
190.0
267.0
206.0
161.0
791.0
375.0
939.0
1255.0
743.0
1474.0
145.0
752.0
373.0
277.0
454.0
654.0
1042.0
413.0
77.0
343.0
578.0
286.0
143.0
507.0
192.0
345.0
111.0
403.0
203.0
854.0
1483.0
612.0
357.0
1139.0
435.0
325.0
952.0
5340.0
5988.0
164.0
237.0
1880.0
109.0
84.0
253.0
236.0
353.0
804.0
384.0
354.0
190.0
266.0
200.0
170.0
833.0
383.0
969.0
1254.0
715.0
1412.0
152.0
810.0
388.0
282.0
466.0
660.0
1042.0
400.0
76.0
337.0
539.0
275.0
142.0
506.0
188.0
367.0
118.0
396.0
207.0
876.0
1455.0
619.0
366.0
1194.0
427.0
320.0
938.0
5351.0
5764.0
166.0
222.0
1853.0
103.0
85.0
253.0
244.0
339.0
809.0
396.0
360.0
191.0
262.0
200.0
168.0
785.0
386.0
917.0
1286.0
750.0
1452.0
152.0
780.0
385.0
284.0
459.0
664.0
982.0
419.0
78.0
315.0
577.0
302.0
150.0
510.0
186.0
349.0
115.0
401.0
198.0
918.0
1453.0
634.0
365.0
1208.0
439.0
312.0
905.0
5171.0
5726.0
170.0
222.0
1954.0
103.0
84.0
246.0
231.0
345.0
807.0
380.0
348.0
194.0
271.0
208.0
162.0
770.0
384.0
957.0
1271.0
752.0
1467.0
144.0
787.0
381.0
283.0
448.0
672.0
1034.0
438.0
81.0
330.0
565.0
275.0
150.0
494.0
185.0
364.0
115.0
421.0
198.0
846.0
1522.0
605.0
369.0
1189.0
433.0
319.0
939.0
5180.0
5829.0
174.0
223.0
1922.0
101.0
83.0
244.0
243.0
337.0
814.0
406.0
366.0
195.0
272.0
199.0
169.0
837.0
391.0
946.0
1309.0
753.0
1430.0
146.0
799.0
385.0
283.0
460.0
657.0
1013.0
397.0
81.0
322.0
539.0
301.0
141.0
504.0
185.0
367.0
112.0
399.0
201.0
895.0
1410.0
650.0
369.0
1157.0
456.0
319.0
914.0
5217.0
6015.0
163.0
234.0
1870.0
106.0
84.0
249.0
247.0
360.0
818.0
368.0
344.0
184.0
276.0
203.0
168.0
840.0
389.0
956.0
1243.0
760.0
1506.0
147.0
772.0
383.0
279.0
473.0
697.0
999.0
416.0
79.0
321.0
570.0
274.0
146.0
497.0
183.0
370.0
111.0
428.0
207.0
916.0
1498.0
642.0
364.0
1193.0
446.0
311.0
931.0
5255.0
6047.0
167.0
239.0
1980.0
104.0
86.0
250.0
234.0
343.0
832.0
391.0
345.0
186.0
282.0
200.0
164.0
777.0
376.0
942.0
1240.0
735.0
1451.0
151.0
809.0
366.0
282.0
472.0
683.0
1041.0
417.0
77.0
345.0
548.0
274.0
146.0
505.0
178.0
359.0
111.0
420.0
199.0
915.0
1438.0
594.0
389.0
1193.0
444.0
324.0
926.0
5402.0
5902.0
174.0
223.0
1891.0
106.0
87.0
258.0
235.0
359.0
799.0
384.0
354.0
196.0
283.0
209.0
164.0
848.0
387.0
966.0
1242.0
756.0
1451.0
150.0
801.0
376.0
270.0
467.0
663.0
1006.0
418.0
76.0
339.0
546.0
298.0
143.0
526.0
187.0
348.0
113.0
399.0
203.0
908.0
1433.0
635.0
369.0
1241.0
433.0
314.0
945.0
5442.0
5841.0
172.0
233.0
1954.0
105.0
82.0
257.0
233.0
339.0
786.0
396.0
352.0
192.0
272.0
198.0
171.0
786.0
389.0
924.0
1311.0
736.0
1523.0
150.0
802.0
368.0
285.0
466.0
679.0
998.0
423.0
80.0
330.0
542.0
298.0
144.0
518.0
184.0
359.0
115.0
409.0
201.0
910.0
1408.0
642.0
357.0
1161.0
427.0
311.0
933.0
5408.0
5850.0
177.0
234.0
1967.0
105.0
83.0
255.0
236.0
349.0
776.0
374.0
359.0
187.0
271.0
204.0
168.0
807.0
392.0
923.0
1303.0
747.0
1463.0
150.0
770.0
385.0
283.0
455.0
657.0
1009.0
411.0
77.0
328.0
561.0
286.0
149.0
510.0
187.0
359.0
112.0
425.0
210.0
872.0
1491.0
626.0
382.0
1178.0
449.0
323.0
898.0
5348.0
5990.0
173.0
233.0
1932.0
107.0
84.0
248.0
250.0
346.0
816.0
375.0
341.0
193.0
262.0
202.0
171.0
812.0
385.0
930.0
1259.0
761.0
1466.0
151.0
801.0
367.0
284.0
473.0
676.0
984.0
412.0
77.0
337.0
573.0
290.0
144.0
504.0
186.0
348.0
116.0
420.0
200.0
929.0
1458.0
610.0
376.0
1252.0
431.0
329.0
976.0
5527.0
5824.0
176.0
232.0
1899.0
105.0
85.0
250.0
247.0
337.0
785.0
406.0
339.0
190.0
280.0
207.0
167.0
814.0
377.0
939.0
1287.0
746.0
1433.0
154.0
776.0
392.0
273.0
455.0
671.0
1026.0
422.0
79.0
320.0
553.0
277.0
141.0
505.0
192.0
347.0
112.0
401.0
201.0
902.0
1454.0
604.0
390.0
1219.0
432.0
324.0
963.0
5581.0
5611.0
168.0
229.0
1917.0
106.0
85.0
262.0
234.0
347.0
763.0
393.0
338.0
192.0
262.0
205.0
174.0
797.0
386.0
905.0
1229.0
723.0
1434.0
148.0
797.0
370.0
275.0
479.0
682.0
1009.0
418.0
79.0
327.0
561.0
280.0
139.0
497.0
185.0
360.0
116.0
403.0
205.0
867.0
1535.0
617.0
387.0
1145.0
455.0
320.0
900.0
5164.0
5721.0
172.0
227.0
1968.0
101.0
82.0
253.0
242.0
355.0
764.0
393.0
359.0
188.0
265.0
198.0
174.0
834.0
385.0
910.0
1223.0
762.0
1465.0
147.0
784.0
387.0
274.0
467.0
660.0
1047.0
402.0
80.0
324.0
565.0
294.0
147.0
511.0
180.0
362.0
118.0
426.0
204.0
848.0
1460.0
596.0
357.0
1168.0
456.0
332.0
960.0
5491.0
5995.0
169.0
233.0
1946.0
105.0
84.0
253.0
229.0
340.0
784.0
401.0
344.0
188.0
268.0
201.0
165.0
850.0
384.0
942.0
1291.0
749.0
1506.0
151.0
796.0
370.0
269.0
460.0
680.0
1059.0
427.0
80.0
334.0
538.0
299.0
145.0
520.0
184.0
366.0
116.0
406.0
198.0
904.0
1516.0
628.0
358.0
1196.0
445.0
326.0
902.0
5082.0
5676.0
177.0
236.0
1935.0
106.0
86.0
251.0
236.0
354.0
822.0
387.0
365.0
185.0
278.0
200.0
165.0
809.0
392.0
933.0
1327.0
732.0
1499.0
151.0
768.0
392.0
276.0
467.0
665.0
1051.0
424.0
79.0
325.0
539.0
288.0
139.0
503.0
186.0
358.0
110.0
406.0
211.0
870.0
1540.0
626.0
357.0
1199.0
450.0
324.0
904.0
5548.0
5891.0
169.0
233.0
1898.0
109.0
85.0
254.0
230.0
339.0
801.0
403.0
335.0
192.0
284.0
202.0
169.0
848.0
383.0
943.0
1301.0
747.0
1430.0
148.0
762.0
391.0
274.0
463.0
664.0
995.0
424.0
78.0
340.0
537.0
278.0
151.0
514.0
187.0
371.0
113.0
409.0
202.0
925.0
1509.0
615.0
365.0
1219.0
431.0
316.0
908.0
5583.0
6103.0
166.0
222.0
1831.0
102.0
82.0
250.0
239.0
344.0
773.0
374.0
356.0
187.0
263.0
197.0
169.0
842.0
372.0
967.0
1338.0
735.0
1456.0
148.0
775.0
375.0
276.0
453.0
682.0
1052.0
401.0
76.0
346.0
541.0
287.0
144.0
494.0
192.0
361.0
114.0
420.0
204.0
900.0
1468.0
633.0
373.0
1174.0
447.0
319.0
972.0
5054.0
6002.0
178.0
222.0
1886.0
107.0
85.0
255.0
244.0
340.0
804.0
372.0
340.0
188.0
275.0
204.0
169.0
802.0
391.0
953.0
1261.0
727.0
1485.0
152.0
802.0
373.0
277.0
456.0
668.0
1049.0
406.0
81.0
344.0
547.0
280.0
146.0
512.0
183.0
350.0
111.0
427.0
199.0
890.0
1403.0
648.0
377.0
1155.0
437.0
320.0
909.0
5134.0
5964.0
175.0
237.0
1848.0
106.0
85.0
251.0
240.0
348.0
784.0
379.0
345.0
196.0
285.0
209.0
162.0
795.0
384.0
917.0
1226.0
720.0
1502.0
148.0
752.0
370.0
277.0
480.0
673.0
1005.0
408.0
82.0
313.0
536.0
283.0
151.0
494.0
191.0
370.0
112.0
415.0
212.0
921.0
1475.0
602.0
382.0
1254.0
428.0
307.0
924.0
5534.0
6056.0
176.0
232.0
1923.0
104.0
84.0
249.0
237.0
341.0
791.0
378.0
336.0
181.0
260.0
192.0
170.0
813.0
376.0
946.0
1272.0
736.0
1441.0
148.0
780.0
370.0
277.0
460.0
700.0
1030.0
429.0
81.0
343.0
547.0
286.0
143.0
503.0
187.0
347.0
113.0
420.0
205.0
910.0
1507.0
603.0
379.0
1217.0
450.0
327.0
963.0
5441.0
5639.0
172.0
231.0
1835.0
106.0
86.0
255.0
246.0
350.0
764.0
401.0
342.0
188.0
265.0
194.0
167.0
783.0
379.0
959.0
1305.0
730.0
1517.0
150.0
808.0
367.0
280.0
463.0
697.0
1041.0
436.0
76.0
317.0
562.0
290.0
139.0
509.0
182.0
373.0
115.0
399.0
201.0
876.0
1497.0
632.0
369.0
1227.0
452.0
315.0
933.0
5153.0
5747.0
165.0
235.0
1847.0
106.0
82.0
251.0
246.0
359.0
794.0
407.0
355.0
184.0
261.0
205.0
171.0
802.0
375.0
928.0
1334.0
768.0
1425.0
144.0
809.0
390.0
285.0
453.0
653.0
1035.0
399.0
80.0
321.0
564.0
298.0
145.0
520.0
180.0
353.0
110.0
420.0
208.0
918.0
1401.0
628.0
356.0
1191.0
454.0
328.0
895.0
5302.0
6122.0
168.0
226.0
1915.0
104.0
84.0
253.0
238.0
342.0
789.0
402.0
343.0
190.0
276.0
204.0
172.0
771.0
393.0
971.0
1295.0
725.0
1489.0
151.0
799.0
376.0
274.0
446.0
692.0
1007.0
407.0
81.0
340.0
537.0
285.0
147.0
519.0
192.0
352.0
114.0
416.0
199.0
928.0
1527.0
614.0
372.0
1191.0
456.0
321.0
981.0
5404.0
6124.0
177.0
232.0
1917.0
106.0
84.0
242.0
235.0
344.0
781.0
389.0
362.0
195.0
265.0
209.0
167.0
822.0
380.0
936.0
1279.0
741.0
1406.0
153.0
787.0
379.0
288.0
473.0
689.0
1001.0
419.0
81.0
314.0
544.0
285.0
148.0
487.0
189.0
366.0
112.0
403.0
206.0
888.0
1536.0
588.0
369.0
1191.0
441.0
320.0
909.0
5440.0
6085.0
173.0
218.0
1851.0
106.0
86.0
263.0
240.0
356.0
791.0
372.0
345.0
184.0
272.0
210.0
166.0
792.0
385.0
957.0
1241.0
748.0
1406.0
148.0
777.0
378.0
279.0
471.0
678.0
1015.0
423.0
76.0
332.0
590.0
295.0
148.0
498.0
188.0
341.0
118.0
414.0
205.0
919.0
1474.0
624.0
362.0
1193.0
441.0
329.0
948.0
5452.0
5661.0
168.0
217.0
1939.0
106.0
83.0
252.0
235.0
349.0
770.0
406.0
356.0
183.0
280.0
198.0
165.0
816.0
399.0
944.0
1303.0
753.0
1482.0
154.0
810.0
384.0
271.0
471.0
661.0
1042.0
409.0
81.0
327.0
537.0
297.0
147.0
517.0
178.0
344.0
113.0
432.0
212.0
913.0
1436.0
596.0
381.0
1201.0
433.0
323.0
931.0
5307.0
5805.0
172.0
233.0
1818.0
110.0
84.0
249.0
233.0
345.0
812.0
373.0
351.0
182.0
266.0
196.0
161.0
781.0
396.0
905.0
1225.0
738.0
1433.0
150.0
805.0
383.0
270.0
467.0
667.0
1006.0
403.0
79.0
340.0
540.0
283.0
149.0
486.0
189.0
364.0
113.0
414.0
208.0
865.0
1445.0
602.0
387.0
1223.0
443.0
308.0
941.0
5509.0
5988.0
173.0
229.0
1853.0
104.0
88.0
249.0
234.0
336.0
808.0
391.0
355.0
189.0
268.0
203.0
169.0
794.0
382.0
963.0
1306.0
733.0
1416.0
149.0
785.0
374.0
280.0
476.0
695.0
1005.0
435.0
80.0
328.0
552.0
281.0
143.0
510.0
192.0
372.0
111.0
414.0
209.0
902.0
1538.0
605.0
360.0
1199.0
440.0
315.0
926.0
5433.0
5733.0
171.0
232.0
1905.0
107.0
83.0
257.0
242.0
353.0
777.0
388.0
362.0
186.0
283.0
197.0
163.0
778.0
381.0
941.0
1309.0
733.0
1448.0
153.0
791.0
392.0
276.0
464.0
678.0
1016.0
416.0
79.0
321.0
536.0
284.0
144.0
515.0
185.0
357.0
113.0
410.0
209.0
920.0
1482.0
610.0
373.0
1144.0
443.0
318.0
922.0
5563.0
6151.0
169.0
239.0
1926.0
102.0
85.0
259.0
246.0
355.0
763.0
393.0
360.0
188.0
274.0
195.0
162.0
781.0
369.0
927.0
1307.0
755.0
1421.0
149.0
797.0
368.0
269.0
474.0
670.0
995.0
435.0
78.0
331.0
564.0
290.0
145.0
515.0
187.0
343.0
119.0
396.0
211.0
899.0
1494.0
606.0
357.0
1191.0
432.0
321.0
910.0
5562.0
5798.0
167.0
236.0
1888.0
105.0
85.0
260.0
237.0
348.0
802.0
398.0
336.0
194.0
268.0
194.0
161.0
837.0
371.0
961.0
1249.0
724.0
1519.0
152.0
809.0
377.0
281.0
452.0
679.0
1004.0
436.0
76.0
340.0
587.0
292.0
146.0
492.0
181.0
358.0
112.0
404.0
196.0
867.0
1519.0
646.0
361.0
1235.0
457.0
317.0
922.0
5383.0
5972.0
172.0
224.0
1808.0
106.0
86.0
244.0
239.0
349.0
785.0
391.0
360.0
195.0
285.0
206.0
174.0
851.0
373.0
913.0
1230.0
162.0
176.0
146.0
141.0
202.0
148.0
146.0
154.0
272.0
148.0
157.0
167.0
148.0
144.0
149.0
153.0
138.0
154.0
304.0
150.0
160.0
160.0
141.0
158.0
132.0
166.0
314.0
301.0
158.0
152.0
150.0
168.0
158.0
155.0
142.0
164.0
266.0
146.0
310.0
152.0
308.0
302.0
308.0
250.0
264.0
410.0
301.0
304.0
413.0
152.0
180.0
168.0
146.0
150.0
206.0
155.0
151.0
160.0
252.0
145.0
156.0
158.0
158.0
162.0
144.0
151.0
136.0
172.0
286.0
132.0
172.0
155.0
161.0
160.0
128.0
156.0
276.0
284.0
144.0
146.0
165.0
144.0
144.0
152.0
172.0
154.0
302.0
158.0
270.0
158.0
278.0
288.0
298.0
292.0
301.0
416.0
252.0
293.0
426.0
156.0
150.0
150.0
152.0
162.0
233.0
150.0
155.0
150.0
289.0
164.0
138.0
164.0
149.0
152.0
144.0
154.0
144.0
164.0
272.0
160.0
146.0
164.0
136.0
150.0
136.0
162.0
268.0
258.0
170.0
164.0
170.0
148.0
145.0
154.0
156.0
164.0
294.0
167.0
266.0
136.0
269.0
316.0
314.0
298.0
296.0
450.0
268.0
308.0
454.0
170.0
150.0
170.0
155.0
146.0
204.0
162.0
154.0
152.0
250.0
162.0
160.0
161.0
145.0
147.0
150.0
154.0
174.0
151.0
319.0
161.0
158.0
138.0
176.0
156.0
146.0
160.0
296.0
322.0
158.0
138.0
144.0
172.0
152.0
151.0
149.0
140.0
314.0
174.0
268.0
164.0
281.0
324.0
254.0
244.0
302.0
458.0
298.0
285.0
414.0
162.0
168.0
140.0
150.0
158.0
238.0
147.0
155.0
149.0
302.0
165.0
144.0
154.0
147.0
145.0
152.0
140.0
147.0
140.0
299.0
146.0
163.0
138.0
150.0
164.0
148.0
164.0
284.0
286.0
144.0
155.0
152.0
148.0
162.0
140.0
161.0
158.0
278.0
151.0
290.0
140.0
270.0
314.0
275.0
244.0
297.0
470.0
276.0
269.0
426.0
153.0
156.0
160.0
164.0
154.0
220.0
154.0
152.0
166.0
282.0
143.0
160.0
170.0
142.0
136.0
136.0
158.0
166.0
168.0
269.0
151.0
160.0
144.0
156.0
144.0
139.0
162.0
294.0
312.0
148.0
159.0
162.0
158.0
174.0
150.0
146.0
164.0
254.0
136.0
307.0
146.0
312.0
322.0
253.0
312.0
318.0
456.0
262.0
288.0
408.0
162.0
155.0
154.0
146.0
146.0
226.0
160.0
146.0
163.0
308.0
151.0
139.0
154.0
148.0
148.0
154.0
132.0
157.0
157.0
284.0
156.0
134.0
144.0
162.0
170.0
141.0
160.0
287.0
266.0
148.0
158.0
136.0
146.0
168.0
156.0
144.0
151.0
292.0
166.0
314.0
152.0
306.0
284.0
304.0
268.0
274.0
396.0
312.0
312.0
432.0
138.0
156.0
155.0
162.0
147.0
198.0
146.0
152.0
150.0
311.0
163.0
166.0
148.0
136.0
162.0
150.0
154.0
162.0
165.0
298.0
170.0
162.0
156.0
140.0
151.0
138.0
174.0
278.0
310.0
163.0
158.0
157.0
140.0
164.0
158.0
165.0
144.0
314.0
152.0
270.0
161.0
250.0
296.0
300.0
286.0
308.0
443.0
292.0
294.0
422.0
151.0
159.0
148.0
158.0
160.0
220.0
162.0
143.0
158.0
299.0
150.0
160.0
152.0
146.0
156.0
172.0
150.0
134.0
151.0
307.0
148.0
174.0
153.0
170.0
146.0
129.0
147.0
297.0
312.0
157.0
152.0
172.0
148.0
154.0
162.0
150.0
150.0
270.0
150.0
267.0
172.0
266.0
260.0
308.0
271.0
292.0
396.0
274.0
258.0
394.0
158.0
166.0
146.0
160.0
151.0
241.0
150.0
160.0
168.0
268.0
152.0
162.0
154.0
154.0
154.0
136.0
148.0
152.0
152.0
260.0
146.0
150.0
133.0
150.0
156.0
151.0
158.0
287.0
286.0
162.0
164.0
148.0
155.0
144.0
138.0
149.0
160.0
278.0
142.0
294.0
146.0
273.0
266.0
276.0
274.0
268.0
430.0
285.0
298.0
424.0
169.0
155.0
156.0
150.0
150.0
221.0
152.0
145.0
151.0
310.0
162.0
148.0
144.0
154.0
148.0
146.0
144.0
144.0
160.0
319.0
165.0
146.0
162.0
161.0
155.0
153.0
158.0
277.0
268.0
162.0
138.0
141.0
174.0
161.0
153.0
153.0
152.0
309.0
164.0
292.0
146.0
263.0
326.0
308.0
284.0
280.0
458.0
288.0
295.0
414.0
154.0
149.0
167.0
148.0
136.0
211.0
150.0
156.0
156.0
274.0
153.0
135.0
156.0
161.0
162.0
153.0
154.0
136.0
142.0
309.0
140.0
144.0
160.0
140.0
162.0
144.0
157.0
304.0
308.0
143.0
158.0
154.0
147.0
167.0
157.0
162.0
135.0
308.0
165.0
298.0
156.0
270.0
316.0
262.0
268.0
306.0
433.0
289.0
282.0
435.0
160.0
170.0
140.0
159.0
150.0
224.0
160.0
151.0
146.0
321.0
145.0
143.0
158.0
170.0
154.0
143.0
158.0
166.0
158.0
296.0
148.0
166.0
145.0
148.0
151.0
141.0
144.0
266.0
263.0
161.0
174.0
156.0
152.0
146.0
146.0
160.0
172.0
270.0
143.0
317.0
153.0
265.0
278.0
270.0
260.0
311.0
396.0
282.0
304.0
460.0
156.0
157.0
168.0
166.0
138.0
234.0
163.0
156.0
145.0
296.0
145.0
162.0
159.0
160.0
145.0
160.0
158.0
148.0
142.0
254.0
158.0
154.0
138.0
135.0
156.0
143.0
159.0
324.0
303.0
166.0
145.0
151.0
161.0
158.0
150.0
154.0
146.0
325.0
169.0
302.0
154.0
306.0
305.0
285.0
248.0
296.0
432.0
280.0
272.0
449.0
161.0
167.0
158.0
162.0
166.0
235.0
140.0
162.0
167.0
322.0
140.0
136.0
154.0
147.0
146.0
154.0
148.0
172.0
140.0
307.0
169.0
152.0
147.0
164.0
150.0
146.0
154.0
290.0
306.0
151.0
158.0
155.0
144.0
152.0
156.0
174.0
142.0
301.0
160.0
308.0
149.0
318.0
264.0
263.0
298.0
275.0
473.0
270.0
251.0
428.0
157.0
159.0
162.0
144.0
152.0
227.0
168.0
152.0
150.0
304.0
160.0
150.0
146.0
152.0
166.0
145.0
140.0
152.0
158.0
319.0
140.0
136.0
162.0
156.0
157.0
141.0
152.0
280.0
312.0
168.0
148.0
158.0
161.0
146.0
149.0
144.0
156.0
294.0
167.0
302.0
148.0
324.0
268.0
290.0
276.0
274.0
451.0
269.0
290.0
425.0
144.0
178.0
171.0
158.0
168.0
217.0
153.0
152.0
142.0
261.0
134.0
148.0
150.0
165.0
148.0
154.0
166.0
146.0
155.0
296.0
153.0
146.0
158.0
155.0
160.0
150.0
146.0
264.0
310.0
144.0
140.0
156.0
156.0
140.0
154.0
163.0
164.0
261.0
136.0
274.0
166.0
313.0
290.0
266.0
274.0
320.0
392.0
278.0
298.0
392.0
171.0
158.0
164.0
172.0
157.0
223.0
158.0
143.0
159.0
312.0
147.0
168.0
156.0
144.0
158.0
168.0
142.0
146.0
144.0
304.0
161.0
146.0
134.0
137.0
168.0
143.0
165.0
316.0
288.0
154.0
144.0
152.0
138.0
140.0
151.0
152.0
140.0
315.0
154.0
287.0
166.0
318.0
311.0
328.0
304.0
290.0
434.0
270.0
258.0
438.0
168.0
164.0
169.0
146.0
150.0
226.0
157.0
144.0
159.0
324.0
157.0
160.0
150.0
148.0
146.0
136.0
145.0
165.0
145.0
276.0
162.0
162.0
145.0
166.0
154.0
147.0
140.0
316.0
310.0
150.0
154.0
157.0
152.0
148.0
152.0
164.0
144.0
284.0
164.0
290.0
134.0
300.0
294.0
286.0
299.0
289.0
431.0
289.0
317.0
368.0
158.0
158.0
152.0
160.0
154.0
239.0
145.0
154.0
158.0
260.0
151.0
158.0
160.0
156.0
154.0
156.0
152.0
142.0
154.0
292.0
170.0
168.0
141.0
142.0
152.0
141.0
160.0
282.0
308.0
148.0
152.0
168.0
148.0
164.0
140.0
162.0
154.0
268.0
158.0
312.0
162.0
295.0
278.0
260.0
270.0
263.0
441.0
303.0
266.0
448.0
148.0
168.0
142.0
142.0
159.0
222.0
146.0
161.0
161.0
296.0
140.0
156.0
156.0
169.0
166.0
150.0
160.0
168.0
150.0
284.0
157.0
146.0
171.0
164.0
138.0
140.0
138.0
318.0
290.0
156.0
161.0
159.0
163.0
161.0
158.0
177.0
152.0
288.0
160.0
278.0
169.0
288.0
274.0
318.0
252.0
323.0
430.0
260.0
261.0
468.0
159.0
156.0
158.0
158.0
148.0
226.0
156.0
166.0
156.0
316.0
148.0
152.0
156.0
161.0
144.0
166.0
153.0
164.0
140.0
290.0
164.0
158.0
153.0
163.0
156.0
147.0
155.0
324.0
312.0
163.0
164.0
149.0
158.0
140.0
168.0
156.0
169.0
276.0
168.0
308.0
170.0
299.0
268.0
298.0
298.0
300.0
446.0
278.0
281.0
416.0
146.0
147.0
148.0
143.0
156.0
210.0
144.0
142.0
156.0
288.0
142.0
156.0
138.0
156.0
156.0
172.0
145.0
161.0
156.0
285.0
158.0
156.0
153.0
154.0
159.0
158.0
155.0
300.0
298.0
152.0
139.0
158.0
156.0
164.0
160.0
154.0
162.0
288.0
147.0
319.0
158.0
306.0
288.0
319.0
316.0
262.0
438.0
290.0
279.0
432.0
151.0
163.0
166.0
152.0
142.0
201.0
163.0
162.0
146.0
329.0
152.0
142.0
158.0
153.0
134.0
154.0
162.0
168.0
165.0
306.0
151.0
150.0
156.0
147.0
154.0
126.0
160.0
266.0
274.0
158.0
158.0
148.0
148.0
153.0
133.0
148.0
138.0
326.0
162.0
312.0
168.0
312.0
289.0
282.0
290.0
317.0
447.0
294.0
301.0
434.0
148.0
162.0
180.0
150.0
156.0
226.0
138.0
160.0
168.0
260.0
164.0
167.0
156.0
156.0
154.0
140.0
139.0
169.0
152.0
268.0
156.0
158.0
164.0
162.0
146.0
131.0
152.0
326.0
280.0
166.0
167.0
166.0
152.0
160.0
148.0
155.0
150.0
278.0
152.0
285.0
138.0
282.0
290.0
314.0
260.0
276.0
412.0
250.0
278.0
408.0
153.0
156.0
165.0
154.0
147.0
207.0
152.0
142.0
157.0
296.0
162.0
166.0
160.0
154.0
160.0
161.0
158.0
172.0
156.0
313.0
146.0
168.0
160.0
147.0
155.0
158.0
155.0
280.0
306.0
142.0
159.0
168.0
150.0
154.0
139.0
145.0
166.0
318.0
148.0
306.0
162.0
280.0
285.0
320.0
247.0
275.0
384.0
276.0
263.0
482.0
150.0
168.0
174.0
142.0
144.0
205.0
149.0
154.0
154.0
317.0
152.0
164.0
150.0
158.0
139.0
156.0
152.0
144.0
144.0
284.0
148.0
166.0
168.0
146.0
153.0
137.0
164.0
312.0
314.0
152.0
146.0
160.0
154.0
148.0
137.0
170.0
149.0
286.0
150.0
268.0
144.0
258.0
324.0
295.0
267.0
309.0
459.0
313.0
274.0
396.0
167.0
156.0
154.0
150.0
153.0
196.0
151.0
146.0
163.0
314.0
159.0
154.0
137.0
167.0
161.0
162.0
134.0
163.0
159.0
297.0
130.0
151.0
152.0
142.0
166.0
141.0
161.0
278.0
259.0
143.0
158.0
150.0
159.0
144.0
154.0
158.0
164.0
272.0
139.0
322.0
153.0
308.0
316.0
279.0
292.0
290.0
430.0
296.0
327.0
462.0
156.0
178.0
158.0
156.0
165.0
246.0
166.0
136.0
166.0
274.0
160.0
159.0
148.0
151.0
150.0
147.0
151.0
144.0
132.0
278.0
140.0
158.0
142.0
142.0
164.0
136.0
152.0
290.0
310.0
144.0
142.0
152.0
146.0
146.0
140.0
156.0
143.0
275.0
156.0
259.0
155.0
266.0
309.0
299.0
265.0
303.0
445.0
322.0
294.0
390.0
139.0
166.0
167.0
146.0
171.0
214.0
146.0
156.0
136.0
271.0
156.0
168.0
145.0
153.0
170.0
156.0
148.0
149.0
142.0
280.0
156.0
145.0
152.0
140.0
146.0
132.0
164.0
268.0
314.0
154.0
146.0
156.0
144.0
149.0
164.0
163.0
140.0
288.0
164.0
282.0
160.0
282.0
256.0
264.0
274.0
327.0
430.0
252.0
284.0
444.0
141.0
164.0
163.0
151.0
158.0
248.0
150.0
138.0
162.0
295.0
141.0
138.0
150.0
168.0
150.0
134.0
154.0
155.0
166.0
286.0
164.0
152.0
167.0
149.0
150.0
134.0
170.0
290.0
302.0
152.0
154.0
158.0
151.0
163.0
156.0
146.0
154.0
322.0
156.0
258.0
131.0
310.0
301.0
301.0
274.0
272.0
424.0
277.0
267.0
388.0
156.0
163.0
160.0
152.0
152.0
199.0
166.0
149.0
157.0
275.0
136.0
162.0
150.0
160.0
156.0
156.0
140.0
166.0
146.0
294.0
168.0
138.0
160.0
154.0
156.0
159.0
154.0
264.0
265.0
170.0
160.0
138.0
144.0
156.0
146.0
163.0
142.0
325.0
159.0
291.0
144.0
322.0
266.0
316.0
266.0
250.0
444.0
305.0
285.0
414.0
148.0
156.0
148.0
157.0
154.0
238.0
152.0
156.0
144.0
280.0
167.0
158.0
152.0
151.0
165.0
158.0
149.0
145.0
152.0
294.0
151.0
172.0
168.0
164.0
148.0
142.0
152.0
284.0
268.0
158.0
158.0
151.0
158.0
167.0
168.0
144.0
160.0
329.0
142.0
312.0
158.0
316.0
266.0
271.0
300.0
278.0
432.0
315.0
300.0
376.0
158.0
162.0
148.0
138.0
146.0
244.0
157.0
172.0
150.0
300.0
163.0
155.0
172.0
146.0
165.0
158.0
162.0
156.0
150.0
272.0
136.0
153.0
154.0
154.0
140.0
151.0
148.0
280.0
269.0
140.0
175.0
140.0
170.0
172.0
162.0
146.0
154.0
292.0
152.0
310.0
150.0
307.0
270.0
305.0
282.0
274.0
368.0
320.0
285.0
413.0
137.0
158.0
145.0
154.0
145.0
216.0
158.0
140.0
161.0
304.0
146.0
155.0
156.0
168.0
144.0
142.0
162.0
154.0
140.0
296.0
142.0
144.0
156.0
152.0
150.0
132.0
154.0
294.0
283.0
150.0
156.0
150.0
148.0
153.0
143.0
159.0
143.0
260.0
166.0
275.0
156.0
311.0
294.0
312.0
266.0
312.0
433.0
272.0
280.0
431.0
137.0
180.0
169.0
154.0
152.0
222.0
161.0
142.0
162.0
320.0
158.0
154.0
132.0
146.0
158.0
158.0
150.0
134.0
148.0
302.0
168.0
160.0
156.0
158.0
152.0
150.0
166.0
258.0
286.0
134.0
146.0
148.0
168.0
143.0
162.0
148.0
144.0
260.0
141.0
269.0
153.0
294.0
302.0
274.0
262.0
284.0
456.0
290.0
326.0
454.0
132.0
140.0
177.0
149.0
147.0
222.0
168.0
136.0
164.0
330.0
160.0
167.0
156.0
171.0
162.0
150.0
147.0
150.0
146.0
295.0
165.0
137.0
158.0
162.0
142.0
152.0
140.0
260.0
261.0
170.0
150.0
172.0
163.0
152.0
170.0
153.0
160.0
296.0
154.0
312.0
149.0
324.0
281.0
270.0
306.0
270.0
429.0
284.0
307.0
476.0
152.0
161.0
162.0
152.0
158.0
214.0
148.0
164.0
156.0
312.0
162.0
156.0
160.0
152.0
146.0
151.0
140.0
162.0
158.0
265.0
152.0
158.0
150.0
148.0
150.0
144.0
157.0
250.0
310.0
146.0
156.0
145.0
140.0
153.0
168.0
163.0
150.0
312.0
152.0
260.0
151.0
284.0
263.0
278.0
298.0
280.0
471.0
278.0
306.0
436.0
159.0
166.0
150.0
158.0
142.0
230.0
158.0
160.0
166.0
294.0
147.0
146.0
148.0
160.0
158.0
161.0
148.0
152.0
152.0
282.0
145.0
158.0
149.0
152.0
168.0
128.0
153.0
276.0
302.0
154.0
156.0
154.0
150.0
172.0
148.0
170.0
154.0
276.0
159.0
276.0
150.0
298.0
274.0
314.0
266.0
292.0
394.0
272.0
290.0
483.0
157.0
142.0
168.0
166.0
154.0
226.0
164.0
157.0
151.0
302.0
158.0
146.0
159.0
151.0
160.0
136.0
159.0
154.0
158.0
275.0
163.0
154.0
164.0
156.0
160.0
135.0
136.0
315.0
300.0
153.0
160.0
172.0
155.0
138.0
166.0
163.0
146.0
318.0
168.0
324.0
136.0
290.0
306.0
296.0
266.0
298.0
454.0
296.0
305.0
418.0
170.0
