I_BRKGA_111_3_30_12_CESP
111 3 30 495.0
31741.5
28573.5
31424.5
34299.5
31736.5
30508.5
32244.5
33727.5
32063.5
30631.5
29772.5
29284.5
32069.5
30380.5
35429.5
31538.5
34672.5
34990.5
29653.5
29702.5
32615.5
35650.5
33960.5
28875.5
35454.5
33487.5
29536.5
31563.5
34332.5
33050.5
0.03779299398331626
0.029149161649700592
0.03767391906174258
0.029784573030019256
0.038392683890942685
0.029668604155004583
0.03711662726043649
0.027680966541246802
0.03691099966310824
0.02678130268215504
0.03575020177694327
0.028605179955126646
0.03937999503342768
0.027923915743348335
0.039359372473617406
0.029353169046653575
0.03709851285947168
0.02720940876466088
0.03443175801665773
0.02890044280001402
0.03820753624728258
0.03253341152212733
0.037630430916246106
0.03276407405514236
0.037514853911842574
0.031590431784445115
0.037169872267993266
0.02816980882110392
0.03739964733698059
0.02805614474924245
126.0
130.0
118.0
5105.0
35.0
2516.0
477.0
1290.0
34.0
510.0
116.0
184.0
45.0
325.0
256.0
387.0
56.0
295.0
557.0
288.0
76.0
232.0
81.0
300.0
28.0
350.0
172.0
820.0
1296.0
554.0
338.0
1118.0
275.0
148.0
793.0
5014.0
5644.0
126.0
166.0
332.0
50.0
27.0
194.0
217.0
194.0
501.0
357.0
77.0
67.0
27.0
116.0
33.0
20.0
163.0
850.0
49.0
119.0
67.0
46.0
164.0
154.0
69.0
157.0
146.0
767.0
36.0
20.0
25.0
29.0
8.0
75.0
274.0
109.0
70.0
86.0
58.0
39.0
88.0
141.0
48.0
25.0
56.0
161.0
163.0
108.0
80.0
128.0
45.0
65.0
1623.0
55.0
58.0
71.0
25.0
161.0
272.0
33.0
285.0
125.0
247.0
76.0
127.0
798.0
219.0
69.0
1282.0
131.0
119.0
69.0
94.0
122.0
20.0
264.0
199.0
500.0
1254.0
33.0
548.0
114.0
188.0
46.0
335.0
255.0
365.0
57.0
301.0
541.0
272.0
75.0
245.0
79.0
287.0
28.0
348.0
162.0
824.0
1300.0
548.0
358.0
1083.0
287.0
146.0
794.0
4985.0
5748.0
129.0
159.0
336.0
49.0
29.0
192.0
220.0
195.0
495.0
353.0
74.0
65.0
26.0
126.0
33.0
19.0
162.0
820.0
50.0
131.0
67.0
46.0
161.0
142.0
74.0
165.0
153.0
754.0
38.0
21.0
24.0
31.0
8.0
74.0
268.0
108.0
73.0
84.0
55.0
38.0
88.0
146.0
45.0
26.0
54.0
157.0
167.0
104.0
81.0
130.0
45.0
64.0
1572.0
58.0
58.0
69.0
24.0
159.0
270.0
31.0
280.0
129.0
247.0
81.0
128.0
795.0
212.0
66.0
1238.0
126.0
119.0
73.0
86.0
117.0
19.0
252.0
204.0
470.0
1314.0
34.0
513.0
119.0
190.0
47.0
329.0
249.0
378.0
58.0
313.0
523.0
268.0
69.0
238.0
79.0
296.0
27.0
369.0
156.0
775.0
1348.0
576.0
355.0
1111.0
297.0
152.0
861.0
5143.0
5930.0
127.0
160.0
310.0
51.0
29.0
182.0
216.0
190.0
504.0
355.0
73.0
62.0
25.0
120.0
32.0
20.0
168.0
831.0
52.0
126.0
66.0
42.0
157.0
153.0
72.0
160.0
152.0
728.0
38.0
20.0
26.0
32.0
8.0
76.0
264.0
113.0
68.0
84.0
55.0
41.0
81.0
144.0
45.0
27.0
57.0
156.0
158.0
103.0
81.0
129.0
46.0
61.0
1576.0
55.0
58.0
65.0
26.0
165.0
277.0
32.0
287.0
125.0
236.0
81.0
139.0
807.0
219.0
67.0
1211.0
128.0
116.0
69.0
89.0
114.0
20.0
261.0
188.0
518.0
1288.0
36.0
531.0
116.0
193.0
48.0
334.0
253.0
365.0
59.0
291.0
515.0
271.0
72.0
251.0
81.0
273.0
27.0
358.0
162.0
782.0
1355.0
549.0
363.0
1086.0
294.0
155.0
846.0
5366.0
5555.0
125.0
163.0
330.0
51.0
29.0
180.0
211.0
189.0
520.0
348.0
72.0
63.0
26.0
125.0
31.0
18.0
165.0
903.0
52.0
124.0
61.0
45.0
164.0
155.0
72.0
154.0
151.0
792.0
38.0
20.0
26.0
32.0
8.0
71.0
259.0
105.0
67.0
90.0
57.0
39.0
87.0
149.0
45.0
26.0
55.0
154.0
171.0
103.0
79.0
133.0
46.0
64.0
1660.0
54.0
59.0
69.0
25.0
167.0
295.0
33.0
285.0
129.0
249.0
77.0
138.0
751.0
205.0
65.0
1168.0
130.0
123.0
72.0
90.0
122.0
20.0
256.0
195.0
486.0
1336.0
33.0
558.0
113.0
184.0
44.0
322.0
270.0
397.0
60.0
311.0
549.0
286.0
73.0
238.0
81.0
284.0
28.0
362.0
166.0
790.0
1329.0
564.0
339.0
1107.0
276.0
158.0
860.0
5056.0
5443.0
130.0
160.0
308.0
49.0
28.0
187.0
217.0
180.0
483.0
363.0
75.0
66.0
25.0
126.0
30.0
19.0
177.0
904.0
48.0
130.0
63.0
43.0
156.0
145.0
76.0
166.0
142.0
770.0
36.0
20.0
24.0
31.0
8.0
71.0
272.0
105.0
72.0
86.0
58.0
38.0
89.0
148.0
49.0
26.0
53.0
152.0
168.0
109.0
82.0
138.0
44.0
62.0
1559.0
57.0
55.0
69.0
25.0
165.0
293.0
31.0
280.0
119.0
249.0
76.0
130.0
831.0
220.0
67.0
1271.0
130.0
124.0
69.0
87.0
116.0
18.0
246.0
201.0
511.0
1283.0
35.0
559.0
115.0
186.0
45.0
331.0
248.0
388.0
56.0
297.0
559.0
294.0
72.0
234.0
76.0
288.0
29.0
368.0
170.0
785.0
1292.0
565.0
358.0
1157.0
288.0
153.0
843.0
5013.0
5917.0
131.0
170.0
322.0
48.0
28.0
193.0
207.0
196.0
530.0
369.0
78.0
64.0
26.0
116.0
32.0
18.0
175.0
868.0
52.0
122.0
61.0
42.0
165.0
148.0
75.0
166.0
138.0
773.0
37.0
20.0
25.0
30.0
8.0
71.0
270.0
110.0
69.0
85.0
54.0
40.0
88.0
146.0
49.0
26.0
54.0
155.0
175.0
110.0
84.0
138.0
48.0
67.0
1617.0
57.0
59.0
67.0
26.0
162.0
280.0
32.0
274.0
129.0
248.0
78.0
138.0
825.0
223.0
68.0
1203.0
125.0
124.0
69.0
91.0
119.0
19.0
261.0
191.0
489.0
1331.0
35.0
550.0
116.0
185.0
47.0
332.0
266.0
389.0
60.0
314.0
512.0
295.0
76.0
253.0
76.0
277.0
29.0
374.0
162.0
831.0
1370.0
584.0
343.0
1090.0
285.0
157.0
864.0
5247.0
5446.0
127.0
161.0
331.0
51.0
28.0
184.0
205.0
185.0
506.0
347.0
78.0
61.0
26.0
128.0
33.0
19.0
165.0
895.0
51.0
125.0
65.0
43.0
164.0
148.0
72.0
156.0
147.0
725.0
38.0
20.0
25.0
30.0
8.0
74.0
266.0
112.0
71.0
85.0
54.0
40.0
83.0
141.0
46.0
27.0
55.0
151.0
168.0
110.0
79.0
133.0
48.0
63.0
1522.0
57.0
56.0
69.0
24.0
160.0
291.0
31.0
284.0
120.0
255.0
78.0
136.0
831.0
208.0
71.0
1271.0
122.0
125.0
72.0
90.0
119.0
19.0
260.0
197.0
478.0
1285.0
36.0
536.0
120.0
180.0
45.0
334.0
252.0
382.0
61.0
296.0
555.0
269.0
74.0
244.0
79.0
281.0
28.0
346.0
164.0
803.0
1372.0
590.0
338.0
1085.0
278.0
158.0
840.0
5323.0
5688.0
122.0
161.0
311.0
48.0
27.0
188.0
221.0
181.0
507.0
375.0
78.0
64.0
25.0
124.0
30.0
20.0
179.0
904.0
52.0
130.0
66.0
44.0
154.0
143.0
74.0
152.0
148.0
763.0
37.0
21.0
24.0
30.0
8.0
75.0
252.0
103.0
72.0
83.0
54.0
39.0
82.0
143.0
47.0
26.0
58.0
153.0
164.0
103.0
79.0
127.0
45.0
67.0
1576.0
55.0
54.0
68.0
25.0
162.0
272.0
31.0
267.0
119.0
250.0
82.0
136.0
791.0
221.0
70.0
1182.0
128.0
127.0
69.0
90.0
120.0
20.0
247.0
199.0
516.0
1252.0
35.0
538.0
120.0
189.0
44.0
331.0
257.0
398.0
59.0
308.0
540.0
295.0
73.0
230.0
80.0
286.0
28.0
339.0
167.0
811.0
1304.0
591.0
328.0
1184.0
287.0
159.0
862.0
5110.0
5941.0
126.0
162.0
303.0
51.0
27.0
184.0
209.0
195.0
520.0
374.0
77.0
67.0
25.0
119.0
31.0
19.0
179.0
884.0
53.0
127.0
64.0
44.0
161.0
155.0
70.0
154.0
148.0
744.0
35.0
20.0
25.0
32.0
8.0
70.0
272.0
106.0
71.0
87.0
56.0
39.0
81.0
152.0
49.0
26.0
53.0
154.0
175.0
101.0
86.0
132.0
48.0
63.0
1522.0
56.0
54.0
68.0
25.0
158.0
277.0
31.0
272.0
120.0
242.0
80.0
130.0
809.0
212.0
70.0
1278.0
128.0
118.0
73.0
88.0
122.0
19.0
254.0
191.0
485.0
1267.0
33.0
518.0
116.0
178.0
44.0
320.0
258.0
380.0
58.0
305.0
545.0
291.0
75.0
238.0
80.0
279.0
27.0
352.0
165.0
775.0
1369.0
553.0
333.0
1174.0
283.0
158.0
795.0
5065.0
5775.0
131.0
167.0
323.0
51.0
29.0
187.0
217.0
195.0
514.0
353.0
73.0
64.0
27.0
121.0
31.0
18.0
172.0
883.0
49.0
120.0
65.0
42.0
160.0
146.0
70.0
160.0
148.0
759.0
38.0
19.0
26.0
30.0
8.0
75.0
276.0
113.0
74.0
83.0
54.0
39.0
82.0
152.0
47.0
27.0
56.0
162.0
172.0
104.0
84.0
139.0
46.0
64.0
1540.0
55.0
54.0
68.0
24.0
156.0
285.0
33.0
272.0
120.0
249.0
75.0
134.0
826.0
220.0
70.0
1179.0
126.0
123.0
69.0
94.0
121.0
18.0
255.0
194.0
479.0
1257.0
33.0
526.0
110.0
190.0
48.0
334.0
246.0
399.0
56.0
312.0
518.0
292.0
72.0
251.0
80.0
289.0
27.0
361.0
173.0
780.0
1288.0
563.0
338.0
1187.0
292.0
146.0
799.0
5319.0
5806.0
123.0
161.0
324.0
47.0
28.0
188.0
208.0
177.0
485.0
352.0
73.0
67.0
26.0
119.0
30.0
20.0
162.0
880.0
51.0
126.0
65.0
46.0
153.0
141.0
74.0
162.0
152.0
738.0
36.0
20.0
24.0
32.0
8.0
73.0
265.0
110.0
71.0
86.0
58.0
41.0
85.0
154.0
49.0
27.0
54.0
163.0
169.0
109.0
86.0
135.0
44.0
63.0
1530.0
59.0
57.0
71.0
26.0
167.0
270.0
30.0
262.0
128.0
255.0
79.0
135.0
762.0
216.0
67.0
1179.0
126.0
118.0
71.0
92.0
122.0
20.0
265.0
207.0
486.0
1296.0
36.0
557.0
117.0
185.0
46.0
351.0
247.0
369.0
58.0
313.0
548.0
281.0
71.0
239.0
76.0
289.0
27.0
373.0
171.0
810.0
1331.0
579.0
358.0
1094.0
278.0
154.0
795.0
5177.0
5760.0
124.0
157.0
330.0
51.0
29.0
187.0
214.0
179.0
488.0
349.0
72.0
61.0
26.0
125.0
32.0
19.0
177.0
824.0
51.0
128.0
65.0
45.0
164.0
147.0
75.0
161.0
152.0
781.0
35.0
21.0
25.0
32.0
8.0
75.0
250.0
105.0
71.0
87.0
57.0
38.0
85.0
146.0
46.0
27.0
57.0
163.0
158.0
109.0
85.0
134.0
47.0
65.0
1533.0
56.0
56.0
70.0
26.0
153.0
290.0
30.0
280.0
124.0
256.0
76.0
137.0
821.0
214.0
67.0
1279.0
122.0
122.0
71.0
91.0
111.0
20.0
250.0
207.0
480.0
1326.0
35.0
543.0
118.0
178.0
44.0
347.0
253.0
382.0
60.0
291.0
520.0
295.0
72.0
239.0
78.0
291.0
29.0
341.0
167.0
833.0
1347.0
550.0
340.0
1169.0
285.0
154.0
835.0
5321.0
5784.0
130.0
168.0
312.0
49.0
28.0
184.0
213.0
187.0
496.0
359.0
77.0
63.0
26.0
118.0
32.0
19.0
168.0
840.0
50.0
127.0
65.0
45.0
166.0
152.0
69.0
164.0
138.0
746.0
38.0
19.0
25.0
30.0
8.0
73.0
266.0
108.0
74.0
85.0
59.0
40.0
82.0
140.0
45.0
26.0
58.0
157.0
175.0
102.0
81.0
134.0
48.0
64.0
1660.0
54.0
56.0
67.0
24.0
161.0
283.0
31.0
281.0
121.0
239.0
79.0
141.0
793.0
218.0
68.0
1227.0
123.0
117.0
70.0
89.0
120.0
20.0
251.0
193.0
481.0
1319.0
35.0
557.0
112.0
175.0
47.0
339.0
260.0
389.0
56.0
316.0
515.0
272.0
70.0
236.0
77.0
300.0
28.0
352.0
165.0
834.0
1351.0
553.0
327.0
1079.0
300.0
149.0
861.0
5238.0
5632.0
122.0
160.0
332.0
48.0
27.0
192.0
216.0
192.0
493.0
344.0
77.0
62.0
26.0
120.0
31.0
19.0
167.0
861.0
52.0
123.0
64.0
43.0
165.0
145.0
71.0
167.0
148.0
743.0
38.0
21.0
25.0
30.0
8.0
76.0
265.0
113.0
74.0
86.0
54.0
40.0
89.0
153.0
47.0
26.0
56.0
150.0
164.0
101.0
87.0
139.0
47.0
64.0
1633.0
56.0
56.0
69.0
24.0
162.0
288.0
31.0
278.0
129.0
241.0
80.0
140.0
818.0
209.0
70.0
1255.0
125.0
119.0
67.0
90.0
120.0
19.0
265.0
201.0
470.0
1259.0
35.0
539.0
112.0
193.0
47.0
329.0
262.0
401.0
60.0
318.0
530.0
274.0
73.0
246.0
80.0
272.0
27.0
351.0
159.0
779.0
1295.0
570.0
333.0
1163.0
275.0
158.0
827.0
5056.0
5562.0
129.0
160.0
315.0
49.0
28.0
176.0
212.0
180.0
486.0
352.0
78.0
61.0
26.0
127.0
33.0
19.0
167.0
896.0
51.0
128.0
64.0
46.0
157.0
151.0
72.0
157.0
139.0
738.0
35.0
21.0
26.0
31.0
8.0
74.0
267.0
109.0
70.0
88.0
56.0
38.0
84.0
152.0
47.0
25.0
54.0
157.0
168.0
102.0
82.0
136.0
46.0
63.0
1562.0
54.0
54.0
70.0
26.0
152.0
288.0
30.0
278.0
123.0
257.0
76.0
136.0
752.0
225.0
66.0
1166.0
131.0
124.0
71.0
91.0
122.0
20.0
250.0
199.0
468.0
1301.0
33.0
518.0
115.0
189.0
45.0
319.0
255.0
397.0
57.0
289.0
554.0
284.0
75.0
232.0
77.0
300.0
28.0
362.0
172.0
822.0
1271.0
545.0
350.0
1108.0
273.0
151.0
839.0
5129.0
5692.0
131.0
160.0
333.0
50.0
27.0
188.0
206.0
187.0
495.0
348.0
75.0
64.0
26.0
124.0
31.0
19.0
165.0
866.0
53.0
128.0
65.0
43.0
161.0
142.0
71.0
159.0
150.0
775.0
35.0
21.0
25.0
30.0
8.0
76.0
252.0
112.0
67.0
91.0
54.0
41.0
81.0
150.0
46.0
25.0
54.0
150.0
160.0
109.0
86.0
137.0
47.0
64.0
1631.0
57.0
55.0
70.0
25.0
158.0
292.0
31.0
283.0
123.0
251.0
79.0
127.0
801.0
218.0
69.0
1255.0
121.0
123.0
69.0
94.0
116.0
19.0
263.0
198.0
470.0
1283.0
33.0
541.0
109.0
191.0
45.0
319.0
256.0
382.0
57.0
309.0
518.0
267.0
69.0
241.0
82.0
294.0
29.0
360.0
160.0
793.0
1385.0
549.0
341.0
1082.0
297.0
147.0
835.0
5116.0
5524.0
125.0
167.0
328.0
48.0
28.0
178.0
222.0
178.0
516.0
354.0
75.0
62.0
27.0
119.0
33.0
19.0
173.0
848.0
49.0
130.0
63.0
42.0
154.0
154.0
71.0
152.0
143.0
777.0
35.0
21.0
25.0
32.0
8.0
73.0
254.0
112.0
74.0
85.0
56.0
38.0
84.0
145.0
48.0
26.0
57.0
161.0
162.0
103.0
83.0
138.0
45.0
64.0
1583.0
55.0
54.0
69.0
25.0
157.0
294.0
30.0
271.0
125.0
248.0
79.0
134.0
779.0
223.0
69.0
1235.0
134.0
117.0
70.0
89.0
113.0
19.0
261.0
191.0
487.0
1254.0
34.0
515.0
111.0
175.0
46.0
338.0
248.0
395.0
61.0
317.0
551.0
292.0
70.0
236.0
75.0
300.0
27.0
343.0
173.0
805.0
1358.0
589.0
344.0
1129.0
285.0
152.0
842.0
4994.0
5538.0
131.0
160.0
319.0
51.0
27.0
178.0
218.0
189.0
531.0
346.0
76.0
67.0
25.0
126.0
33.0
19.0
179.0
841.0
48.0
122.0
63.0
45.0
151.0
142.0
74.0
167.0
150.0
773.0
36.0
21.0
25.0
30.0
8.0
70.0
271.0
106.0
74.0
85.0
57.0
41.0
88.0
149.0
48.0
25.0
56.0
151.0
168.0
106.0
85.0
134.0
47.0
65.0
1580.0
56.0
57.0
69.0
24.0
166.0
273.0
31.0
267.0
128.0
259.0
81.0
131.0
777.0
207.0
70.0
1235.0
133.0
122.0
67.0
93.0
118.0
19.0
250.0
197.0
500.0
1284.0
35.0
527.0
109.0
184.0
47.0
329.0
251.0
396.0
57.0
298.0
533.0
274.0
70.0
241.0
80.0
297.0
28.0
367.0
157.0
820.0
1390.0
572.0
348.0
1168.0
295.0
145.0
830.0
5058.0
5607.0
125.0
168.0
309.0
50.0
28.0
189.0
211.0
186.0
482.0
361.0
77.0
67.0
26.0
123.0
33.0
19.0
170.0
871.0
52.0
122.0
62.0
44.0
151.0
145.0
76.0
155.0
139.0
776.0
36.0
21.0
26.0
30.0
8.0
70.0
255.0
105.0
72.0
91.0
55.0
38.0
85.0
144.0
45.0
25.0
55.0
151.0
174.0
108.0
79.0
137.0
45.0
62.0
1592.0
56.0
56.0
68.0
25.0
161.0
289.0
31.0
280.0
127.0
240.0
81.0
134.0
797.0
224.0
67.0
1235.0
131.0
125.0
71.0
91.0
112.0
19.0
246.0
205.0
506.0
1223.0
34.0
546.0
117.0
185.0
47.0
333.0
255.0
369.0
57.0
312.0
525.0
293.0
70.0
244.0
77.0
291.0
29.0
353.0
157.0
792.0
1367.0
593.0
358.0
1178.0
298.0
154.0
804.0
5423.0
5447.0
126.0
163.0
329.0
47.0
27.0
177.0
209.0
195.0
517.0
338.0
79.0
62.0
26.0
124.0
33.0
20.0
163.0
874.0
48.0
129.0
61.0
46.0
163.0
149.0
74.0
158.0
139.0
800.0
36.0
21.0
25.0
31.0
8.0
70.0
265.0
108.0
67.0
89.0
55.0
40.0
89.0
151.0
45.0
26.0
54.0
162.0
172.0
102.0
80.0
131.0
48.0
61.0
1631.0
59.0
56.0
65.0
25.0
161.0
295.0
32.0
277.0
127.0
259.0
78.0
136.0
787.0
215.0
67.0
1263.0
122.0
119.0
72.0
93.0
113.0
19.0
248.0
200.0
495.0
1317.0
34.0
506.0
119.0
186.0
44.0
332.0
259.0
393.0
56.0
293.0
542.0
271.0
71.0
254.0
78.0
282.0
27.0
369.0
157.0
787.0
1379.0
590.0
336.0
1109.0
286.0
151.0
826.0
5112.0
5809.0
119.0
158.0
315.0
47.0
28.0
189.0
213.0
193.0
511.0
342.0
78.0
66.0
25.0
125.0
31.0
20.0
178.0
835.0
52.0
122.0
66.0
45.0
162.0
154.0
71.0
164.0
143.0
775.0
36.0
21.0
25.0
30.0
8.0
74.0
259.0
110.0
68.0
91.0
59.0
38.0
88.0
140.0
45.0
25.0
55.0
148.0
163.0
109.0
81.0
138.0
45.0
67.0
1565.0
54.0
56.0
67.0
24.0
151.0
273.0
32.0
287.0
130.0
260.0
76.0
139.0
818.0
204.0
71.0
1225.0
126.0
125.0
71.0
94.0
118.0
19.0
268.0
194.0
495.0
1286.0
33.0
512.0
111.0
185.0
44.0
347.0
252.0
372.0
56.0
307.0
540.0
278.0
72.0
251.0
79.0
286.0
29.0
375.0
161.0
807.0
1281.0
582.0
358.0
1097.0
301.0
154.0
852.0
5380.0
5626.0
124.0
173.0
324.0
48.0
28.0
177.0
225.0
187.0
505.0
348.0
74.0
67.0
26.0
124.0
33.0
20.0
166.0
871.0
51.0
119.0
64.0
46.0
154.0
147.0
70.0
157.0
147.0
786.0
35.0
20.0
25.0
29.0
8.0
71.0
273.0
107.0
71.0
89.0
59.0
39.0
81.0
148.0
45.0
25.0
57.0
161.0
158.0
104.0
86.0
127.0
45.0
62.0
1592.0
54.0
57.0
66.0
25.0
160.0
270.0
31.0
279.0
125.0
256.0
83.0
130.0
800.0
214.0
68.0
1224.0
122.0
127.0
70.0
87.0
112.0
20.0
272.0
195.0
508.0
1294.0
34.0
530.0
109.0
188.0
48.0
338.0
269.0
366.0
57.0
303.0
507.0
277.0
76.0
239.0
80.0
301.0
28.0
372.0
172.0
838.0
1350.0
561.0
330.0
1125.0
290.0
158.0
828.0
5502.0
5624.0
131.0
168.0
328.0
47.0
27.0
184.0
224.0
186.0
520.0
346.0
79.0
63.0
25.0
121.0
32.0
20.0
177.0
851.0
52.0
129.0
63.0
42.0
154.0
144.0
69.0
166.0
142.0
736.0
38.0
21.0
26.0
32.0
8.0
70.0
270.0
105.0
71.0
86.0
56.0
39.0
85.0
144.0
49.0
26.0
57.0
160.0
166.0
103.0
84.0
139.0
47.0
66.0
1507.0
55.0
54.0
69.0
25.0
167.0
294.0
33.0
270.0
118.0
256.0
78.0
130.0
785.0
216.0
68.0
1175.0
128.0
121.0
72.0
94.0
121.0
20.0
264.0
191.0
507.0
1247.0
35.0
528.0
118.0
178.0
45.0
330.0
247.0
372.0
56.0
306.0
507.0
285.0
69.0
246.0
76.0
276.0
27.0
354.0
160.0
835.0
1276.0
577.0
351.0
1113.0
289.0
145.0
876.0
5324.0
5449.0
127.0
161.0
321.0
48.0
29.0
183.0
208.0
178.0
515.0
340.0
72.0
66.0
25.0
123.0
31.0
20.0
178.0
849.0
52.0
124.0
64.0
44.0
162.0
149.0
75.0
155.0
139.0
766.0
38.0
21.0
25.0
31.0
8.0
71.0
255.0
105.0
73.0
84.0
58.0
37.0
85.0
148.0
45.0
27.0
57.0
155.0
166.0
107.0
82.0
135.0
47.0
65.0
1611.0
58.0
55.0
66.0
26.0
153.0
294.0
33.0
279.0
122.0
241.0
76.0
137.0
776.0
219.0
67.0
1260.0
130.0
117.0
69.0
87.0
117.0
19.0
267.0
205.0
481.0
1263.0
36.0
525.0
113.0
181.0
45.0
342.0
268.0
382.0
61.0
316.0
537.0
272.0
73.0
250.0
79.0
282.0
29.0
338.0
169.0
767.0
1303.0
576.0
341.0
1126.0
292.0
159.0
843.0
5296.0
5721.0
128.0
165.0
328.0
51.0
27.0
179.0
222.0
193.0
502.0
359.0
76.0
62.0
25.0
126.0
30.0
19.0
170.0
883.0
51.0
127.0
65.0
42.0
160.0
154.0
72.0
160.0
140.0
775.0
37.0
20.0
24.0
30.0
8.0
76.0
269.0
103.0
67.0
90.0
54.0
40.0
81.0
143.0
49.0
27.0
54.0
161.0
168.0
107.0
86.0
134.0
48.0
65.0
1629.0
55.0
57.0
71.0
26.0
158.0
284.0
30.0
272.0
128.0
239.0
76.0
141.0
812.0
205.0
70.0
1217.0
129.0
116.0
72.0
94.0
111.0
20.0
246.0
191.0
478.0
1286.0
34.0
509.0
118.0
179.0
45.0
335.0
261.0
367.0
61.0
320.0
558.0
286.0
69.0
235.0
81.0
297.0
28.0
342.0
171.0
805.0
1263.0
574.0
347.0
1178.0
295.0
152.0
832.0
5311.0
5998.0
125.0
173.0
322.0
49.0
29.0
181.0
221.0
191.0
506.0
369.0
73.0
62.0
26.0
125.0
33.0
20.0
173.0
819.0
52.0
125.0
62.0
44.0
165.0
151.0
72.0
152.0
145.0
736.0
36.0
19.0
25.0
29.0
8.0
72.0
271.0
104.0
73.0
83.0
54.0
41.0
85.0
148.0
49.0
25.0
57.0
154.0
165.0
106.0
80.0
132.0
47.0
67.0
1579.0
57.0
55.0
67.0
24.0
156.0
284.0
32.0
286.0
120.0
238.0
83.0
140.0
785.0
212.0
69.0
1222.0
131.0
123.0
67.0
92.0
110.0
20.0
251.0
206.0
505.0
1274.0
34.0
511.0
114.0
193.0
46.0
338.0
259.0
400.0
59.0
311.0
558.0
286.0
74.0
246.0
76.0
301.0
28.0
370.0
156.0
831.0
1281.0
581.0
342.0
1112.0
277.0
144.0
808.0
5490.0
5530.0
122.0
161.0
334.0
48.0
27.0
192.0
215.0
196.0
516.0
343.0
77.0
66.0
25.0
126.0
32.0
19.0
167.0
855.0
53.0
127.0
62.0
44.0
153.0
148.0
70.0
162.0
138.0
750.0
38.0
20.0
26.0
30.0
8.0
72.0
272.0
108.0
67.0
87.0
59.0
41.0
87.0
145.0
49.0
25.0
58.0
156.0
160.0
104.0
87.0
126.0
48.0
65.0
1536.0
55.0
54.0
69.0
24.0
163.0
283.0
32.0
273.0
126.0
247.0
82.0
134.0
796.0
223.0
68.0
1251.0
126.0
122.0
70.0
92.0
121.0
19.0
253.0
199.0
500.0
1222.0
35.0
537.0
117.0
189.0
47.0
338.0
251.0
391.0
56.0
317.0
520.0
280.0
70.0
252.0
78.0
285.0
27.0
347.0
167.0
813.0
1336.0
576.0
362.0
1161.0
274.0
150.0
856.0
4986.0
5942.0
124.0
158.0
306.0
48.0
27.0
182.0
215.0
181.0
507.0
375.0
74.0
62.0
25.0
117.0
33.0
19.0
171.0
870.0
51.0
129.0
65.0
43.0
166.0
147.0
74.0
159.0
151.0
730.0
37.0
20.0
25.0
32.0
8.0
71.0
277.0
107.0
72.0
83.0
58.0
39.0
89.0
146.0
49.0
27.0
53.0
160.0
161.0
110.0
82.0
131.0
46.0
67.0
1660.0
59.0
59.0
71.0
25.0
167.0
276.0
33.0
286.0
123.0
237.0
80.0
141.0
803.0
208.0
66.0
1254.0
131.0
116.0
71.0
86.0
116.0
19.0
256.0
199.0
501.0
1296.0
36.0
511.0
114.0
178.0
47.0
338.0
259.0
390.0
56.0
315.0
511.0
289.0
74.0
236.0
74.0
297.0
28.0
339.0
163.0
835.0
1301.0
576.0
328.0
1093.0
301.0
154.0
833.0
5001.0
5499.0
119.0
166.0
323.0
47.0
29.0
181.0
214.0
192.0
502.0
361.0
73.0
65.0
26.0
128.0
33.0
20.0
176.0
829.0
52.0
122.0
66.0
44.0
156.0
147.0
72.0
166.0
139.0
775.0
37.0
20.0
26.0
31.0
8.0
74.0
272.0
111.0
69.0
86.0
56.0
38.0
84.0
143.0
49.0
27.0
53.0
154.0
167.0
102.0
80.0
127.0
47.0
62.0
1666.0
55.0
54.0
64.0
24.0
161.0
287.0
31.0
276.0
129.0
253.0
83.0
134.0
751.0
218.0
66.0
1261.0
128.0
121.0
70.0
86.0
120.0
20.0
259.0
188.0
497.0
1277.0
34.0
512.0
114.0
190.0
44.0
321.0
253.0
378.0
55.0
291.0
528.0
283.0
70.0
247.0
81.0
297.0
28.0
372.0
167.0
793.0
1375.0
546.0
330.0
1130.0
289.0
153.0
790.0
5170.0
5557.0
129.0
156.0
325.0
49.0
29.0
185.0
213.0
177.0
508.0
350.0
75.0
67.0
25.0
121.0
33.0
20.0
165.0
843.0
48.0
131.0
66.0
46.0
161.0
145.0
71.0
159.0
152.0
746.0
38.0
20.0
26.0
31.0
8.0
76.0
269.0
106.0
68.0
88.0
56.0
41.0
84.0
147.0
48.0
27.0
53.0
149.0
166.0
104.0
85.0
128.0
48.0
64.0
1536.0
54.0
55.0
67.0
24.0
152.0
293.0
33.0
269.0
130.0
251.0
76.0
133.0
796.0
214.0
71.0
1252.0
128.0
121.0
72.0
91.0
121.0
20.0
270.0
199.0
156.0
188.0
171.0
167.0
364.0
131.0
146.0
158.0
157.0
161.0
140.0
137.0
134.0
171.0
157.0
151.0
172.0
143.0
490.0
153.0
159.0
171.0
173.0
160.0
138.0
142.0
156.0
440.0
166.0
136.0
145.0
164.0
160.0
149.0
139.0
170.0
165.0
153.0
136.0
154.0
147.0
154.0
155.0
116.0
150.0
453.0
167.0
133.0
363.0
174.0
154.0
137.0
143.0
154.0
170.0
175.0
177.0
143.0
469.0
149.0
177.0
177.0
172.0
153.0
164.0
152.0
141.0
148.0
146.0
160.0
167.0
144.0
140.0
176.0
148.0
136.0
460.0
162.0
163.0
130.0
164.0
154.0
150.0
148.0
131.0
146.0
441.0
175.0
474.0
168.0
447.0
493.0
369.0
405.0
421.0
410.0
435.0
477.0
442.0
170.0
145.0
172.0
174.0
140.0
167.0
145.0
176.0
134.0
183.0
185.0
171.0
169.0
486.0
142.0
162.0
172.0
146.0
151.0
133.0
136.0
169.0
138.0
132.0
152.0
152.0
158.0
487.0
149.0
165.0
145.0
134.0
162.0
164.0
160.0
158.0
485.0
163.0
140.0
150.0
172.0
135.0
148.0
159.0
134.0
134.0
160.0
140.0
149.0
151.0
142.0
148.0
126.0
144.0
451.0
166.0
130.0
461.0
176.0
131.0
158.0
165.0
142.0
136.0
149.0
161.0
139.0
477.0
155.0
137.0
168.0
153.0
155.0
165.0
141.0
164.0
140.0
167.0
144.0
150.0
164.0
175.0
164.0
130.0
173.0
405.0
157.0
173.0
173.0
168.0
149.0
151.0
172.0
152.0
171.0
418.0
160.0
469.0
172.0
410.0
436.0
402.0
460.0
430.0
373.0
441.0
438.0
473.0
161.0
146.0
139.0
160.0
166.0
143.0
145.0
153.0
159.0
170.0
160.0
152.0
156.0
438.0
157.0
161.0
140.0
163.0
135.0
148.0
135.0
130.0
134.0
165.0
134.0
172.0
139.0
425.0
164.0
132.0
134.0
134.0
169.0
140.0
156.0
165.0
440.0
144.0
132.0
153.0
168.0
155.0
164.0
167.0
150.0
155.0
175.0
146.0
153.0
166.0
163.0
164.0
139.0
165.0
388.0
143.0
163.0
469.0
174.0
154.0
168.0
143.0
167.0
157.0
140.0
159.0
173.0
450.0
148.0
167.0
152.0
171.0
144.0
157.0
165.0
138.0
142.0
138.0
171.0
173.0
164.0
172.0
143.0
150.0
149.0
456.0
162.0
149.0
154.0
154.0
143.0
153.0
172.0
166.0
134.0
482.0
146.0
368.0
138.0
483.0
440.0
483.0
465.0
486.0
439.0
486.0
454.0
417.0
175.0
159.0
153.0
132.0
131.0
173.0
142.0
175.0
157.0
168.0
164.0
137.0
144.0
453.0
138.0
151.0
165.0
171.0
164.0
165.0
170.0
165.0
157.0
134.0
168.0
174.0
167.0
414.0
161.0
156.0
141.0
141.0
160.0
135.0
173.0
143.0
438.0
163.0
130.0
152.0
162.0
136.0
156.0
168.0
149.0
160.0
142.0
141.0
148.0
146.0
169.0
144.0
133.0
146.0
476.0
151.0
176.0
434.0
130.0
173.0
140.0
144.0
140.0
173.0
163.0
152.0
136.0
417.0
164.0
163.0
169.0
161.0
155.0
161.0
160.0
145.0
170.0
176.0
168.0
175.0
134.0
168.0
131.0
150.0
143.0
401.0
136.0
151.0
141.0
155.0
157.0
162.0
160.0
158.0
161.0
469.0
170.0
471.0
135.0
387.0
493.0
434.0
486.0
439.0
388.0
449.0
448.0
487.0
144.0
177.0
171.0
155.0
153.0
147.0
149.0
160.0
141.0
176.0
152.0
138.0
136.0
396.0
151.0
171.0
174.0
168.0
169.0
169.0
136.0
172.0
167.0
163.0
135.0
150.0
157.0
470.0
136.0
162.0
130.0
162.0
139.0
145.0
139.0
143.0
433.0
134.0
154.0
154.0
166.0
155.0
158.0
130.0
154.0
138.0
144.0
139.0
172.0
173.0
141.0
177.0
150.0
164.0
378.0
131.0
132.0
468.0
131.0
172.0
135.0
165.0
148.0
172.0
162.0
148.0
146.0
408.0
156.0
158.0
152.0
150.0
150.0
169.0
157.0
134.0
159.0
149.0
157.0
154.0
134.0
174.0
165.0
112.0
132.0
373.0
136.0
162.0
133.0
168.0
157.0
174.0
146.0
162.0
169.0
462.0
164.0
492.0
161.0
405.0
405.0
429.0
489.0
421.0
384.0
431.0
383.0
476.0
136.0
141.0
157.0
141.0
170.0
156.0
153.0
165.0
161.0
157.0
203.0
137.0
162.0
473.0
159.0
134.0
153.0
171.0
160.0
168.0
132.0
166.0
147.0
165.0
176.0
177.0
141.0
416.0
137.0
144.0
138.0
156.0
136.0
161.0
151.0
175.0
405.0
156.0
176.0
167.0
151.0
162.0
163.0
154.0
167.0
133.0
163.0
133.0
158.0
156.0
155.0
157.0
122.0
167.0
435.0
160.0
140.0
415.0
141.0
150.0
174.0
176.0
133.0
167.0
140.0
173.0
141.0
484.0
156.0
151.0
136.0
174.0
156.0
137.0
169.0
170.0
160.0
176.0
152.0
167.0
144.0
156.0
161.0
149.0
168.0
378.0
139.0
176.0
137.0
160.0
154.0
153.0
153.0
170.0
130.0
372.0
154.0
489.0
172.0
439.0
422.0
479.0
400.0
468.0
448.0
457.0
470.0
473.0
170.0
173.0
165.0
165.0
161.0
162.0
154.0
166.0
133.0
164.0
163.0
147.0
153.0
474.0
144.0
172.0
136.0
147.0
166.0
146.0
159.0
135.0
143.0
137.0
170.0
145.0
139.0
399.0
175.0
131.0
149.0
144.0
153.0
156.0
159.0
161.0
414.0
147.0
136.0
153.0
146.0
158.0
153.0
149.0
152.0
168.0
157.0
168.0
161.0
160.0
173.0
153.0
142.0
154.0
407.0
134.0
154.0
424.0
136.0
135.0
141.0
161.0
157.0
164.0
134.0
154.0
147.0
492.0
164.0
133.0
131.0
156.0
173.0
145.0
174.0
146.0
175.0
156.0
134.0
172.0
146.0
173.0
166.0
148.0
164.0
446.0
173.0
163.0
140.0
169.0
170.0
148.0
174.0
165.0
157.0
459.0
162.0
473.0
155.0
414.0
435.0
483.0
393.0
483.0
366.0
423.0
424.0
432.0
149.0
173.0
147.0
162.0
175.0
137.0
147.0
173.0
176.0
200.0
205.0
156.0
165.0
393.0
164.0
136.0
134.0
149.0
175.0
163.0
166.0
155.0
132.0
146.0
148.0
138.0
145.0
454.0
176.0
165.0
133.0
176.0
175.0
174.0
162.0
140.0
470.0
156.0
161.0
153.0
160.0
177.0
153.0
136.0
174.0
149.0
159.0
166.0
149.0
144.0
156.0
141.0
131.0
135.0
370.0
161.0
150.0
471.0
153.0
158.0
137.0
177.0
168.0
174.0
150.0
156.0
142.0
442.0
166.0
132.0
149.0
160.0
154.0
167.0
157.0
144.0
160.0
150.0
133.0
163.0
144.0
140.0
160.0
141.0
151.0
374.0
138.0
173.0
158.0
132.0
156.0
155.0
176.0
165.0
172.0
410.0
146.0
364.0
137.0
415.0
404.0
483.0
395.0
494.0
381.0
431.0
432.0
473.0
172.0
147.0
139.0
169.0
176.0
156.0
169.0
171.0
175.0
185.0
172.0
137.0
157.0
468.0
174.0
133.0
130.0
161.0
163.0
150.0
130.0
153.0
145.0
144.0
156.0
140.0
165.0
402.0
168.0
150.0
164.0
130.0
169.0
163.0
170.0
131.0
404.0
169.0
139.0
141.0
176.0
167.0
130.0
141.0
167.0
143.0
167.0
130.0
130.0
139.0
165.0
138.0
132.0
154.0
448.0
157.0
142.0
415.0
148.0
130.0
157.0
145.0
167.0
131.0
167.0
173.0
155.0
467.0
133.0
143.0
141.0
162.0
134.0
155.0
130.0
156.0
152.0
156.0
176.0
172.0
170.0
131.0
168.0
148.0
162.0
446.0
132.0
161.0
171.0
167.0
161.0
165.0
149.0
136.0
156.0
453.0
141.0
494.0
154.0
452.0
466.0
406.0
490.0
371.0
446.0
461.0
452.0
416.0
164.0
176.0
133.0
157.0
161.0
157.0
172.0
166.0
145.0
198.0
173.0
161.0
157.0
378.0
133.0
171.0
131.0
146.0
137.0
166.0
175.0
131.0
169.0
170.0
172.0
138.0
172.0
443.0
160.0
135.0
173.0
158.0
152.0
169.0
152.0
163.0
473.0
162.0
145.0
147.0
177.0
134.0
156.0
169.0
146.0
134.0
135.0
133.0
134.0
159.0
176.0
161.0
149.0
161.0
401.0
159.0
162.0
399.0
135.0
155.0
175.0
153.0
137.0
177.0
157.0
168.0
146.0
404.0
130.0
175.0
161.0
135.0
141.0
176.0
158.0
139.0
171.0
173.0
148.0
165.0
137.0
142.0
164.0
147.0
153.0
445.0
155.0
130.0
148.0
172.0
141.0
156.0
140.0
154.0
148.0
495.0
169.0
426.0
163.0
396.0
383.0
415.0
477.0
491.0
430.0
378.0
433.0
369.0
164.0
165.0
159.0
162.0
165.0
168.0
154.0
156.0
141.0
172.0
157.0
140.0
140.0
444.0
156.0
149.0
171.0
134.0
143.0
135.0
175.0
175.0
152.0
170.0
157.0
176.0
143.0
471.0
140.0
163.0
159.0
152.0
143.0
146.0
158.0
153.0
405.0
156.0
166.0
132.0
138.0
149.0
146.0
140.0
146.0
174.0
177.0
147.0
142.0
173.0
134.0
152.0
140.0
144.0
416.0
144.0
174.0
367.0
159.0
132.0
168.0
135.0
138.0
170.0
168.0
154.0
146.0
387.0
148.0
130.0
148.0
147.0
161.0
135.0
159.0
140.0
174.0
164.0
135.0
170.0
159.0
132.0
167.0
126.0
169.0
384.0
142.0
147.0
145.0
174.0
133.0
135.0
165.0
147.0
168.0
422.0
154.0
455.0
131.0
458.0
429.0
432.0
458.0
468.0
429.0
492.0
387.0
396.0
141.0
166.0
140.0
171.0
133.0
149.0
132.0
165.0
137.0
163.0
192.0
165.0
141.0
431.0
141.0
130.0
155.0
162.0
143.0
173.0
154.0
151.0
133.0
153.0
141.0
166.0
156.0
411.0
175.0
145.0
144.0
163.0
157.0
146.0
145.0
156.0
463.0
147.0
143.0
169.0
158.0
163.0
152.0
161.0
162.0
163.0
143.0
171.0
168.0
130.0
159.0
167.0
148.0
131.0
381.0
171.0
146.0
393.0
141.0
150.0
163.0
165.0
140.0
168.0
147.0
165.0
140.0
465.0
166.0
136.0
162.0
157.0
137.0
134.0
140.0
152.0
136.0
173.0
170.0
150.0
144.0
156.0
136.0
116.0
168.0
472.0
139.0
165.0
159.0
171.0
158.0
137.0
131.0
163.0
143.0
391.0
139.0
458.0
156.0
439.0
392.0
429.0
390.0
386.0
364.0
418.0
462.0
372.0
158.0
165.0
138.0
158.0
174.0
146.0
153.0
171.0
147.0
155.0
181.0
133.0
136.0
433.0
134.0
134.0
163.0
131.0
171.0
152.0
168.0
137.0
163.0
167.0
144.0
138.0
163.0
455.0
155.0
175.0
174.0
154.0
160.0
148.0
133.0
177.0
466.0
161.0
161.0
156.0
166.0
135.0
165.0
147.0
131.0
154.0
166.0
161.0
133.0
147.0
153.0
159.0
117.0
151.0
493.0
152.0
142.0
421.0
172.0
154.0
143.0
161.0
164.0
154.0
149.0
138.0
130.0
421.0
138.0
164.0
130.0
165.0
147.0
142.0
171.0
141.0
167.0
134.0
144.0
165.0
136.0
173.0
168.0
139.0
148.0
386.0
158.0
156.0
152.0
158.0
145.0
172.0
133.0
166.0
143.0
487.0
162.0
386.0
132.0
434.0
451.0
372.0
401.0
431.0
439.0
367.0
407.0
363.0
134.0
133.0
131.0
136.0
151.0
165.0
158.0
139.0
177.0
182.0
187.0
141.0
151.0
440.0
154.0
153.0
176.0
144.0
173.0
151.0
174.0
161.0
131.0
138.0
135.0
139.0
165.0
381.0
130.0
170.0
130.0
133.0
174.0
145.0
131.0
138.0
405.0
151.0
173.0
167.0
164.0
174.0
138.0
160.0
173.0
151.0
176.0
173.0
150.0
157.0
137.0
173.0
121.0
160.0
417.0
131.0
162.0
366.0
131.0
152.0
152.0
155.0
141.0
158.0
159.0
143.0
132.0
383.0
164.0
159.0
177.0
159.0
160.0
151.0
142.0
143.0
165.0
170.0
137.0
141.0
134.0
167.0
167.0
151.0
152.0
425.0
152.0
139.0
171.0
152.0
145.0
155.0
175.0
167.0
171.0
491.0
167.0
425.0
159.0
492.0
409.0
420.0
409.0
494.0
391.0
421.0
493.0
440.0
134.0
164.0
157.0
156.0
136.0
153.0
170.0
159.0
139.0
167.0
167.0
157.0
156.0
486.0
148.0
133.0
167.0
166.0
144.0
146.0
154.0
135.0
134.0
158.0
163.0
136.0
168.0
479.0
141.0
131.0
152.0
152.0
148.0
160.0
165.0
151.0
363.0
136.0
164.0
162.0
166.0
155.0
158.0
156.0
131.0
172.0
153.0
132.0
152.0
162.0
153.0
137.0
121.0
156.0
444.0
159.0
130.0
440.0
154.0
150.0
130.0
160.0
174.0
171.0
146.0
150.0
146.0
440.0
161.0
159.0
135.0
147.0
148.0
159.0
139.0
149.0
131.0
148.0
155.0
139.0
174.0
138.0
131.0
139.0
171.0
480.0
139.0
163.0
147.0
168.0
174.0
151.0
140.0
156.0
162.0
385.0
176.0
464.0
134.0
395.0
425.0
471.0
370.0
468.0
370.0
402.0
444.0
483.0
166.0
154.0
130.0
156.0
148.0
175.0
133.0
155.0
169.0
174.0
192.0
144.0
165.0
423.0
130.0
132.0
133.0
148.0
138.0
172.0
166.0
157.0
172.0
168.0
146.0
135.0
133.0
432.0
161.0
145.0
145.0
171.0
174.0
134.0
134.0
174.0
420.0
145.0
154.0
143.0
175.0
138.0
131.0
176.0
175.0
151.0
130.0
135.0
142.0
163.0
134.0
135.0
131.0
159.0
474.0
145.0
163.0
483.0
132.0
134.0
177.0
172.0
165.0
158.0
166.0
131.0
161.0
436.0
135.0
163.0
172.0
171.0
164.0
157.0
170.0
135.0
166.0
151.0
164.0
166.0
133.0
151.0
140.0
114.0
147.0
372.0
140.0
132.0
152.0
139.0
146.0
154.0
167.0
139.0
141.0
427.0
132.0
492.0
143.0
431.0
480.0
378.0
429.0
384.0
379.0
472.0
486.0
403.0
172.0
145.0
149.0
132.0
146.0
157.0
163.0
156.0
136.0
207.0
182.0
172.0
141.0
366.0
171.0
171.0
164.0
177.0
139.0
155.0
139.0
167.0
145.0
145.0
162.0
167.0
147.0
439.0
167.0
153.0
132.0
175.0
130.0
167.0
167.0
145.0
432.0
154.0
170.0
160.0
175.0
171.0
160.0
133.0
138.0
134.0
176.0
169.0
153.0
134.0
131.0
172.0
120.0
135.0
481.0
149.0
176.0
443.0
145.0
154.0
173.0
131.0
176.0
169.0
168.0
173.0
140.0
476.0
164.0
163.0
146.0
135.0
156.0
138.0
158.0
158.0
135.0
143.0
160.0
135.0
169.0
173.0
139.0
125.0
168.0
473.0
174.0
165.0
163.0
165.0
130.0
173.0
152.0
145.0
157.0
434.0
133.0
444.0
157.0
410.0
453.0
386.0
384.0
487.0
389.0
479.0
477.0
460.0
154.0
135.0
148.0
133.0
154.0
177.0
142.0
170.0
144.0
192.0
166.0
143.0
151.0
379.0
174.0
169.0
131.0
140.0
170.0
134.0
157.0
139.0
145.0
153.0
173.0
130.0
160.0
484.0
164.0
175.0
142.0
161.0
160.0
147.0
149.0
141.0
414.0
156.0
174.0
137.0
169.0
170.0
153.0
153.0
147.0
173.0
152.0
171.0
174.0
132.0
172.0
148.0
122.0
171.0
448.0
149.0
158.0
488.0
156.0
136.0
157.0
176.0
130.0
171.0
151.0
156.0
153.0
475.0
152.0
176.0
131.0
142.0
139.0
139.0
141.0
175.0
139.0
138.0
173.0
169.0
143.0
136.0
176.0
147.0
141.0
412.0
145.0
143.0
163.0
170.0
132.0
155.0
172.0
157.0
163.0
468.0
161.0
427.0
137.0
408.0
484.0
415.0
441.0
479.0
368.0
386.0
366.0
476.0
150.0
144.0
154.0
137.0
174.0
149.0
158.0
171.0
162.0
173.0
201.0
170.0
132.0
398.0
165.0
149.0
150.0
131.0
153.0
144.0
168.0
167.0
158.0
173.0
132.0
140.0
171.0
382.0
167.0
135.0
145.0
153.0
137.0
156.0
152.0
155.0
448.0
169.0
151.0
145.0
132.0
134.0
156.0
175.0
139.0
176.0
166.0
175.0
162.0
166.0
173.0
140.0
123.0
150.0
467.0
132.0
149.0
439.0
147.0
176.0
165.0
170.0
159.0
171.0
142.0
161.0
130.0
404.0
174.0
176.0
153.0
137.0
131.0
167.0
147.0
130.0
160.0
152.0
165.0
169.0
173.0
172.0
136.0
148.0
147.0
393.0
151.0
132.0
168.0
177.0
171.0
163.0
132.0
140.0
151.0
383.0
146.0
396.0
149.0
386.0
399.0
439.0
493.0
483.0
435.0
404.0
379.0
445.0
163.0
156.0
170.0
159.0
133.0
164.0
166.0
161.0
137.0
178.0
160.0
156.0
144.0
467.0
151.0
156.0
166.0
157.0
150.0
142.0
168.0
152.0
176.0
157.0
130.0
133.0
155.0
394.0
168.0
159.0
151.0
132.0
164.0
168.0
171.0
151.0
365.0
146.0
135.0
153.0
165.0
144.0
141.0
134.0
144.0
163.0
156.0
140.0
172.0
147.0
140.0
146.0
147.0
152.0
385.0
144.0
151.0
367.0
133.0
150.0
149.0
146.0
169.0
167.0
171.0
139.0
137.0
420.0
147.0
136.0
131.0
147.0
139.0
151.0
177.0
158.0
154.0
147.0
177.0
147.0
150.0
161.0
160.0
128.0
159.0
487.0
155.0
176.0
171.0
169.0
173.0
175.0
139.0
142.0
162.0
368.0
150.0
426.0
165.0
398.0
443.0
392.0
364.0
489.0
431.0
431.0
437.0
493.0
131.0
169.0
177.0
137.0
145.0
160.0
163.0
164.0
176.0
189.0
197.0
161.0
158.0
372.0
168.0
176.0
154.0
171.0
143.0
145.0
158.0
172.0
146.0
165.0
137.0
137.0
143.0
371.0
167.0
165.0
131.0
157.0
148.0
138.0
138.0
167.0
443.0
138.0
156.0
151.0
168.0
130.0
173.0
143.0
174.0
138.0
174.0
173.0
133.0
172.0
172.0
173.0
139.0
156.0
405.0
141.0
146.0
400.0
164.0
138.0
136.0
148.0
152.0
165.0
154.0
176.0
163.0
368.0
146.0
143.0
158.0
135.0
173.0
153.0
176.0
143.0
143.0
172.0
130.0
175.0
132.0
172.0
166.0
131.0
131.0
372.0
170.0
145.0
151.0
150.0
130.0
130.0
164.0
143.0
172.0
411.0
167.0
466.0
138.0
470.0
457.0
462.0
426.0
385.0
373.0
405.0
421.0
369.0
138.0
169.0
137.0
158.0
132.0
160.0
137.0
154.0
136.0
154.0
197.0
140.0
165.0
400.0
156.0
131.0
174.0
151.0
149.0
150.0
136.0
168.0
164.0
159.0
177.0
160.0
135.0
433.0
134.0
171.0
176.0
153.0
142.0
176.0
136.0
137.0
400.0
168.0
147.0
173.0
159.0
157.0
175.0
148.0
155.0
132.0
157.0
176.0
138.0
155.0
137.0
152.0
152.0
144.0
375.0
135.0
161.0
464.0
166.0
134.0
165.0
143.0
159.0
156.0
145.0
142.0
142.0
402.0
151.0
148.0
166.0
154.0
142.0
170.0
167.0
132.0
138.0
174.0
137.0
149.0
137.0
146.0
145.0
119.0
145.0
382.0
158.0
163.0
145.0
144.0
131.0
140.0
175.0
174.0
164.0
468.0
148.0
374.0
149.0
444.0
469.0
405.0
478.0
446.0
373.0
449.0
457.0
450.0
133.0
161.0
140.0
141.0
164.0
152.0
142.0
173.0
165.0
175.0
159.0
175.0
171.0
392.0
170.0
148.0
162.0
131.0
132.0
171.0
162.0
167.0
135.0
135.0
143.0
174.0
144.0
435.0
144.0
170.0
133.0
154.0
167.0
176.0
156.0
140.0
491.0
163.0
153.0
140.0
151.0
171.0
144.0
143.0
150.0
175.0
161.0
158.0
133.0
131.0
164.0
132.0
141.0
143.0
443.0
165.0
147.0
433.0
169.0
133.0
149.0
176.0
131.0
141.0
130.0
143.0
176.0
436.0
144.0
160.0
162.0
147.0
144.0
153.0
148.0
143.0
146.0
168.0
141.0
176.0
147.0
147.0
148.0
144.0
142.0
428.0
167.0
175.0
143.0
173.0
154.0
134.0
141.0
165.0
168.0
407.0
159.0
369.0
137.0
410.0
417.0
389.0
459.0
474.0
472.0
364.0
413.0
421.0
147.0
154.0
172.0
143.0
132.0
165.0
136.0
143.0
149.0
204.0
169.0
141.0
174.0
478.0
156.0
131.0
172.0
158.0
157.0
163.0
163.0
152.0
169.0
141.0
145.0
136.0
166.0
492.0
144.0
151.0
131.0
158.0
156.0
170.0
151.0
150.0
473.0
172.0
154.0
173.0
160.0
141.0
155.0
158.0
174.0
167.0
152.0
153.0
170.0
141.0
153.0
138.0
134.0
170.0
455.0
166.0
150.0
439.0
139.0
149.0
165.0
160.0
169.0
151.0
145.0
131.0
139.0
371.0
161.0
172.0
163.0
170.0
167.0
161.0
163.0
136.0
162.0
136.0
132.0
162.0
131.0
133.0
169.0
114.0
167.0
397.0
157.0
133.0
155.0
157.0
166.0
156.0
173.0
168.0
136.0
378.0
154.0
409.0
133.0
367.0
463.0
482.0
410.0
435.0
379.0
451.0
465.0
438.0
147.0
174.0
150.0
177.0
164.0
171.0
172.0
161.0
142.0
208.0
171.0
146.0
171.0
440.0
155.0
145.0
150.0
176.0
136.0
161.0
149.0
162.0
156.0
176.0
162.0
154.0
168.0
404.0
146.0
149.0
161.0
167.0
130.0
150.0
135.0
157.0
452.0
142.0
134.0
168.0
141.0
137.0
175.0
147.0
135.0
134.0
174.0
151.0
164.0
162.0
171.0
160.0
143.0
177.0
465.0
167.0
147.0
419.0
176.0
168.0
160.0
142.0
135.0
144.0
152.0
153.0
174.0
462.0
137.0
138.0
131.0
147.0
144.0
135.0
156.0
132.0
152.0
132.0
168.0
135.0
135.0
146.0
144.0
136.0
169.0
480.0
154.0
140.0
132.0
171.0
151.0
155.0
163.0
148.0
167.0
477.0
155.0
397.0
141.0
451.0
483.0
428.0
424.0
470.0
417.0
380.0
425.0
487.0
160.0
149.0
148.0
154.0
168.0
170.0
145.0
159.0
148.0
159.0
167.0
146.0
151.0
392.0
156.0
154.0
165.0
141.0
144.0
176.0
170.0
156.0
165.0
166.0
142.0
155.0
146.0
463.0
130.0
168.0
140.0
168.0
171.0
167.0
152.0
146.0
491.0
136.0
168.0
171.0
167.0
138.0
139.0
138.0
163.0
152.0
142.0
159.0
159.0
134.0
144.0
148.0
114.0
153.0
456.0
144.0
134.0
434.0
170.0
151.0
176.0
160.0
157.0
135.0
133.0
166.0
140.0
401.0
163.0
159.0
158.0
136.0
175.0
164.0
144.0
135.0
151.0
166.0
148.0
143.0
163.0
159.0
147.0
138.0
166.0
491.0
171.0
173.0
173.0
143.0
152.0
146.0
160.0
159.0
157.0
441.0
160.0
453.0
151.0
449.0
379.0
476.0
445.0
402.0
426.0
396.0
398.0
425.0
166.0
130.0
151.0
173.0
132.0
147.0
136.0
161.0
159.0
168.0
182.0
138.0
170.0
434.0
175.0
155.0
172.0
160.0
156.0
164.0
166.0
174.0
150.0
168.0
148.0
175.0
168.0
484.0
158.0
153.0
162.0
136.0
145.0
143.0
171.0
153.0
409.0
142.0
148.0
137.0
142.0
154.0
156.0
131.0
165.0
161.0
149.0
152.0
139.0
135.0
140.0
147.0
120.0
162.0
376.0
166.0
161.0
382.0
141.0
166.0
139.0
177.0
174.0
172.0
147.0
151.0
172.0
370.0
132.0
142.0
174.0
144.0
152.0
140.0
151.0
148.0
135.0
133.0
144.0
145.0
155.0
154.0
158.0
116.0
154.0
395.0
175.0
163.0
144.0
147.0
132.0
145.0
173.0
164.0
144.0
386.0
162.0
452.0
158.0
398.0
393.0
462.0
460.0
386.0
370.0
466.0
404.0
457.0
140.0
169.0
152.0
155.0
157.0
169.0
136.0
133.0
173.0
193.0
163.0
152.0
161.0
456.0
157.0
145.0
138.0
151.0
177.0
150.0
165.0
176.0
131.0
173.0
169.0
138.0
175.0
403.0
132.0
137.0
175.0
150.0
133.0
135.0
139.0
152.0
440.0
137.0
163.0
137.0
152.0
155.0
162.0
137.0
147.0
130.0
147.0
144.0
135.0
150.0
135.0
164.0
139.0
161.0
386.0
153.0
154.0
428.0
172.0
140.0
157.0
140.0
171.0
156.0
154.0
170.0
141.0
469.0
154.0
142.0
160.0
164.0
130.0
170.0
175.0
158.0
136.0
147.0
136.0
136.0
165.0
168.0
166.0
122.0
143.0
491.0
176.0
160.0
167.0
166.0
138.0
174.0
130.0
148.0
143.0
386.0
138.0
374.0
167.0
382.0
366.0
490.0
464.0
383.0
390.0
392.0
411.0
488.0
175.0
160.0
171.0
153.0
171.0
143.0
132.0
173.0
133.0
185.0
174.0
167.0
131.0
452.0
157.0
157.0
175.0
136.0
139.0
177.0
158.0
163.0
159.0
155.0
155.0
171.0
151.0
402.0
159.0
133.0
130.0
135.0
132.0
132.0
169.0
154.0
391.0
152.0
136.0
166.0
146.0
134.0
150.0
159.0
151.0
131.0
141.0
167.0
142.0
154.0
149.0
171.0
119.0
167.0
364.0
174.0
141.0
462.0
157.0
131.0
162.0
141.0
166.0
149.0
173.0
159.0
159.0
384.0
148.0
158.0
139.0
160.0
139.0
158.0
136.0
157.0
140.0
143.0
159.0
149.0
133.0
162.0
155.0
125.0
141.0
401.0
169.0
172.0
133.0
136.0
160.0
167.0
167.0
153.0
149.0
363.0
147.0
465.0
136.0
483.0
487.0
485.0
434.0
436.0
426.0
389.0
454.0
429.0
152.0
138.0
154.0
168.0
171.0
152.0
133.0
136.0
133.0
178.0
185.0
172.0
171.0
475.0
166.0
136.0
143.0
133.0
156.0
152.0
155.0
171.0
162.0
138.0
149.0
147.0
159.0
416.0
175.0
155.0
149.0
131.0
141.0
134.0
135.0
161.0
429.0
171.0
147.0
166.0
175.0
150.0
149.0
131.0
145.0
153.0
161.0
139.0
153.0
140.0
162.0
145.0
151.0
162.0
490.0
173.0
144.0
482.0
177.0
147.0
142.0
147.0
164.0
140.0
161.0
165.0
177.0
394.0
137.0
158.0
163.0
177.0
137.0
165.0
133.0
152.0
176.0
133.0
168.0
146.0
165.0
164.0
143.0
135.0
157.0
491.0
135.0
133.0
138.0
141.0
152.0
153.0
173.0
177.0
146.0
368.0
171.0
448.0
141.0
378.0
430.0
438.0
411.0
413.0
366.0
476.0
379.0
363.0
147.0
147.0
146.0
156.0
154.0
150.0
166.0
141.0
165.0
