I_BRKGA_52_2_10_3_CESP
52 2 10 494.0
30934.5
31333.5
33836.5
32804.5
33514.5
35630.5
31365.5
32598.5
30445.5
35638.5
0.11833512065978731
0.09080677325088557
0.10647175170510421
0.09413112040300968
0.10664864230722888
0.09227507274159301
0.11005191831131711
0.08497699895040556
0.103781624455441
0.09252097721522767
128.0
125.0
7678.0
62.0
722.0
1509.0
147.0
811.0
385.0
273.0
465.0
693.0
1011.0
436.0
80.0
331.0
550.0
275.0
144.0
493.0
187.0
341.0
115.0
428.0
203.0
898.0
1450.0
614.0
386.0
1151.0
433.0
319.0
899.0
5137.0
5849.0
171.0
230.0
1887.0
103.0
82.0
246.0
243.0
342.0
788.0
407.0
353.0
189.0
276.0
197.0
165.0
791.0
383.0
906.0
1303.0
773.0
1499.0
148.0
788.0
373.0
280.0
461.0
684.0
1036.0
408.0
79.0
343.0
545.0
282.0
145.0
508.0
185.0
348.0
116.0
426.0
196.0
884.0
1529.0
636.0
369.0
1154.0
454.0
311.0
951.0
5216.0
6149.0
177.0
229.0
1981.0
107.0
88.0
253.0
242.0
333.0
825.0
376.0
345.0
193.0
283.0
198.0
161.0
815.0
373.0
953.0
1327.0
725.0
1500.0
145.0
806.0
383.0
276.0
448.0
691.0
1034.0
416.0
76.0
343.0
555.0
293.0
145.0
503.0
187.0
347.0
112.0
399.0
195.0
910.0
1522.0
608.0
366.0
1185.0
424.0
302.0
899.0
5325.0
5836.0
168.0
219.0
1855.0
104.0
83.0
252.0
245.0
345.0
793.0
391.0
362.0
186.0
284.0
201.0
173.0
792.0
383.0
903.0
1272.0
746.0
1418.0
151.0
762.0
380.0
277.0
453.0
694.0
1013.0
419.0
80.0
326.0
574.0
275.0
145.0
516.0
188.0
348.0
113.0
428.0
198.0
857.0
1406.0
600.0
377.0
1137.0
435.0
312.0
907.0
5203.0
6121.0
176.0
238.0
1859.0
107.0
87.0
244.0
242.0
338.0
783.0
386.0
349.0
189.0
276.0
198.0
165.0
839.0
390.0
896.0
1252.0
770.0
1481.0
148.0
764.0
385.0
269.0
457.0
675.0
1014.0
409.0
81.0
315.0
576.0
293.0
139.0
506.0
181.0
358.0
114.0
405.0
212.0
855.0
1495.0
608.0
356.0
1240.0
438.0
320.0
959.0
5201.0
5596.0
177.0
233.0
1884.0
105.0
85.0
243.0
246.0
342.0
791.0
375.0
334.0
195.0
265.0
204.0
174.0
822.0
383.0
917.0
1236.0
764.0
1480.0
151.0
763.0
381.0
283.0
466.0
663.0
1039.0
431.0
78.0
340.0
559.0
287.0
140.0
482.0
192.0
356.0
115.0
403.0
206.0
899.0
1529.0
629.0
361.0
1185.0
436.0
331.0
908.0
5443.0
5766.0
167.0
236.0
1883.0
104.0
87.0
252.0
238.0
348.0
769.0
386.0
354.0
193.0
269.0
199.0
162.0
826.0
378.0
895.0
1241.0
736.0
1476.0
149.0
773.0
367.0
279.0
468.0
668.0
1027.0
405.0
82.0
315.0
581.0
300.0
143.0
511.0
185.0
352.0
112.0
416.0
198.0
882.0
1477.0
616.0
379.0
1200.0
438.0
309.0
956.0
5481.0
5580.0
173.0
235.0
1961.0
102.0
82.0
258.0
237.0
358.0
774.0
394.0
341.0
182.0
271.0
203.0
166.0
840.0
394.0
968.0
1269.0
749.0
1441.0
149.0
748.0
371.0
281.0
455.0
685.0
1032.0
419.0
77.0
331.0
540.0
299.0
149.0
500.0
190.0
362.0
116.0
429.0
204.0
897.0
1523.0
637.0
360.0
1208.0
460.0
318.0
939.0
5440.0
6074.0
178.0
232.0
1854.0
104.0
83.0
261.0
245.0
351.0
782.0
405.0
353.0
187.0
284.0
203.0
162.0
816.0
396.0
962.0
1283.0
728.0
1492.0
151.0
765.0
384.0
280.0
472.0
677.0
1018.0
434.0
79.0
322.0
541.0
286.0
149.0
530.0
184.0
371.0
116.0
426.0
211.0
904.0
1459.0
627.0
389.0
1150.0
444.0
303.0
920.0
5474.0
5841.0
170.0
237.0
1902.0
105.0
83.0
264.0
244.0
342.0
809.0
396.0
352.0
183.0
272.0
200.0
164.0
782.0
396.0
899.0
1262.0
758.0
1510.0
150.0
783.0
375.0
277.0
475.0
674.0
1059.0
428.0
77.0
330.0
562.0
291.0
144.0
493.0
193.0
346.0
111.0
428.0
212.0
902.0
1435.0
640.0
371.0
1165.0
441.0
327.0
932.0
5133.0
5812.0
175.0
231.0
1852.0
102.0
87.0
258.0
234.0
338.0
788.0
391.0
342.0
193.0
273.0
198.0
160.0
814.0
370.0
894.0
1306.0
173.0
140.0
152.0
163.0
214.0
148.0
156.0
137.0
288.0
138.0
146.0
149.0
168.0
142.0
152.0
154.0
148.0
162.0
322.0
154.0
150.0
153.0
172.0
144.0
148.0
153.0
304.0
274.0
158.0
158.0
162.0
153.0
141.0
154.0
164.0
168.0
272.0
151.0
266.0
165.0
308.0
276.0
310.0
301.0
250.0
388.0
310.0
265.0
446.0
145.0
164.0
156.0
138.0
142.0
208.0
161.0
148.0
160.0
286.0
146.0
151.0
162.0
144.0
154.0
156.0
151.0
155.0
149.0
318.0
144.0
150.0
140.0
160.0
166.0
132.0
150.0
252.0
290.0
160.0
148.0
142.0
148.0
161.0
168.0
152.0
161.0
276.0
164.0
310.0
156.0
290.0
291.0
298.0
272.0
304.0
454.0
327.0
286.0
426.0
157.0
169.0
143.0
146.0
151.0
218.0
152.0
145.0
144.0
316.0
159.0
134.0
158.0
157.0
160.0
154.0
146.0
152.0
141.0
306.0
144.0
164.0
159.0
164.0
134.0
141.0
142.0
260.0
327.0
154.0
153.0
156.0
152.0
168.0
174.0
148.0
151.0
291.0
156.0
293.0
159.0
314.0
274.0
262.0
316.0
296.0
439.0
334.0
326.0
378.0
143.0
170.0
160.0
145.0
156.0
218.0
150.0
153.0
142.0
270.0
142.0
156.0
140.0
172.0
154.0
160.0
148.0
162.0
138.0
309.0
139.0
148.0
153.0
158.0
168.0
151.0
161.0
312.0
302.0
142.0
152.0
171.0
160.0
145.0
144.0
166.0
146.0
325.0
162.0
272.0
143.0
289.0
268.0
314.0
288.0
293.0
436.0
308.0
323.0
440.0
158.0
146.0
160.0
152.0
167.0
229.0
158.0
150.0
144.0
315.0
154.0
159.0
149.0
172.0
133.0
156.0
140.0
146.0
156.0
333.0
166.0
159.0
156.0
145.0
158.0
140.0
154.0
305.0
271.0
154.0
171.0
139.0
158.0
145.0
141.0
157.0
156.0
278.0
142.0
302.0
156.0
319.0
318.0
298.0
299.0
316.0
405.0
302.0
258.0
396.0
148.0
156.0
158.0
148.0
152.0
214.0
151.0
160.0
153.0
278.0
144.0
140.0
146.0
152.0
150.0
147.0
148.0
154.0
150.0
314.0
146.0
147.0
159.0
158.0
151.0
144.0
159.0
275.0
275.0
160.0
148.0
167.0
158.0
170.0
162.0
144.0
152.0
318.0
162.0
316.0
172.0
316.0
295.0
289.0
296.0
276.0
452.0
317.0
314.0
458.0
165.0
171.0
158.0
156.0
156.0
204.0
162.0
157.0
151.0
277.0
154.0
151.0
160.0
158.0
147.0
150.0
154.0
166.0
158.0
271.0
168.0
136.0
152.0
157.0
162.0
136.0
155.0
276.0
268.0
168.0
145.0
160.0
168.0
152.0
161.0
163.0
154.0
295.0
166.0
278.0
152.0
302.0
314.0
302.0
284.0
296.0
417.0
256.0
317.0
386.0
154.0
173.0
164.0
154.0
156.0
202.0
160.0
159.0
146.0
295.0
160.0
154.0
155.0
156.0
150.0
143.0
166.0
152.0
156.0
255.0
155.0
150.0
152.0
158.0
156.0
153.0
142.0
308.0
292.0
143.0
150.0
154.0
142.0
153.0
148.0
154.0
145.0
311.0
158.0
320.0
156.0
268.0
260.0
285.0
270.0
285.0
455.0
300.0
290.0
460.0
148.0
158.0
172.0
164.0
156.0
222.0
157.0
150.0
152.0
291.0
137.0
172.0
148.0
138.0
169.0
140.0
165.0
158.0
174.0
290.0
148.0
158.0
139.0
142.0
154.0
142.0
152.0
255.0
314.0
144.0
150.0
136.0
156.0
152.0
154.0
158.0
137.0
304.0
160.0
331.0
148.0
258.0
258.0
265.0
273.0
326.0
454.0
324.0
298.0
452.0
162.0
162.0
173.0
169.0
148.0
213.0
159.0
148.0
156.0
273.0
152.0
147.0
156.0
166.0
176.0
172.0
146.0
164.0
164.0
272.0
131.0
134.0
157.0
164.0
139.0
141.0
159.0
282.0
294.0
161.0
164.0
142.0
144.0
142.0
146.0
158.0
144.0
279.0
170.0
308.0
164.0
323.0
303.0
281.0
292.0
250.0
373.0
284.0
270.0
418.0
150.0
