I_BRKGA_52_2_10_5_CESP
52 2 10 493.0
32585.5
30983.5
33228.5
30432.5
35915.5
30444.5
29483.5
29814.5
31610.5
34546.5
0.11874012082420111
0.08038084464136838
0.11638441100866943
0.0859513104496376
0.11155513336063715
0.08779196149605993
0.10463061184135866
0.08166030262262679
0.10032222310447714
0.11258308065096378
125.0
118.0
7678.0
62.0
757.0
1463.0
144.0
793.0
377.0
283.0
470.0
659.0
1022.0
416.0
77.0
324.0
548.0
287.0
145.0
501.0
184.0
360.0
118.0
411.0
208.0
889.0
1463.0
614.0
388.0
1143.0
438.0
324.0
921.0
5593.0
5757.0
168.0
227.0
1909.0
101.0
82.0
250.0
242.0
358.0
798.0
391.0
341.0
183.0
286.0
195.0
161.0
812.0
393.0
893.0
1271.0
735.0
1508.0
147.0
778.0
378.0
286.0
469.0
687.0
1003.0
436.0
77.0
344.0
565.0
287.0
149.0
531.0
186.0
361.0
116.0
413.0
198.0
907.0
1514.0
617.0
364.0
1141.0
451.0
316.0
903.0
5199.0
6158.0
167.0
238.0
1914.0
109.0
88.0
252.0
233.0
338.0
773.0
388.0
346.0
191.0
268.0
210.0
168.0
773.0
388.0
938.0
1225.0
730.0
1408.0
151.0
775.0
379.0
284.0
453.0
683.0
975.0
422.0
75.0
329.0
555.0
276.0
146.0
502.0
186.0
357.0
118.0
423.0
202.0
884.0
1457.0
615.0
361.0
1176.0
441.0
315.0
906.0
5451.0
5954.0
166.0
231.0
1943.0
103.0
84.0
247.0
236.0
349.0
762.0
395.0
358.0
190.0
263.0
200.0
170.0
778.0
384.0
886.0
1227.0
751.0
1482.0
145.0
787.0
368.0
276.0
467.0
666.0
1021.0
401.0
77.0
314.0
572.0
302.0
143.0
491.0
195.0
346.0
113.0
429.0
204.0
893.0
1463.0
606.0
386.0
1157.0
451.0
303.0
963.0
5395.0
5938.0
177.0
235.0
1873.0
105.0
83.0
262.0
245.0
344.0
778.0
376.0
358.0
191.0
270.0
203.0
172.0
810.0
393.0
919.0
1318.0
737.0
1446.0
148.0
753.0
377.0
286.0
465.0
691.0
1049.0
405.0
80.0
327.0
588.0
301.0
149.0
525.0
185.0
371.0
118.0
411.0
208.0
856.0
1436.0
622.0
385.0
1160.0
441.0
325.0
953.0
5566.0
5653.0
165.0
232.0
1938.0
106.0
82.0
249.0
251.0
341.0
765.0
382.0
349.0
186.0
275.0
204.0
163.0
851.0
382.0
941.0
1282.0
761.0
1439.0
146.0
811.0
385.0
284.0
452.0
660.0
1051.0
405.0
81.0
342.0
540.0
296.0
148.0
487.0
179.0
348.0
111.0
392.0
202.0
855.0
1507.0
627.0
385.0
1197.0
427.0
310.0
942.0
5367.0
5662.0
168.0
232.0
1898.0
105.0
86.0
260.0
250.0
342.0
790.0
403.0
349.0
192.0
268.0
196.0
159.0
775.0
381.0
893.0
1240.0
752.0
1458.0
147.0
803.0
376.0
266.0
462.0
685.0
1015.0
406.0
77.0
323.0
583.0
303.0
148.0
501.0
183.0
360.0
114.0
404.0
204.0
891.0
1484.0
641.0
366.0
1220.0
456.0
315.0
934.0
5435.0
6021.0
168.0
233.0
1876.0
107.0
87.0
261.0
229.0
328.0
816.0
398.0
358.0
192.0
260.0
203.0
160.0
817.0
394.0
893.0
1228.0
743.0
1442.0
155.0
759.0
371.0
281.0
476.0
682.0
1033.0
418.0
77.0
332.0
551.0
296.0
144.0
513.0
179.0
345.0
118.0
396.0
205.0
852.0
1397.0
644.0
374.0
1185.0
428.0
307.0
952.0
5072.0
5602.0
171.0
225.0
1937.0
105.0
86.0
242.0
229.0
343.0
759.0
372.0
349.0
190.0
262.0
193.0
164.0
800.0
381.0
892.0
1287.0
724.0
1519.0
149.0
768.0
375.0
280.0
472.0
700.0
1065.0
415.0
82.0
339.0
541.0
278.0
142.0
504.0
189.0
358.0
114.0
432.0
200.0
900.0
1469.0
610.0
384.0
1229.0
437.0
317.0
959.0
5222.0
5983.0
172.0
228.0
1866.0
106.0
86.0
250.0
250.0
336.0
793.0
401.0
338.0
181.0
260.0
203.0
171.0
835.0
386.0
951.0
1278.0
744.0
1461.0
152.0
754.0
379.0
270.0
456.0
668.0
1020.0
426.0
79.0
325.0
557.0
293.0
147.0
501.0
188.0
366.0
114.0
399.0
208.0
857.0
1514.0
603.0
372.0
1252.0
435.0
322.0
932.0
5354.0
5661.0
171.0
240.0
1922.0
105.0
84.0
259.0
229.0
354.0
785.0
375.0
343.0
192.0
260.0
199.0
161.0
804.0
383.0
887.0
1265.0
168.0
161.0
160.0
164.0
203.0
160.0
143.0
150.0
292.0
156.0
148.0
168.0
151.0
150.0
136.0
164.0
150.0
162.0
286.0
140.0
160.0
148.0
150.0
164.0
138.0
152.0
288.0
304.0
148.0
152.0
156.0
168.0
159.0
160.0
164.0
146.0
321.0
150.0
280.0
158.0
314.0
289.0
254.0
248.0
260.0
450.0
302.0
308.0
465.0
150.0
157.0
170.0
147.0
151.0
224.0
166.0
155.0
152.0
296.0
156.0
152.0
140.0
156.0
132.0
151.0
147.0
136.0
150.0
273.0
165.0
158.0
158.0
150.0
150.0
138.0
147.0
256.0
279.0
153.0
145.0
144.0
166.0
145.0
165.0
151.0
146.0
307.0
154.0
274.0
152.0
286.0
296.0
308.0
286.0
281.0
446.0
292.0
306.0
464.0
146.0
156.0
144.0
158.0
158.0
220.0
150.0
158.0
139.0
312.0
164.0
160.0
152.0
138.0
150.0
162.0
148.0
157.0
152.0
328.0
160.0
164.0
138.0
134.0
137.0
144.0
168.0
330.0
269.0
140.0
152.0
164.0
162.0
132.0
158.0
148.0
158.0
314.0
158.0
306.0
152.0
300.0
266.0
281.0
284.0
273.0
430.0
258.0
326.0
426.0
150.0
175.0
161.0
154.0
164.0
207.0
162.0
142.0
162.0
290.0
142.0
162.0
152.0
143.0
154.0
152.0
138.0
152.0
160.0
252.0
142.0
150.0
174.0
162.0
146.0
138.0
166.0
286.0
286.0
154.0
154.0
146.0
142.0
174.0
154.0
156.0
144.0
332.0
146.0
284.0
148.0
286.0
312.0
310.0
274.0
274.0
462.0
274.0
286.0
482.0
146.0
175.0
168.0
151.0
155.0
234.0
144.0
154.0
156.0
273.0
158.0
158.0
169.0
143.0
148.0
150.0
169.0
135.0
147.0
258.0
148.0
152.0
168.0
160.0
132.0
126.0
167.0
252.0
288.0
162.0
153.0
167.0
162.0
157.0
138.0
165.0
168.0
319.0
154.0
275.0
167.0
305.0
289.0
324.0
255.0
266.0
421.0
279.0
319.0
406.0
144.0
150.0
178.0
148.0
159.0
220.0
163.0
140.0
146.0
274.0
149.0
150.0
142.0
148.0
156.0
156.0
133.0
164.0
155.0
316.0
148.0
147.0
143.0
154.0
151.0
132.0
153.0
270.0
300.0
166.0
147.0
138.0
171.0
160.0
156.0
154.0
149.0
316.0
154.0
308.0
162.0
299.0
288.0
302.0
312.0
265.0
439.0
286.0
259.0
410.0
167.0
164.0
159.0
158.0
158.0
238.0
162.0
154.0
154.0
270.0
156.0
171.0
138.0
168.0
139.0
152.0
152.0
157.0
149.0
286.0
158.0
148.0
152.0
144.0
164.0
132.0
160.0
261.0
300.0
140.0
146.0
135.0
170.0
162.0
156.0
158.0
146.0
304.0
153.0
324.0
158.0
290.0
255.0
284.0
300.0
294.0
422.0
286.0
302.0
447.0
168.0
137.0
162.0
168.0
163.0
222.0
150.0
158.0
150.0
300.0
149.0
152.0
166.0
146.0
150.0
164.0
168.0
142.0
172.0
272.0
148.0
158.0
144.0
168.0
157.0
151.0
140.0
304.0
264.0
134.0
136.0
138.0
147.0
148.0
142.0
144.0
142.0
268.0
156.0
282.0
155.0
280.0
324.0
315.0
270.0
316.0
402.0
288.0
248.0
444.0
149.0
160.0
150.0
150.0
159.0
224.0
160.0
148.0
148.0
330.0
155.0
143.0
174.0
154.0
169.0
164.0
162.0
156.0
142.0
290.0
165.0
174.0
147.0
142.0
170.0
142.0
162.0
297.0
270.0
142.0
165.0
156.0
158.0
162.0
144.0
170.0
162.0
270.0
164.0
288.0
158.0
317.0
312.0
268.0
304.0
292.0
399.0
280.0
287.0
411.0
141.0
164.0
154.0
162.0
146.0
206.0
146.0
154.0
142.0
300.0
154.0
156.0
148.0
163.0
157.0
148.0
156.0
160.0
134.0
283.0
160.0
152.0
140.0
162.0
162.0
140.0
160.0
315.0
302.0
162.0
144.0
167.0
152.0
163.0
152.0
150.0
144.0
274.0
153.0
282.0
155.0
278.0
272.0
269.0
308.0
306.0
411.0
272.0
326.0
440.0
172.0
