I_BRKGA_110_2_20_5_CESP
110 2 20 494.0
36199.5
35670.5
32618.5
31387.5
29475.5
31345.5
29242.5
31746.5
30538.5
29763.5
34494.5
35510.5
33575.5
29803.5
36052.5
32057.5
34296.5
33454.5
35449.5
31754.5
0.05728035532423493
0.047737227665228546
0.05616345420928237
0.04032577193975133
0.05498141574325234
0.04809066408727166
0.05447194446962335
0.04442365991058259
0.052653538599095544
0.04640445279837658
0.05573375460690436
0.04351448630755849
0.05577821559565568
0.041778903557739916
0.05708192512285575
0.04408106160443974
0.05234692508541174
0.049376264432718704
0.05712435696495717
0.04065162197505934
133.0
116.0
7663.0
71.0
496.0
1320.0
36.0
531.0
113.0
189.0
46.0
319.0
250.0
395.0
57.0
309.0
530.0
294.0
69.0
244.0
80.0
281.0
28.0
363.0
166.0
814.0
1347.0
546.0
342.0
1167.0
292.0
157.0
810.0
5368.0
5998.0
126.0
172.0
336.0
48.0
29.0
179.0
219.0
184.0
530.0
364.0
73.0
64.0
26.0
124.0
32.0
19.0
167.0
821.0
50.0
128.0
67.0
44.0
151.0
147.0
72.0
154.0
147.0
782.0
38.0
19.0
25.0
32.0
8.0
76.0
258.0
111.0
71.0
90.0
57.0
39.0
86.0
140.0
47.0
25.0
53.0
157.0
164.0
110.0
87.0
136.0
46.0
64.0
1523.0
55.0
58.0
71.0
26.0
158.0
276.0
31.0
279.0
129.0
252.0
83.0
136.0
830.0
214.0
70.0
1282.0
122.0
120.0
73.0
88.0
120.0
20.0
264.0
187.0
519.0
1224.0
35.0
553.0
114.0
175.0
44.0
319.0
247.0
374.0
58.0
312.0
528.0
290.0
70.0
238.0
82.0
276.0
29.0
354.0
163.0
769.0
1358.0
543.0
349.0
1180.0
293.0
149.0
857.0
5312.0
5549.0
127.0
160.0
331.0
48.0
28.0
179.0
220.0
185.0
510.0
338.0
74.0
64.0
25.0
127.0
33.0
19.0
168.0
900.0
51.0
125.0
61.0
46.0
156.0
150.0
72.0
161.0
143.0
725.0
35.0
21.0
24.0
30.0
8.0
75.0
261.0
107.0
68.0
84.0
58.0
40.0
89.0
153.0
46.0
26.0
57.0
154.0
159.0
104.0
82.0
137.0
46.0
64.0
1640.0
54.0
56.0
71.0
25.0
159.0
297.0
31.0
277.0
128.0
247.0
76.0
133.0
804.0
220.0
69.0
1254.0
122.0
119.0
73.0
87.0
116.0
19.0
265.0
190.0
485.0
1271.0
33.0
542.0
110.0
187.0
47.0
334.0
262.0
390.0
59.0
292.0
542.0
268.0
71.0
252.0
82.0
285.0
27.0
339.0
167.0
831.0
1348.0
552.0
363.0
1109.0
284.0
146.0
795.0
5065.0
5699.0
128.0
164.0
321.0
48.0
27.0
182.0
219.0
178.0
522.0
358.0
77.0
64.0
27.0
117.0
31.0
19.0
163.0
881.0
52.0
126.0
67.0
43.0
155.0
152.0
71.0
167.0
147.0
799.0
35.0
21.0
26.0
29.0
8.0
73.0
250.0
113.0
69.0
88.0
54.0
38.0
89.0
147.0
46.0
26.0
55.0
161.0
162.0
101.0
86.0
128.0
46.0
63.0
1537.0
59.0
59.0
68.0
25.0
160.0
291.0
33.0
285.0
120.0
252.0
76.0
132.0
820.0
225.0
71.0
1267.0
127.0
117.0
70.0
92.0
115.0
19.0
263.0
194.0
503.0
1275.0
33.0
560.0
119.0
187.0
44.0
343.0
258.0
385.0
59.0
320.0
552.0
271.0
75.0
235.0
77.0
300.0
27.0
358.0
162.0
845.0
1274.0
588.0
337.0
1148.0
288.0
155.0
798.0
5256.0
5520.0
124.0
160.0
304.0
49.0
27.0
175.0
225.0
193.0
506.0
372.0
77.0
66.0
25.0
125.0
31.0
20.0
171.0
828.0
53.0
125.0
64.0
44.0
159.0
154.0
76.0
152.0
148.0
750.0
35.0
21.0
25.0
31.0
8.0
69.0
272.0
111.0
67.0
88.0
55.0
40.0
82.0
147.0
49.0
27.0
56.0
157.0
174.0
110.0
82.0
138.0
44.0
61.0
1632.0
59.0
57.0
66.0
24.0
154.0
280.0
33.0
272.0
118.0
258.0
79.0
140.0
790.0
219.0
68.0
1246.0
130.0
120.0
73.0
88.0
114.0
20.0
260.0
189.0
480.0
1345.0
36.0
520.0
113.0
177.0
45.0
322.0
269.0
380.0
58.0
293.0
554.0
267.0
76.0
231.0
75.0
288.0
28.0
352.0
166.0
823.0
1386.0
569.0
335.0
1085.0
297.0
150.0
807.0
5057.0
5483.0
121.0
161.0
305.0
51.0
28.0
181.0
210.0
195.0
532.0
355.0
77.0
65.0
25.0
117.0
33.0
19.0
164.0
888.0
52.0
119.0
63.0
43.0
155.0
153.0
70.0
163.0
150.0
803.0
37.0
21.0
26.0
30.0
8.0
69.0
259.0
103.0
69.0
86.0
56.0
40.0
88.0
146.0
49.0
26.0
56.0
162.0
162.0
101.0
86.0
126.0
48.0
66.0
1506.0
56.0
59.0
71.0
26.0
165.0
280.0
33.0
265.0
118.0
248.0
77.0
138.0
821.0
224.0
70.0
1165.0
127.0
118.0
73.0
88.0
117.0
19.0
255.0
197.0
480.0
1266.0
36.0
517.0
115.0
191.0
48.0
341.0
249.0
379.0
61.0
294.0
513.0
294.0
71.0
249.0
81.0
282.0
27.0
339.0
158.0
831.0
1281.0
576.0
344.0
1108.0
283.0
158.0
874.0
5432.0
5614.0
130.0
169.0
331.0
49.0
27.0
186.0
209.0
196.0
525.0
345.0
77.0
64.0
26.0
125.0
30.0
20.0
167.0
874.0
53.0
125.0
65.0
45.0
155.0
148.0
76.0
167.0
140.0
785.0
35.0
21.0
24.0
30.0
8.0
71.0
275.0
105.0
70.0
86.0
57.0
38.0
89.0
144.0
49.0
27.0
58.0
158.0
174.0
103.0
87.0
132.0
45.0
67.0
1594.0
56.0
57.0
65.0
24.0
166.0
294.0
32.0
268.0
119.0
237.0
81.0
136.0
787.0
203.0
66.0
1280.0
121.0
123.0
69.0
87.0
113.0
19.0
266.0
201.0
513.0
1290.0
35.0
515.0
119.0
181.0
46.0
346.0
255.0
361.0
59.0
307.0
516.0
286.0
76.0
249.0
75.0
277.0
28.0
358.0
165.0
791.0
1298.0
595.0
329.0
1136.0
275.0
149.0
832.0
5003.0
5493.0
125.0
171.0
335.0
49.0
27.0
184.0
222.0
196.0
512.0
342.0
78.0
66.0
27.0
123.0
32.0
20.0
178.0
830.0
51.0
122.0
64.0
45.0
162.0
143.0
75.0
168.0
148.0
726.0
38.0
20.0
25.0
32.0
8.0
71.0
252.0
106.0
68.0
90.0
58.0
39.0
89.0
152.0
46.0
25.0
56.0
159.0
163.0
105.0
79.0
131.0
47.0
65.0
1519.0
57.0
59.0
65.0
24.0
155.0
271.0
33.0
264.0
129.0
241.0
76.0
131.0
783.0
212.0
70.0
1167.0
129.0
124.0
67.0
94.0
113.0
20.0
259.0
199.0
496.0
1252.0
36.0
512.0
110.0
190.0
47.0
349.0
258.0
382.0
61.0
298.0
530.0
286.0
75.0
247.0
79.0
273.0
28.0
358.0
156.0
799.0
1371.0
553.0
357.0
1162.0
289.0
152.0
868.0
5371.0
5760.0
119.0
166.0
335.0
49.0
27.0
193.0
214.0
194.0
486.0
363.0
78.0
66.0
26.0
122.0
30.0
19.0
163.0
882.0
51.0
125.0
64.0
46.0
162.0
151.0
71.0
153.0
141.0
800.0
38.0
19.0
25.0
31.0
8.0
73.0
256.0
104.0
70.0
89.0
56.0
40.0
89.0
148.0
49.0
26.0
57.0
159.0
161.0
109.0
83.0
132.0
48.0
64.0
1624.0
58.0
54.0
65.0
24.0
160.0
276.0
30.0
260.0
120.0
258.0
77.0
137.0
831.0
205.0
65.0
1174.0
122.0
122.0
72.0
91.0
116.0
20.0
268.0
205.0
516.0
1331.0
36.0
536.0
114.0
193.0
47.0
325.0
261.0
382.0
56.0
304.0
511.0
292.0
72.0
249.0
80.0
292.0
27.0
365.0
162.0
781.0
1275.0
559.0
340.0
1179.0
284.0
157.0
848.0
5313.0
5485.0
123.0
158.0
323.0
50.0
28.0
178.0
213.0
196.0
483.0
360.0
79.0
67.0
27.0
126.0
33.0
20.0
166.0
889.0
53.0
127.0
63.0
46.0
164.0
152.0
73.0
160.0
145.0
773.0
37.0
20.0
24.0
32.0
8.0
75.0
256.0
105.0
73.0
86.0
55.0
41.0
87.0
143.0
47.0
25.0
56.0
157.0
172.0
110.0
79.0
135.0
47.0
65.0
1564.0
55.0
54.0
70.0
26.0
167.0
282.0
31.0
285.0
127.0
252.0
82.0
131.0
805.0
213.0
69.0
1195.0
121.0
125.0
68.0
89.0
111.0
20.0
259.0
202.0
502.0
1309.0
35.0
505.0
115.0
193.0
44.0
335.0
250.0
393.0
59.0
315.0
553.0
271.0
71.0
246.0
80.0
288.0
27.0
368.0
170.0
811.0
1334.0
566.0
338.0
1171.0
301.0
146.0
867.0
5406.0
5650.0
126.0
172.0
323.0
51.0
29.0
179.0
205.0
188.0
504.0
341.0
75.0
63.0
26.0
119.0
31.0
19.0
171.0
857.0
50.0
129.0
63.0
44.0
154.0
144.0
76.0
153.0
144.0
740.0
37.0
21.0
24.0
32.0
8.0
73.0
276.0
111.0
69.0
89.0
57.0
38.0
81.0
149.0
46.0
25.0
54.0
151.0
172.0
107.0
85.0
139.0
47.0
67.0
1596.0
58.0
58.0
69.0
24.0
165.0
275.0
32.0
277.0
118.0
239.0
77.0
130.0
799.0
207.0
71.0
1209.0
132.0
121.0
73.0
88.0
119.0
19.0
269.0
190.0
509.0
1292.0
36.0
553.0
118.0
192.0
44.0
329.0
248.0
375.0
58.0
302.0
558.0
291.0
74.0
236.0
80.0
290.0
29.0
351.0
173.0
793.0
1331.0
596.0
329.0
1142.0
292.0
144.0
860.0
4970.0
5550.0
127.0
166.0
310.0
49.0
29.0
188.0
225.0
179.0
494.0
345.0
73.0
64.0
27.0
126.0
32.0
19.0
164.0
868.0
53.0
130.0
62.0
45.0
151.0
146.0
75.0
167.0
140.0
772.0
36.0
21.0
26.0
31.0
8.0
73.0
255.0
111.0
72.0
86.0
54.0
41.0
81.0
145.0
46.0
27.0
55.0
148.0
161.0
111.0
80.0
126.0
44.0
61.0
1511.0
59.0
56.0
70.0
24.0
151.0
296.0
33.0
265.0
119.0
245.0
80.0
137.0
781.0
208.0
66.0
1275.0
123.0
115.0
72.0
92.0
115.0
20.0
270.0
190.0
484.0
1241.0
35.0
558.0
109.0
181.0
46.0
340.0
244.0
400.0
57.0
298.0
512.0
271.0
69.0
244.0
79.0
290.0
29.0
347.0
163.0
779.0
1361.0
600.0
336.0
1129.0
281.0
157.0
810.0
5427.0
5672.0
131.0
158.0
331.0
49.0
27.0
184.0
219.0
185.0
513.0
346.0
78.0
67.0
26.0
123.0
33.0
20.0
173.0
904.0
51.0
125.0
66.0
42.0
160.0
145.0
75.0
167.0
147.0
736.0
36.0
20.0
26.0
32.0
8.0
71.0
270.0
112.0
67.0
84.0
59.0
40.0
81.0
142.0
46.0
27.0
56.0
149.0
164.0
107.0
83.0
137.0
44.0
67.0
1591.0
58.0
54.0
70.0
26.0
151.0
274.0
31.0
264.0
120.0
241.0
81.0
131.0
816.0
211.0
66.0
1226.0
125.0
120.0
68.0
89.0
116.0
20.0
260.0
206.0
475.0
1259.0
35.0
553.0
115.0
188.0
46.0
345.0
251.0
393.0
55.0
291.0
521.0
285.0
75.0
249.0
77.0
274.0
27.0
347.0
159.0
841.0
1328.0
574.0
338.0
1087.0
293.0
159.0
834.0
5020.0
5982.0
128.0
161.0
312.0
47.0
29.0
190.0
214.0
178.0
485.0
368.0
79.0
65.0
25.0
123.0
31.0
20.0
164.0
895.0
49.0
123.0
65.0
43.0
165.0
141.0
72.0
152.0
149.0
762.0
37.0
19.0
26.0
32.0
8.0
76.0
271.0
111.0
73.0
82.0
55.0
40.0
88.0
154.0
46.0
26.0
54.0
163.0
164.0
104.0
79.0
137.0
45.0
63.0
1628.0
54.0
56.0
71.0
25.0
152.0
290.0
31.0
273.0
119.0
242.0
81.0
139.0
806.0
208.0
67.0
1163.0
126.0
127.0
69.0
89.0
115.0
20.0
268.0
207.0
502.0
1252.0
35.0
556.0
114.0
178.0
44.0
336.0
247.0
384.0
58.0
295.0
550.0
288.0
73.0
238.0
82.0
302.0
27.0
355.0
165.0
798.0
1349.0
582.0
336.0
1156.0
294.0
148.0
807.0
5312.0
5630.0
126.0
171.0
336.0
48.0
28.0
183.0
212.0
182.0
534.0
358.0
75.0
64.0
27.0
123.0
32.0
20.0
176.0
883.0
52.0
128.0
63.0
46.0
157.0
150.0
74.0
166.0
151.0
769.0
36.0
21.0
25.0
30.0
8.0
70.0
266.0
110.0
70.0
83.0
59.0
39.0
87.0
154.0
45.0
25.0
57.0
163.0
165.0
105.0
82.0
129.0
48.0
65.0
1633.0
54.0
58.0
68.0
25.0
152.0
279.0
30.0
275.0
120.0
256.0
80.0
140.0
827.0
207.0
71.0
1270.0
128.0
124.0
73.0
86.0
112.0
19.0
255.0
196.0
495.0
1315.0
33.0
533.0
109.0
182.0
48.0
330.0
268.0
382.0
56.0
307.0
555.0
286.0
75.0
248.0
81.0
301.0
28.0
349.0
169.0
784.0
1371.0
562.0
349.0
1166.0
272.0
145.0
856.0
5322.0
5983.0
123.0
166.0
303.0
51.0
27.0
177.0
220.0
180.0
526.0
352.0
72.0
66.0
27.0
119.0
30.0
19.0
171.0
842.0
49.0
128.0
64.0
43.0
162.0
140.0
71.0
157.0
142.0
764.0
38.0
21.0
26.0
31.0
8.0
75.0
257.0
104.0
71.0
85.0
54.0
41.0
86.0
147.0
46.0
26.0
57.0
157.0
173.0
105.0
80.0
137.0
47.0
62.0
1526.0
55.0
54.0
71.0
25.0
164.0
283.0
31.0
275.0
119.0
241.0
83.0
141.0
817.0
219.0
66.0
1203.0
124.0
123.0
73.0
90.0
119.0
20.0
267.0
189.0
488.0
1252.0
33.0
507.0
111.0
184.0
45.0
325.0
254.0
379.0
61.0
291.0
545.0
279.0
69.0
247.0
81.0
276.0
28.0
344.0
172.0
803.0
1376.0
600.0
351.0
1156.0
274.0
149.0
859.0
5090.0
5781.0
125.0
159.0
336.0
47.0
29.0
185.0
218.0
179.0
497.0
360.0
74.0
65.0
25.0
116.0
32.0
20.0
167.0
841.0
52.0
129.0
66.0
45.0
155.0
143.0
76.0
158.0
149.0
777.0
37.0
19.0
25.0
31.0
8.0
75.0
275.0
110.0
71.0
89.0
59.0
38.0
86.0
149.0
48.0
27.0
54.0
158.0
165.0
111.0
86.0
135.0
47.0
61.0
1503.0
58.0
58.0
65.0
25.0
165.0
290.0
33.0
275.0
126.0
242.0
78.0
139.0
791.0
219.0
65.0
1242.0
124.0
126.0
68.0
88.0
115.0
19.0
250.0
204.0
514.0
1333.0
33.0
546.0
111.0
190.0
44.0
345.0
246.0
397.0
57.0
317.0
539.0
270.0
70.0
246.0
80.0
292.0
29.0
353.0
157.0
810.0
1366.0
560.0
357.0
1094.0
274.0
151.0
842.0
5294.0
5740.0
127.0
165.0
320.0
51.0
27.0
179.0
225.0
181.0
488.0
355.0
77.0
62.0
26.0
121.0
31.0
20.0
174.0
843.0
51.0
130.0
67.0
45.0
164.0
155.0
73.0
167.0
140.0
733.0
36.0
20.0
25.0
31.0
8.0
70.0
272.0
109.0
70.0
85.0
59.0
38.0
82.0
139.0
48.0
26.0
53.0
153.0
174.0
101.0
83.0
136.0
45.0
66.0
1643.0
54.0
56.0
66.0
24.0
161.0
294.0
32.0
272.0
123.0
258.0
79.0
129.0
828.0
222.0
66.0
1280.0
129.0
118.0
67.0
89.0
122.0
20.0
247.0
207.0
506.0
1267.0
33.0
559.0
119.0
183.0
48.0
331.0
250.0
400.0
57.0
306.0
511.0
275.0
72.0
251.0
79.0
298.0
29.0
369.0
159.0
771.0
1321.0
594.0
356.0
1168.0
298.0
156.0
813.0
5112.0
5647.0
131.0
172.0
336.0
46.0
28.0
189.0
207.0
180.0
501.0
339.0
72.0
63.0
27.0
122.0
32.0
19.0
168.0
886.0
50.0
126.0
63.0
42.0
167.0
151.0
73.0
156.0
151.0
770.0
37.0
20.0
25.0
30.0
8.0
75.0
256.0
111.0
68.0
86.0
58.0
40.0
86.0
140.0
45.0
26.0
54.0
151.0
173.0
101.0
81.0
134.0
46.0
64.0
1524.0
56.0
56.0
66.0
24.0
157.0
271.0
31.0
281.0
126.0
257.0
77.0
127.0
780.0
211.0
67.0
1189.0
131.0
121.0
69.0
91.0
121.0
20.0
252.0
207.0
519.0
1320.0
35.0
506.0
118.0
188.0
47.0
337.0
267.0
396.0
59.0
308.0
535.0
283.0
71.0
254.0
76.0
297.0
29.0
338.0
165.0
845.0
1375.0
563.0
341.0
1125.0
282.0
154.0
819.0
5098.0
5535.0
122.0
159.0
321.0
50.0
27.0
180.0
209.0
179.0
502.0
356.0
75.0
63.0
25.0
121.0
30.0
20.0
178.0
883.0
50.0
128.0
63.0
45.0
165.0
149.0
69.0
158.0
148.0
746.0
38.0
20.0
26.0
30.0
8.0
75.0
273.0
104.0
70.0
84.0
56.0
38.0
84.0
143.0
45.0
26.0
57.0
149.0
163.0
105.0
79.0
135.0
46.0
65.0
1655.0
56.0
56.0
68.0
26.0
151.0
283.0
33.0
286.0
127.0
243.0
75.0
133.0
812.0
214.0
65.0
1272.0
124.0
125.0
73.0
87.0
119.0
20.0
266.0
190.0
518.0
1287.0
35.0
530.0
112.0
182.0
46.0
345.0
244.0
378.0
61.0
310.0
505.0
280.0
76.0
237.0
77.0
302.0
27.0
338.0
171.0
763.0
1356.0
564.0
361.0
1158.0
279.0
157.0
867.0
5410.0
5762.0
120.0
164.0
322.0
48.0
29.0
179.0
217.0
195.0
516.0
362.0
77.0
62.0
27.0
125.0
32.0
20.0
168.0
837.0
51.0
127.0
67.0
43.0
156.0
145.0
71.0
159.0
146.0
755.0
35.0
20.0
25.0
29.0
8.0
73.0
255.0
109.0
68.0
91.0
54.0
38.0
83.0
141.0
48.0
26.0
57.0
154.0
174.0
108.0
80.0
129.0
47.0
67.0
1587.0
55.0
56.0
67.0
26.0
165.0
271.0
31.0
262.0
120.0
247.0
79.0
135.0
795.0
222.0
70.0
1258.0
130.0
121.0
70.0
91.0
115.0
19.0
251.0
206.0
175.0
201.0
168.0
131.0
460.0
163.0
133.0
150.0
174.0
146.0
150.0
145.0
152.0
167.0
155.0
160.0
159.0
165.0
391.0
144.0
151.0
154.0
165.0
154.0
159.0
174.0
137.0
371.0
168.0
136.0
132.0
138.0
171.0
148.0
154.0
132.0
158.0
163.0
170.0
166.0
131.0
134.0
151.0
148.0
162.0
382.0
175.0
143.0
488.0
164.0
161.0
136.0
164.0
173.0
155.0
158.0
168.0
144.0
415.0
130.0
170.0
150.0
150.0
173.0
168.0
131.0
159.0
139.0
139.0
131.0
133.0
142.0
149.0
173.0
123.0
164.0
393.0
161.0
162.0
152.0
138.0
145.0
133.0
161.0
131.0
135.0
364.0
142.0
388.0
146.0
486.0
383.0
395.0
491.0
438.0
465.0
384.0
384.0
405.0
135.0
130.0
141.0
143.0
135.0
171.0
142.0
138.0
142.0
184.0
183.0
153.0
152.0
421.0
155.0
152.0
174.0
174.0
177.0
164.0
140.0
133.0
142.0
163.0
134.0
133.0
162.0
421.0
155.0
149.0
134.0
169.0
138.0
143.0
169.0
168.0
370.0
146.0
165.0
136.0
141.0
130.0
164.0
147.0
132.0
163.0
164.0
158.0
163.0
174.0
174.0
160.0
136.0
136.0
481.0
140.0
160.0
424.0
160.0
169.0
146.0
177.0
133.0
165.0
155.0
147.0
140.0
389.0
134.0
146.0
137.0
151.0
157.0
133.0
160.0
168.0
140.0
131.0
161.0
142.0
153.0
172.0
157.0
142.0
169.0
473.0
162.0
172.0
170.0
175.0
131.0
168.0
158.0
166.0
133.0
426.0
130.0
391.0
155.0
446.0
430.0
413.0
400.0
377.0
409.0
487.0
411.0
396.0
142.0
134.0
147.0
168.0
146.0
148.0
171.0
141.0
155.0
197.0
180.0
156.0
167.0
492.0
174.0
134.0
173.0
147.0
170.0
161.0
172.0
163.0
164.0
142.0
166.0
145.0
172.0
377.0
160.0
171.0
145.0
156.0
157.0
157.0
130.0
154.0
474.0
139.0
170.0
134.0
151.0
142.0
161.0
168.0
154.0
140.0
147.0
151.0
177.0
156.0
164.0
154.0
112.0
133.0
391.0
162.0
147.0
472.0
154.0
175.0
152.0
157.0
144.0
145.0
159.0
154.0
168.0
486.0
176.0
160.0
161.0
147.0
144.0
148.0
165.0
147.0
175.0
130.0
135.0
139.0
154.0
165.0
158.0
124.0
152.0
406.0
131.0
143.0
166.0
166.0
154.0
177.0
162.0
161.0
143.0
405.0
166.0
462.0
130.0
414.0
366.0
368.0
414.0
454.0
472.0
474.0
432.0
441.0
171.0
167.0
160.0
150.0
131.0
147.0
165.0
165.0
164.0
190.0
184.0
166.0
147.0
439.0
169.0
172.0
170.0
174.0
151.0
173.0
144.0
146.0
163.0
145.0
153.0
133.0
176.0
440.0
154.0
131.0
173.0
168.0
161.0
151.0
177.0
158.0
493.0
138.0
166.0
147.0
146.0
173.0
157.0
147.0
143.0
166.0
131.0
177.0
140.0
130.0
130.0
152.0
121.0
176.0
461.0
163.0
132.0
389.0
138.0
174.0
158.0
155.0
168.0
163.0
147.0
166.0
165.0
474.0
151.0
169.0
156.0
176.0
176.0
166.0
176.0
152.0
147.0
138.0
134.0
164.0
157.0
152.0
134.0
141.0
140.0
400.0
164.0
152.0
144.0
134.0
147.0
149.0
130.0
161.0
131.0
468.0
154.0
478.0
172.0
414.0
387.0
380.0
376.0
489.0
399.0
416.0
480.0
469.0
132.0
156.0
149.0
132.0
138.0
153.0
164.0
141.0
155.0
173.0
197.0
172.0
172.0
363.0
157.0
165.0
137.0
160.0
141.0
169.0
132.0
154.0
163.0
175.0
150.0
156.0
152.0
473.0
166.0
168.0
150.0
132.0
142.0
167.0
159.0
167.0
446.0
133.0
163.0
167.0
172.0
140.0
162.0
132.0
142.0
139.0
142.0
145.0
176.0
138.0
168.0
135.0
120.0
157.0
453.0
139.0
171.0
445.0
163.0
156.0
167.0
135.0
162.0
134.0
146.0
153.0
157.0
378.0
170.0
157.0
151.0
164.0
151.0
173.0
150.0
137.0
157.0
146.0
147.0
150.0
163.0
167.0
166.0
152.0
155.0
428.0
152.0
133.0
155.0
141.0
160.0
174.0
148.0
135.0
157.0
433.0
175.0
394.0
139.0
483.0
477.0
369.0
368.0
425.0
441.0
402.0
422.0
487.0
163.0
173.0
131.0
167.0
172.0
143.0
162.0
142.0
159.0
183.0
192.0
143.0
163.0
385.0
176.0
133.0
138.0
158.0
168.0
130.0
176.0
134.0
150.0
139.0
170.0
163.0
176.0
476.0
174.0
140.0
148.0
140.0
133.0
161.0
163.0
170.0
395.0
133.0
156.0
153.0
136.0
150.0
132.0
160.0
168.0
151.0
131.0
165.0
144.0
169.0
164.0
160.0
130.0
174.0
371.0
154.0
176.0
390.0
138.0
155.0
139.0
176.0
177.0
135.0
154.0
173.0
173.0
400.0
156.0
160.0
166.0
155.0
161.0
151.0
172.0
154.0
145.0
167.0
164.0
169.0
148.0
169.0
142.0
131.0
148.0
486.0
166.0
146.0
141.0
141.0
169.0
149.0
134.0
165.0
133.0
439.0
146.0
365.0
138.0
404.0
440.0
483.0
490.0
480.0
454.0
386.0
425.0
385.0
162.0
172.0
151.0
162.0
145.0
173.0
169.0
170.0
167.0
204.0
203.0
154.0
154.0
462.0
148.0
132.0
143.0
174.0
146.0
165.0
131.0
169.0
130.0
139.0
131.0
164.0
174.0
372.0
150.0
160.0
160.0
144.0
141.0
177.0
177.0
156.0
392.0
130.0
139.0
164.0
153.0
168.0
151.0
158.0
147.0
153.0
147.0
132.0
141.0
161.0
149.0
146.0
125.0
177.0
458.0
157.0
146.0
379.0
156.0
133.0
165.0
170.0
167.0
144.0
132.0
139.0
153.0
369.0
148.0
136.0
151.0
144.0
132.0
174.0
172.0
147.0
174.0
146.0
143.0
151.0
137.0
134.0
159.0
117.0
133.0
421.0
148.0
173.0
163.0
173.0
162.0
164.0
133.0
138.0
169.0
460.0
173.0
473.0
141.0
418.0
381.0
456.0
475.0
384.0
463.0
437.0
386.0
376.0
175.0
165.0
160.0
139.0
169.0
172.0
176.0
143.0
131.0
194.0
191.0
172.0
173.0
482.0
134.0
137.0
147.0
164.0
132.0
165.0
138.0
177.0
162.0
133.0
165.0
133.0
168.0
482.0
149.0
142.0
158.0
134.0
155.0
135.0
163.0
154.0
454.0
160.0
131.0
167.0
175.0
157.0
174.0
168.0
143.0
152.0
145.0
137.0
173.0
167.0
176.0
151.0
141.0
169.0
392.0
175.0
147.0
467.0
163.0
149.0
142.0
141.0
163.0
177.0
136.0
139.0
155.0
395.0
155.0
137.0
171.0
170.0
146.0
132.0
170.0
130.0
155.0
169.0
158.0
157.0
144.0
141.0
146.0
125.0
169.0
492.0
143.0
172.0
171.0
136.0
169.0
144.0
130.0
170.0
136.0
392.0
151.0
437.0
167.0
411.0
435.0
363.0
480.0
407.0
427.0
380.0
431.0
393.0
164.0
155.0
167.0
169.0
145.0
174.0
131.0
163.0
131.0
153.0
153.0
135.0
170.0
421.0
144.0
145.0
157.0
175.0
162.0
150.0
146.0
175.0
162.0
145.0
138.0
171.0
168.0
380.0
140.0
136.0
145.0
135.0
139.0
169.0
141.0
135.0
479.0
134.0
168.0
177.0
136.0
168.0
150.0
156.0
151.0
156.0
177.0
168.0
136.0
144.0
130.0
170.0
141.0
164.0
482.0
153.0
130.0
483.0
155.0
158.0
175.0
132.0
169.0
152.0
146.0
135.0
165.0
492.0
170.0
164.0
151.0
145.0
131.0
174.0
133.0
145.0
144.0
138.0
148.0
130.0
171.0
176.0
165.0
139.0
151.0
382.0
153.0
153.0
165.0
142.0
134.0
172.0
156.0
174.0
161.0
475.0
163.0
398.0
150.0
455.0
371.0
375.0
433.0
460.0
451.0
381.0
376.0
366.0
150.0
146.0
154.0
155.0
132.0
168.0
140.0
156.0
141.0
207.0
193.0
164.0
131.0
403.0
151.0
155.0
138.0
147.0
152.0
168.0
164.0
136.0
158.0
160.0
136.0
130.0
144.0
462.0
173.0
160.0
135.0
145.0
137.0
168.0
168.0
166.0
471.0
165.0
153.0
174.0
159.0
166.0
136.0
159.0
150.0
142.0
157.0
157.0
142.0
169.0
167.0
149.0
140.0
170.0
463.0
162.0
150.0
404.0
162.0
162.0
151.0
161.0
134.0
137.0
177.0
149.0
137.0
398.0
137.0
141.0
138.0
153.0
165.0
142.0
140.0
140.0
143.0
148.0
138.0
142.0
149.0
137.0
175.0
133.0
165.0
408.0
150.0
159.0
173.0
143.0
134.0
132.0
166.0
163.0
142.0
405.0
157.0
427.0
158.0
381.0
454.0
459.0
422.0
432.0
417.0
469.0
433.0
418.0
158.0
157.0
164.0
141.0
141.0
170.0
132.0
147.0
159.0
189.0
156.0
159.0
136.0
492.0
150.0
132.0
173.0
132.0
132.0
165.0
157.0
147.0
149.0
154.0
167.0
131.0
169.0
411.0
171.0
169.0
155.0
154.0
132.0
159.0
145.0
134.0
415.0
158.0
163.0
169.0
159.0
150.0
131.0
155.0
132.0
165.0
171.0
170.0
158.0
136.0
174.0
175.0
133.0
161.0
482.0
171.0
143.0
446.0
137.0
166.0
166.0
137.0
150.0
152.0
167.0
163.0
157.0
447.0
147.0
157.0
137.0
170.0
160.0
139.0
148.0
148.0
177.0
155.0
174.0
137.0
174.0
176.0
150.0
131.0
169.0
462.0
148.0
154.0
151.0
143.0
153.0
147.0
134.0
152.0
138.0
424.0
147.0
459.0
158.0
423.0
417.0
484.0
364.0
486.0
475.0
482.0
481.0
461.0
155.0
145.0
141.0
149.0
148.0
155.0
172.0
140.0
159.0
159.0
153.0
174.0
174.0
393.0
131.0
131.0
176.0
163.0
144.0
139.0
162.0
169.0
166.0
138.0
154.0
135.0
141.0
418.0
168.0
143.0
173.0
136.0
149.0
157.0
152.0
149.0
463.0
137.0
154.0
174.0
161.0
170.0
168.0
141.0
160.0
165.0
130.0
143.0
165.0
148.0
172.0
145.0
147.0
162.0
465.0
176.0
139.0
416.0
132.0
130.0
140.0
139.0
142.0
150.0
151.0
157.0
142.0
434.0
177.0
176.0
139.0
156.0
142.0
175.0
149.0
155.0
157.0
151.0
155.0
163.0
162.0
139.0
149.0
146.0
139.0
489.0
152.0
174.0
155.0
138.0
168.0
135.0
174.0
137.0
136.0
401.0
150.0
485.0
139.0
405.0
381.0
399.0
423.0
450.0
389.0
469.0
376.0
411.0
172.0
166.0
160.0
148.0
131.0
140.0
162.0
159.0
175.0
191.0
194.0
150.0
177.0
418.0
173.0
141.0
169.0
159.0
131.0
156.0
130.0
169.0
157.0
163.0
140.0
177.0
145.0
472.0
158.0
156.0
161.0
135.0
160.0
145.0
131.0
141.0
481.0
150.0
167.0
157.0
148.0
168.0
153.0
159.0
145.0
132.0
167.0
150.0
161.0
151.0
161.0
158.0
138.0
158.0
416.0
154.0
139.0
366.0
140.0
133.0
170.0
156.0
144.0
146.0
168.0
146.0
136.0
428.0
133.0
132.0
171.0
144.0
159.0
143.0
152.0
165.0
153.0
149.0
159.0
163.0
133.0
145.0
170.0
145.0
154.0
367.0
144.0
173.0
168.0
162.0
176.0
142.0
154.0
162.0
154.0
402.0
137.0
368.0
171.0
373.0
364.0
368.0
389.0
407.0
428.0
474.0
390.0
444.0
161.0
156.0
151.0
147.0
149.0
136.0
148.0
132.0
147.0
196.0
172.0
163.0
154.0
378.0
158.0
153.0
140.0
170.0
134.0
143.0
134.0
134.0
161.0
177.0
165.0
149.0
176.0
445.0
156.0
137.0
175.0
130.0
174.0
169.0
130.0
155.0
452.0
148.0
131.0
169.0
150.0
170.0
134.0
168.0
148.0
160.0
143.0
155.0
157.0
146.0
171.0
177.0
138.0
173.0
404.0
165.0
166.0
451.0
142.0
174.0
174.0
145.0
157.0
130.0
150.0
135.0
156.0
415.0
150.0
158.0
146.0
175.0
149.0
172.0
146.0
162.0
132.0
142.0
140.0
139.0
137.0
143.0
167.0
113.0
149.0
394.0
172.0
166.0
172.0
142.0
170.0
140.0
139.0
144.0
147.0
426.0
130.0
401.0
171.0
465.0
447.0
459.0
448.0
475.0
402.0
451.0
382.0
448.0
156.0
174.0
160.0
164.0
139.0
174.0
164.0
142.0
144.0
173.0
188.0
167.0
143.0
480.0
142.0
131.0
145.0
142.0
135.0
152.0
149.0
162.0
137.0
150.0
163.0
157.0
170.0
483.0
144.0
153.0
162.0
147.0
142.0
137.0
156.0
144.0
462.0
141.0
149.0
140.0
156.0
163.0
173.0
142.0
138.0
131.0
157.0
130.0
156.0
176.0
171.0
158.0
148.0
149.0
480.0
154.0
142.0
388.0
150.0
177.0
166.0
155.0
137.0
141.0
169.0
138.0
168.0
407.0
150.0
135.0
144.0
152.0
163.0
130.0
133.0
167.0
130.0
139.0
146.0
137.0
149.0
147.0
174.0
128.0
150.0
469.0
166.0
173.0
135.0
141.0
145.0
166.0
135.0
146.0
163.0
465.0
177.0
434.0
172.0
484.0
412.0
487.0
434.0
376.0
407.0
490.0
405.0
423.0
136.0
155.0
155.0
146.0
149.0
162.0
166.0
172.0
144.0
200.0
187.0
164.0
137.0
423.0
170.0
136.0
160.0
138.0
145.0
131.0
159.0
151.0
172.0
141.0
136.0
172.0
171.0
377.0
135.0
153.0
165.0
146.0
168.0
132.0
148.0
162.0
381.0
137.0
167.0
169.0
143.0
158.0
143.0
162.0
143.0
132.0
154.0
161.0
156.0
150.0
165.0
177.0
132.0
136.0
411.0
177.0
157.0
418.0
152.0
165.0
158.0
138.0
135.0
169.0
136.0
135.0
146.0
479.0
135.0
139.0
149.0
137.0
147.0
151.0
155.0
151.0
141.0
135.0
133.0
175.0
167.0
132.0
148.0
113.0
145.0
408.0
144.0
166.0
170.0
157.0
174.0
176.0
143.0
161.0
168.0
377.0
171.0
475.0
131.0
465.0
449.0
481.0
483.0
422.0
463.0
460.0
491.0
378.0
159.0
174.0
143.0
134.0
175.0
173.0
140.0
141.0
153.0
189.0
204.0
151.0
139.0
431.0
136.0
172.0
144.0
135.0
166.0
152.0
151.0
154.0
175.0
159.0
168.0
152.0
143.0
399.0
165.0
177.0
176.0
159.0
164.0
158.0
175.0
174.0
393.0
143.0
160.0
171.0
139.0
176.0
167.0
160.0
173.0
168.0
135.0
133.0
154.0
153.0
146.0
167.0
143.0
173.0
452.0
155.0
142.0
443.0
139.0
159.0
160.0
151.0
155.0
132.0
149.0
137.0
166.0
458.0
142.0
136.0
152.0
168.0
135.0
171.0
149.0
133.0
142.0
172.0
132.0
131.0
147.0
136.0
141.0
149.0
139.0
477.0
154.0
173.0
141.0
169.0
172.0
144.0
158.0
148.0
139.0
386.0
135.0
396.0
136.0
402.0
374.0
453.0
471.0
469.0
426.0
491.0
421.0
492.0
147.0
154.0
136.0
158.0
164.0
132.0
149.0
134.0
150.0
182.0
183.0
170.0
149.0
368.0
134.0
146.0
162.0
157.0
130.0
167.0
161.0
147.0
141.0
159.0
131.0
161.0
175.0
374.0
172.0
152.0
149.0
156.0
133.0
133.0
151.0
146.0
475.0
145.0
173.0
144.0
148.0
170.0
153.0
153.0
170.0
167.0
172.0
151.0
156.0
159.0
147.0
133.0
120.0
145.0
476.0
134.0
158.0
468.0
141.0
160.0
144.0
150.0
162.0
146.0
176.0
177.0
174.0
494.0
144.0
156.0
176.0
167.0
137.0
173.0
158.0
153.0
167.0
165.0
160.0
145.0
160.0
151.0
173.0
115.0
140.0
442.0
142.0
132.0
149.0
140.0
134.0
158.0
169.0
140.0
148.0
438.0
138.0
401.0
139.0
466.0
471.0
401.0
450.0
402.0
476.0
427.0
440.0
414.0
165.0
134.0
174.0
135.0
165.0
163.0
154.0
136.0
138.0
200.0
160.0
135.0
134.0
470.0
165.0
167.0
165.0
176.0
143.0
162.0
144.0
168.0
155.0
174.0
141.0
147.0
130.0
449.0
158.0
141.0
156.0
132.0
140.0
175.0
151.0
171.0
395.0
132.0
134.0
139.0
164.0
142.0
155.0
158.0
138.0
164.0
145.0
174.0
145.0
172.0
161.0
159.0
125.0
163.0
463.0
176.0
148.0
409.0
167.0
133.0
145.0
145.0
168.0
131.0
165.0
167.0
169.0
474.0
167.0
165.0
158.0
143.0
149.0
172.0
163.0
176.0
132.0
160.0
160.0
143.0
167.0
164.0
144.0
126.0
158.0
476.0
137.0
143.0
132.0
175.0
151.0
156.0
167.0
159.0
173.0
493.0
164.0
462.0
163.0
363.0
398.0
478.0
470.0
477.0
447.0
383.0
365.0
384.0
166.0
145.0
137.0
168.0
140.0
139.0
146.0
137.0
157.0
166.0
169.0
145.0
165.0
419.0
132.0
146.0
148.0
143.0
150.0
136.0
145.0
138.0
152.0
146.0
166.0
173.0
150.0
405.0
159.0
141.0
174.0
133.0
132.0
171.0
168.0
165.0
413.0
145.0
138.0
136.0
171.0
148.0
135.0
138.0
168.0
174.0
137.0
145.0
135.0
133.0
175.0
158.0
130.0
172.0
393.0
148.0
149.0
364.0
165.0
143.0
139.0
150.0
170.0
172.0
137.0
144.0
132.0
491.0
166.0
173.0
148.0
156.0
136.0
161.0
158.0
172.0
136.0
132.0
163.0
148.0
151.0
166.0
175.0
145.0
158.0
464.0
166.0
153.0
143.0
152.0
165.0
133.0
169.0
160.0
176.0
439.0
166.0
467.0
160.0
415.0
410.0
484.0
447.0
395.0
478.0
480.0
482.0
485.0
137.0
132.0
175.0
172.0
144.0
158.0
164.0
132.0
167.0
