I_BRKGA_52_2_30_12_CESP
52 2 30 495.0
31741.5
28573.5
31424.5
34299.5
31736.5
30508.5
32244.5
33727.5
32063.5
30631.5
29772.5
29284.5
32069.5
30380.5
35429.5
31538.5
34672.5
34990.5
29653.5
29702.5
32615.5
35650.5
33960.5
28875.5
35454.5
33487.5
29536.5
31563.5
34332.5
33050.5
0.03779299398331626
0.029149161649700592
0.03767391906174258
0.029784573030019256
0.038392683890942685
0.029668604155004583
0.03711662726043649
0.027680966541246802
0.03691099966310824
0.02678130268215504
0.03575020177694327
0.028605179955126646
0.03937999503342768
0.027923915743348335
0.039359372473617406
0.029353169046653575
0.03709851285947168
0.02720940876466088
0.03443175801665773
0.02890044280001402
0.03820753624728258
0.03253341152212733
0.037630430916246106
0.03276407405514236
0.037514853911842574
0.031590431784445115
0.037169872267993266
0.02816980882110392
0.03739964733698059
0.02805614474924245
129.0
125.0
7678.0
62.0
727.0
1476.0
149.0
768.0
392.0
273.0
466.0
670.0
1023.0
423.0
76.0
320.0
586.0
296.0
151.0
506.0
190.0
370.0
114.0
408.0
211.0
908.0
1437.0
602.0
363.0
1174.0
436.0
311.0
901.0
5094.0
5772.0
171.0
231.0
1955.0
105.0
85.0
265.0
242.0
355.0
773.0
390.0
362.0
192.0
274.0
192.0
160.0
818.0
382.0
919.0
1331.0
757.0
1440.0
152.0
795.0
373.0
281.0
463.0
692.0
1009.0
403.0
78.0
325.0
572.0
280.0
149.0
513.0
187.0
360.0
112.0
403.0
200.0
912.0
1446.0
593.0
384.0
1137.0
444.0
313.0
898.0
5066.0
5878.0
174.0
223.0
1908.0
107.0
87.0
261.0
244.0
354.0
765.0
384.0
354.0
194.0
273.0
207.0
161.0
814.0
374.0
886.0
1288.0
724.0
1496.0
145.0
759.0
386.0
282.0
468.0
669.0
977.0
416.0
78.0
339.0
555.0
276.0
145.0
502.0
192.0
364.0
111.0
424.0
197.0
856.0
1492.0
621.0
382.0
1168.0
453.0
310.0
964.0
5224.0
6059.0
173.0
221.0
1886.0
106.0
87.0
247.0
242.0
355.0
781.0
387.0
360.0
187.0
261.0
201.0
171.0
827.0
387.0
898.0
1263.0
772.0
1472.0
153.0
785.0
393.0
285.0
458.0
680.0
1045.0
403.0
79.0
317.0
547.0
279.0
143.0
510.0
186.0
340.0
117.0
415.0
201.0
869.0
1504.0
594.0
389.0
1141.0
448.0
326.0
949.0
5445.0
5688.0
171.0
227.0
1990.0
105.0
88.0
249.0
236.0
356.0
815.0
381.0
357.0
192.0
275.0
202.0
169.0
769.0
370.0
968.0
1220.0
746.0
1523.0
145.0
801.0
374.0
278.0
456.0
665.0
1040.0
433.0
80.0
335.0
580.0
294.0
144.0
510.0
186.0
356.0
114.0
420.0
204.0
879.0
1477.0
613.0
365.0
1160.0
428.0
326.0
969.0
5138.0
5581.0
174.0
222.0
1867.0
106.0
83.0
256.0
242.0
345.0
776.0
394.0
355.0
185.0
274.0
202.0
160.0
850.0
397.0
971.0
1319.0
758.0
1468.0
146.0
815.0
382.0
280.0
472.0
660.0
1021.0
425.0
76.0
322.0
589.0
302.0
143.0
504.0
186.0
357.0
114.0
422.0
210.0
873.0
1438.0
614.0
384.0
1211.0
443.0
328.0
953.0
5097.0
6055.0
179.0
237.0
1939.0
105.0
87.0
260.0
233.0
358.0
810.0
401.0
352.0
193.0
274.0
194.0
170.0
843.0
398.0
936.0
1255.0
736.0
1521.0
150.0
804.0
383.0
276.0
463.0
676.0
991.0
427.0
80.0
339.0
542.0
303.0
150.0
519.0
188.0
348.0
114.0
428.0
202.0
914.0
1511.0
630.0
370.0
1145.0
436.0
325.0
974.0
5326.0
5579.0
175.0
224.0
1853.0
108.0
84.0
253.0
229.0
345.0
797.0
378.0
362.0
181.0
281.0
206.0
169.0
850.0
373.0
966.0
1322.0
736.0
1478.0
149.0
780.0
383.0
274.0
444.0
681.0
1015.0
419.0
82.0
320.0
585.0
277.0
149.0
496.0
182.0
353.0
111.0
400.0
203.0
885.0
1515.0
637.0
364.0
1143.0
431.0
322.0
943.0
5402.0
5815.0
167.0
228.0
1887.0
103.0
81.0
256.0
246.0
343.0
779.0
406.0
345.0
183.0
275.0
206.0
166.0
811.0
400.0
974.0
1234.0
771.0
1434.0
152.0
787.0
397.0
278.0
452.0
670.0
1001.0
433.0
79.0
333.0
572.0
303.0
143.0
502.0
186.0
357.0
115.0
395.0
206.0
892.0
1456.0
640.0
354.0
1237.0
441.0
334.0
963.0
5196.0
6073.0
174.0
225.0
1825.0
107.0
81.0
252.0
234.0
353.0
797.0
405.0
349.0
187.0
267.0
199.0
161.0
828.0
391.0
954.0
1331.0
731.0
1455.0
144.0
772.0
383.0
266.0
459.0
662.0
1017.0
418.0
77.0
331.0
575.0
299.0
150.0
514.0
193.0
353.0
110.0
406.0
204.0
857.0
1521.0
600.0
360.0
1230.0
445.0
330.0
899.0
5149.0
5914.0
177.0
231.0
1863.0
106.0
83.0
255.0
241.0
351.0
799.0
386.0
345.0
184.0
276.0
196.0
165.0
844.0
392.0
953.0
1228.0
731.0
1440.0
150.0
771.0
373.0
284.0
475.0
693.0
984.0
435.0
76.0
336.0
550.0
300.0
145.0
516.0
190.0
360.0
113.0
419.0
214.0
865.0
1442.0
612.0
365.0
1241.0
455.0
315.0
908.0
5405.0
5941.0
167.0
224.0
1854.0
106.0
85.0
259.0
234.0
344.0
755.0
382.0
335.0
195.0
281.0
198.0
165.0
782.0
378.0
947.0
1230.0
736.0
1483.0
152.0
812.0
375.0
280.0
457.0
710.0
1028.0
404.0
79.0
338.0
580.0
289.0
146.0
489.0
181.0
360.0
114.0
430.0
209.0
895.0
1477.0
625.0
385.0
1151.0
441.0
312.0
904.0
5262.0
5894.0
171.0
222.0
1863.0
107.0
85.0
257.0
240.0
332.0
778.0
379.0
352.0
185.0
282.0
201.0
169.0
840.0
391.0
891.0
1330.0
730.0
1508.0
150.0
798.0
390.0
267.0
459.0
678.0
999.0
420.0
79.0
316.0
550.0
303.0
145.0
505.0
186.0
365.0
114.0
400.0
207.0
915.0
1487.0
595.0
366.0
1227.0
442.0
329.0
937.0
5402.0
5918.0
178.0
232.0
1972.0
103.0
84.0
251.0
237.0
348.0
779.0
390.0
358.0
184.0
265.0
197.0
173.0
812.0
386.0
908.0
1277.0
729.0
1502.0
145.0
812.0
377.0
265.0
479.0
688.0
1003.0
427.0
77.0
341.0
545.0
280.0
146.0
501.0
190.0
374.0
114.0
406.0
205.0
923.0
1504.0
600.0
353.0
1135.0
450.0
313.0
962.0
5325.0
5771.0
169.0
224.0
1965.0
104.0
83.0
261.0
240.0
354.0
781.0
375.0
355.0
191.0
267.0
200.0
171.0
837.0
376.0
931.0
1307.0
729.0
1447.0
152.0
787.0
385.0
285.0
454.0
667.0
1000.0
436.0
81.0
344.0
561.0
282.0
147.0
513.0
189.0
342.0
115.0
407.0
197.0
863.0
1447.0
617.0
358.0
1217.0
432.0
326.0
929.0
5138.0
5698.0
175.0
223.0
1877.0
103.0
82.0
246.0
238.0
332.0
774.0
382.0
356.0
184.0
283.0
203.0
169.0
771.0
392.0
962.0
1217.0
717.0
1489.0
145.0
773.0
373.0
279.0
467.0
667.0
1030.0
432.0
78.0
314.0
584.0
292.0
151.0
484.0
189.0
367.0
119.0
416.0
213.0
903.0
1421.0
591.0
375.0
1162.0
423.0
311.0
948.0
5215.0
5829.0
178.0
224.0
1964.0
107.0
82.0
258.0
231.0
345.0
787.0
379.0
358.0
187.0
277.0
203.0
158.0
820.0
383.0
935.0
1308.0
734.0
1463.0
145.0
784.0
376.0
281.0
458.0
653.0
1033.0
417.0
78.0
334.0
550.0
275.0
142.0
495.0
194.0
368.0
114.0
416.0
198.0
877.0
1530.0
597.0
367.0
1139.0
458.0
309.0
938.0
5199.0
5662.0
170.0
231.0
1911.0
103.0
82.0
247.0
247.0
335.0
810.0
384.0
346.0
187.0
275.0
198.0
167.0
798.0
396.0
917.0
1284.0
742.0
1439.0
146.0
759.0
371.0
268.0
463.0
685.0
1021.0
431.0
82.0
342.0
581.0
300.0
140.0
507.0
181.0
374.0
112.0
400.0
214.0
893.0
1507.0
637.0
369.0
1185.0
436.0
320.0
948.0
5079.0
5672.0
178.0
225.0
1899.0
107.0
84.0
247.0
242.0
355.0
804.0
377.0
343.0
195.0
284.0
207.0
164.0
796.0
386.0
911.0
1283.0
753.0
1471.0
150.0
769.0
366.0
279.0
448.0
673.0
1027.0
432.0
78.0
324.0
563.0
282.0
140.0
496.0
185.0
369.0
119.0
422.0
195.0
905.0
1534.0
617.0
373.0
1223.0
446.0
319.0
938.0
5137.0
5744.0
170.0
230.0
1901.0
106.0
84.0
257.0
236.0
347.0
771.0
392.0
357.0
194.0
266.0
204.0
167.0
816.0
394.0
938.0
1287.0
757.0
1403.0
152.0
802.0
379.0
278.0
453.0
672.0
1055.0
405.0
78.0
337.0
556.0
301.0
140.0
509.0
185.0
358.0
118.0
408.0
197.0
881.0
1518.0
638.0
384.0
1232.0
460.0
326.0
906.0
5503.0
5578.0
174.0
224.0
1960.0
106.0
83.0
242.0
234.0
356.0
812.0
370.0
356.0
189.0
285.0
202.0
169.0
807.0
378.0
941.0
1311.0
743.0
1508.0
150.0
762.0
391.0
276.0
476.0
669.0
1034.0
429.0
77.0
318.0
572.0
279.0
145.0
513.0
188.0
350.0
118.0
428.0
195.0
875.0
1519.0
635.0
361.0
1164.0
434.0
314.0
935.0
5193.0
5947.0
164.0
225.0
1880.0
101.0
84.0
256.0
237.0
344.0
784.0
374.0
365.0
196.0
285.0
201.0
170.0
838.0
382.0
906.0
1277.0
736.0
1477.0
149.0
753.0
370.0
275.0
473.0
689.0
1038.0
407.0
76.0
332.0
569.0
286.0
143.0
524.0
186.0
357.0
118.0
434.0
200.0
888.0
1429.0
627.0
383.0
1154.0
462.0
312.0
956.0
5466.0
5753.0
169.0
235.0
1916.0
102.0
85.0
243.0
250.0
347.0
775.0
379.0
353.0
192.0
282.0
207.0
163.0
820.0
380.0
939.0
1275.0
765.0
1478.0
148.0
778.0
374.0
277.0
478.0
671.0
1005.0
404.0
78.0
329.0
539.0
285.0
146.0
509.0
185.0
372.0
114.0
428.0
211.0
923.0
1494.0
610.0
356.0
1182.0
450.0
324.0
931.0
5586.0
5763.0
178.0
234.0
1835.0
102.0
81.0
253.0
249.0
353.0
814.0
379.0
349.0
181.0
281.0
199.0
162.0
805.0
393.0
919.0
1227.0
761.0
1428.0
148.0
777.0
384.0
272.0
467.0
674.0
1013.0
410.0
77.0
331.0
538.0
293.0
140.0
501.0
181.0
349.0
111.0
412.0
197.0
920.0
1424.0
622.0
378.0
1170.0
444.0
311.0
983.0
5406.0
5584.0
174.0
226.0
1932.0
106.0
84.0
249.0
234.0
331.0
809.0
373.0
351.0
188.0
266.0
199.0
168.0
796.0
397.0
916.0
1312.0
737.0
1444.0
150.0
779.0
378.0
273.0
451.0
673.0
1043.0
419.0
81.0
340.0
567.0
280.0
149.0
519.0
182.0
349.0
119.0
392.0
209.0
848.0
1446.0
625.0
368.0
1180.0
453.0
327.0
950.0
5382.0
5855.0
176.0
230.0
1957.0
106.0
84.0
250.0
248.0
351.0
786.0
389.0
348.0
190.0
264.0
202.0
171.0
831.0
375.0
953.0
1268.0
734.0
1471.0
145.0
766.0
379.0
271.0
448.0
686.0
997.0
403.0
80.0
345.0
587.0
294.0
141.0
506.0
185.0
370.0
111.0
396.0
212.0
890.0
1411.0
623.0
372.0
1235.0
449.0
317.0
938.0
5391.0
6130.0
172.0
240.0
1901.0
106.0
84.0
248.0
245.0
347.0
790.0
401.0
359.0
182.0
264.0
208.0
173.0
805.0
385.0
888.0
1274.0
758.0
1458.0
148.0
756.0
383.0
282.0
461.0
675.0
1009.0
438.0
79.0
337.0
588.0
294.0
146.0
518.0
184.0
368.0
115.0
429.0
197.0
918.0
1426.0
630.0
367.0
1170.0
433.0
304.0
912.0
5577.0
5656.0
170.0
226.0
1870.0
103.0
81.0
261.0
239.0
359.0
799.0
375.0
350.0
192.0
272.0
208.0
166.0
815.0
390.0
923.0
1304.0
760.0
1403.0
149.0
789.0
380.0
282.0
462.0
688.0
981.0
428.0
76.0
342.0
552.0
288.0
141.0
529.0
185.0
357.0
110.0
405.0
206.0
902.0
1482.0
625.0
389.0
1214.0
434.0
311.0
966.0
5068.0
6073.0
170.0
225.0
1966.0
107.0
86.0
253.0
240.0
348.0
783.0
408.0
360.0
185.0
262.0
197.0
174.0
822.0
379.0
936.0
1305.0
751.0
1483.0
150.0
753.0
381.0
270.0
472.0
665.0
1034.0
427.0
76.0
341.0
542.0
297.0
148.0
508.0
185.0
366.0
114.0
395.0
201.0
919.0
1444.0
625.0
355.0
1146.0
455.0
321.0
935.0
5081.0
5626.0
166.0
228.0
1989.0
102.0
83.0
245.0
238.0
353.0
789.0
392.0
349.0
194.0
279.0
211.0
167.0
771.0
394.0
895.0
1313.0
756.0
1464.0
152.0
764.0
380.0
281.0
473.0
672.0
999.0
416.0
75.0
317.0
559.0
291.0
146.0
516.0
187.0
365.0
116.0
428.0
208.0
877.0
1522.0
594.0
357.0
1183.0
438.0
319.0
894.0
5255.0
5685.0
177.0
220.0
1861.0
103.0
84.0
252.0
237.0
329.0
801.0
383.0
344.0
197.0
276.0
197.0
166.0
816.0
379.0
914.0
1300.0
150.0
167.0
166.0
150.0
217.0
149.0
169.0
142.0
313.0
155.0
158.0
157.0
153.0
162.0
160.0
152.0
156.0
146.0
318.0
156.0
163.0
158.0
156.0
168.0
143.0
139.0
308.0
301.0
164.0
133.0
154.0
159.0
155.0
148.0
135.0
158.0
303.0
164.0
305.0
161.0
297.0
324.0
262.0
260.0
286.0
432.0
301.0
305.0
402.0
172.0
152.0
156.0
164.0
161.0
227.0
146.0
158.0
158.0
312.0
153.0
135.0
152.0
161.0
146.0
148.0
146.0
158.0
149.0
327.0
146.0
158.0
154.0
154.0
163.0
147.0
166.0
282.0
321.0
168.0
156.0
159.0
160.0
143.0
160.0
156.0
152.0
276.0
160.0
304.0
160.0
280.0
289.0
275.0
293.0
287.0
412.0
304.0
284.0
467.0
168.0
160.0
158.0
140.0
146.0
236.0
145.0
168.0
156.0
306.0
142.0
158.0
144.0
150.0
139.0
161.0
150.0
155.0
140.0
282.0
168.0
152.0
149.0
153.0
156.0
145.0
152.0
310.0
301.0
146.0
143.0
154.0
156.0
154.0
168.0
166.0
142.0
318.0
160.0
257.0
146.0
324.0
302.0
324.0
302.0
326.0
414.0
314.0
308.0
443.0
174.0
174.0
162.0
148.0
148.0
230.0
150.0
156.0
146.0
294.0
164.0
164.0
170.0
163.0
156.0
148.0
164.0
160.0
168.0
295.0
164.0
166.0
138.0
154.0
146.0
142.0
158.0
272.0
287.0
157.0
136.0
154.0
160.0
149.0
158.0
163.0
155.0
314.0
156.0
306.0
142.0
266.0
331.0
289.0
310.0
292.0
432.0
300.0
312.0
460.0
137.0
158.0
150.0
146.0
156.0
220.0
154.0
162.0
160.0
288.0
162.0
164.0
144.0
161.0
158.0
166.0
146.0
142.0
158.0
310.0
146.0
158.0
132.0
168.0
152.0
128.0
136.0
258.0
284.0
148.0
144.0
161.0
162.0
164.0
152.0
146.0
162.0
300.0
154.0
316.0
166.0
289.0
273.0
303.0
320.0
292.0
381.0
281.0
258.0
472.0
134.0
164.0
176.0
160.0
154.0
241.0
152.0
160.0
140.0
328.0
158.0
160.0
134.0
170.0
152.0
151.0
172.0
174.0
150.0
296.0
144.0
156.0
141.0
156.0
148.0
155.0
160.0
276.0
272.0
166.0
156.0
164.0
152.0
158.0
158.0
162.0
148.0
252.0
158.0
311.0
165.0
298.0
288.0
318.0
261.0
318.0
442.0
308.0
305.0
444.0
156.0
162.0
150.0
158.0
165.0
228.0
143.0
168.0
159.0
320.0
165.0
140.0
145.0
146.0
158.0
141.0
172.0
146.0
157.0
278.0
154.0
152.0
148.0
158.0
160.0
152.0
162.0
304.0
294.0
155.0
138.0
161.0
158.0
153.0
164.0
157.0
154.0
314.0
160.0
320.0
158.0
287.0
304.0
318.0
268.0
318.0
386.0
278.0
289.0
428.0
142.0
163.0
155.0
168.0
171.0
220.0
163.0
158.0
156.0
296.0
170.0
148.0
158.0
158.0
143.0
156.0
152.0
141.0
152.0
302.0
154.0
164.0
138.0
158.0
168.0
158.0
156.0
257.0
304.0
164.0
160.0
142.0
158.0
166.0
164.0
150.0
173.0
280.0
152.0
265.0
143.0
280.0
280.0
312.0
263.0
314.0
376.0
296.0
291.0
472.0
162.0
167.0
148.0
149.0
162.0
228.0
171.0
160.0
144.0
314.0
148.0
146.0
136.0
158.0
140.0
150.0
143.0
148.0
158.0
279.0
172.0
161.0
167.0
130.0
168.0
156.0
166.0
288.0
268.0
165.0
155.0
154.0
168.0
166.0
140.0
138.0
162.0
298.0
154.0
312.0
142.0
296.0
316.0
272.0
311.0
262.0
447.0
309.0
297.0
416.0
156.0
170.0
166.0
160.0
156.0
223.0
150.0
163.0
140.0
275.0
134.0
170.0
168.0
133.0
155.0
173.0
165.0
138.0
172.0
308.0
154.0
150.0
155.0
150.0
158.0
158.0
152.0
304.0
314.0
146.0
146.0
160.0
159.0
145.0
148.0
162.0
147.0
314.0
152.0
280.0
148.0
278.0
280.0
288.0
313.0
326.0
416.0
268.0
298.0
384.0
150.0
159.0
151.0
154.0
136.0
228.0
147.0
158.0
148.0
260.0
146.0
132.0
162.0
161.0
156.0
152.0
158.0
158.0
158.0
318.0
138.0
166.0
159.0
142.0
155.0
136.0
164.0
268.0
274.0
152.0
156.0
153.0
136.0
142.0
156.0
144.0
157.0
298.0
166.0
301.0
136.0
316.0
282.0
292.0
299.0
306.0
422.0
318.0
280.0
382.0
150.0
160.0
158.0
162.0
157.0
223.0
148.0
160.0
148.0
314.0
154.0
154.0
158.0
154.0
135.0
144.0
140.0
159.0
146.0
292.0
172.0
148.0
144.0
160.0
146.0
131.0
156.0
314.0
301.0
156.0
151.0
170.0
158.0
150.0
142.0
162.0
152.0
277.0
141.0
314.0
162.0
284.0
276.0
298.0
269.0
258.0
372.0
294.0
304.0
382.0
150.0
144.0
146.0
142.0
150.0
230.0
150.0
138.0
162.0
276.0
154.0
158.0
149.0
151.0
155.0
154.0
158.0
140.0
165.0
294.0
150.0
170.0
155.0
164.0
164.0
144.0
140.0
282.0
312.0
158.0
156.0
157.0
156.0
154.0
149.0
156.0
137.0
320.0
164.0
274.0
132.0
290.0
302.0
266.0
259.0
291.0
466.0
260.0
274.0
392.0
153.0
166.0
164.0
152.0
141.0
226.0
163.0
154.0
146.0
264.0
168.0
155.0
176.0
160.0
146.0
144.0
138.0
141.0
165.0
276.0
134.0
156.0
132.0
150.0
170.0
148.0
142.0
282.0
278.0
145.0
172.0
160.0
154.0
164.0
156.0
164.0
172.0
321.0
172.0
299.0
154.0
324.0
273.0
296.0
265.0
327.0
404.0
276.0
328.0
403.0
132.0
156.0
139.0
157.0
156.0
252.0
140.0
148.0
162.0
303.0
152.0
152.0
144.0
141.0
141.0
158.0
151.0
142.0
150.0
314.0
148.0
135.0
163.0
145.0
140.0
150.0
168.0
316.0
251.0
150.0
156.0
165.0
170.0
153.0
149.0
156.0
146.0
278.0
164.0
298.0
143.0
278.0
289.0
304.0
246.0
312.0
407.0
280.0
287.0
462.0
160.0
150.0
166.0
145.0
156.0
224.0
156.0
144.0
142.0
292.0
136.0
168.0
169.0
164.0
168.0
162.0
158.0
135.0
150.0
292.0
162.0
156.0
139.0
161.0
157.0
124.0
140.0
273.0
280.0
138.0
153.0
141.0
160.0
146.0
149.0
158.0
158.0
289.0
131.0
314.0
142.0
297.0
307.0
256.0
280.0
272.0
426.0
308.0
324.0
443.0
152.0
158.0
163.0
142.0
156.0
222.0
156.0
171.0
148.0
326.0
152.0
159.0
142.0
151.0
150.0
142.0
160.0
162.0
141.0
291.0
164.0
144.0
150.0
174.0
134.0
146.0
168.0
309.0
303.0
160.0
166.0
162.0
152.0
172.0
156.0
139.0
148.0
284.0
154.0
306.0
155.0
272.0
292.0
279.0
252.0
311.0
435.0
314.0
326.0
452.0
150.0
154.0
158.0
148.0
157.0
212.0
160.0
166.0
152.0
308.0
161.0
155.0
144.0
140.0
142.0
146.0
157.0
152.0
150.0
311.0
168.0
172.0
142.0
148.0
168.0
147.0
145.0
276.0
280.0
150.0
168.0
154.0
150.0
162.0
162.0
155.0
155.0
320.0
156.0
299.0
156.0
270.0
328.0
282.0
282.0
325.0
408.0
268.0
262.0
482.0
153.0
165.0
176.0
164.0
140.0
224.0
160.0
158.0
138.0
268.0
164.0
160.0
160.0
152.0
144.0
170.0
140.0
135.0
166.0
267.0
166.0
152.0
159.0
162.0
136.0
152.0
150.0
274.0
300.0
150.0
160.0
161.0
152.0
148.0
144.0
158.0
145.0
280.0
156.0
286.0
156.0
276.0
286.0
290.0
308.0
316.0
451.0
268.0
264.0
442.0
155.0
166.0
166.0
144.0
150.0
238.0
162.0
156.0
164.0
288.0
148.0
139.0
150.0
150.0
158.0
154.0
154.0
146.0
154.0
270.0
172.0
153.0
150.0
146.0
162.0
148.0
165.0
319.0
260.0
161.0
153.0
161.0
169.0
160.0
140.0
138.0
153.0
266.0
153.0
283.0
168.0
272.0
292.0
269.0
256.0
320.0
408.0
288.0
294.0
430.0
132.0
166.0
152.0
156.0
144.0
214.0
149.0
165.0
147.0
270.0
144.0
144.0
158.0
154.0
160.0
159.0
156.0
140.0
143.0
272.0
148.0
170.0
132.0
164.0
157.0
134.0
134.0
270.0
306.0
142.0
154.0
150.0
149.0
130.0
168.0
143.0
173.0
274.0
170.0
320.0
136.0
321.0
314.0
318.0
282.0
270.0
389.0
273.0
284.0
384.0
151.0
152.0
160.0
142.0
163.0
215.0
146.0
154.0
162.0
276.0
150.0
149.0
151.0
161.0
153.0
164.0
172.0
146.0
136.0
304.0
136.0
160.0
156.0
150.0
144.0
148.0
140.0
260.0
279.0
166.0
146.0
158.0
145.0
148.0
175.0
161.0
160.0
300.0
152.0
275.0
144.0
300.0
303.0
278.0
315.0
295.0
374.0
292.0
309.0
457.0
150.0
154.0
163.0
160.0
142.0
216.0
143.0
144.0
159.0
284.0
138.0
166.0
162.0
157.0
140.0
144.0
146.0
158.0
145.0
302.0
142.0
173.0
140.0
150.0
158.0
160.0
149.0
284.0
329.0
169.0
148.0
156.0
152.0
152.0
142.0
154.0
159.0
291.0
160.0
264.0
135.0
270.0
290.0
260.0
300.0
308.0
458.0
264.0
280.0
427.0
158.0
175.0
158.0
164.0
168.0
242.0
161.0
146.0
149.0
264.0
159.0
168.0
163.0
161.0
168.0
151.0
154.0
136.0
164.0
314.0
138.0
156.0
131.0
146.0
162.0
142.0
159.0
274.0
315.0
152.0
154.0
165.0
163.0
148.0
164.0
163.0
155.0
272.0
153.0
281.0
152.0
254.0
308.0
310.0
272.0
302.0
417.0
308.0
308.0
438.0
143.0
168.0
157.0
149.0
160.0
231.0
150.0
154.0
155.0
319.0
136.0
150.0
140.0
154.0
150.0
156.0
159.0
143.0
160.0
268.0
157.0
142.0
148.0
156.0
137.0
143.0
152.0
318.0
303.0
141.0
133.0
170.0
146.0
146.0
169.0
148.0
151.0
306.0
164.0
274.0
152.0
306.0
327.0
294.0
284.0
324.0
441.0
274.0
286.0
453.0
168.0
142.0
162.0
163.0
143.0
206.0
140.0
160.0
156.0
271.0
154.0
168.0
164.0
146.0
170.0
165.0
143.0
145.0
148.0
314.0
139.0
156.0
152.0
164.0
159.0
152.0
159.0
318.0
331.0
154.0
170.0
157.0
160.0
142.0
150.0
148.0
160.0
296.0
151.0
306.0
155.0
292.0
262.0
312.0
280.0
278.0
441.0
270.0
266.0
430.0
168.0
168.0
156.0
156.0
164.0
236.0
148.0
143.0
172.0
265.0
144.0
153.0
170.0
159.0
151.0
154.0
150.0
162.0
152.0
308.0
151.0
149.0
158.0
145.0
152.0
130.0
162.0
274.0
292.0
152.0
146.0
142.0
137.0
150.0
164.0
148.0
154.0
274.0
156.0
302.0
148.0
266.0
266.0
304.0
290.0
274.0
373.0
316.0
282.0
420.0
140.0
163.0
166.0
150.0
168.0
224.0
144.0
166.0
136.0
310.0
166.0
146.0
162.0
170.0
130.0
172.0
172.0
148.0
156.0
275.0
134.0
136.0
170.0
159.0
150.0
128.0
141.0
322.0
308.0
148.0
165.0
152.0
145.0
164.0
146.0
142.0
145.0
258.0
142.0
259.0
151.0
266.0
250.0
327.0
302.0
272.0
388.0
272.0
282.0
458.0
174.0
148.0
161.0
161.0
160.0
226.0
149.0
147.0
150.0
260.0
144.0
168.0
148.0
162.0
149.0
156.0
146.0
164.0
146.0
272.0
159.0
141.0
132.0
148.0
144.0
128.0
155.0
278.0
280.0
162.0
134.0
151.0
153.0
150.0
158.0
156.0
150.0
247.0
144.0
316.0
139.0
318.0
318.0
328.0
276.0
302.0
395.0
282.0
298.0
446.0
154.0
154.0
155.0
158.0
161.0
229.0
165.0
146.0
162.0
264.0
146.0
155.0
159.0
174.0
150.0
152.0
141.0
150.0
168.0
274.0
172.0
150.0
157.0
148.0
142.0
134.0
146.0
326.0
282.0
152.0
142.0
154.0
164.0
152.0
161.0
154.0
146.0
260.0
166.0
294.0
147.0
259.0
296.0
292.0
281.0
288.0
428.0
324.0
262.0
422.0
162.0
