I_BRKGA_52_2_30_6_CESP
52 2 30 495.0
31275.5
33023.5
35577.5
33892.5
30141.5
36222.5
34434.5
31215.5
33901.5
31156.5
29473.5
30487.5
31910.5
29943.5
31480.5
34748.5
30197.5
31969.5
29004.5
29444.5
34791.5
35579.5
31327.5
33098.5
31957.5
32724.5
34574.5
30544.5
33861.5
29667.5
0.038222204875046406
0.028938235542867445
0.033574432041017
0.026951084487309228
0.03747819574578516
0.033222394711178056
0.033758146077341865
0.03126556707855092
0.03713837772153527
0.031074467509084103
0.03396993717928787
0.03027693504391453
0.03890030843994015
0.03262631826889614
0.03465487971026474
0.032434796111034093
0.035921631989427556
0.033299324806329716
0.03901390408731267
0.02762593192528707
0.036226108789130025
0.03214966779512169
0.03739186114063467
0.02840054498306474
0.03600548680934041
0.031134175996990407
0.03838281627219182
0.029779279478775414
0.035159536126300656
0.025023449257040142
134.0
125.0
7678.0
62.0
770.0
1443.0
150.0
811.0
387.0
271.0
455.0
657.0
1052.0
425.0
76.0
315.0
575.0
297.0
140.0
498.0
187.0
362.0
111.0
400.0
203.0
912.0
1528.0
594.0
372.0
1253.0
450.0
319.0
959.0
5535.0
6049.0
167.0
232.0
1870.0
103.0
84.0
252.0
231.0
339.0
820.0
392.0
360.0
189.0
269.0
197.0
165.0
781.0
380.0
921.0
1321.0
726.0
1512.0
144.0
765.0
379.0
279.0
459.0
672.0
983.0
408.0
82.0
315.0
556.0
276.0
141.0
507.0
191.0
362.0
114.0
417.0
203.0
854.0
1493.0
643.0
364.0
1227.0
450.0
317.0
947.0
5505.0
5839.0
176.0
223.0
1942.0
104.0
83.0
252.0
251.0
351.0
812.0
397.0
343.0
189.0
262.0
202.0
163.0
807.0
388.0
951.0
1320.0
746.0
1518.0
150.0
788.0
377.0
281.0
453.0
680.0
1041.0
401.0
76.0
343.0
551.0
302.0
145.0
501.0
182.0
373.0
112.0
400.0
200.0
894.0
1449.0
621.0
363.0
1249.0
434.0
316.0
927.0
5086.0
5789.0
166.0
221.0
1848.0
110.0
86.0
262.0
246.0
356.0
763.0
392.0
349.0
189.0
265.0
205.0
160.0
812.0
391.0
968.0
1268.0
753.0
1442.0
151.0
762.0
378.0
278.0
464.0
678.0
1042.0
401.0
75.0
325.0
585.0
300.0
148.0
501.0
185.0
354.0
114.0
412.0
199.0
862.0
1471.0
631.0
375.0
1143.0
432.0
322.0
919.0
5182.0
5639.0
170.0
235.0
1872.0
107.0
85.0
245.0
246.0
352.0
784.0
374.0
343.0
186.0
278.0
200.0
170.0
788.0
393.0
916.0
1338.0
758.0
1454.0
151.0
765.0
379.0
269.0
471.0
692.0
1044.0
403.0
78.0
320.0
554.0
284.0
146.0
490.0
187.0
351.0
112.0
426.0
198.0
881.0
1458.0
631.0
359.0
1238.0
433.0
329.0
969.0
5485.0
5830.0
173.0
221.0
1950.0
104.0
84.0
249.0
240.0
345.0
818.0
385.0
339.0
191.0
279.0
198.0
169.0
783.0
398.0
944.0
1312.0
753.0
1458.0
151.0
782.0
366.0
278.0
465.0
657.0
999.0
415.0
76.0
339.0
557.0
286.0
149.0
509.0
182.0
356.0
118.0
399.0
194.0
854.0
1502.0
641.0
386.0
1168.0
429.0
323.0
949.0
5534.0
5761.0
173.0
224.0
1970.0
105.0
83.0
254.0
229.0
337.0
807.0
378.0
344.0
183.0
274.0
194.0
166.0
831.0
383.0
946.0
1327.0
723.0
1524.0
149.0
766.0
393.0
280.0
480.0
695.0
1031.0
418.0
79.0
339.0
574.0
283.0
144.0
502.0
190.0
357.0
119.0
429.0
202.0
880.0
1512.0
604.0
355.0
1165.0
442.0
317.0
986.0
5192.0
5646.0
163.0
223.0
1900.0
105.0
81.0
258.0
237.0
341.0
801.0
377.0
349.0
191.0
270.0
202.0
172.0
813.0
381.0
956.0
1273.0
740.0
1441.0
142.0
778.0
366.0
287.0
463.0
651.0
1039.0
425.0
77.0
324.0
544.0
295.0
148.0
499.0
186.0
363.0
115.0
424.0
196.0
865.0
1445.0
641.0
367.0
1147.0
449.0
318.0
913.0
5133.0
5890.0
171.0
235.0
1873.0
105.0
85.0
256.0
230.0
347.0
786.0
382.0
339.0
190.0
273.0
201.0
168.0
832.0
379.0
897.0
1215.0
724.0
1480.0
146.0
795.0
374.0
272.0
454.0
649.0
1058.0
420.0
78.0
326.0
572.0
287.0
147.0
515.0
194.0
355.0
116.0
427.0
197.0
893.0
1537.0
620.0
359.0
1146.0
453.0
317.0
894.0
5196.0
5946.0
172.0
227.0
1914.0
103.0
85.0
257.0
242.0
354.0
815.0
376.0
348.0
186.0
274.0
198.0
162.0
817.0
382.0
959.0
1251.0
742.0
1478.0
146.0
768.0
366.0
266.0
475.0
682.0
995.0
425.0
77.0
337.0
547.0
301.0
145.0
515.0
180.0
358.0
117.0
406.0
201.0
902.0
1444.0
602.0
367.0
1250.0
435.0
317.0
925.0
5556.0
5873.0
168.0
224.0
1955.0
102.0
82.0
243.0
233.0
342.0
767.0
399.0
352.0
193.0
269.0
209.0
160.0
810.0
371.0
968.0
1313.0
724.0
1526.0
145.0
760.0
376.0
272.0
471.0
687.0
1058.0
404.0
79.0
338.0
570.0
277.0
146.0
509.0
184.0
364.0
119.0
430.0
202.0
857.0
1427.0
603.0
384.0
1144.0
424.0
314.0
958.0
5123.0
5786.0
165.0
232.0
1928.0
105.0
84.0
244.0
235.0
347.0
780.0
387.0
366.0
195.0
272.0
208.0
168.0
807.0
385.0
952.0
1318.0
739.0
1494.0
149.0
795.0
393.0
277.0
472.0
653.0
1041.0
415.0
78.0
344.0
572.0
277.0
145.0
498.0
189.0
375.0
113.0
430.0
206.0
893.0
1441.0
612.0
383.0
1139.0
444.0
315.0
902.0
5210.0
6062.0
168.0
218.0
1954.0
109.0
82.0
254.0
252.0
355.0
801.0
371.0
353.0
186.0
280.0
198.0
165.0
841.0
390.0
954.0
1337.0
727.0
1448.0
147.0
789.0
380.0
269.0
476.0
677.0
1035.0
405.0
80.0
331.0
559.0
299.0
148.0
507.0
184.0
361.0
119.0
404.0
198.0
855.0
1412.0
608.0
383.0
1188.0
445.0
308.0
945.0
5303.0
5962.0
166.0
227.0
1974.0
103.0
86.0
244.0
250.0
351.0
760.0
381.0
338.0
194.0
278.0
197.0
161.0
780.0
384.0
941.0
1227.0
766.0
1416.0
152.0
806.0
369.0
275.0
471.0
663.0
973.0
413.0
81.0
339.0
586.0
293.0
140.0
492.0
193.0
354.0
118.0
402.0
196.0
854.0
1523.0
595.0
374.0
1160.0
434.0
310.0
959.0
5444.0
6056.0
171.0
230.0
1942.0
105.0
81.0
258.0
251.0
345.0
777.0
379.0
341.0
185.0
281.0
205.0
168.0
815.0
395.0
957.0
1260.0
767.0
1464.0
151.0
792.0
375.0
276.0
456.0
673.0
1004.0
399.0
77.0
315.0
544.0
276.0
145.0
522.0
191.0
344.0
112.0
412.0
195.0
905.0
1531.0
596.0
367.0
1218.0
432.0
311.0
935.0
5601.0
6173.0
170.0
226.0
1918.0
104.0
84.0
263.0
251.0
348.0
782.0
383.0
341.0
196.0
265.0
206.0
171.0
815.0
388.0
895.0
1289.0
757.0
1505.0
152.0
804.0
373.0
281.0
475.0
670.0
979.0
436.0
77.0
333.0
577.0
289.0
144.0
487.0
186.0
375.0
111.0
413.0
209.0
908.0
1470.0
622.0
380.0
1195.0
461.0
308.0
974.0
5156.0
6139.0
168.0
231.0
1875.0
108.0
84.0
261.0
250.0
347.0
764.0
376.0
344.0
181.0
270.0
196.0
164.0
774.0
392.0
958.0
1303.0
735.0
1505.0
147.0
767.0
379.0
283.0
461.0
679.0
1038.0
428.0
79.0
331.0
560.0
287.0
152.0
502.0
184.0
357.0
120.0
428.0
208.0
861.0
1478.0
595.0
377.0
1172.0
436.0
311.0
900.0
5379.0
6128.0
168.0
234.0
1830.0
106.0
85.0
256.0
230.0
340.0
789.0
394.0
339.0
196.0
270.0
201.0
172.0
840.0
381.0
905.0
1268.0
736.0
1509.0
151.0
752.0
377.0
277.0
451.0
686.0
1013.0
411.0
77.0
331.0
585.0
281.0
144.0
498.0
188.0
343.0
116.0
431.0
200.0
877.0
1427.0
638.0
365.0
1209.0
442.0
324.0
974.0
5081.0
5738.0
170.0
220.0
1857.0
107.0
85.0
249.0
239.0
345.0
813.0
380.0
354.0
191.0
274.0
209.0
174.0
829.0
389.0
931.0
1261.0
773.0
1429.0
149.0
767.0
376.0
283.0
447.0
676.0
1009.0
409.0
80.0
334.0
541.0
296.0
142.0
518.0
190.0
354.0
114.0
421.0
196.0
843.0
1533.0
607.0
382.0
1228.0
451.0
319.0
946.0
5155.0
5922.0
167.0
226.0
1881.0
106.0
87.0
245.0
240.0
351.0
803.0
378.0
339.0
185.0
277.0
203.0
166.0
821.0
377.0
940.0
1213.0
763.0
1464.0
150.0
767.0
380.0
270.0
468.0
678.0
1037.0
404.0
82.0
322.0
570.0
299.0
147.0
498.0
184.0
347.0
110.0
397.0
201.0
903.0
1415.0
647.0
366.0
1187.0
435.0
330.0
925.0
5439.0
5894.0
172.0
229.0
1908.0
107.0
85.0
252.0
242.0
337.0
805.0
383.0
345.0
185.0
271.0
203.0
169.0
834.0
391.0
930.0
1315.0
720.0
1459.0
154.0
814.0
375.0
278.0
480.0
702.0
1000.0
418.0
75.0
341.0
563.0
283.0
143.0
498.0
190.0
364.0
111.0
397.0
204.0
859.0
1501.0
591.0
377.0
1240.0
436.0
312.0
923.0
5408.0
5954.0
170.0
223.0
1860.0
105.0
85.0
251.0
245.0
360.0
764.0
406.0
359.0
192.0
284.0
201.0
162.0
851.0
387.0
948.0
1255.0
776.0
1523.0
148.0
763.0
385.0
264.0
471.0
695.0
980.0
427.0
75.0
344.0
568.0
282.0
144.0
501.0
191.0
346.0
110.0
427.0
198.0
848.0
1456.0
638.0
359.0
1137.0
435.0
321.0
952.0
5576.0
5789.0
166.0
236.0
1848.0
103.0
83.0
244.0
237.0
336.0
781.0
372.0
348.0
182.0
261.0
200.0
169.0
796.0
381.0
925.0
1261.0
732.0
1432.0
150.0
761.0
369.0
277.0
471.0
683.0
1052.0
428.0
77.0
334.0
587.0
297.0
143.0
504.0
192.0
370.0
115.0
415.0
198.0
874.0
1466.0
605.0
377.0
1190.0
436.0
316.0
909.0
5575.0
5681.0
167.0
236.0
1868.0
105.0
85.0
261.0
232.0
340.0
813.0
386.0
355.0
187.0
269.0
205.0
171.0
774.0
387.0
920.0
1253.0
772.0
1427.0
150.0
795.0
373.0
265.0
469.0
675.0
988.0
398.0
78.0
337.0
580.0
274.0
147.0
490.0
184.0
358.0
113.0
395.0
208.0
902.0
1509.0
607.0
356.0
1144.0
435.0
314.0
961.0
5259.0
5613.0
167.0
226.0
1893.0
106.0
84.0
262.0
247.0
351.0
789.0
389.0
366.0
189.0
283.0
205.0
170.0
787.0
386.0
915.0
1244.0
715.0
1503.0
154.0
773.0
373.0
285.0
462.0
669.0
1057.0
405.0
81.0
326.0
538.0
297.0
146.0
505.0
178.0
356.0
117.0
398.0
208.0
886.0
1521.0
592.0
387.0
1156.0
443.0
312.0
914.0
5130.0
6059.0
171.0
222.0
1952.0
108.0
83.0
255.0
247.0
348.0
784.0
401.0
363.0
180.0
268.0
207.0
160.0
806.0
380.0
924.0
1223.0
744.0
1475.0
146.0
775.0
390.0
266.0
465.0
658.0
997.0
432.0
76.0
322.0
553.0
274.0
150.0
506.0
192.0
360.0
112.0
431.0
205.0
890.0
1450.0
593.0
356.0
1230.0
432.0
316.0
981.0
5143.0
5900.0
172.0
227.0
1826.0
107.0
85.0
250.0
241.0
353.0
791.0
408.0
354.0
192.0
261.0
198.0
164.0
776.0
378.0
895.0
1290.0
763.0
1524.0
149.0
748.0
380.0
265.0
464.0
696.0
1014.0
421.0
77.0
341.0
560.0
300.0
142.0
519.0
182.0
368.0
118.0
431.0
199.0
859.0
1524.0
616.0
367.0
1234.0
450.0
316.0
913.0
5326.0
5904.0
176.0
227.0
1927.0
107.0
87.0
248.0
236.0
351.0
786.0
373.0
343.0
183.0
277.0
197.0
162.0
797.0
387.0
974.0
1321.0
768.0
1477.0
145.0
754.0
372.0
273.0
468.0
662.0
1001.0
424.0
81.0
345.0
556.0
300.0
147.0
506.0
184.0
372.0
117.0
424.0
214.0
899.0
1430.0
612.0
374.0
1194.0
427.0
313.0
939.0
5094.0
5975.0
166.0
231.0
1849.0
103.0
86.0
243.0
238.0
333.0
789.0
372.0
359.0
187.0
282.0
203.0
168.0
784.0
388.0
974.0
1290.0
755.0
1491.0
150.0
761.0
376.0
279.0
467.0
652.0
1029.0
435.0
81.0
344.0
569.0
276.0
149.0
498.0
181.0
344.0
111.0
424.0
203.0
863.0
1455.0
601.0
359.0
1219.0
438.0
314.0
982.0
5345.0
5797.0
172.0
219.0
1896.0
105.0
83.0
258.0
237.0
340.0
785.0
404.0
343.0
195.0
263.0
192.0
173.0
794.0
395.0
899.0
1220.0
733.0
1492.0
146.0
792.0
380.0
277.0
461.0
660.0
1012.0
405.0
77.0
322.0
563.0
287.0
150.0
506.0
184.0
343.0
117.0
422.0
207.0
864.0
1500.0
637.0
368.0
1204.0
443.0
324.0
910.0
5535.0
5594.0
171.0
235.0
1908.0
106.0
85.0
251.0
247.0
356.0
758.0
398.0
343.0
184.0
267.0
207.0
163.0
793.0
377.0
923.0
1237.0
166.0
161.0
148.0
162.0
225.0
154.0
150.0
164.0
304.0
156.0
170.0
156.0
150.0
136.0
140.0
155.0
150.0
141.0
318.0
146.0
144.0
164.0
165.0
154.0
148.0
159.0
264.0
292.0
141.0
156.0
160.0
161.0
154.0
155.0
160.0
159.0
304.0
163.0
304.0
152.0
272.0
280.0
267.0
306.0
298.0
412.0
274.0
314.0
413.0
138.0
180.0
169.0
148.0
150.0
236.0
152.0
162.0
146.0
280.0
146.0
142.0
159.0
170.0
157.0
167.0
134.0
154.0
148.0
330.0
158.0
148.0
167.0
165.0
150.0
138.0
152.0
260.0
302.0
154.0
152.0
148.0
153.0
165.0
153.0
156.0
162.0
290.0
170.0
305.0
154.0
322.0
279.0
286.0
294.0
282.0
434.0
316.0
308.0
469.0
140.0
170.0
148.0
156.0
149.0
236.0
144.0
167.0
157.0
303.0
172.0
148.0
152.0
162.0
164.0
161.0
162.0
172.0
138.0
284.0
138.0
137.0
163.0
169.0
154.0
142.0
134.0
266.0
309.0
145.0
142.0
136.0
157.0
165.0
136.0
146.0
164.0
312.0
138.0
291.0
147.0
272.0
306.0
278.0
273.0
265.0
396.0
318.0
260.0
420.0
148.0
148.0
143.0
150.0
166.0
204.0
144.0
156.0
152.0
293.0
150.0
152.0
165.0
138.0
155.0
148.0
145.0
145.0
144.0
296.0
162.0
152.0
159.0
163.0
164.0
150.0
159.0
316.0
310.0
152.0
158.0
163.0
150.0
140.0
153.0
156.0
149.0
284.0
158.0
310.0
134.0
252.0
308.0
260.0
280.0
315.0
399.0
280.0
293.0
393.0
151.0
164.0
168.0
157.0
143.0
237.0
144.0
156.0
142.0
296.0
154.0
144.0
158.0
166.0
141.0
152.0
171.0
146.0
152.0
296.0
164.0
139.0
148.0
148.0
158.0
148.0
132.0
308.0
315.0
137.0
148.0
148.0
153.0
158.0
154.0
176.0
148.0
262.0
143.0
282.0
156.0
282.0
302.0
298.0
254.0
282.0
412.0
309.0
272.0
406.0
136.0
158.0
164.0
146.0
163.0
226.0
140.0
163.0
154.0
256.0
142.0
150.0
156.0
145.0
167.0
148.0
156.0
146.0
156.0
288.0
150.0
148.0
147.0
162.0
144.0
148.0
164.0
266.0
282.0
153.0
152.0
150.0
158.0
173.0
161.0
152.0
156.0
284.0
160.0
295.0
160.0
313.0
274.0
311.0
276.0
284.0
480.0
262.0
278.0
389.0
155.0
166.0
158.0
160.0
158.0
228.0
148.0
164.0
148.0
276.0
164.0
156.0
147.0
159.0
156.0
155.0
152.0
152.0
169.0
302.0
174.0
161.0
140.0
151.0
152.0
146.0
142.0
318.0
292.0
156.0
144.0
153.0
142.0
136.0
159.0
153.0
166.0
249.0
161.0
254.0
166.0
298.0
297.0
306.0
301.0
316.0
430.0
318.0
284.0
380.0
156.0
160.0
160.0
140.0
162.0
222.0
150.0
149.0
145.0
265.0
150.0
158.0
152.0
154.0
147.0
162.0
154.0
151.0
148.0
260.0
155.0
158.0
148.0
150.0
138.0
140.0
150.0
310.0
280.0
160.0
150.0
143.0
152.0
160.0
155.0
140.0
168.0
302.0
156.0
283.0
168.0
294.0
279.0
277.0
260.0
282.0
426.0
293.0
326.0
428.0
152.0
168.0
150.0
160.0
160.0
193.0
160.0
146.0
164.0
289.0
166.0
159.0
138.0
150.0
144.0
139.0
160.0
150.0
172.0
298.0
142.0
154.0
137.0
142.0
150.0
152.0
152.0
290.0
276.0
150.0
158.0
133.0
149.0
146.0
159.0
132.0
162.0
322.0
158.0
262.0
149.0
299.0
292.0
271.0
286.0
286.0
444.0
278.0
296.0
434.0
140.0
154.0
169.0
153.0
162.0
214.0
158.0
159.0
152.0
266.0
156.0
148.0
160.0
154.0
162.0
174.0
171.0
158.0
142.0
287.0
154.0
154.0
162.0
148.0
142.0
146.0
158.0
330.0
296.0
148.0
149.0
156.0
150.0
154.0
142.0
138.0
170.0
300.0
154.0
274.0
147.0
258.0
292.0
298.0
254.0
290.0
419.0
320.0
281.0
393.0
152.0
162.0
158.0
143.0
154.0
226.0
158.0
152.0
162.0
264.0
142.0
148.0
146.0
155.0
144.0
145.0
155.0
164.0
157.0
308.0
156.0
154.0
138.0
156.0
142.0
125.0
142.0
314.0
302.0
158.0
138.0
159.0
147.0
141.0
136.0
152.0
141.0
274.0
148.0
274.0
140.0
275.0
293.0
294.0
256.0
293.0
454.0
296.0
314.0
423.0
170.0
162.0
170.0
156.0
148.0
240.0
148.0
166.0
158.0
336.0
150.0
166.0
162.0
155.0
158.0
162.0
164.0
171.0
147.0
270.0
132.0
150.0
166.0
154.0
145.0
140.0
170.0
304.0
309.0
156.0
133.0
166.0
160.0
164.0
144.0
136.0
154.0
283.0
148.0
304.0
141.0
268.0
296.0
316.0
245.0
306.0
404.0
300.0
266.0
433.0
164.0
144.0
162.0
142.0
138.0
241.0
150.0
160.0
151.0
302.0
158.0
151.0
149.0
152.0
140.0
145.0
172.0
150.0
162.0
316.0
162.0
132.0
156.0
168.0
160.0
149.0
146.0
269.0
295.0
155.0
153.0
162.0
145.0
156.0
154.0
159.0
156.0
280.0
135.0
326.0
160.0
300.0
290.0
254.0
268.0
270.0
454.0
312.0
328.0
466.0
147.0
154.0
164.0
166.0
148.0
223.0
142.0
150.0
154.0
258.0
157.0
152.0
148.0
138.0
153.0
142.0
168.0
142.0
149.0
316.0
148.0
152.0
155.0
172.0
163.0
130.0
157.0
324.0
318.0
162.0
150.0
152.0
142.0
140.0
147.0
160.0
143.0
262.0
158.0
274.0
176.0
287.0
310.0
278.0
300.0
272.0
383.0
298.0
268.0
398.0
158.0
160.0
158.0
160.0
162.0
214.0
158.0
143.0
148.0
298.0
164.0
138.0
170.0
166.0
138.0
166.0
156.0
164.0
151.0
323.0
148.0
148.0
150.0
143.0
138.0
134.0
134.0
289.0
313.0
160.0
144.0
151.0
162.0
158.0
149.0
145.0
142.0
284.0
154.0
310.0
164.0
298.0
274.0
259.0
254.0
302.0
418.0
286.0
266.0
408.0
153.0
162.0
153.0
145.0
150.0
226.0
154.0
146.0
152.0
251.0
162.0
142.0
144.0
158.0
163.0
169.0
146.0
156.0
158.0
278.0
166.0
143.0
156.0
152.0
152.0
145.0
144.0
305.0
330.0
168.0
162.0
160.0
158.0
157.0
154.0
168.0
142.0
286.0
136.0
320.0
152.0
320.0
266.0
274.0
262.0
313.0
408.0
304.0
260.0
446.0
140.0
171.0
140.0
150.0
150.0
220.0
162.0
157.0
147.0
280.0
142.0
153.0
156.0
150.0
143.0
156.0
166.0
148.0
142.0
266.0
154.0
150.0
156.0
163.0
156.0
130.0
148.0
328.0
300.0
163.0
150.0
150.0
168.0
160.0
135.0
146.0
150.0
262.0
164.0
330.0
162.0
262.0
290.0
330.0
254.0
298.0
412.0
280.0
303.0
438.0
147.0
152.0
166.0
148.0
146.0
200.0
144.0
152.0
153.0
269.0
168.0
142.0
160.0
150.0
160.0
161.0
160.0
158.0
146.0
288.0
164.0
138.0
154.0
170.0
160.0
138.0
160.0
332.0
264.0
152.0
139.0
155.0
137.0
152.0
156.0
160.0
150.0
260.0
142.0
297.0
146.0
266.0
322.0
284.0
284.0
280.0
408.0
276.0
302.0
392.0
140.0
160.0
162.0
150.0
171.0
216.0
137.0
169.0
155.0
277.0
148.0
158.0
172.0
158.0
145.0
160.0
150.0
134.0
152.0
260.0
138.0
152.0
152.0
154.0
146.0
132.0
150.0
284.0
256.0
134.0
154.0
168.0
157.0
172.0
140.0
162.0
170.0
300.0
160.0
276.0
137.0
274.0
300.0
319.0
296.0
267.0
390.0
310.0
274.0
408.0
163.0
157.0
157.0
164.0
136.0
227.0
162.0
150.0
156.0
280.0
144.0
148.0
157.0
169.0
144.0
167.0
152.0
152.0
150.0
258.0
154.0
156.0
156.0
150.0
170.0
131.0
146.0
287.0
305.0
160.0
149.0
165.0
172.0
159.0
168.0
152.0
142.0
300.0
142.0
313.0
165.0
320.0
263.0
317.0
296.0
316.0
452.0
316.0
280.0
434.0
150.0
169.0
174.0
165.0
158.0
231.0
152.0
160.0
164.0
268.0
152.0
152.0
170.0
148.0
142.0
150.0
162.0
156.0
165.0
315.0
170.0
155.0
158.0
142.0
155.0
140.0
140.0
318.0
266.0
159.0
142.0
162.0
152.0
147.0
151.0
170.0
164.0
301.0
144.0
330.0
151.0
272.0
274.0
293.0
302.0
270.0
440.0
324.0
270.0
428.0
149.0
160.0
158.0
163.0
150.0
218.0
156.0
158.0
158.0
276.0
156.0
162.0
154.0
168.0
142.0
140.0
156.0
134.0
134.0
280.0
160.0
168.0
155.0
150.0
152.0
162.0
162.0
312.0
293.0
158.0
145.0
141.0
156.0
163.0
146.0
152.0
148.0
293.0
158.0
318.0
136.0
288.0
267.0
288.0
284.0
274.0
381.0
310.0
330.0
420.0
132.0
162.0
148.0
152.0
156.0
238.0
158.0
149.0
150.0
328.0
149.0
160.0
154.0
150.0
150.0
156.0
174.0
150.0
150.0
281.0
156.0
148.0
154.0
150.0
148.0
146.0
130.0
296.0
319.0
142.0
137.0
154.0
150.0
164.0
162.0
154.0
160.0
313.0
159.0
279.0
134.0
312.0
256.0
292.0
253.0
310.0
445.0
304.0
284.0
436.0
139.0
170.0
152.0
141.0
160.0
202.0
138.0
166.0
151.0
322.0
148.0
157.0
158.0
133.0
171.0
174.0
162.0
152.0
162.0
294.0
149.0
165.0
138.0
149.0
148.0
123.0
156.0
280.0
324.0
152.0
146.0
152.0
147.0
146.0
146.0
140.0
148.0
324.0
154.0
330.0
146.0
274.0
285.0
258.0
248.0
299.0
392.0
296.0
260.0
422.0
147.0
162.0
154.0
148.0
158.0
242.0
143.0
146.0
151.0
285.0
173.0
149.0
143.0
166.0
158.0
146.0
163.0
152.0
167.0
302.0
152.0
160.0
158.0
152.0
145.0
138.0
159.0
292.0
266.0
160.0
143.0
160.0
134.0
152.0
151.0
153.0
157.0
309.0
165.0
255.0
148.0
315.0
280.0
274.0
250.0
270.0
398.0
256.0
309.0
454.0
162.0
168.0
148.0
146.0
154.0
220.0
164.0
155.0
153.0
292.0
166.0
142.0
140.0
143.0
158.0
162.0
174.0
154.0
148.0
295.0
148.0
159.0
156.0
153.0
156.0
158.0
162.0
276.0
275.0
140.0
149.0
156.0
148.0
136.0
149.0
148.0
162.0
258.0
144.0
296.0
130.0
278.0
278.0
290.0
302.0
270.0
414.0
310.0
319.0
459.0
146.0
154.0
170.0
170.0
148.0
240.0
145.0
160.0
164.0
254.0
160.0
160.0
164.0
151.0
158.0
174.0
145.0
149.0
154.0
296.0
162.0
173.0
141.0
159.0
162.0
148.0
172.0
284.0
268.0
144.0
157.0
138.0
152.0
148.0
151.0
164.0
139.0
268.0
152.0
283.0
155.0
308.0
306.0
298.0
296.0
274.0
389.0
286.0
260.0
466.0
137.0
148.0
152.0
148.0
142.0
234.0
146.0
162.0
144.0
297.0
166.0
132.0
167.0
168.0
142.0
154.0
160.0
138.0
141.0
264.0
154.0
173.0
145.0
137.0
154.0
144.0
151.0
259.0
290.0
142.0
140.0
158.0
156.0
166.0
142.0
166.0
160.0
324.0
157.0
267.0
153.0
324.0
276.0
298.0
302.0
308.0
432.0
321.0
276.0
389.0
154.0
160.0
176.0
172.0
150.0
242.0
156.0
155.0
152.0
254.0
161.0
161.0
154.0
156.0
153.0
163.0
135.0
164.0
170.0
275.0
160.0
156.0
154.0
146.0
157.0
146.0
161.0
268.0
274.0
158.0
156.0
142.0
152.0
146.0
150.0
138.0
152.0
286.0
152.0
284.0
138.0
266.0
283.0
270.0
294.0
308.0
404.0
278.0
317.0
457.0
154.0
162.0
149.0
142.0
148.0
236.0
147.0
164.0
166.0
280.0
143.0
147.0
153.0
172.0
154.0
145.0
140.0
165.0
152.0
258.0
158.0
156.0
149.0
153.0
155.0
146.0
156.0
280.0
284.0
140.0
150.0
149.0
172.0
168.0
164.0
166.0
143.0
322.0
140.0
272.0
148.0
294.0
302.0
282.0
292.0
275.0
457.0
288.0
300.0
406.0
154.0
