I_BRKGA_52_2_30_7_CESP
52 2 30 495.0
32246.5
30774.5
35072.5
33736.5
32495.5
30222.5
34642.5
36104.5
29410.5
30582.5
32539.5
31013.5
31243.5
34411.5
35381.5
35618.5
29399.5
29978.5
30571.5
29914.5
29651.5
33386.5
32430.5
32042.5
31227.5
31360.5
35954.5
30117.5
33144.5
30815.5
0.03941326285934415
0.03210383490015701
0.03959887640308578
0.027594047479574925
0.03838396634568654
0.02757414438544889
0.03974854808599903
0.02988509524134792
0.03883446035304255
0.029258571859591163
0.03937467405665537
0.03254176258103621
0.03762530494238635
0.0302642456605509
0.033664814259687106
0.03068564721618397
0.03369509630622693
0.03319255931685855
0.0388578348594668
0.027877562547944896
0.03436485694784772
0.0310235967146405
0.036502224148394366
0.02978724847029237
0.033477656749780045
0.027107859429681202
0.03675026405162182
0.02731126536781245
0.03679196476528433
0.02670875369436998
111.0
124.0
7678.0
62.0
762.0
1404.0
150.0
795.0
379.0
280.0
457.0
680.0
997.0
404.0
80.0
343.0
581.0
280.0
144.0
528.0
182.0
358.0
118.0
429.0
200.0
869.0
1484.0
590.0
376.0
1249.0
431.0
318.0
914.0
5273.0
5953.0
171.0
224.0
1977.0
109.0
84.0
247.0
249.0
352.0
782.0
382.0
356.0
194.0
269.0
197.0
160.0
806.0
373.0
920.0
1220.0
729.0
1494.0
145.0
806.0
383.0
285.0
456.0
659.0
1053.0
420.0
81.0
340.0
545.0
291.0
145.0
487.0
188.0
372.0
112.0
429.0
208.0
909.0
1494.0
640.0
359.0
1212.0
439.0
330.0
954.0
5320.0
5633.0
168.0
231.0
1994.0
104.0
84.0
259.0
235.0
356.0
812.0
391.0
356.0
195.0
280.0
208.0
166.0
804.0
400.0
901.0
1313.0
765.0
1508.0
149.0
803.0
384.0
272.0
469.0
672.0
1025.0
422.0
76.0
316.0
572.0
280.0
143.0
508.0
183.0
364.0
115.0
414.0
198.0
858.0
1444.0
636.0
364.0
1213.0
432.0
325.0
934.0
5500.0
6017.0
171.0
233.0
1937.0
101.0
83.0
260.0
241.0
339.0
804.0
376.0
342.0
182.0
279.0
198.0
162.0
842.0
387.0
883.0
1282.0
760.0
1474.0
145.0
778.0
384.0
268.0
470.0
687.0
1014.0
423.0
77.0
344.0
560.0
287.0
142.0
505.0
194.0
357.0
115.0
410.0
212.0
880.0
1509.0
599.0
363.0
1247.0
457.0
325.0
940.0
5266.0
5608.0
166.0
228.0
1831.0
105.0
87.0
249.0
249.0
338.0
767.0
391.0
358.0
190.0
263.0
202.0
171.0
772.0
393.0
961.0
1306.0
762.0
1443.0
149.0
795.0
379.0
286.0
463.0
679.0
1007.0
415.0
79.0
346.0
557.0
278.0
146.0
509.0
185.0
351.0
112.0
400.0
196.0
895.0
1405.0
635.0
375.0
1146.0
458.0
328.0
904.0
5149.0
5986.0
169.0
236.0
1961.0
104.0
88.0
252.0
246.0
357.0
804.0
379.0
344.0
190.0
287.0
203.0
171.0
848.0
384.0
935.0
1256.0
746.0
1419.0
149.0
763.0
387.0
270.0
467.0
677.0
1030.0
408.0
77.0
339.0
560.0
294.0
148.0
498.0
189.0
351.0
112.0
394.0
201.0
905.0
1497.0
596.0
373.0
1205.0
431.0
309.0
932.0
5549.0
6124.0
165.0
230.0
1927.0
103.0
84.0
259.0
239.0
350.0
783.0
382.0
341.0
186.0
274.0
197.0
161.0
772.0
376.0
888.0
1321.0
739.0
1517.0
154.0
788.0
383.0
273.0
472.0
668.0
1038.0
404.0
77.0
325.0
591.0
291.0
145.0
504.0
192.0
369.0
114.0
404.0
196.0
920.0
1494.0
619.0
365.0
1172.0
453.0
313.0
963.0
5141.0
5884.0
172.0
236.0
1853.0
109.0
83.0
258.0
241.0
355.0
811.0
393.0
355.0
183.0
284.0
195.0
165.0
788.0
382.0
902.0
1273.0
719.0
1509.0
149.0
793.0
383.0
283.0
471.0
666.0
1052.0
404.0
80.0
326.0
575.0
285.0
144.0
517.0
195.0
361.0
113.0
396.0
213.0
868.0
1505.0
590.0
369.0
1162.0
449.0
312.0
937.0
5570.0
5700.0
175.0
217.0
1940.0
107.0
84.0
252.0
238.0
331.0
756.0
404.0
358.0
192.0
279.0
201.0
164.0
825.0
378.0
887.0
1303.0
753.0
1495.0
151.0
792.0
374.0
284.0
467.0
673.0
1050.0
401.0
78.0
325.0
538.0
302.0
146.0
511.0
187.0
374.0
114.0
414.0
205.0
890.0
1440.0
616.0
378.0
1200.0
443.0
316.0
963.0
5438.0
6097.0
168.0
226.0
1929.0
106.0
87.0
254.0
242.0
352.0
792.0
398.0
346.0
193.0
284.0
204.0
165.0
827.0
391.0
921.0
1225.0
727.0
1407.0
149.0
799.0
376.0
270.0
475.0
664.0
1014.0
410.0
77.0
324.0
552.0
302.0
146.0
504.0
183.0
358.0
112.0
426.0
198.0
902.0
1529.0
607.0
364.0
1236.0
447.0
325.0
971.0
5262.0
5894.0
173.0
225.0
1960.0
106.0
82.0
259.0
250.0
358.0
793.0
405.0
356.0
183.0
266.0
203.0
166.0
836.0
384.0
887.0
1317.0
764.0
1492.0
149.0
781.0
376.0
270.0
476.0
669.0
1020.0
404.0
81.0
331.0
561.0
275.0
150.0
515.0
189.0
369.0
114.0
430.0
199.0
876.0
1464.0
608.0
376.0
1224.0
443.0
314.0
961.0
5258.0
6117.0
172.0
232.0
1988.0
106.0
86.0
249.0
249.0
343.0
797.0
391.0
343.0
188.0
283.0
205.0
167.0
800.0
382.0
923.0
1334.0
751.0
1450.0
149.0
810.0
391.0
285.0
454.0
672.0
1005.0
426.0
81.0
343.0
579.0
297.0
144.0
488.0
188.0
342.0
117.0
409.0
198.0
887.0
1523.0
604.0
377.0
1170.0
458.0
326.0
941.0
5107.0
5825.0
172.0
234.0
1841.0
106.0
82.0
259.0
244.0
350.0
815.0
382.0
355.0
186.0
277.0
197.0
170.0
807.0
379.0
952.0
1324.0
724.0
1540.0
146.0
778.0
374.0
266.0
471.0
660.0
1009.0
417.0
82.0
318.0
544.0
291.0
146.0
493.0
184.0
357.0
115.0
427.0
199.0
850.0
1432.0
623.0
384.0
1241.0
429.0
324.0
920.0
5395.0
5981.0
174.0
225.0
1840.0
106.0
87.0
243.0
242.0
355.0
816.0
379.0
341.0
193.0
276.0
199.0
165.0
792.0
372.0
913.0
1286.0
754.0
1504.0
147.0
773.0
390.0
271.0
467.0
667.0
999.0
434.0
77.0
318.0
552.0
301.0
141.0
502.0
190.0
375.0
112.0
404.0
198.0
851.0
1500.0
639.0
361.0
1185.0
436.0
330.0
899.0
5463.0
5861.0
169.0
237.0
1918.0
103.0
81.0
256.0
238.0
334.0
789.0
381.0
348.0
184.0
271.0
192.0
168.0
837.0
382.0
963.0
1331.0
760.0
1447.0
152.0
771.0
370.0
269.0
456.0
692.0
987.0
434.0
79.0
315.0
580.0
275.0
143.0
528.0
188.0
366.0
112.0
415.0
207.0
882.0
1424.0
606.0
359.0
1149.0
422.0
319.0
939.0
5205.0
5901.0
176.0
231.0
1934.0
105.0
87.0
247.0
235.0
352.0
787.0
388.0
348.0
189.0
284.0
202.0
161.0
810.0
387.0
883.0
1291.0
717.0
1436.0
148.0
773.0
377.0
280.0
454.0
698.0
1023.0
433.0
80.0
323.0
546.0
289.0
147.0
492.0
189.0
366.0
115.0
433.0
201.0
920.0
1463.0
631.0
374.0
1245.0
430.0
309.0
936.0
5308.0
5749.0
176.0
231.0
1860.0
107.0
87.0
251.0
232.0
344.0
803.0
407.0
347.0
191.0
276.0
203.0
159.0
829.0
398.0
899.0
1332.0
755.0
1432.0
149.0
746.0
384.0
264.0
452.0
681.0
1049.0
403.0
77.0
340.0
575.0
285.0
143.0
502.0
191.0
369.0
116.0
415.0
209.0
902.0
1409.0
629.0
358.0
1226.0
435.0
307.0
950.0
5555.0
5987.0
172.0
225.0
1898.0
109.0
81.0
249.0
247.0
356.0
805.0
376.0
362.0
181.0
285.0
203.0
162.0
836.0
389.0
966.0
1260.0
759.0
1465.0
148.0
798.0
379.0
282.0
471.0
653.0
1048.0
405.0
81.0
333.0
564.0
275.0
145.0
504.0
188.0
348.0
114.0
397.0
203.0
872.0
1478.0
610.0
384.0
1243.0
427.0
312.0
891.0
5209.0
5729.0
174.0
224.0
1831.0
105.0
84.0
243.0
250.0
349.0
813.0
405.0
348.0
188.0
285.0
201.0
171.0
829.0
388.0
901.0
1273.0
736.0
1520.0
151.0
767.0
375.0
273.0
485.0
677.0
1043.0
412.0
77.0
332.0
557.0
301.0
144.0
512.0
181.0
361.0
115.0
403.0
197.0
887.0
1513.0
628.0
369.0
1175.0
453.0
321.0
924.0
5439.0
6063.0
167.0
222.0
1874.0
103.0
85.0
247.0
248.0
349.0
800.0
373.0
340.0
187.0
282.0
205.0
163.0
799.0
377.0
930.0
1309.0
748.0
1445.0
147.0
772.0
379.0
274.0
463.0
681.0
1054.0
428.0
81.0
315.0
549.0
290.0
140.0
511.0
182.0
372.0
111.0
410.0
213.0
880.0
1537.0
612.0
383.0
1196.0
440.0
328.0
962.0
5412.0
5794.0
166.0
221.0
1924.0
104.0
87.0
256.0
240.0
352.0
771.0
392.0
353.0
185.0
282.0
202.0
172.0
828.0
386.0
972.0
1307.0
749.0
1461.0
150.0
805.0
372.0
277.0
462.0
682.0
1026.0
417.0
78.0
343.0
574.0
288.0
149.0
504.0
192.0
375.0
113.0
416.0
210.0
888.0
1430.0
642.0
378.0
1157.0
441.0
315.0
910.0
5532.0
5727.0
177.0
228.0
1848.0
109.0
84.0
252.0
239.0
351.0
772.0
375.0
355.0
180.0
284.0
201.0
167.0
830.0
389.0
934.0
1312.0
733.0
1497.0
146.0
774.0
372.0
267.0
458.0
667.0
995.0
407.0
77.0
313.0
558.0
290.0
150.0
489.0
195.0
372.0
113.0
398.0
207.0
885.0
1431.0
641.0
369.0
1231.0
451.0
316.0
937.0
5272.0
6083.0
164.0
226.0
1904.0
106.0
86.0
245.0
245.0
352.0
776.0
389.0
357.0
183.0
266.0
201.0
166.0
849.0
399.0
880.0
1289.0
721.0
1468.0
151.0
767.0
391.0
279.0
463.0
685.0
1013.0
400.0
79.0
324.0
563.0
283.0
148.0
516.0
181.0
341.0
114.0
400.0
212.0
913.0
1446.0
635.0
372.0
1141.0
441.0
326.0
925.0
5466.0
6029.0
174.0
237.0
1926.0
109.0
84.0
248.0
232.0
355.0
807.0
398.0
357.0
194.0
283.0
199.0
164.0
789.0
390.0
906.0
1285.0
740.0
1444.0
151.0
795.0
376.0
280.0
461.0
676.0
983.0
426.0
80.0
339.0
579.0
274.0
147.0
520.0
181.0
357.0
112.0
419.0
207.0
886.0
1479.0
595.0
354.0
1238.0
439.0
322.0
953.0
5083.0
6028.0
169.0
226.0
1919.0
107.0
84.0
263.0
241.0
353.0
780.0
391.0
348.0
185.0
284.0
208.0
169.0
845.0
382.0
904.0
1236.0
725.0
1482.0
148.0
776.0
376.0
266.0
470.0
707.0
1044.0
429.0
77.0
330.0
572.0
285.0
147.0
499.0
183.0
375.0
117.0
404.0
208.0
867.0
1518.0
637.0
386.0
1181.0
436.0
324.0
926.0
5329.0
6124.0
169.0
231.0
1880.0
107.0
83.0
255.0
248.0
341.0
766.0
386.0
342.0
190.0
261.0
202.0
167.0
823.0
388.0
886.0
1324.0
730.0
1524.0
146.0
764.0
387.0
272.0
454.0
674.0
1007.0
433.0
77.0
344.0
582.0
297.0
141.0
524.0
195.0
369.0
111.0
405.0
211.0
884.0
1414.0
603.0
361.0
1209.0
429.0
318.0
976.0
5325.0
5836.0
168.0
225.0
1964.0
106.0
86.0
260.0
251.0
357.0
778.0
376.0
356.0
195.0
277.0
201.0
168.0
794.0
387.0
954.0
1240.0
751.0
1417.0
145.0
794.0
388.0
268.0
478.0
674.0
1016.0
411.0
79.0
327.0
590.0
297.0
146.0
499.0
189.0
352.0
113.0
407.0
208.0
884.0
1495.0
590.0
376.0
1248.0
425.0
315.0
913.0
5202.0
5797.0
171.0
234.0
1907.0
105.0
88.0
259.0
246.0
348.0
806.0
373.0
358.0
192.0
273.0
200.0
170.0
851.0
397.0
900.0
1319.0
776.0
1534.0
151.0
800.0
373.0
274.0
460.0
663.0
1003.0
420.0
76.0
331.0
572.0
286.0
149.0
500.0
182.0
359.0
111.0
408.0
208.0
890.0
1503.0
628.0
369.0
1250.0
437.0
313.0
935.0
5550.0
6135.0
177.0
235.0
1967.0
105.0
82.0
247.0
238.0
338.0
804.0
392.0
359.0
186.0
266.0
201.0
162.0
844.0
387.0
895.0
1238.0
728.0
1420.0
150.0
759.0
379.0
285.0
457.0
706.0
1006.0
410.0
82.0
324.0
552.0
300.0
150.0
519.0
187.0
367.0
120.0
397.0
199.0
860.0
1535.0
639.0
377.0
1196.0
432.0
319.0
922.0
5127.0
5883.0
178.0
229.0
1919.0
101.0
83.0
257.0
236.0
347.0
799.0
392.0
345.0
189.0
286.0
203.0
167.0
829.0
388.0
943.0
1263.0
727.0
1440.0
153.0
800.0
378.0
268.0
461.0
675.0
1020.0
430.0
76.0
337.0
565.0
285.0
143.0
500.0
186.0
361.0
110.0
404.0
199.0
843.0
1476.0
634.0
377.0
1161.0
450.0
317.0
935.0
5152.0
5759.0
177.0
223.0
1968.0
103.0
85.0
260.0
241.0
351.0
781.0
384.0
363.0
183.0
284.0
207.0
157.0
827.0
396.0
888.0
1236.0
176.0
166.0
155.0
159.0
229.0
138.0
150.0
156.0
272.0
144.0
150.0
143.0
132.0
166.0
151.0
149.0
137.0
152.0
276.0
168.0
164.0
169.0
140.0
138.0
133.0
145.0
302.0
309.0
154.0
168.0
167.0
166.0
137.0
150.0
142.0
139.0
258.0
166.0
312.0
131.0
286.0
282.0
326.0
292.0
284.0
460.0
292.0
326.0
466.0
159.0
160.0
171.0
160.0
144.0
208.0
142.0
152.0
157.0
314.0
157.0
134.0
148.0
160.0
156.0
150.0
142.0
150.0
148.0
300.0
161.0
152.0
143.0
168.0
137.0
130.0
143.0
292.0
290.0
149.0
152.0
167.0
152.0
142.0
146.0
136.0
154.0
295.0
171.0
312.0
157.0
254.0
324.0
330.0
316.0
314.0
433.0
322.0
268.0
422.0
161.0
164.0
142.0
144.0
146.0
249.0
157.0
170.0
162.0
320.0
142.0
146.0
162.0
150.0
168.0
163.0
154.0
147.0
152.0
284.0
160.0
162.0
148.0
143.0
167.0
145.0
152.0
276.0
286.0
148.0
146.0
155.0
167.0
152.0
153.0
147.0
150.0
307.0
150.0
270.0
150.0
280.0
313.0
319.0
291.0
310.0
421.0
298.0
301.0
416.0
155.0
146.0
155.0
148.0
158.0
222.0
162.0
162.0
164.0
312.0
144.0
154.0
152.0
148.0
164.0
175.0
149.0
146.0
150.0
294.0
164.0
156.0
150.0
150.0
160.0
128.0
146.0
276.0
271.0
148.0
151.0
160.0
149.0
158.0
164.0
144.0
134.0
326.0
154.0
282.0
154.0
291.0
321.0
300.0
301.0
268.0
430.0
294.0
270.0
394.0
141.0
162.0
164.0
146.0
142.0
221.0
142.0
142.0
160.0
274.0
135.0
148.0
147.0
146.0
154.0
158.0
162.0
140.0
156.0
294.0
130.0
139.0
149.0
156.0
150.0
146.0
160.0
264.0
312.0
162.0
144.0
144.0
138.0
156.0
164.0
148.0
144.0
290.0
154.0
274.0
160.0
260.0
254.0
288.0
279.0
268.0
444.0
300.0
324.0
473.0
157.0
149.0
144.0
148.0
158.0
225.0
149.0
157.0
160.0
272.0
156.0
144.0
152.0
151.0
148.0
164.0
152.0
166.0
162.0
281.0
152.0
146.0
150.0
144.0
143.0
134.0
168.0
265.0
328.0
164.0
141.0
160.0
154.0
148.0
133.0
142.0
160.0
284.0
162.0
313.0
163.0
312.0
284.0
272.0
298.0
308.0
457.0
264.0
280.0
419.0
136.0
161.0
158.0
146.0
162.0
238.0
146.0
157.0
152.0
257.0
156.0
154.0
138.0
158.0
152.0
134.0
165.0
154.0
146.0
308.0
155.0
149.0
162.0
133.0
157.0
140.0
175.0
292.0
260.0
153.0
162.0
150.0
138.0
146.0
160.0
144.0
136.0
272.0
138.0
309.0
134.0
258.0
289.0
265.0
289.0
264.0
440.0
314.0
269.0
440.0
140.0
178.0
155.0
161.0
162.0
227.0
137.0
142.0
141.0
296.0
160.0
152.0
154.0
149.0
146.0
153.0
152.0
159.0
156.0
256.0
143.0
152.0
154.0
162.0
166.0
128.0
144.0
276.0
318.0
140.0
163.0
168.0
159.0
143.0
160.0
154.0
150.0
276.0
152.0
316.0
164.0
280.0
314.0
302.0
290.0
298.0
458.0
260.0
281.0
395.0
148.0
155.0
164.0
144.0
148.0
238.0
160.0
146.0
156.0
306.0
150.0
172.0
141.0
145.0
154.0
152.0
151.0
161.0
148.0
319.0
141.0
164.0
164.0
154.0
161.0
138.0
154.0
327.0
304.0
138.0
140.0
158.0
157.0
168.0
145.0
134.0
148.0
280.0
147.0
334.0
156.0
248.0
294.0
298.0
258.0
282.0
468.0
296.0
260.0
466.0
156.0
154.0
160.0
150.0
158.0
222.0
144.0
144.0
150.0
310.0
168.0
161.0
138.0
153.0
141.0
162.0
155.0
140.0
136.0
301.0
159.0
150.0
158.0
165.0
175.0
144.0
154.0
324.0
304.0
156.0
154.0
157.0
133.0
159.0
142.0
162.0
167.0
271.0
156.0
290.0
168.0
303.0
296.0
282.0
293.0
264.0
393.0
272.0
316.0
468.0
140.0
160.0
170.0
150.0
160.0
226.0
154.0
157.0
164.0
302.0
154.0
170.0
146.0
172.0
158.0
146.0
170.0
158.0
151.0
309.0
148.0
150.0
157.0
135.0
154.0
130.0
153.0
302.0
296.0
154.0
171.0
152.0
168.0
136.0
162.0
152.0
144.0
329.0
148.0
298.0
138.0
290.0
288.0
279.0
271.0
332.0
416.0
306.0
286.0
438.0
160.0
154.0
149.0
144.0
158.0
236.0
158.0
156.0
165.0
274.0
166.0
141.0
154.0
168.0
151.0
152.0
173.0
164.0
146.0
260.0
153.0
135.0
160.0
172.0
136.0
154.0
144.0
290.0
332.0
156.0
132.0
145.0
147.0
165.0
153.0
144.0
151.0
314.0
162.0
322.0
150.0
292.0
288.0
289.0
290.0
320.0
426.0
316.0
320.0
412.0
168.0
168.0
166.0
154.0
140.0
206.0
148.0
143.0
170.0
295.0
154.0
146.0
153.0
146.0
148.0
148.0
155.0
160.0
150.0
284.0
166.0
138.0
154.0
151.0
143.0
140.0
168.0
284.0
318.0
160.0
152.0
144.0
150.0
140.0
156.0
157.0
156.0
284.0
153.0
327.0
138.0
326.0
306.0
273.0
262.0
305.0
418.0
282.0
270.0
384.0
151.0
154.0
152.0
148.0
160.0
238.0
142.0
144.0
144.0
267.0
142.0
138.0
159.0
146.0
143.0
158.0
138.0
161.0
150.0
318.0
147.0
142.0
153.0
158.0
162.0
123.0
176.0
312.0
310.0
145.0
158.0
152.0
165.0
157.0
146.0
144.0
160.0
300.0
144.0
291.0
167.0
324.0
318.0
312.0
298.0
300.0
434.0
289.0
290.0
453.0
158.0
164.0
170.0
152.0
160.0
248.0
140.0
140.0
166.0
256.0
170.0
169.0
154.0
150.0
156.0
159.0
168.0
160.0
144.0
299.0
148.0
154.0
156.0
157.0
141.0
130.0
148.0
262.0
276.0
142.0
146.0
174.0
140.0
142.0
154.0
148.0
158.0
268.0
140.0
268.0
160.0
288.0
294.0
274.0
274.0
268.0
414.0
272.0
320.0
454.0
148.0
174.0
166.0
148.0
154.0
240.0
146.0
148.0
148.0
270.0
155.0
142.0
164.0
166.0
151.0
174.0
154.0
172.0
154.0
274.0
154.0
151.0
142.0
151.0
166.0
140.0
142.0
264.0
266.0
168.0
172.0
160.0
160.0
140.0
140.0
169.0
150.0
316.0
134.0
312.0
136.0
322.0
264.0
316.0
257.0
299.0
395.0
268.0
269.0
386.0
156.0
152.0
171.0
152.0
163.0
224.0
142.0
149.0
158.0
290.0
152.0
154.0
154.0
152.0
166.0
148.0
152.0
158.0
164.0
313.0
158.0
144.0
152.0
154.0
158.0
131.0
170.0
295.0
296.0
165.0
136.0
152.0
149.0
166.0
159.0
162.0
160.0
270.0
146.0
278.0
146.0
291.0
302.0
292.0
274.0
278.0
457.0
304.0
307.0
472.0
151.0
152.0
158.0
158.0
151.0
219.0
145.0
154.0
158.0
292.0
150.0
152.0
149.0
148.0
148.0
144.0
143.0
134.0
135.0
250.0
149.0
174.0
162.0
148.0
144.0
156.0
152.0
280.0
280.0
166.0
146.0
159.0
166.0
138.0
144.0
156.0
154.0
274.0
174.0
323.0
161.0
276.0
311.0
278.0
294.0
310.0
454.0
286.0
306.0
400.0
144.0
164.0
152.0
138.0
158.0
243.0
148.0
156.0
154.0
314.0
134.0
160.0
153.0
144.0
166.0
174.0
162.0
144.0
159.0
296.0
166.0
154.0
144.0
142.0
168.0
140.0
159.0
310.0
300.0
138.0
156.0
152.0
144.0
144.0
171.0
142.0
134.0
262.0
139.0
279.0
173.0
304.0
294.0
298.0
248.0
324.0
417.0
250.0
266.0
378.0
140.0
169.0
170.0
162.0
152.0
236.0
152.0
166.0
168.0
292.0
162.0
142.0
140.0
153.0
151.0
161.0
146.0
142.0
160.0
318.0
148.0
147.0
146.0
172.0
156.0
142.0
140.0
300.0
256.0
171.0
150.0
164.0
148.0
147.0
152.0
149.0
158.0
288.0
151.0
316.0
142.0
280.0
311.0
262.0
305.0
272.0
404.0
284.0
306.0
468.0
170.0
150.0
161.0
150.0
157.0
226.0
148.0
166.0
154.0
279.0
163.0
150.0
153.0
170.0
152.0
160.0
166.0
164.0
168.0
284.0
163.0
151.0
152.0
152.0
154.0
132.0
156.0
256.0
266.0
152.0
146.0
166.0
167.0
148.0
156.0
138.0
165.0
314.0
152.0
248.0
140.0
264.0
295.0
305.0
312.0
246.0
440.0
297.0
298.0
375.0
166.0
156.0
158.0
148.0
155.0
217.0
152.0
147.0
158.0
294.0
158.0
143.0
164.0
142.0
164.0
164.0
150.0
163.0
145.0
304.0
150.0
151.0
154.0
150.0
157.0
132.0
164.0
317.0
282.0
140.0
151.0
153.0
160.0
148.0
150.0
146.0
132.0
277.0
156.0
304.0
144.0
268.0
288.0
250.0
266.0
286.0
423.0
298.0
301.0
437.0
152.0
162.0
176.0
162.0
166.0
244.0
136.0
148.0
164.0
257.0
154.0
160.0
139.0
150.0
152.0
146.0
150.0
148.0
142.0
299.0
144.0
154.0
150.0
160.0
172.0
142.0
164.0
264.0
264.0
156.0
156.0
156.0
148.0
141.0
148.0
164.0
158.0
282.0
162.0
312.0
164.0
272.0
318.0
284.0
252.0
298.0
408.0
280.0
287.0
444.0
168.0
158.0
147.0
160.0
156.0
216.0
147.0
152.0
150.0
290.0
172.0
147.0
152.0
139.0
153.0
150.0
165.0
158.0
144.0
271.0
160.0
162.0
156.0
152.0
154.0
131.0
155.0
312.0
280.0
147.0
149.0
150.0
173.0
139.0
166.0
158.0
132.0
248.0
142.0
318.0
140.0
262.0
291.0
292.0
272.0
296.0
446.0
268.0
305.0
408.0
156.0
159.0
166.0
162.0
152.0
235.0
144.0
145.0
142.0
320.0
150.0
142.0
154.0
148.0
160.0
168.0
168.0
170.0
152.0
265.0
165.0
160.0
154.0
166.0
159.0
144.0
143.0
276.0
294.0
149.0
142.0
149.0
160.0
162.0
152.0
164.0
156.0
290.0
146.0
307.0
146.0
318.0
290.0
295.0
268.0
316.0
412.0
266.0
252.0
432.0
162.0
158.0
145.0
158.0
147.0
220.0
155.0
143.0
150.0
277.0
160.0
154.0
156.0
154.0
159.0
141.0
150.0
148.0
147.0
302.0
158.0
162.0
149.0
162.0
156.0
140.0
138.0
272.0
259.0
153.0
136.0
146.0
132.0
157.0
160.0
140.0
161.0
288.0
164.0
284.0
138.0
316.0
289.0
286.0
272.0
268.0
454.0
288.0
301.0
443.0
154.0
152.0
172.0
147.0
148.0
244.0
146.0
144.0
146.0
325.0
148.0
160.0
153.0
151.0
154.0
144.0
148.0
142.0
142.0
264.0
157.0
147.0
160.0
157.0
168.0
130.0
164.0
265.0
261.0
162.0
155.0
136.0
155.0
150.0
156.0
132.0
156.0
299.0
144.0
290.0
163.0
292.0
307.0
318.0
292.0
308.0
434.0
296.0
313.0
426.0
157.0
161.0
177.0
166.0
170.0
233.0
140.0
170.0
151.0
285.0
137.0
140.0
144.0
156.0
159.0
152.0
150.0
170.0
156.0
290.0
157.0
166.0
158.0
144.0
158.0
135.0
150.0
263.0
268.0
167.0
161.0
144.0
151.0
152.0
154.0
141.0
156.0
291.0
146.0
302.0
156.0
280.0
278.0
282.0
280.0
260.0
464.0
293.0
271.0
406.0
148.0
158.0
162.0
158.0
155.0
230.0
154.0
168.0
167.0
306.0
140.0
144.0
164.0
164.0
155.0
150.0
156.0
157.0
143.0
282.0
146.0
148.0
146.0
152.0
151.0
144.0
154.0
290.0
320.0
174.0
156.0
152.0
167.0
133.0
158.0
155.0
156.0
316.0
164.0
282.0
146.0
280.0
292.0
287.0
306.0
287.0
431.0
274.0
284.0
438.0
142.0
158.0
165.0
141.0
158.0
226.0
164.0
141.0
148.0
305.0
155.0
160.0
168.0
140.0
142.0
162.0
164.0
165.0
157.0
295.0
162.0
146.0
148.0
151.0
136.0
128.0
152.0
308.0
288.0
162.0
130.0
150.0
140.0
136.0
152.0
171.0
139.0
322.0
170.0
279.0
155.0
295.0
288.0
298.0
274.0
282.0
428.0
296.0
272.0
405.0
169.0
