I_BRKGA_112_4_30_9_CESP
112 4 30 494.0
34331.5
34328.5
35063.5
30864.5
32542.5
34725.5
30938.5
34382.5
33869.5
32266.5
35291.5
31911.5
31311.5
29318.5
29845.5
31397.5
34800.5
30146.5
34193.5
35573.5
31796.5
31924.5
35387.5
34137.5
29905.5
31868.5
32781.5
31656.5
29373.5
31764.5
0.03531670146132487
0.03283226893813694
0.03848701553318934
0.030730674131874323
0.033800991444270206
0.03249308722268055
0.034433309598190624
0.027148074569411446
0.034660810344240435
0.03037106890641342
0.03787742112795282
0.027790868795081455
0.03408430110630326
0.032880356769003576
0.03606040206084797
0.030915568823209075
0.039002161839829554
0.03040238246615119
0.03791773937934837
0.02802765876798731
0.03797756279152295
0.031074743918129817
0.03463635432309497
0.028230721461442072
0.038700378464709174
0.027412769335978568
0.034436459815316935
0.0333240023354322
0.03422949299532084
0.03474465127360549
118.0
120.0
119.0
113.0
3842.0
29.0
1884.0
1957.0
504.0
1347.0
33.0
516.0
109.0
175.0
45.0
335.0
263.0
379.0
56.0
312.0
536.0
278.0
74.0
246.0
75.0
280.0
29.0
344.0
167.0
780.0
1272.0
548.0
336.0
1147.0
274.0
158.0
853.0
5490.0
5811.0
124.0
163.0
327.0
47.0
28.0
187.0
220.0
182.0
501.0
367.0
78.0
66.0
25.0
120.0
32.0
19.0
176.0
855.0
51.0
128.0
62.0
45.0
156.0
155.0
76.0
153.0
139.0
750.0
36.0
20.0
24.0
31.0
8.0
73.0
265.0
112.0
68.0
91.0
59.0
41.0
87.0
146.0
49.0
26.0
57.0
152.0
171.0
111.0
86.0
132.0
44.0
61.0
1641.0
54.0
57.0
67.0
25.0
159.0
298.0
31.0
288.0
119.0
255.0
78.0
133.0
781.0
208.0
71.0
1275.0
131.0
120.0
68.0
87.0
120.0
20.0
257.0
189.0
481.0
1346.0
36.0
553.0
116.0
186.0
44.0
344.0
252.0
367.0
58.0
308.0
514.0
285.0
75.0
230.0
82.0
285.0
28.0
367.0
163.0
771.0
1303.0
564.0
360.0
1105.0
281.0
148.0
840.0
5021.0
5910.0
124.0
171.0
315.0
50.0
28.0
179.0
220.0
179.0
502.0
344.0
73.0
61.0
27.0
119.0
31.0
20.0
164.0
874.0
52.0
126.0
67.0
45.0
156.0
143.0
72.0
165.0
141.0
744.0
37.0
21.0
24.0
30.0
8.0
75.0
262.0
111.0
68.0
86.0
58.0
40.0
88.0
153.0
47.0
25.0
57.0
149.0
166.0
108.0
87.0
136.0
44.0
64.0
1657.0
55.0
54.0
67.0
25.0
160.0
277.0
31.0
260.0
125.0
249.0
78.0
135.0
789.0
208.0
66.0
1259.0
131.0
119.0
72.0
89.0
112.0
20.0
265.0
202.0
518.0
1267.0
33.0
543.0
118.0
182.0
48.0
342.0
256.0
365.0
57.0
301.0
525.0
283.0
73.0
237.0
82.0
287.0
28.0
358.0
163.0
820.0
1359.0
570.0
345.0
1163.0
300.0
145.0
861.0
5030.0
5755.0
122.0
159.0
316.0
48.0
27.0
193.0
218.0
178.0
515.0
341.0
76.0
66.0
27.0
124.0
33.0
19.0
179.0
875.0
52.0
129.0
63.0
43.0
165.0
155.0
71.0
161.0
151.0
793.0
36.0
21.0
24.0
32.0
8.0
71.0
264.0
106.0
72.0
89.0
59.0
41.0
86.0
147.0
49.0
27.0
55.0
160.0
172.0
101.0
86.0
137.0
45.0
64.0
1651.0
57.0
55.0
69.0
25.0
155.0
295.0
32.0
284.0
125.0
236.0
79.0
140.0
791.0
225.0
69.0
1196.0
132.0
118.0
68.0
89.0
116.0
19.0
250.0
191.0
487.0
1238.0
34.0
515.0
119.0
177.0
44.0
345.0
250.0
366.0
59.0
298.0
509.0
271.0
74.0
238.0
77.0
285.0
27.0
344.0
172.0
801.0
1318.0
545.0
363.0
1109.0
276.0
144.0
843.0
5188.0
5860.0
128.0
173.0
305.0
51.0
28.0
179.0
205.0
195.0
488.0
360.0
76.0
65.0
27.0
122.0
33.0
19.0
168.0
864.0
49.0
125.0
61.0
45.0
157.0
155.0
76.0
165.0
149.0
742.0
38.0
21.0
25.0
31.0
8.0
76.0
262.0
111.0
73.0
83.0
58.0
37.0
84.0
144.0
46.0
25.0
54.0
159.0
162.0
106.0
80.0
136.0
45.0
67.0
1651.0
56.0
54.0
70.0
26.0
154.0
294.0
30.0
284.0
127.0
243.0
83.0
128.0
830.0
207.0
68.0
1277.0
124.0
126.0
66.0
94.0
119.0
18.0
246.0
203.0
485.0
1261.0
36.0
522.0
111.0
185.0
47.0
321.0
262.0
372.0
56.0
295.0
532.0
283.0
76.0
234.0
79.0
287.0
28.0
358.0
158.0
793.0
1385.0
600.0
360.0
1153.0
291.0
148.0
798.0
5464.0
5672.0
129.0
166.0
335.0
47.0
28.0
179.0
215.0
191.0
518.0
369.0
73.0
67.0
26.0
118.0
33.0
20.0
167.0
826.0
52.0
123.0
65.0
43.0
164.0
154.0
70.0
159.0
152.0
787.0
36.0
21.0
26.0
30.0
8.0
73.0
268.0
113.0
71.0
83.0
54.0
37.0
82.0
146.0
49.0
26.0
57.0
159.0
173.0
105.0
87.0
127.0
48.0
65.0
1612.0
57.0
59.0
67.0
26.0
151.0
289.0
30.0
269.0
124.0
240.0
82.0
135.0
764.0
205.0
66.0
1270.0
129.0
121.0
73.0
89.0
121.0
20.0
270.0
203.0
510.0
1245.0
33.0
508.0
110.0
190.0
47.0
325.0
254.0
373.0
58.0
306.0
540.0
294.0
75.0
254.0
78.0
276.0
27.0
342.0
159.0
776.0
1345.0
557.0
347.0
1181.0
301.0
148.0
805.0
5126.0
5634.0
126.0
158.0
320.0
48.0
28.0
184.0
208.0
178.0
486.0
364.0
72.0
63.0
25.0
125.0
32.0
20.0
177.0
885.0
52.0
125.0
64.0
45.0
159.0
144.0
70.0
158.0
140.0
802.0
36.0
21.0
26.0
30.0
8.0
71.0
260.0
110.0
70.0
87.0
54.0
38.0
81.0
145.0
49.0
25.0
57.0
164.0
174.0
102.0
81.0
137.0
44.0
65.0
1603.0
58.0
57.0
68.0
26.0
153.0
296.0
31.0
262.0
128.0
256.0
80.0
140.0
826.0
221.0
70.0
1262.0
132.0
127.0
68.0
91.0
119.0
20.0
257.0
199.0
479.0
1323.0
34.0
505.0
117.0
177.0
45.0
344.0
246.0
401.0
57.0
301.0
522.0
293.0
71.0
229.0
76.0
294.0
29.0
343.0
165.0
804.0
1389.0
584.0
361.0
1116.0
276.0
156.0
802.0
5412.0
5435.0
120.0
173.0
309.0
50.0
27.0
177.0
216.0
184.0
530.0
358.0
79.0
61.0
27.0
121.0
31.0
19.0
165.0
889.0
52.0
130.0
63.0
43.0
152.0
144.0
71.0
168.0
144.0
797.0
37.0
20.0
24.0
32.0
8.0
73.0
273.0
113.0
70.0
85.0
59.0
40.0
87.0
151.0
46.0
25.0
54.0
163.0
173.0
109.0
81.0
133.0
46.0
63.0
1624.0
55.0
56.0
71.0
24.0
159.0
277.0
33.0
281.0
123.0
249.0
83.0
134.0
785.0
212.0
69.0
1219.0
132.0
120.0
72.0
88.0
120.0
20.0
252.0
187.0
512.0
1249.0
36.0
559.0
111.0
182.0
45.0
351.0
248.0
396.0
59.0
320.0
525.0
273.0
75.0
230.0
78.0
290.0
29.0
374.0
164.0
836.0
1257.0
563.0
332.0
1174.0
298.0
158.0
851.0
5030.0
5731.0
130.0
173.0
317.0
49.0
27.0
194.0
219.0
191.0
489.0
358.0
76.0
64.0
25.0
121.0
30.0
20.0
170.0
874.0
52.0
126.0
62.0
44.0
162.0
143.0
71.0
161.0
148.0
738.0
37.0
20.0
25.0
32.0
8.0
69.0
273.0
111.0
72.0
89.0
56.0
40.0
83.0
145.0
48.0
25.0
58.0
153.0
162.0
105.0
80.0
131.0
46.0
63.0
1635.0
58.0
54.0
65.0
26.0
151.0
294.0
32.0
287.0
130.0
239.0
79.0
137.0
832.0
219.0
71.0
1221.0
132.0
122.0
71.0
89.0
115.0
19.0
261.0
203.0
475.0
1240.0
35.0
531.0
109.0
191.0
46.0
322.0
257.0
375.0
61.0
298.0
548.0
288.0
70.0
253.0
75.0
290.0
28.0
354.0
165.0
789.0
1272.0
555.0
341.0
1134.0
279.0
159.0
823.0
5381.0
5646.0
122.0
167.0
325.0
49.0
29.0
187.0
212.0
183.0
494.0
373.0
73.0
61.0
25.0
119.0
32.0
19.0
175.0
860.0
49.0
123.0
64.0
46.0
156.0
149.0
74.0
159.0
150.0
759.0
36.0
20.0
26.0
29.0
8.0
71.0
251.0
107.0
68.0
88.0
59.0
38.0
81.0
146.0
45.0
27.0
55.0
161.0
165.0
103.0
81.0
132.0
48.0
65.0
1594.0
59.0
59.0
65.0
25.0
153.0
273.0
32.0
269.0
129.0
252.0
81.0
138.0
830.0
215.0
70.0
1194.0
131.0
116.0
69.0
94.0
114.0
19.0
263.0
206.0
491.0
1339.0
33.0
525.0
112.0
186.0
47.0
343.0
248.0
374.0
60.0
292.0
520.0
295.0
73.0
243.0
78.0
276.0
28.0
342.0
170.0
805.0
1387.0
547.0
327.0
1168.0
278.0
158.0
820.0
5000.0
5453.0
121.0
170.0
308.0
49.0
28.0
191.0
223.0
180.0
485.0
363.0
78.0
62.0
25.0
119.0
31.0
20.0
176.0
874.0
52.0
128.0
63.0
45.0
162.0
154.0
73.0
167.0
152.0
763.0
37.0
21.0
25.0
29.0
8.0
74.0
256.0
103.0
68.0
85.0
55.0
39.0
81.0
152.0
46.0
26.0
53.0
162.0
173.0
111.0
86.0
133.0
44.0
67.0
1651.0
57.0
57.0
70.0
26.0
165.0
275.0
31.0
269.0
127.0
250.0
82.0
140.0
833.0
212.0
71.0
1278.0
134.0
122.0
72.0
86.0
117.0
19.0
249.0
201.0
507.0
1340.0
34.0
527.0
118.0
180.0
45.0
346.0
264.0
384.0
57.0
319.0
526.0
271.0
70.0
235.0
75.0
298.0
27.0
364.0
164.0
786.0
1341.0
566.0
337.0
1151.0
275.0
152.0
813.0
5354.0
5855.0
122.0
169.0
311.0
46.0
28.0
177.0
219.0
188.0
490.0
339.0
75.0
66.0
26.0
120.0
32.0
19.0
172.0
841.0
51.0
120.0
64.0
43.0
158.0
151.0
73.0
154.0
146.0
801.0
35.0
20.0
24.0
30.0
8.0
70.0
277.0
110.0
70.0
87.0
58.0
38.0
81.0
154.0
46.0
26.0
55.0
158.0
171.0
107.0
83.0
130.0
45.0
64.0
1550.0
56.0
55.0
71.0
26.0
152.0
276.0
32.0
288.0
125.0
260.0
83.0
140.0
807.0
205.0
66.0
1202.0
124.0
115.0
67.0
85.0
116.0
20.0
255.0
206.0
502.0
1266.0
36.0
531.0
111.0
191.0
47.0
330.0
264.0
382.0
57.0
305.0
556.0
281.0
70.0
243.0
76.0
300.0
29.0
340.0
164.0
798.0
1307.0
567.0
359.0
1157.0
290.0
152.0
849.0
5009.0
5693.0
119.0
165.0
320.0
48.0
28.0
182.0
205.0
181.0
484.0
340.0
76.0
66.0
26.0
122.0
32.0
20.0
163.0
843.0
51.0
127.0
62.0
44.0
157.0
153.0
70.0
162.0
144.0
796.0
38.0
21.0
25.0
31.0
8.0
73.0
261.0
108.0
69.0
91.0
54.0
41.0
87.0
140.0
48.0
25.0
57.0
156.0
175.0
101.0
83.0
129.0
46.0
65.0
1648.0
56.0
58.0
69.0
25.0
159.0
297.0
31.0
260.0
119.0
241.0
78.0
141.0
756.0
223.0
70.0
1164.0
131.0
117.0
72.0
88.0
120.0
19.0
265.0
188.0
479.0
1239.0
35.0
518.0
114.0
192.0
45.0
344.0
267.0
370.0
56.0
294.0
543.0
277.0
72.0
254.0
77.0
284.0
29.0
364.0
165.0
812.0
1326.0
542.0
334.0
1093.0
289.0
147.0
864.0
5132.0
5520.0
127.0
163.0
327.0
50.0
29.0
176.0
211.0
191.0
507.0
352.0
78.0
65.0
26.0
126.0
31.0
20.0
162.0
817.0
50.0
131.0
64.0
45.0
157.0
147.0
71.0
165.0
144.0
778.0
38.0
21.0
26.0
29.0
8.0
76.0
263.0
106.0
72.0
88.0
58.0
40.0
88.0
152.0
49.0
26.0
55.0
154.0
166.0
109.0
83.0
136.0
44.0
63.0
1505.0
59.0
57.0
69.0
24.0
153.0
297.0
31.0
269.0
128.0
235.0
76.0
133.0
807.0
204.0
66.0
1225.0
124.0
123.0
69.0
88.0
111.0
19.0
267.0
197.0
501.0
1240.0
35.0
512.0
109.0
182.0
47.0
329.0
268.0
399.0
60.0
305.0
538.0
280.0
74.0
244.0
76.0
277.0
28.0
356.0
161.0
838.0
1359.0
544.0
358.0
1153.0
287.0
152.0
827.0
5269.0
5875.0
129.0
163.0
324.0
48.0
28.0
176.0
204.0
195.0
532.0
340.0
76.0
66.0
26.0
118.0
30.0
20.0
177.0
846.0
52.0
121.0
67.0
46.0
164.0
155.0
74.0
160.0
140.0
741.0
38.0
21.0
26.0
32.0
8.0
75.0
265.0
109.0
72.0
86.0
55.0
38.0
81.0
150.0
48.0
26.0
57.0
151.0
174.0
106.0
82.0
126.0
44.0
67.0
1541.0
58.0
59.0
67.0
24.0
163.0
271.0
33.0
274.0
127.0
253.0
82.0
128.0
752.0
217.0
71.0
1272.0
131.0
124.0
72.0
94.0
118.0
20.0
270.0
206.0
471.0
1254.0
36.0
544.0
119.0
182.0
47.0
343.0
264.0
367.0
61.0
298.0
541.0
270.0
70.0
233.0
82.0
286.0
29.0
375.0
160.0
834.0
1275.0
551.0
363.0
1116.0
292.0
150.0
799.0
5477.0
5591.0
122.0
161.0
307.0
47.0
27.0
182.0
213.0
181.0
483.0
342.0
77.0
61.0
26.0
121.0
33.0
20.0
174.0
887.0
53.0
126.0
66.0
43.0
164.0
140.0
74.0
161.0
152.0
756.0
37.0
20.0
25.0
30.0
8.0
76.0
273.0
104.0
73.0
88.0
56.0
41.0
81.0
153.0
49.0
26.0
56.0
155.0
164.0
105.0
80.0
137.0
45.0
62.0
1638.0
54.0
58.0
68.0
26.0
159.0
298.0
33.0
282.0
125.0
248.0
81.0
133.0
796.0
210.0
67.0
1194.0
132.0
116.0
69.0
93.0
118.0
20.0
256.0
188.0
497.0
1308.0
36.0
524.0
120.0
184.0
45.0
332.0
256.0
367.0
57.0
292.0
520.0
284.0
72.0
236.0
80.0
301.0
28.0
373.0
158.0
781.0
1301.0
563.0
351.0
1164.0
287.0
158.0
790.0
5053.0
5578.0
119.0
165.0
310.0
49.0
29.0
186.0
223.0
195.0
483.0
364.0
78.0
65.0
27.0
120.0
31.0
19.0
162.0
891.0
50.0
125.0
64.0
44.0
159.0
147.0
75.0
158.0
146.0
725.0
37.0
21.0
25.0
31.0
8.0
71.0
257.0
111.0
67.0
88.0
56.0
40.0
85.0
140.0
46.0
27.0
56.0
149.0
158.0
103.0
84.0
135.0
48.0
63.0
1588.0
56.0
55.0
64.0
25.0
153.0
285.0
31.0
284.0
124.0
251.0
77.0
129.0
819.0
214.0
66.0
1206.0
134.0
116.0
72.0
88.0
115.0
19.0
260.0
201.0
496.0
1281.0
35.0
534.0
118.0
192.0
47.0
322.0
252.0
386.0
59.0
308.0
525.0
285.0
71.0
230.0
75.0
290.0
27.0
352.0
159.0
778.0
1343.0
576.0
362.0
1121.0
278.0
145.0
867.0
5386.0
5586.0
122.0
160.0
321.0
50.0
29.0
183.0
220.0
189.0
489.0
373.0
74.0
63.0
27.0
127.0
31.0
19.0
164.0
814.0
51.0
124.0
67.0
42.0
163.0
151.0
73.0
157.0
138.0
795.0
37.0
21.0
25.0
29.0
8.0
76.0
262.0
110.0
68.0
88.0
57.0
40.0
87.0
142.0
47.0
25.0
58.0
157.0
168.0
103.0
82.0
136.0
48.0
66.0
1526.0
57.0
57.0
71.0
24.0
162.0
274.0
32.0
272.0
123.0
243.0
78.0
136.0
769.0
221.0
66.0
1256.0
129.0
119.0
71.0
87.0
111.0
20.0
247.0
199.0
511.0
1268.0
34.0
552.0
118.0
179.0
45.0
328.0
245.0
386.0
57.0
300.0
535.0
280.0
76.0
245.0
79.0
280.0
27.0
363.0
170.0
769.0
1293.0
557.0
355.0
1107.0
298.0
158.0
795.0
5246.0
5744.0
124.0
156.0
335.0
48.0
28.0
179.0
215.0
195.0
498.0
375.0
78.0
62.0
26.0
118.0
33.0
19.0
171.0
886.0
52.0
131.0
64.0
45.0
162.0
148.0
74.0
162.0
148.0
780.0
37.0
20.0
25.0
31.0
8.0
74.0
277.0
104.0
72.0
87.0
54.0
38.0
81.0
149.0
49.0
27.0
58.0
150.0
173.0
107.0
87.0
134.0
47.0
63.0
1661.0
57.0
55.0
70.0
26.0
152.0
299.0
33.0
265.0
127.0
243.0
77.0
128.0
779.0
223.0
71.0
1181.0
130.0
121.0
73.0
92.0
120.0
19.0
259.0
207.0
477.0
1254.0
36.0
516.0
118.0
178.0
46.0
326.0
264.0
372.0
60.0
293.0
547.0
275.0
70.0
232.0
77.0
294.0
29.0
354.0
171.0
779.0
1381.0
592.0
340.0
1121.0
276.0
151.0
846.0
5143.0
5516.0
120.0
158.0
309.0
49.0
29.0
191.0
212.0
188.0
486.0
374.0
77.0
65.0
27.0
122.0
31.0
20.0
169.0
877.0
49.0
130.0
66.0
44.0
164.0
154.0
73.0
157.0
139.0
799.0
35.0
21.0
24.0
29.0
8.0
72.0
273.0
105.0
69.0
90.0
58.0
39.0
88.0
144.0
49.0
27.0
57.0
149.0
171.0
103.0
84.0
139.0
45.0
62.0
1522.0
54.0
54.0
67.0
25.0
163.0
277.0
30.0
279.0
130.0
250.0
80.0
135.0
759.0
224.0
71.0
1261.0
126.0
126.0
68.0
94.0
118.0
19.0
252.0
203.0
482.0
1320.0
34.0
519.0
114.0
176.0
46.0
335.0
262.0
382.0
61.0
318.0
523.0
274.0
74.0
249.0
81.0
274.0
28.0
339.0
167.0
821.0
1391.0
560.0
330.0
1090.0
278.0
148.0
857.0
5482.0
5515.0
128.0
162.0
307.0
49.0
29.0
177.0
221.0
182.0
514.0
359.0
76.0
62.0
26.0
126.0
31.0
19.0
175.0
859.0
51.0
129.0
65.0
43.0
156.0
144.0
75.0
161.0
140.0
801.0
36.0
21.0
26.0
32.0
8.0
76.0
262.0
103.0
71.0
86.0
54.0
40.0
87.0
150.0
46.0
25.0
57.0
162.0
163.0
109.0
87.0
139.0
46.0
64.0
1623.0
58.0
55.0
65.0
26.0
153.0
280.0
31.0
272.0
126.0
241.0
76.0
139.0
758.0
214.0
69.0
1176.0
132.0
123.0
71.0
86.0
119.0
20.0
261.0
192.0
518.0
1233.0
34.0
512.0
109.0
177.0
47.0
345.0
260.0
368.0
59.0
299.0
542.0
295.0
69.0
230.0
79.0
301.0
29.0
346.0
164.0
809.0
1362.0
559.0
341.0
1100.0
283.0
149.0
841.0
5486.0
5727.0
128.0
156.0
306.0
48.0
28.0
185.0
220.0
189.0
491.0
361.0
78.0
67.0
25.0
120.0
32.0
20.0
166.0
868.0
52.0
121.0
64.0
45.0
161.0
151.0
70.0
159.0
147.0
786.0
37.0
21.0
26.0
31.0
8.0
70.0
262.0
103.0
70.0
88.0
54.0
39.0
81.0
144.0
48.0
27.0
58.0
154.0
169.0
101.0
86.0
134.0
48.0
66.0
1518.0
58.0
57.0
71.0
25.0
159.0
293.0
33.0
265.0
129.0
244.0
81.0
136.0
813.0
220.0
68.0
1183.0
124.0
121.0
73.0
92.0
115.0
20.0
253.0
204.0
508.0
1231.0
34.0
527.0
116.0
188.0
44.0
323.0
246.0
361.0
59.0
298.0
548.0
277.0
74.0
253.0
77.0
291.0
28.0
374.0
170.0
769.0
1282.0
577.0
334.0
1130.0
284.0
148.0
818.0
5000.0
5896.0
126.0
161.0
317.0
47.0
27.0
180.0
215.0
191.0
486.0
344.0
76.0
63.0
27.0
121.0
32.0
19.0
171.0
856.0
49.0
120.0
64.0
42.0
156.0
152.0
71.0
158.0
140.0
761.0
35.0
20.0
25.0
31.0
8.0
69.0
263.0
107.0
73.0
90.0
56.0
41.0
84.0
143.0
45.0
27.0
56.0
161.0
166.0
111.0
81.0
138.0
44.0
61.0
1549.0
58.0
56.0
66.0
26.0
160.0
299.0
32.0
265.0
120.0
251.0
77.0
141.0
776.0
219.0
68.0
1269.0
130.0
125.0
67.0
90.0
114.0
19.0
263.0
197.0
505.0
1313.0
34.0
525.0
115.0
177.0
47.0
340.0
270.0
388.0
61.0
319.0
553.0
279.0
69.0
239.0
75.0
296.0
29.0
369.0
163.0
799.0
1322.0
599.0
346.0
1138.0
277.0
155.0
858.0
5389.0
5541.0
122.0
172.0
317.0
51.0
27.0
177.0
211.0
189.0
532.0
345.0
73.0
64.0
26.0
126.0
33.0
20.0
169.0
824.0
52.0
128.0
66.0
44.0
153.0
145.0
71.0
163.0
142.0
736.0
36.0
20.0
25.0
32.0
8.0
75.0
266.0
111.0
69.0
91.0
57.0
41.0
84.0
144.0
48.0
27.0
54.0
164.0
172.0
104.0
85.0
132.0
48.0
62.0
1524.0
58.0
57.0
67.0
26.0
156.0
294.0
31.0
276.0
118.0
238.0
77.0
137.0
812.0
209.0
68.0
1273.0
130.0
126.0
68.0
93.0
122.0
20.0
264.0
207.0
510.0
1314.0
36.0
516.0
117.0
190.0
47.0
320.0
259.0
380.0
60.0
318.0
548.0
275.0
71.0
254.0
80.0
283.0
29.0
340.0
157.0
773.0
1325.0
559.0
345.0
1127.0
280.0
150.0
873.0
5284.0
6033.0
126.0
165.0
305.0
50.0
29.0
187.0
223.0
194.0
502.0
366.0
73.0
61.0
25.0
127.0
32.0
18.0
170.0
831.0
53.0
128.0
63.0
44.0
157.0
140.0
75.0
156.0
153.0
795.0
37.0
20.0
26.0
31.0
8.0
74.0
277.0
113.0
73.0
84.0
56.0
39.0
87.0
142.0
48.0
26.0
54.0
151.0
174.0
107.0
80.0
133.0
45.0
63.0
1548.0
56.0
55.0
66.0
25.0
164.0
285.0
32.0
273.0
126.0
258.0
79.0
136.0
833.0
218.0
66.0
1262.0
121.0
120.0
70.0
87.0
116.0
19.0
253.0
195.0
476.0
1299.0
34.0
556.0
110.0
181.0
47.0
329.0
248.0
378.0
59.0
293.0
525.0
290.0
75.0
234.0
80.0
293.0
29.0
354.0
162.0
808.0
1308.0
549.0
343.0
1145.0
272.0
151.0
845.0
5342.0
5861.0
124.0
170.0
333.0
49.0
28.0
178.0
210.0
183.0
529.0
362.0
78.0
64.0
25.0
124.0
32.0
20.0
170.0
836.0
51.0
131.0
64.0
43.0
161.0
143.0
74.0
154.0
149.0
796.0
35.0
21.0
26.0
32.0
8.0
72.0
273.0
110.0
70.0
87.0
59.0
40.0
85.0
151.0
46.0
25.0
53.0
155.0
167.0
104.0
87.0
131.0
44.0
63.0
1634.0
59.0
57.0
67.0
24.0
166.0
287.0
32.0
281.0
123.0
257.0
75.0
140.0
774.0
218.0
65.0
1222.0
129.0
126.0
73.0
88.0
119.0
19.0
255.0
194.0
482.0
1254.0
36.0
540.0
113.0
185.0
46.0
348.0
261.0
374.0
56.0
290.0
535.0
268.0
72.0
242.0
77.0
284.0
27.0
366.0
171.0
835.0
1323.0
576.0
359.0
1128.0
294.0
146.0
812.0
5357.0
5712.0
127.0
168.0
305.0
51.0
27.0
194.0
207.0
195.0
502.0
348.0
72.0
63.0
25.0
123.0
32.0
20.0
165.0
839.0
51.0
123.0
66.0
46.0
159.0
152.0
75.0
168.0
153.0
735.0
38.0
19.0
26.0
32.0
8.0
71.0
255.0
104.0
70.0
89.0
56.0
37.0
87.0
142.0
49.0
27.0
58.0
164.0
170.0
110.0
84.0
127.0
48.0
62.0
1605.0
54.0
57.0
66.0
26.0
157.0
295.0
33.0
263.0
129.0
236.0
83.0
135.0
780.0
212.0
68.0
1233.0
126.0
121.0
69.0
86.0
118.0
19.0
254.0
199.0
470.0
1289.0
34.0
556.0
120.0
181.0
45.0
330.0
267.0
373.0
59.0
300.0
554.0
281.0
70.0
240.0
74.0
282.0
29.0
340.0
170.0
762.0
1268.0
548.0
360.0
1100.0
274.0
148.0
816.0
5375.0
5740.0
123.0
158.0
336.0
47.0
29.0
192.0
221.0
181.0
506.0
374.0
73.0
67.0
26.0
128.0
33.0
19.0
176.0
853.0
51.0
130.0
61.0
44.0
156.0
153.0
75.0
153.0
142.0
729.0
35.0
19.0
25.0
31.0
8.0
72.0
263.0
103.0
70.0
87.0
59.0
39.0
86.0
151.0
48.0
27.0
55.0
164.0
174.0
111.0
81.0
138.0
45.0
64.0
1632.0
54.0
59.0
65.0
26.0
159.0
280.0
31.0
281.0
130.0
237.0
79.0
128.0
820.0
212.0
68.0
1238.0
121.0
116.0
71.0
87.0
114.0
18.0
249.0
196.0
489.0
1277.0
34.0
521.0
118.0
184.0
46.0
317.0
250.0
385.0
61.0
313.0
509.0
269.0
69.0
253.0
80.0
297.0
27.0
345.0
166.0
796.0
1290.0
564.0
361.0
1097.0
275.0
152.0
794.0
5501.0
5904.0
130.0
162.0
331.0
51.0
27.0
189.0
206.0
186.0
518.0
339.0
74.0
63.0
27.0
116.0
32.0
19.0
163.0
867.0
51.0
128.0
65.0
42.0
160.0
154.0
71.0
163.0
151.0
723.0
35.0
20.0
26.0
32.0
8.0
71.0
254.0
112.0
68.0
86.0
58.0
39.0
81.0
144.0
49.0
25.0
57.0
159.0
175.0
101.0
80.0
132.0
46.0
62.0
1518.0
57.0
58.0
66.0
24.0
160.0
271.0
31.0
265.0
130.0
242.0
78.0
130.0
762.0
207.0
64.0
1257.0
125.0
119.0
73.0
94.0
120.0
19.0
252.0
187.0
469.0
1331.0
34.0
556.0
111.0
177.0
44.0
329.0
261.0
367.0
57.0
309.0
530.0
274.0
72.0
237.0
80.0
273.0
29.0
362.0
170.0
828.0
1350.0
561.0
356.0
1133.0
276.0
145.0
832.0
5271.0
5934.0
130.0
169.0
318.0
50.0
28.0
188.0
224.0
192.0
501.0
363.0
78.0
62.0
25.0
125.0
33.0
20.0
169.0
834.0
51.0
130.0
62.0
42.0
153.0
154.0
76.0
159.0
148.0
765.0
36.0
21.0
24.0
31.0
8.0
75.0
264.0
109.0
72.0
86.0
58.0
41.0
86.0
151.0
49.0
26.0
54.0
161.0
170.0
101.0
85.0
133.0
44.0
62.0
1657.0
54.0
54.0
64.0
26.0
152.0
297.0
32.0
266.0
123.0
241.0
80.0
140.0
796.0
215.0
67.0
1232.0
126.0
118.0
67.0
90.0
111.0
19.0
247.0
201.0
468.0
1305.0
36.0
510.0
114.0
193.0
46.0
327.0
262.0
371.0
59.0
301.0
535.0
282.0
75.0
244.0
78.0
299.0
29.0
339.0
172.0
780.0
1350.0
576.0
330.0
1125.0
300.0
148.0
836.0
5280.0
5870.0
124.0
166.0
330.0
47.0
27.0
192.0
225.0
196.0
502.0
369.0
76.0
62.0
26.0
122.0
30.0
19.0
171.0
877.0
49.0
120.0
63.0
46.0
162.0
155.0
72.0
165.0
139.0
791.0
38.0
21.0
26.0
32.0
8.0
69.0
256.0
113.0
67.0
91.0
54.0
38.0
84.0
144.0
46.0
27.0
54.0
149.0
166.0
107.0
83.0
134.0
46.0
61.0
1519.0
57.0
57.0
67.0
25.0
165.0
297.0
31.0
269.0
120.0
241.0
81.0
140.0
786.0
205.0
68.0
1268.0
129.0
118.0
70.0
90.0
119.0
19.0
253.0
195.0
172.0
179.0
157.0
166.0
448.0
149.0
151.0
169.0
132.0
143.0
158.0
148.0
159.0
158.0
148.0
146.0
163.0
162.0
458.0
146.0
162.0
149.0
133.0
165.0
176.0
147.0
138.0
373.0
155.0
137.0
163.0
146.0
150.0
176.0
166.0
136.0
140.0
177.0
166.0
149.0
153.0
174.0
150.0
126.0
152.0
477.0
170.0
159.0
432.0
155.0
159.0
167.0
145.0
176.0
168.0
141.0
166.0
176.0
373.0
143.0
173.0
143.0
145.0
156.0
150.0
158.0
154.0
170.0
158.0
169.0
167.0
133.0
165.0
135.0
143.0
169.0
421.0
169.0
171.0
171.0
136.0
133.0
170.0
155.0
171.0
164.0
375.0
161.0
412.0
138.0
399.0
482.0
451.0
492.0
394.0
383.0
461.0
378.0
434.0
162.0
143.0
168.0
167.0
135.0
146.0
177.0
167.0
150.0
173.0
192.0
133.0
156.0
388.0
143.0
153.0
137.0
158.0
169.0
160.0
168.0
166.0
157.0
157.0
167.0
171.0
139.0
378.0
163.0
136.0
161.0
146.0
140.0
160.0
168.0
151.0
421.0
151.0
152.0
173.0
146.0
164.0
160.0
159.0
172.0
141.0
147.0
153.0
150.0
137.0
140.0
159.0
125.0
132.0
403.0
135.0
155.0
446.0
154.0
132.0
161.0
161.0
144.0
143.0
153.0
170.0
137.0
487.0
133.0
170.0
165.0
176.0
167.0
158.0
177.0
133.0
144.0
164.0
135.0
159.0
165.0
159.0
131.0
140.0
142.0
424.0
154.0
148.0
134.0
143.0
159.0
161.0
131.0
170.0
153.0
440.0
153.0
374.0
139.0
485.0
446.0
364.0
473.0
388.0
432.0
462.0
382.0
439.0
176.0
174.0
157.0
156.0
168.0
150.0
138.0
132.0
151.0
176.0
207.0
145.0
140.0
402.0
170.0
132.0
169.0
160.0
165.0
148.0
160.0
147.0
168.0
159.0
174.0
133.0
137.0
384.0
152.0
161.0
170.0
166.0
149.0
139.0
155.0
172.0
489.0
153.0
171.0
149.0
142.0
156.0
158.0
140.0
135.0
147.0
167.0
173.0
162.0
149.0
177.0
164.0
127.0
165.0
484.0
165.0
153.0
477.0
175.0
174.0
138.0
152.0
167.0
169.0
174.0
166.0
131.0
388.0
170.0
140.0
140.0
133.0
130.0
163.0
171.0
171.0
167.0
149.0
161.0
154.0
142.0
132.0
142.0
138.0
164.0
392.0
135.0
163.0
131.0
132.0
173.0
132.0
144.0
137.0
139.0
447.0
140.0
483.0
172.0
489.0
489.0
431.0
443.0
490.0
427.0
365.0
438.0
437.0
164.0
160.0
176.0
165.0
171.0
176.0
134.0
139.0
163.0
201.0
157.0
151.0
132.0
494.0
163.0
154.0
144.0
149.0
141.0
160.0
171.0
175.0
145.0
164.0
133.0
171.0
148.0
447.0
154.0
173.0
135.0
134.0
150.0
156.0
132.0
135.0
364.0
139.0
139.0
149.0
131.0
169.0
137.0
160.0
146.0
174.0
150.0
174.0
168.0
168.0
164.0
174.0
147.0
145.0
410.0
135.0
169.0
400.0
144.0
145.0
152.0
138.0
138.0
168.0
169.0
131.0
153.0
479.0
169.0
142.0
169.0
150.0
150.0
144.0
172.0
158.0
153.0
173.0
140.0
150.0
140.0
165.0
151.0
126.0
139.0
424.0
150.0
164.0
144.0
150.0
134.0
176.0
170.0
172.0
141.0
445.0
173.0
394.0
164.0
488.0
459.0
410.0
428.0
419.0
414.0
443.0
437.0
412.0
153.0
173.0
165.0
164.0
140.0
154.0
171.0
151.0
143.0
155.0
203.0
148.0
152.0
438.0
175.0
141.0
163.0
159.0
133.0
135.0
140.0
168.0
157.0
177.0
169.0
146.0
145.0
463.0
156.0
142.0
163.0
166.0
138.0
165.0
166.0
139.0
411.0
142.0
157.0
155.0
159.0
171.0
159.0
175.0
166.0
163.0
136.0
156.0
144.0
143.0
142.0
151.0
128.0
167.0
467.0
152.0
157.0
456.0
162.0
173.0
143.0
175.0
161.0
147.0
168.0
140.0
161.0
478.0
155.0
138.0
169.0
162.0
138.0
174.0
147.0
155.0
160.0
151.0
149.0
139.0
155.0
143.0
169.0
133.0
164.0
448.0
156.0
160.0
139.0
164.0
164.0
156.0
140.0
156.0
131.0
439.0
158.0
374.0
172.0
427.0
427.0
410.0
374.0
475.0
374.0
425.0
426.0
415.0
132.0
141.0
162.0
139.0
157.0
153.0
161.0
173.0
159.0
174.0
206.0
157.0
143.0
409.0
169.0
156.0
166.0
141.0
146.0
160.0
141.0
136.0
160.0
152.0
150.0
174.0
156.0
467.0
132.0
176.0
146.0
132.0
176.0
140.0
150.0
154.0
401.0
146.0
132.0
174.0
137.0
156.0
163.0
143.0
144.0
147.0
142.0
134.0
161.0
149.0
152.0
162.0
130.0
138.0
397.0
132.0
154.0
368.0
162.0
137.0
172.0
140.0
174.0
141.0
131.0
146.0
143.0
485.0
169.0
167.0
145.0
161.0
162.0
138.0
149.0
156.0
134.0
146.0
157.0
155.0
153.0
170.0
139.0
140.0
152.0
370.0
170.0
138.0
148.0
174.0
166.0
155.0
138.0
146.0
144.0
368.0
174.0
415.0
159.0
391.0
384.0
411.0
391.0
365.0
398.0
484.0
407.0
394.0
153.0
161.0
142.0
159.0
141.0
159.0
167.0
163.0
158.0
194.0
195.0
161.0
160.0
489.0
147.0
150.0
159.0
166.0
140.0
171.0
131.0
131.0
173.0
133.0
158.0
140.0
157.0
456.0
142.0
133.0
168.0
133.0
167.0
159.0
138.0
149.0
461.0
138.0
150.0
159.0
166.0
147.0
138.0
139.0
154.0
156.0
174.0
146.0
162.0
148.0
155.0
151.0
146.0
166.0
429.0
138.0
144.0
384.0
166.0
145.0
168.0
154.0
167.0
167.0
142.0
149.0
136.0
411.0
147.0
148.0
171.0
147.0
131.0
136.0
155.0
143.0
142.0
147.0
145.0
167.0
134.0
151.0
171.0
148.0
160.0
374.0
173.0
140.0
169.0
161.0
141.0
147.0
151.0
170.0
148.0
389.0
164.0
380.0
149.0
403.0
411.0
437.0
477.0
486.0
378.0
432.0
383.0
413.0
164.0
139.0
143.0
145.0
148.0
162.0
134.0
169.0
171.0
173.0
179.0
176.0
163.0
478.0
134.0
141.0
155.0
150.0
148.0
134.0
132.0
171.0
143.0
154.0
158.0
153.0
165.0
411.0
174.0
139.0
167.0
171.0
176.0
135.0
132.0
155.0
423.0
142.0
167.0
139.0
169.0
131.0
175.0
142.0
173.0
165.0
156.0
145.0
169.0
142.0
169.0
150.0
141.0
162.0
444.0
164.0
170.0
417.0
175.0
166.0
137.0
133.0
132.0
137.0
160.0
150.0
169.0
387.0
130.0
173.0
173.0
153.0
132.0
152.0
170.0
131.0
148.0
174.0
155.0
177.0
134.0
139.0
151.0
119.0
148.0
454.0
143.0
139.0
157.0
136.0
157.0
150.0
161.0
146.0
132.0
434.0
161.0
459.0
144.0
377.0
383.0
481.0
387.0
461.0
488.0
381.0
382.0
406.0
159.0
174.0
138.0
158.0
153.0
169.0
146.0
159.0
142.0
155.0
194.0
162.0
142.0
369.0
169.0
165.0
137.0
156.0
169.0
152.0
158.0
174.0
143.0
145.0
175.0
131.0
164.0
427.0
142.0
157.0
165.0
151.0
138.0
134.0
147.0
158.0
391.0
160.0
146.0
131.0
169.0
130.0
163.0
154.0
132.0
134.0
161.0
145.0
163.0
157.0
176.0
150.0
127.0
144.0
375.0
133.0
173.0
459.0
156.0
169.0
162.0
149.0
177.0
170.0
138.0
156.0
143.0
431.0
176.0
175.0
162.0
132.0
142.0
174.0
146.0
159.0
142.0
169.0
139.0
177.0
136.0
160.0
136.0
151.0
162.0
427.0
139.0
167.0
154.0
133.0
135.0
154.0
141.0
150.0
141.0
392.0
172.0
414.0
170.0
493.0
433.0
365.0
417.0
425.0
491.0
407.0
390.0
433.0
171.0
155.0
148.0
169.0
164.0
149.0
152.0
168.0
153.0
183.0
189.0
138.0
165.0
468.0
166.0
173.0
131.0
157.0
146.0
155.0
139.0
159.0
149.0
167.0
143.0
175.0
132.0
417.0
139.0
174.0
152.0
152.0
136.0
134.0
150.0
139.0
452.0
176.0
144.0
167.0
161.0
131.0
168.0
140.0
162.0
145.0
150.0
132.0
156.0
131.0
141.0
131.0
120.0
139.0
380.0
171.0
163.0
483.0
130.0
142.0
151.0
160.0
156.0
143.0
131.0
139.0
147.0
463.0
158.0
174.0
157.0
130.0
152.0
170.0
156.0
143.0
174.0
169.0
176.0
160.0
149.0
137.0
151.0
124.0
164.0
372.0
159.0
149.0
174.0
176.0
140.0
166.0
136.0
160.0
165.0
442.0
167.0
388.0
155.0
435.0
375.0
408.0
414.0
457.0
374.0
435.0
381.0
492.0
143.0
141.0
171.0
139.0
161.0
159.0
158.0
146.0
166.0
162.0
172.0
167.0
145.0
402.0
155.0
132.0
175.0
145.0
157.0
166.0
154.0
143.0
142.0
175.0
144.0
168.0
156.0
424.0
136.0
136.0
155.0
149.0
135.0
142.0
161.0
174.0
434.0
147.0
174.0
152.0
138.0
157.0
146.0
164.0
173.0
132.0
149.0
158.0
159.0
153.0
150.0
172.0
139.0
151.0
383.0
166.0
146.0
431.0
136.0
134.0
139.0
140.0
177.0
132.0
175.0
150.0
153.0
477.0
170.0
162.0
176.0
151.0
134.0
144.0
157.0
138.0
177.0
153.0
145.0
147.0
139.0
140.0
135.0
148.0
156.0
428.0
172.0
141.0
177.0
141.0
172.0
163.0
150.0
130.0
159.0
466.0
135.0
382.0
160.0
476.0
433.0
390.0
474.0
429.0
422.0
444.0
433.0
425.0
161.0
132.0
149.0
166.0
166.0
176.0
144.0
159.0
172.0
161.0
182.0
134.0
133.0
411.0
175.0
169.0
176.0
145.0
172.0
131.0
134.0
163.0
134.0
159.0
141.0
175.0
176.0
409.0
159.0
170.0
168.0
142.0
143.0
141.0
168.0
162.0
484.0
158.0
136.0
160.0
146.0
131.0
141.0
154.0
131.0
175.0
141.0
145.0
158.0
160.0
137.0
163.0
118.0
143.0
366.0
165.0
168.0
414.0
156.0
140.0
168.0
154.0
155.0
161.0
135.0
165.0
151.0
436.0
141.0
148.0
164.0
156.0
135.0
161.0
159.0
143.0
155.0
167.0
130.0
152.0
137.0
139.0
138.0
121.0
172.0
370.0
147.0
165.0
170.0
149.0
133.0
171.0
164.0
147.0
131.0
379.0
164.0
435.0
148.0
409.0
486.0
376.0
450.0
472.0
403.0
438.0
413.0
455.0
172.0
144.0
150.0
130.0
135.0
172.0
162.0
160.0
162.0
159.0
168.0
134.0
139.0
412.0
170.0
161.0
175.0
148.0
138.0
160.0
162.0
167.0
147.0
160.0
141.0
130.0
159.0
485.0
160.0
142.0
172.0
161.0
163.0
165.0
135.0
135.0
380.0
148.0
171.0
157.0
145.0
160.0
167.0
142.0
154.0
140.0
158.0
157.0
162.0
167.0
136.0
161.0
147.0
172.0
419.0
158.0
133.0
480.0
168.0
144.0
171.0
144.0
157.0
163.0
142.0
136.0
156.0
433.0
158.0
138.0
176.0
142.0
151.0
167.0
138.0
161.0
168.0
148.0
173.0
140.0
130.0
135.0
163.0
117.0
141.0
447.0
148.0
134.0
153.0
133.0
155.0
151.0
148.0
142.0
156.0
365.0
139.0
400.0
166.0
425.0
376.0
429.0
469.0
445.0
383.0
472.0
450.0
475.0
174.0
172.0
168.0
170.0
162.0
142.0
176.0
160.0
139.0
157.0
173.0
158.0
140.0
428.0
165.0
172.0
160.0
171.0
137.0
153.0
175.0
171.0
168.0
166.0
177.0
155.0
138.0
401.0
153.0
135.0
168.0
148.0
138.0
147.0
143.0
151.0
426.0
151.0
168.0
140.0
139.0
162.0
146.0
147.0
142.0
163.0
154.0
142.0
168.0
175.0
149.0
163.0
124.0
152.0
394.0
168.0
174.0
399.0
156.0
159.0
176.0
136.0
136.0
176.0
162.0
134.0
168.0
465.0
169.0
145.0
147.0
159.0
140.0
143.0
161.0
146.0
144.0
173.0
162.0
145.0
141.0
153.0
159.0
113.0
175.0
429.0
162.0
161.0
150.0
161.0
157.0
163.0
137.0
156.0
157.0
419.0
135.0
363.0
172.0
401.0
404.0
482.0
448.0
390.0
409.0
384.0
433.0
406.0
146.0
177.0
141.0
176.0
131.0
159.0
171.0
158.0
176.0
175.0
175.0
130.0
143.0
437.0
152.0
150.0
136.0
142.0
135.0
165.0
136.0
166.0
158.0
143.0
138.0
165.0
132.0
367.0
146.0
132.0
162.0
170.0
141.0
155.0
175.0
145.0
427.0
166.0
158.0
146.0
150.0
156.0
168.0
142.0
141.0
170.0
166.0
155.0
133.0
145.0
140.0
136.0
147.0
165.0
371.0
172.0
171.0
470.0
169.0
170.0
132.0
137.0
166.0
143.0
136.0
173.0
172.0
453.0
165.0
156.0
132.0
133.0
169.0
145.0
173.0
155.0
151.0
146.0
160.0
158.0
166.0
135.0
150.0
113.0
156.0
377.0
133.0
133.0
159.0
160.0
163.0
137.0
131.0
142.0
173.0
482.0
133.0
393.0
174.0
441.0
395.0
481.0
477.0
420.0
454.0
379.0
363.0
452.0
130.0
176.0
158.0
132.0
136.0
142.0
168.0
135.0
177.0
195.0
180.0
162.0
173.0
402.0
148.0
139.0
133.0
161.0
147.0
171.0
153.0
149.0
144.0
173.0
142.0
131.0
159.0
367.0
135.0
151.0
132.0
148.0
155.0
164.0
173.0
143.0
468.0
166.0
159.0
148.0
133.0
155.0
177.0
155.0
131.0
151.0
130.0
133.0
163.0
141.0
168.0
143.0
144.0
141.0
374.0
166.0
153.0
428.0
145.0
147.0
141.0
170.0
144.0
136.0
157.0
159.0
139.0
441.0
156.0
173.0
163.0
137.0
148.0
131.0
145.0
148.0
159.0
145.0
167.0
160.0
163.0
153.0
136.0
119.0
171.0
410.0
168.0
161.0
153.0
143.0
174.0
174.0
169.0
133.0
169.0
394.0
145.0
479.0
173.0
402.0
490.0
422.0
378.0
373.0
446.0
461.0
366.0
488.0
138.0
170.0
154.0
163.0
164.0
158.0
168.0
159.0
155.0
169.0
204.0
151.0
144.0
458.0
176.0
140.0
165.0
175.0
175.0
173.0
176.0
171.0
174.0
163.0
169.0
153.0
159.0
394.0
144.0
137.0
174.0
177.0
159.0
159.0
177.0
173.0
456.0
147.0
151.0
161.0
140.0
155.0
147.0
149.0
173.0
158.0
176.0
165.0
155.0
157.0
174.0
143.0
126.0
138.0
365.0
137.0
167.0
444.0
138.0
134.0
133.0
159.0
163.0
144.0
165.0
173.0
165.0
474.0
153.0
147.0
148.0
151.0
148.0
154.0
132.0
141.0
170.0
139.0
131.0
134.0
176.0
138.0
147.0
128.0
151.0
434.0
149.0
132.0
165.0
172.0
156.0
158.0
148.0
156.0
142.0
464.0
172.0
461.0
148.0
370.0
402.0
475.0
383.0
390.0
372.0
452.0
423.0
373.0
161.0
141.0
146.0
175.0
156.0
146.0
167.0
146.0
172.0
154.0
171.0
174.0
156.0
478.0
168.0
137.0
130.0
146.0
151.0
147.0
146.0
174.0
140.0
134.0
145.0
173.0
131.0
394.0
153.0
152.0
136.0
159.0
152.0
132.0
165.0
135.0
491.0
170.0
138.0
135.0
155.0
176.0
155.0
152.0
148.0
162.0
171.0
161.0
157.0
149.0
153.0
141.0
148.0
133.0
464.0
153.0
139.0
415.0
158.0
132.0
152.0
150.0
138.0
132.0
151.0
151.0
142.0
436.0
167.0
170.0
153.0
168.0
173.0
132.0
167.0
151.0
147.0
130.0
174.0
160.0
131.0
144.0
156.0
140.0
151.0
437.0
145.0
171.0
156.0
130.0
140.0
144.0
133.0
137.0
172.0
379.0
153.0
479.0
157.0
419.0
474.0
470.0
387.0
436.0
482.0
390.0
421.0
483.0
134.0
137.0
140.0
134.0
140.0
159.0
142.0
141.0
152.0
193.0
176.0
174.0
157.0
404.0
160.0
172.0
130.0
148.0
138.0
138.0
158.0
150.0
159.0
134.0
170.0
159.0
168.0
446.0
136.0
171.0
177.0
135.0
135.0
130.0
141.0
162.0
422.0
136.0
140.0
158.0
154.0
165.0
151.0
153.0
153.0
166.0
151.0
173.0
146.0
176.0
137.0
139.0
130.0
169.0
372.0
139.0
173.0
431.0
149.0
149.0
156.0
169.0
155.0
154.0
154.0
140.0
157.0
454.0
176.0
167.0
157.0
169.0
170.0
164.0
134.0
152.0
135.0
166.0
160.0
166.0
169.0
132.0
162.0
143.0
130.0
424.0
173.0
160.0
131.0
140.0
141.0
149.0
176.0
145.0
147.0
490.0
151.0
366.0
141.0
376.0
433.0
460.0
432.0
388.0
480.0
459.0
485.0
369.0
148.0
162.0
139.0
138.0
158.0
169.0
168.0
141.0
174.0
179.0
205.0
160.0
161.0
486.0
133.0
147.0
160.0
134.0
152.0
156.0
160.0
153.0
142.0
156.0
171.0
146.0
169.0
411.0
165.0
169.0
173.0
155.0
174.0
169.0
155.0
137.0
441.0
171.0
151.0
158.0
140.0
166.0
144.0
166.0
142.0
145.0
175.0
142.0
160.0
146.0
134.0
166.0
147.0
148.0
398.0
152.0
146.0
395.0
150.0
146.0
169.0
133.0
177.0
154.0
155.0
158.0
131.0
381.0
137.0
176.0
168.0
160.0
160.0
175.0
131.0
176.0
165.0
158.0
157.0
143.0
156.0
169.0
139.0
129.0
160.0
402.0
173.0
176.0
144.0
148.0
168.0
154.0
141.0
158.0
154.0
472.0
162.0
416.0
161.0
485.0
431.0
395.0
480.0
483.0
408.0
432.0
436.0
442.0
135.0
157.0
170.0
175.0
176.0
174.0
133.0
171.0
158.0
187.0
179.0
131.0
168.0
366.0
165.0
163.0
153.0
159.0
171.0
161.0
136.0
165.0
150.0
166.0
147.0
136.0
137.0
463.0
146.0
168.0
143.0
151.0
174.0
158.0
154.0
133.0
490.0
156.0
170.0
165.0
134.0
159.0
151.0
149.0
177.0
167.0
161.0
138.0
169.0
151.0
175.0
152.0
129.0
142.0
486.0
146.0
147.0
424.0
173.0
148.0
135.0
176.0
134.0
166.0
172.0
164.0
154.0
468.0
160.0
142.0
130.0
144.0
163.0
149.0
172.0
165.0
164.0
163.0
140.0
162.0
176.0
156.0
164.0
117.0
149.0
458.0
174.0
170.0
160.0
152.0
175.0
172.0
176.0
137.0
169.0
405.0
141.0
442.0
162.0
454.0
457.0
403.0
483.0
389.0
467.0
375.0
384.0
438.0
131.0
138.0
172.0
154.0
151.0
156.0
164.0
171.0
165.0
156.0
195.0
132.0
149.0
465.0
130.0
140.0
170.0
146.0
174.0
149.0
153.0
158.0
139.0
163.0
176.0
159.0
146.0
457.0
130.0
161.0
144.0
145.0
163.0
136.0
151.0
153.0
399.0
145.0
159.0
148.0
155.0
152.0
133.0
139.0
149.0
155.0
147.0
143.0
155.0
156.0
171.0
172.0
144.0
168.0
375.0
141.0
172.0
472.0
132.0
161.0
170.0
134.0
160.0
147.0
168.0
172.0
153.0
363.0
149.0
174.0
166.0
168.0
163.0
146.0
135.0
136.0
153.0
146.0
143.0
176.0
152.0
167.0
166.0
121.0
155.0
368.0
171.0
139.0
132.0
147.0
142.0
151.0
136.0
148.0
144.0
378.0
141.0
415.0
175.0
374.0
406.0
458.0
450.0
460.0
453.0
409.0
418.0
413.0
136.0
147.0
160.0
138.0
136.0
133.0
168.0
153.0
171.0
205.0
204.0
173.0
167.0
421.0
141.0
137.0
160.0
159.0
166.0
174.0
139.0
132.0
164.0
148.0
153.0
147.0
154.0
408.0
169.0
152.0
146.0
132.0
177.0
143.0
148.0
167.0
436.0
154.0
173.0
150.0
143.0
175.0
139.0
145.0
162.0
132.0
165.0
152.0
153.0
171.0
147.0
142.0
140.0
171.0
372.0
140.0
175.0
473.0
168.0
145.0
130.0
131.0
154.0
176.0
147.0
148.0
134.0
463.0
175.0
144.0
136.0
152.0
176.0
147.0
157.0
173.0
177.0
134.0
161.0
169.0
170.0
148.0
168.0
135.0
142.0
426.0
143.0
160.0
170.0
152.0
167.0
174.0
135.0
163.0
149.0
450.0
168.0
440.0
154.0
385.0
389.0
458.0
402.0
462.0
446.0
405.0
435.0
465.0
147.0
144.0
153.0
148.0
144.0
154.0
166.0
156.0
142.0
160.0
157.0
149.0
173.0
368.0
130.0
134.0
159.0
158.0
173.0
149.0
160.0
152.0
133.0
138.0
146.0
142.0
152.0
386.0
164.0
173.0
160.0
159.0
142.0
146.0
169.0
131.0
427.0
167.0
145.0
172.0
155.0
167.0
142.0
133.0
132.0
162.0
171.0
146.0
133.0
138.0
167.0
141.0
128.0
142.0
423.0
136.0
137.0
438.0
154.0
150.0
139.0
137.0
176.0
169.0
149.0
169.0
177.0
425.0
156.0
173.0
157.0
155.0
175.0
131.0
136.0
175.0
170.0
131.0
137.0
172.0
159.0
151.0
140.0
152.0
156.0
484.0
133.0
156.0
162.0
155.0
158.0
131.0
174.0
131.0
170.0
422.0
156.0
410.0
152.0
392.0
466.0
477.0
383.0
442.0
477.0
397.0
377.0
393.0
134.0
139.0
154.0
161.0
159.0
171.0
148.0
149.0
167.0
162.0
185.0
138.0
166.0
395.0
166.0
143.0
141.0
155.0
141.0
144.0
167.0
155.0
153.0
160.0
131.0
170.0
164.0
421.0
163.0
159.0
141.0
173.0
146.0
168.0
133.0
146.0
372.0
150.0
176.0
130.0
165.0
153.0
157.0
175.0
155.0
136.0
150.0
149.0
155.0
163.0
141.0
173.0
117.0
175.0
436.0
130.0
144.0
414.0
154.0
162.0
151.0
130.0
162.0
175.0
149.0
133.0
172.0
410.0
140.0
161.0
163.0
142.0
152.0
137.0
171.0
139.0
176.0
173.0
173.0
156.0
162.0
158.0
167.0
137.0
139.0
412.0
176.0
152.0
143.0
144.0
173.0
141.0
141.0
140.0
144.0
382.0
173.0
454.0
155.0
489.0
368.0
453.0
469.0
436.0
484.0
403.0
389.0
420.0
152.0
159.0
177.0
167.0
161.0
151.0
176.0
159.0
152.0
183.0
172.0
137.0
172.0
465.0
174.0
145.0
169.0
170.0
139.0
145.0
168.0
134.0
160.0
139.0
167.0
142.0
162.0
395.0
155.0
175.0
165.0
158.0
145.0
163.0
150.0
136.0
374.0
156.0
165.0
171.0
134.0
152.0
139.0
137.0
164.0
148.0
165.0
157.0
138.0
149.0
136.0
142.0
150.0
143.0
403.0
132.0
156.0
463.0
144.0
162.0
166.0
177.0
159.0
176.0
141.0
130.0
152.0
447.0
160.0
148.0
148.0
142.0
140.0
139.0
147.0
157.0
162.0
136.0
141.0
174.0
173.0
145.0
142.0
142.0
155.0
486.0
168.0
144.0
165.0
142.0
168.0
141.0
158.0
142.0
146.0
394.0
175.0
468.0
149.0
409.0
457.0
443.0
493.0
441.0
446.0
367.0
449.0
439.0
152.0
151.0
156.0
169.0
175.0
175.0
150.0
160.0
166.0
178.0
153.0
166.0
159.0
436.0
133.0
145.0
132.0
156.0
155.0
155.0
162.0
169.0
137.0
150.0
172.0
136.0
133.0
443.0
143.0
154.0
146.0
147.0
134.0
142.0
157.0
134.0
489.0
164.0
171.0
170.0
142.0
131.0
175.0
136.0
173.0
137.0
134.0
152.0
167.0
162.0
143.0
150.0
138.0
146.0
446.0
134.0
153.0
375.0
132.0
130.0
164.0
149.0
160.0
141.0
152.0
177.0
155.0
373.0
172.0
175.0
163.0
151.0
159.0
154.0
145.0
136.0
140.0
146.0
164.0
144.0
157.0
152.0
167.0
112.0
162.0
375.0
152.0
162.0
133.0
173.0
167.0
154.0
167.0
167.0
146.0
454.0
170.0
445.0
152.0
447.0
439.0
378.0
419.0
441.0
366.0
447.0
367.0
425.0
161.0
142.0
131.0
158.0
169.0
166.0
168.0
174.0
164.0
176.0
177.0
165.0
177.0
409.0
136.0
172.0
177.0
132.0
139.0
145.0
152.0
163.0
165.0
137.0
138.0
162.0
151.0
447.0
161.0
174.0
166.0
175.0
145.0
167.0
172.0
147.0
385.0
158.0
141.0
147.0
145.0
144.0
131.0
175.0
175.0
153.0
152.0
175.0
136.0
174.0
159.0
175.0
150.0
147.0
452.0
158.0
165.0
401.0
161.0
137.0
146.0
168.0
151.0
151.0
169.0
166.0
157.0
457.0
174.0
130.0
161.0
131.0
138.0
142.0
173.0
142.0
152.0
168.0
140.0
159.0
167.0
155.0
134.0
137.0
176.0
417.0
177.0
155.0
166.0
162.0
175.0
173.0
175.0
155.0
170.0
485.0
171.0
478.0
140.0
378.0
457.0
398.0
474.0
411.0
453.0
426.0
431.0
468.0
153.0
138.0
145.0
175.0
172.0
150.0
165.0
160.0
163.0
169.0
172.0
139.0
165.0
464.0
165.0
130.0
134.0
148.0
133.0
155.0
163.0
166.0
145.0
142.0
172.0
167.0
142.0
415.0
154.0
172.0
159.0
132.0
169.0
174.0
172.0
136.0
389.0
156.0
171.0
158.0
146.0
140.0
174.0
152.0
157.0
163.0
152.0
167.0
153.0
153.0
132.0
156.0
142.0
177.0
408.0
135.0
137.0
393.0
160.0
171.0
132.0
134.0
167.0
167.0
167.0
170.0
161.0
444.0
172.0
149.0
154.0
150.0
162.0
176.0
174.0
174.0
142.0
169.0
139.0
174.0
159.0
132.0
139.0
132.0
134.0
385.0
141.0
133.0
130.0
152.0
153.0
139.0
174.0
152.0
172.0
381.0
160.0
392.0
153.0
494.0
365.0
484.0
477.0
414.0
446.0
402.0
372.0
480.0
145.0
166.0
134.0
153.0
137.0
141.0
167.0
137.0
173.0
201.0
203.0
167.0
149.0
450.0
162.0
159.0
164.0
137.0
167.0
157.0
137.0
173.0
131.0
138.0
137.0
159.0
176.0
380.0
165.0
157.0
138.0
150.0
145.0
152.0
174.0
174.0
444.0
143.0
157.0
155.0
140.0
168.0
171.0
149.0
136.0
144.0
172.0
133.0
140.0
135.0
160.0
177.0
118.0
144.0
370.0
145.0
167.0
435.0
135.0
164.0
166.0
134.0
162.0
150.0
155.0
138.0
166.0
375.0
167.0
154.0
147.0
174.0
139.0
162.0
158.0
152.0
153.0
138.0
138.0
146.0
137.0
136.0
160.0
142.0
131.0
411.0
138.0
174.0
176.0
149.0
151.0
163.0
134.0
175.0
139.0
440.0
144.0
427.0
142.0
403.0
398.0
410.0
420.0
372.0
473.0
408.0
396.0
488.0
162.0
152.0
154.0
134.0
162.0
172.0
149.0
161.0
143.0
