I_BRKGA_110_2_30_6_CESP
110 2 30 495.0
31275.5
33023.5
35577.5
33892.5
30141.5
36222.5
34434.5
31215.5
33901.5
31156.5
29473.5
30487.5
31910.5
29943.5
31480.5
34748.5
30197.5
31969.5
29004.5
29444.5
34791.5
35579.5
31327.5
33098.5
31957.5
32724.5
34574.5
30544.5
33861.5
29667.5
0.038222204875046406
0.028938235542867445
0.033574432041017
0.026951084487309228
0.03747819574578516
0.033222394711178056
0.033758146077341865
0.03126556707855092
0.03713837772153527
0.031074467509084103
0.03396993717928787
0.03027693504391453
0.03890030843994015
0.03262631826889614
0.03465487971026474
0.032434796111034093
0.035921631989427556
0.033299324806329716
0.03901390408731267
0.02762593192528707
0.036226108789130025
0.03214966779512169
0.03739186114063467
0.02840054498306474
0.03600548680934041
0.031134175996990407
0.03838281627219182
0.029779279478775414
0.035159536126300656
0.025023449257040142
134.0
130.0
7663.0
71.0
517.0
1257.0
35.0
555.0
120.0
178.0
47.0
320.0
256.0
388.0
56.0
290.0
543.0
289.0
69.0
229.0
82.0
293.0
28.0
346.0
162.0
830.0
1376.0
549.0
347.0
1195.0
298.0
158.0
854.0
5448.0
5911.0
121.0
171.0
303.0
49.0
29.0
185.0
205.0
184.0
525.0
359.0
77.0
63.0
27.0
119.0
32.0
19.0
168.0
850.0
51.0
124.0
64.0
46.0
167.0
150.0
74.0
154.0
141.0
796.0
37.0
20.0
25.0
32.0
8.0
71.0
269.0
105.0
69.0
83.0
54.0
41.0
82.0
152.0
45.0
25.0
58.0
152.0
161.0
105.0
87.0
138.0
46.0
61.0
1567.0
54.0
55.0
67.0
26.0
155.0
295.0
33.0
283.0
126.0
242.0
78.0
133.0
762.0
212.0
71.0
1270.0
129.0
122.0
69.0
89.0
117.0
19.0
254.0
196.0
468.0
1330.0
34.0
520.0
117.0
188.0
48.0
339.0
245.0
371.0
61.0
290.0
525.0
268.0
69.0
250.0
80.0
293.0
27.0
358.0
162.0
772.0
1346.0
597.0
338.0
1172.0
296.0
151.0
844.0
5424.0
5705.0
129.0
156.0
316.0
50.0
28.0
185.0
226.0
193.0
516.0
366.0
73.0
62.0
26.0
127.0
30.0
19.0
177.0
880.0
51.0
127.0
64.0
43.0
158.0
142.0
72.0
152.0
138.0
738.0
37.0
21.0
25.0
31.0
8.0
72.0
257.0
111.0
69.0
87.0
59.0
41.0
82.0
147.0
46.0
26.0
55.0
154.0
166.0
103.0
81.0
134.0
47.0
67.0
1626.0
54.0
55.0
67.0
25.0
158.0
296.0
31.0
270.0
127.0
236.0
75.0
133.0
788.0
211.0
71.0
1269.0
131.0
118.0
67.0
87.0
120.0
19.0
259.0
195.0
501.0
1329.0
33.0
530.0
112.0
189.0
45.0
326.0
265.0
363.0
56.0
319.0
519.0
294.0
72.0
248.0
79.0
300.0
27.0
341.0
160.0
807.0
1308.0
572.0
337.0
1191.0
278.0
154.0
817.0
5007.0
5658.0
120.0
160.0
330.0
51.0
29.0
193.0
220.0
193.0
492.0
359.0
79.0
65.0
25.0
124.0
32.0
19.0
177.0
898.0
49.0
120.0
62.0
44.0
164.0
153.0
72.0
161.0
148.0
776.0
38.0
20.0
24.0
32.0
8.0
73.0
253.0
103.0
73.0
85.0
59.0
40.0
87.0
141.0
49.0
26.0
58.0
156.0
162.0
110.0
79.0
131.0
46.0
61.0
1518.0
59.0
57.0
69.0
26.0
163.0
271.0
33.0
270.0
124.0
240.0
81.0
128.0
793.0
214.0
70.0
1219.0
125.0
127.0
73.0
94.0
112.0
20.0
247.0
206.0
496.0
1251.0
34.0
505.0
120.0
187.0
44.0
347.0
265.0
364.0
55.0
300.0
553.0
292.0
72.0
235.0
77.0
282.0
27.0
357.0
159.0
773.0
1330.0
584.0
349.0
1088.0
272.0
147.0
811.0
5095.0
5506.0
125.0
171.0
327.0
48.0
28.0
179.0
220.0
192.0
508.0
341.0
76.0
65.0
26.0
119.0
32.0
20.0
179.0
845.0
51.0
125.0
66.0
45.0
165.0
145.0
71.0
163.0
144.0
777.0
37.0
20.0
25.0
32.0
8.0
76.0
266.0
108.0
72.0
87.0
55.0
40.0
89.0
141.0
47.0
26.0
55.0
160.0
175.0
108.0
87.0
133.0
45.0
64.0
1545.0
59.0
57.0
66.0
26.0
160.0
276.0
33.0
267.0
121.0
252.0
81.0
138.0
768.0
214.0
71.0
1287.0
132.0
125.0
72.0
92.0
113.0
20.0
257.0
187.0
508.0
1267.0
35.0
512.0
109.0
179.0
46.0
339.0
255.0
365.0
57.0
295.0
522.0
276.0
72.0
230.0
78.0
280.0
29.0
367.0
158.0
797.0
1309.0
584.0
332.0
1184.0
275.0
158.0
866.0
5403.0
5701.0
126.0
158.0
307.0
47.0
29.0
181.0
214.0
191.0
534.0
352.0
74.0
61.0
25.0
120.0
31.0
19.0
173.0
877.0
51.0
128.0
64.0
44.0
161.0
153.0
72.0
161.0
146.0
789.0
38.0
21.0
25.0
32.0
8.0
74.0
260.0
109.0
71.0
83.0
59.0
40.0
84.0
149.0
47.0
27.0
54.0
158.0
171.0
103.0
82.0
129.0
47.0
63.0
1643.0
57.0
55.0
68.0
26.0
154.0
284.0
33.0
265.0
130.0
254.0
78.0
138.0
764.0
225.0
67.0
1261.0
122.0
123.0
72.0
92.0
117.0
18.0
264.0
207.0
512.0
1276.0
35.0
533.0
111.0
185.0
47.0
332.0
269.0
377.0
56.0
314.0
525.0
278.0
75.0
246.0
79.0
288.0
27.0
345.0
156.0
773.0
1357.0
596.0
360.0
1113.0
276.0
153.0
839.0
5455.0
5625.0
126.0
158.0
332.0
50.0
29.0
187.0
205.0
185.0
512.0
345.0
75.0
64.0
26.0
117.0
31.0
18.0
166.0
880.0
52.0
119.0
66.0
46.0
157.0
141.0
74.0
163.0
138.0
730.0
38.0
20.0
25.0
32.0
8.0
74.0
263.0
103.0
68.0
91.0
54.0
38.0
81.0
145.0
45.0
26.0
55.0
153.0
170.0
110.0
79.0
136.0
47.0
66.0
1638.0
55.0
54.0
67.0
24.0
152.0
295.0
33.0
269.0
119.0
248.0
77.0
135.0
813.0
217.0
66.0
1275.0
122.0
116.0
70.0
92.0
114.0
19.0
255.0
187.0
473.0
1331.0
36.0
521.0
120.0
187.0
46.0
346.0
260.0
381.0
58.0
313.0
542.0
275.0
72.0
237.0
81.0
284.0
28.0
372.0
161.0
793.0
1368.0
555.0
328.0
1107.0
292.0
154.0
876.0
5105.0
5515.0
119.0
157.0
308.0
48.0
27.0
190.0
212.0
188.0
524.0
346.0
75.0
62.0
26.0
119.0
31.0
20.0
169.0
888.0
49.0
129.0
66.0
44.0
156.0
154.0
74.0
166.0
153.0
771.0
37.0
21.0
26.0
32.0
8.0
72.0
265.0
109.0
73.0
91.0
57.0
41.0
87.0
144.0
49.0
27.0
58.0
150.0
163.0
110.0
87.0
131.0
44.0
66.0
1592.0
57.0
54.0
68.0
25.0
153.0
277.0
31.0
274.0
129.0
244.0
83.0
141.0
793.0
212.0
68.0
1224.0
121.0
127.0
69.0
89.0
119.0
19.0
268.0
196.0
481.0
1252.0
33.0
524.0
109.0
192.0
44.0
319.0
266.0
388.0
56.0
298.0
512.0
287.0
72.0
236.0
81.0
295.0
27.0
369.0
157.0
780.0
1304.0
596.0
342.0
1094.0
288.0
151.0
811.0
5047.0
5759.0
125.0
169.0
318.0
51.0
27.0
186.0
204.0
186.0
503.0
350.0
76.0
64.0
26.0
118.0
31.0
19.0
171.0
828.0
49.0
126.0
65.0
43.0
160.0
146.0
75.0
166.0
142.0
773.0
37.0
21.0
26.0
32.0
8.0
76.0
263.0
105.0
68.0
88.0
55.0
39.0
85.0
141.0
45.0
25.0
53.0
161.0
167.0
102.0
86.0
131.0
46.0
66.0
1555.0
54.0
58.0
70.0
26.0
161.0
283.0
32.0
263.0
126.0
247.0
83.0
137.0
813.0
208.0
69.0
1166.0
133.0
124.0
66.0
94.0
111.0
20.0
253.0
190.0
478.0
1291.0
36.0
537.0
115.0
182.0
44.0
320.0
265.0
384.0
59.0
301.0
542.0
279.0
73.0
251.0
82.0
286.0
27.0
368.0
159.0
806.0
1388.0
571.0
334.0
1092.0
293.0
146.0
792.0
5109.0
5813.0
128.0
164.0
324.0
49.0
28.0
192.0
216.0
187.0
516.0
346.0
73.0
61.0
27.0
118.0
32.0
19.0
174.0
889.0
49.0
121.0
67.0
42.0
166.0
143.0
70.0
153.0
141.0
793.0
36.0
19.0
25.0
30.0
8.0
74.0
264.0
112.0
69.0
89.0
59.0
38.0
87.0
149.0
49.0
25.0
54.0
160.0
171.0
102.0
87.0
133.0
44.0
63.0
1590.0
54.0
57.0
65.0
26.0
167.0
299.0
30.0
275.0
125.0
247.0
80.0
130.0
798.0
208.0
70.0
1202.0
125.0
122.0
68.0
92.0
116.0
20.0
257.0
188.0
486.0
1290.0
36.0
514.0
109.0
175.0
48.0
338.0
249.0
389.0
57.0
313.0
516.0
293.0
71.0
248.0
75.0
286.0
29.0
347.0
163.0
819.0
1302.0
555.0
340.0
1192.0
282.0
145.0
818.0
5474.0
5734.0
120.0
160.0
327.0
47.0
27.0
177.0
208.0
180.0
486.0
367.0
79.0
64.0
25.0
126.0
31.0
19.0
166.0
903.0
51.0
123.0
66.0
44.0
161.0
140.0
72.0
168.0
140.0
746.0
36.0
20.0
24.0
31.0
8.0
74.0
267.0
105.0
72.0
88.0
59.0
38.0
83.0
142.0
47.0
27.0
58.0
153.0
172.0
107.0
82.0
139.0
48.0
64.0
1628.0
55.0
55.0
66.0
25.0
162.0
281.0
32.0
273.0
129.0
244.0
83.0
129.0
791.0
205.0
65.0
1262.0
133.0
122.0
66.0
93.0
117.0
19.0
259.0
204.0
481.0
1339.0
34.0
507.0
115.0
184.0
45.0
342.0
269.0
368.0
58.0
313.0
538.0
269.0
73.0
236.0
81.0
297.0
28.0
375.0
161.0
776.0
1273.0
557.0
359.0
1087.0
273.0
151.0
849.0
5044.0
5660.0
119.0
166.0
306.0
47.0
29.0
175.0
211.0
192.0
509.0
356.0
79.0
65.0
26.0
128.0
32.0
20.0
168.0
882.0
53.0
119.0
62.0
45.0
166.0
141.0
69.0
162.0
153.0
789.0
36.0
21.0
25.0
32.0
8.0
73.0
273.0
103.0
67.0
91.0
55.0
41.0
81.0
154.0
46.0
25.0
57.0
151.0
163.0
109.0
79.0
126.0
46.0
66.0
1622.0
58.0
55.0
69.0
24.0
155.0
271.0
31.0
287.0
130.0
246.0
80.0
136.0
787.0
217.0
70.0
1265.0
124.0
125.0
66.0
87.0
120.0
19.0
264.0
192.0
480.0
1309.0
35.0
545.0
118.0
187.0
47.0
318.0
244.0
377.0
57.0
319.0
540.0
269.0
73.0
238.0
79.0
302.0
28.0
373.0
165.0
808.0
1293.0
567.0
358.0
1081.0
284.0
152.0
793.0
5129.0
5924.0
122.0
156.0
335.0
51.0
27.0
186.0
226.0
196.0
521.0
340.0
74.0
61.0
25.0
119.0
33.0
19.0
166.0
888.0
53.0
128.0
62.0
44.0
158.0
155.0
71.0
161.0
138.0
797.0
38.0
21.0
25.0
32.0
8.0
72.0
260.0
110.0
73.0
85.0
57.0
41.0
85.0
148.0
45.0
25.0
58.0
160.0
163.0
109.0
81.0
138.0
46.0
62.0
1619.0
58.0
55.0
68.0
26.0
159.0
280.0
31.0
279.0
125.0
255.0
79.0
132.0
822.0
224.0
66.0
1284.0
131.0
123.0
70.0
92.0
120.0
19.0
264.0
197.0
478.0
1258.0
36.0
535.0
118.0
175.0
45.0
336.0
256.0
368.0
59.0
305.0
528.0
291.0
74.0
253.0
82.0
291.0
29.0
350.0
161.0
769.0
1270.0
560.0
357.0
1131.0
295.0
149.0
835.0
5218.0
5831.0
121.0
161.0
326.0
47.0
29.0
178.0
225.0
191.0
483.0
348.0
72.0
64.0
26.0
116.0
32.0
19.0
175.0
873.0
50.0
128.0
63.0
45.0
162.0
151.0
75.0
165.0
149.0
779.0
37.0
21.0
26.0
31.0
8.0
74.0
254.0
102.0
70.0
90.0
54.0
37.0
86.0
142.0
48.0
26.0
57.0
150.0
159.0
110.0
85.0
131.0
45.0
66.0
1648.0
56.0
57.0
66.0
25.0
160.0
277.0
33.0
266.0
130.0
252.0
81.0
129.0
761.0
209.0
68.0
1177.0
121.0
127.0
66.0
92.0
111.0
19.0
266.0
192.0
518.0
1225.0
35.0
552.0
111.0
180.0
44.0
321.0
246.0
377.0
61.0
314.0
554.0
285.0
71.0
235.0
80.0
281.0
27.0
345.0
158.0
767.0
1374.0
547.0
349.0
1107.0
284.0
151.0
851.0
5362.0
5927.0
126.0
166.0
317.0
51.0
27.0
192.0
226.0
188.0
493.0
349.0
76.0
65.0
26.0
127.0
30.0
19.0
176.0
890.0
53.0
122.0
66.0
45.0
165.0
146.0
75.0
158.0
147.0
727.0
36.0
20.0
25.0
32.0
8.0
69.0
257.0
113.0
73.0
91.0
57.0
38.0
87.0
149.0
48.0
25.0
53.0
150.0
159.0
108.0
82.0
129.0
45.0
64.0
1625.0
54.0
54.0
66.0
25.0
157.0
284.0
30.0
265.0
120.0
255.0
78.0
138.0
796.0
219.0
67.0
1207.0
126.0
125.0
72.0
89.0
112.0
20.0
269.0
195.0
509.0
1277.0
34.0
543.0
112.0
183.0
45.0
340.0
270.0
362.0
58.0
289.0
512.0
268.0
72.0
253.0
81.0
274.0
27.0
358.0
158.0
816.0
1386.0
551.0
341.0
1161.0
280.0
151.0
825.0
5520.0
6038.0
123.0
162.0
331.0
48.0
28.0
193.0
226.0
185.0
501.0
351.0
76.0
67.0
27.0
128.0
33.0
18.0
165.0
824.0
50.0
129.0
63.0
44.0
161.0
149.0
74.0
154.0
142.0
734.0
37.0
19.0
26.0
32.0
8.0
73.0
269.0
110.0
70.0
85.0
54.0
37.0
89.0
145.0
45.0
26.0
57.0
152.0
160.0
110.0
81.0
135.0
47.0
64.0
1587.0
56.0
56.0
70.0
25.0
163.0
281.0
32.0
265.0
129.0
238.0
78.0
138.0
797.0
223.0
71.0
1239.0
129.0
124.0
73.0
88.0
114.0
19.0
257.0
191.0
506.0
1314.0
35.0
556.0
118.0
192.0
48.0
334.0
250.0
399.0
56.0
307.0
545.0
281.0
69.0
236.0
75.0
301.0
28.0
355.0
169.0
822.0
1316.0
576.0
354.0
1142.0
298.0
146.0
871.0
5075.0
6012.0
120.0
170.0
329.0
51.0
29.0
190.0
225.0
186.0
493.0
343.0
72.0
61.0
26.0
117.0
32.0
20.0
178.0
890.0
52.0
130.0
67.0
44.0
158.0
144.0
69.0
160.0
143.0
729.0
37.0
21.0
26.0
32.0
8.0
75.0
251.0
111.0
74.0
83.0
58.0
40.0
86.0
154.0
46.0
26.0
53.0
163.0
162.0
103.0
81.0
127.0
48.0
61.0
1546.0
57.0
55.0
71.0
25.0
161.0
271.0
33.0
272.0
120.0
244.0
79.0
132.0
754.0
214.0
68.0
1251.0
121.0
124.0
73.0
90.0
111.0
20.0
267.0
193.0
482.0
1316.0
34.0
509.0
113.0
191.0
47.0
329.0
265.0
392.0
58.0
307.0
529.0
279.0
76.0
251.0
76.0
287.0
29.0
372.0
167.0
774.0
1337.0
548.0
351.0
1116.0
276.0
146.0
798.0
5300.0
5995.0
124.0
170.0
324.0
49.0
29.0
188.0
206.0
180.0
502.0
363.0
75.0
66.0
27.0
126.0
33.0
20.0
168.0
836.0
50.0
128.0
66.0
43.0
167.0
146.0
73.0
156.0
148.0
773.0
36.0
21.0
24.0
31.0
8.0
76.0
251.0
108.0
70.0
91.0
56.0
41.0
87.0
141.0
47.0
26.0
56.0
160.0
165.0
102.0
79.0
133.0
44.0
64.0
1506.0
57.0
56.0
68.0
24.0
160.0
287.0
31.0
264.0
130.0
243.0
75.0
139.0
820.0
213.0
69.0
1218.0
125.0
123.0
70.0
91.0
120.0
19.0
258.0
202.0
481.0
1327.0
36.0
513.0
117.0
188.0
44.0
343.0
262.0
375.0
57.0
306.0
556.0
273.0
70.0
235.0
79.0
273.0
28.0
373.0
162.0
789.0
1274.0
593.0
339.0
1151.0
292.0
149.0
872.0
4998.0
5605.0
126.0
158.0
311.0
49.0
28.0
184.0
213.0
182.0
528.0
349.0
79.0
65.0
26.0
127.0
33.0
19.0
167.0
861.0
49.0
124.0
61.0
45.0
151.0
146.0
69.0
158.0
144.0
751.0
36.0
20.0
25.0
29.0
8.0
74.0
263.0
109.0
70.0
88.0
58.0
38.0
88.0
153.0
45.0
26.0
58.0
150.0
175.0
102.0
83.0
133.0
44.0
62.0
1546.0
58.0
57.0
65.0
26.0
163.0
285.0
31.0
275.0
126.0
248.0
82.0
141.0
810.0
222.0
70.0
1212.0
131.0
121.0
70.0
88.0
114.0
20.0
249.0
199.0
516.0
1244.0
33.0
511.0
115.0
192.0
45.0
321.0
245.0
371.0
60.0
308.0
510.0
288.0
72.0
253.0
82.0
282.0
28.0
367.0
157.0
761.0
1387.0
560.0
355.0
1170.0
295.0
149.0
835.0
5071.0
5785.0
119.0
165.0
308.0
47.0
29.0
176.0
215.0
195.0
517.0
345.0
77.0
66.0
25.0
124.0
33.0
19.0
170.0
872.0
53.0
123.0
63.0
43.0
163.0
147.0
71.0
155.0
149.0
764.0
38.0
20.0
26.0
31.0
8.0
70.0
265.0
108.0
72.0
86.0
54.0
39.0
82.0
146.0
47.0
27.0
58.0
156.0
170.0
111.0
84.0
137.0
48.0
61.0
1573.0
59.0
58.0
69.0
25.0
156.0
286.0
33.0
262.0
119.0
252.0
79.0
133.0
802.0
207.0
68.0
1160.0
134.0
122.0
73.0
93.0
114.0
20.0
247.0
206.0
514.0
1271.0
35.0
518.0
109.0
179.0
46.0
340.0
268.0
368.0
61.0
298.0
540.0
291.0
73.0
237.0
79.0
274.0
27.0
343.0
160.0
817.0
1272.0
601.0
341.0
1129.0
271.0
155.0
817.0
5356.0
5761.0
124.0
165.0
335.0
48.0
28.0
187.0
217.0
182.0
523.0
350.0
72.0
62.0
26.0
128.0
33.0
19.0
174.0
859.0
49.0
126.0
66.0
44.0
155.0
151.0
71.0
153.0
143.0
769.0
36.0
21.0
24.0
30.0
8.0
74.0
261.0
105.0
73.0
83.0
54.0
41.0
86.0
143.0
46.0
25.0
58.0
164.0
175.0
108.0
83.0
133.0
48.0
64.0
1573.0
59.0
57.0
65.0
25.0
155.0
282.0
33.0
273.0
123.0
245.0
75.0
136.0
815.0
217.0
71.0
1266.0
123.0
127.0
71.0
94.0
120.0
20.0
269.0
195.0
471.0
1278.0
35.0
557.0
114.0
187.0
46.0
344.0
262.0
383.0
56.0
317.0
532.0
275.0
71.0
236.0
79.0
292.0
29.0
341.0
164.0
773.0
1350.0
546.0
350.0
1185.0
278.0
146.0
818.0
5322.0
5827.0
123.0
158.0
314.0
50.0
28.0
182.0
219.0
196.0
483.0
374.0
78.0
65.0
26.0
125.0
33.0
20.0
171.0
883.0
52.0
124.0
66.0
46.0
164.0
143.0
72.0
167.0
153.0
738.0
35.0
19.0
24.0
31.0
8.0
72.0
262.0
111.0
72.0
82.0
56.0
40.0
86.0
151.0
45.0
27.0
55.0
158.0
166.0
105.0
86.0
127.0
47.0
65.0
1546.0
55.0
57.0
69.0
26.0
164.0
281.0
32.0
281.0
127.0
258.0
76.0
129.0
831.0
216.0
65.0
1203.0
125.0
115.0
73.0
93.0
118.0
19.0
267.0
205.0
519.0
1343.0
33.0
509.0
118.0
176.0
44.0
351.0
255.0
389.0
56.0
319.0
536.0
274.0
74.0
234.0
80.0
273.0
27.0
369.0
159.0
767.0
1310.0
591.0
332.0
1082.0
281.0
159.0
846.0
5495.0
5657.0
122.0
173.0
310.0
47.0
28.0
178.0
212.0
185.0
495.0
341.0
76.0
63.0
26.0
120.0
32.0
19.0
166.0
860.0
49.0
131.0
64.0
44.0
162.0
148.0
69.0
156.0
139.0
725.0
38.0
19.0
25.0
32.0
8.0
70.0
267.0
111.0
73.0
83.0
58.0
39.0
81.0
146.0
47.0
27.0
55.0
154.0
162.0
106.0
81.0
132.0
44.0
63.0
1538.0
56.0
55.0
66.0
25.0
151.0
286.0
31.0
272.0
119.0
235.0
80.0
137.0
777.0
215.0
65.0
1212.0
126.0
116.0
71.0
92.0
119.0
19.0
271.0
205.0
473.0
1241.0
36.0
508.0
109.0
186.0
48.0
349.0
267.0
391.0
56.0
309.0
555.0
289.0
69.0
233.0
80.0
296.0
28.0
357.0
157.0
786.0
1313.0
559.0
352.0
1134.0
282.0
155.0
805.0
5495.0
5555.0
120.0
171.0
333.0
51.0
28.0
194.0
206.0
178.0
532.0
353.0
77.0
62.0
26.0
126.0
31.0
20.0
164.0
851.0
49.0
128.0
65.0
45.0
165.0
148.0
72.0
155.0
141.0
785.0
37.0
21.0
25.0
32.0
8.0
74.0
271.0
112.0
74.0
87.0
58.0
41.0
88.0
153.0
46.0
25.0
56.0
154.0
161.0
104.0
80.0
126.0
47.0
65.0
1535.0
54.0
57.0
67.0
26.0
162.0
281.0
33.0
278.0
125.0
243.0
79.0
140.0
754.0
223.0
69.0
1204.0
131.0
126.0
69.0
88.0
112.0
19.0
268.0
193.0
516.0
1234.0
36.0
546.0
116.0
176.0
47.0
328.0
252.0
363.0
59.0
312.0
549.0
266.0
72.0
240.0
82.0
286.0
28.0
338.0
168.0
817.0
1361.0
560.0
329.0
1090.0
283.0
155.0
859.0
5174.0
5480.0
120.0
162.0
336.0
49.0
28.0
191.0
221.0
187.0
496.0
357.0
79.0
64.0
27.0
122.0
31.0
20.0
163.0
846.0
50.0
122.0
66.0
43.0
162.0
144.0
69.0
156.0
148.0
736.0
35.0
19.0
25.0
31.0
8.0
75.0
250.0
102.0
72.0
85.0
57.0
40.0
85.0
148.0
47.0
27.0
54.0
152.0
159.0
102.0
85.0
133.0
47.0
64.0
1557.0
57.0
56.0
71.0
26.0
164.0
293.0
32.0
287.0
125.0
256.0
83.0
139.0
767.0
223.0
69.0
1194.0
134.0
127.0
71.0
87.0
113.0
20.0
266.0
199.0
470.0
1309.0
35.0
521.0
111.0
191.0
47.0
331.0
258.0
369.0
60.0
300.0
509.0
289.0
75.0
248.0
75.0
286.0
28.0
340.0
170.0
800.0
1368.0
546.0
361.0
1103.0
283.0
154.0
806.0
5051.0
5920.0
125.0
160.0
328.0
51.0
28.0
185.0
222.0
191.0
499.0
368.0
78.0
63.0
26.0
128.0
33.0
20.0
162.0
859.0
49.0
122.0
67.0
46.0
158.0
145.0
74.0
158.0
149.0
799.0
36.0
21.0
26.0
29.0
8.0
71.0
257.0
103.0
70.0
89.0
58.0
38.0
86.0
153.0
46.0
26.0
53.0
160.0
158.0
108.0
79.0
139.0
46.0
62.0
1624.0
57.0
55.0
70.0
25.0
157.0
285.0
33.0
285.0
117.0
242.0
79.0
127.0
786.0
218.0
65.0
1174.0
123.0
127.0
73.0
94.0
117.0
20.0
257.0
189.0
493.0
1291.0
34.0
531.0
116.0
175.0
45.0
322.0
269.0
397.0
56.0
298.0
522.0
266.0
76.0
237.0
80.0
287.0
28.0
375.0
167.0
809.0
1304.0
546.0
330.0
1175.0
282.0
157.0
876.0
5056.0
5761.0
128.0
166.0
309.0
50.0
28.0
185.0
217.0
193.0
512.0
375.0
76.0
63.0
26.0
119.0
33.0
19.0
166.0
825.0
53.0
124.0
67.0
42.0
158.0
155.0
71.0
154.0
140.0
728.0
35.0
20.0
24.0
31.0
8.0
74.0
269.0
112.0
73.0
84.0
56.0
38.0
81.0
146.0
47.0
26.0
55.0
150.0
159.0
105.0
87.0
139.0
44.0
61.0
1517.0
57.0
57.0
65.0
24.0
160.0
279.0
33.0
278.0
129.0
235.0
79.0
131.0
757.0
212.0
70.0
1237.0
127.0
117.0
70.0
86.0
119.0
20.0
266.0
196.0
515.0
1342.0
35.0
507.0
119.0
176.0
48.0
351.0
256.0
386.0
56.0
316.0
530.0
292.0
71.0
249.0
79.0
294.0
29.0
372.0
160.0
778.0
1380.0
567.0
340.0
1180.0
296.0
152.0
802.0
5244.0
5766.0
130.0
160.0
324.0
51.0
28.0
183.0
210.0
192.0
496.0
343.0
77.0
61.0
25.0
117.0
32.0
19.0
165.0
904.0
51.0
120.0
62.0
45.0
151.0
146.0
70.0
166.0
146.0
758.0
35.0
21.0
25.0
30.0
8.0
71.0
270.0
103.0
74.0
89.0
59.0
39.0
81.0
144.0
49.0
27.0
54.0
154.0
164.0
111.0
82.0
138.0
46.0
67.0
1603.0
56.0
59.0
65.0
26.0
159.0
290.0
30.0
266.0
122.0
252.0
80.0
130.0
778.0
222.0
70.0
1270.0
128.0
120.0
69.0
90.0
115.0
19.0
250.0
199.0
504.0
1284.0
34.0
505.0
110.0
178.0
45.0
322.0
259.0
389.0
60.0
320.0
526.0
292.0
71.0
231.0
80.0
298.0
28.0
370.0
173.0
812.0
1287.0
567.0
347.0
1138.0
275.0
153.0
831.0
5007.0
5848.0
121.0
167.0
310.0
48.0
28.0
177.0
212.0
178.0
497.0
340.0
76.0
65.0
25.0
126.0
33.0
19.0
164.0
904.0
53.0
130.0
66.0
43.0
156.0
149.0
76.0
162.0
151.0
742.0
35.0
21.0
25.0
30.0
8.0
76.0
275.0
104.0
74.0
89.0
54.0
41.0
87.0
143.0
45.0
27.0
56.0
152.0
160.0
108.0
87.0
127.0
45.0
64.0
1539.0
55.0
58.0
66.0
26.0
155.0
292.0
32.0
283.0
122.0
257.0
77.0
135.0
765.0
224.0
70.0
1237.0
134.0
127.0
68.0
93.0
113.0
19.0
261.0
189.0
504.0
1303.0
34.0
510.0
115.0
189.0
44.0
323.0
268.0
398.0
60.0
320.0
538.0
268.0
76.0
235.0
77.0
274.0
28.0
365.0
165.0
781.0
1309.0
556.0
333.0
1165.0
288.0
148.0
872.0
5258.0
5662.0
127.0
158.0
333.0
47.0
29.0
193.0
212.0
177.0
492.0
372.0
72.0
65.0
27.0
116.0
33.0
20.0
173.0
829.0
49.0
123.0
65.0
44.0
157.0
142.0
70.0
155.0
142.0
761.0
37.0
21.0
24.0
31.0
8.0
73.0
263.0
104.0
70.0
83.0
59.0
38.0
82.0
146.0
45.0
26.0
54.0
150.0
166.0
110.0
87.0
135.0
45.0
61.0
1563.0
58.0
54.0
65.0
25.0
163.0
293.0
32.0
271.0
130.0
236.0
76.0
140.0
774.0
222.0
70.0
1171.0
128.0
123.0
72.0
94.0
119.0
20.0
268.0
187.0
482.0
1314.0
36.0
552.0
109.0
186.0
46.0
320.0
270.0
369.0
56.0
296.0
533.0
279.0
76.0
244.0
77.0
276.0
28.0
366.0
167.0
775.0
1346.0
590.0
342.0
1151.0
288.0
152.0
800.0
5450.0
5468.0
125.0
168.0
315.0
50.0
27.0
181.0
221.0
193.0
482.0
367.0
74.0
61.0
25.0
126.0
31.0
19.0
169.0
855.0
50.0
119.0
63.0
44.0
153.0
150.0
71.0
155.0
150.0
742.0
36.0
21.0
26.0
30.0
8.0
74.0
262.0
107.0
67.0
89.0
56.0
40.0
89.0
154.0
47.0
26.0
53.0
155.0
172.0
110.0
85.0
126.0
46.0
67.0
1593.0
56.0
58.0
70.0
26.0
163.0
276.0
31.0
269.0
123.0
242.0
81.0
132.0
774.0
208.0
68.0
1187.0
132.0
115.0
66.0
87.0
121.0
20.0
260.0
190.0
183.0
182.0
150.0
154.0
441.0
168.0
142.0
164.0
159.0
163.0
168.0
153.0
135.0
130.0
145.0
170.0
157.0
130.0
482.0
159.0
152.0
157.0
161.0
147.0
159.0
142.0
141.0
433.0
150.0
167.0
145.0
149.0
141.0
151.0
156.0
168.0
142.0
170.0
153.0
134.0
141.0
132.0
169.0
144.0
173.0
441.0
173.0
170.0
403.0
141.0
137.0
154.0
137.0
163.0
140.0
135.0
158.0
176.0
450.0
149.0
173.0
159.0
164.0
141.0
134.0
140.0
142.0
152.0
153.0
134.0
137.0
171.0
169.0
162.0
136.0
176.0
386.0
151.0
132.0
145.0
174.0
173.0
168.0
159.0
164.0
150.0
466.0
156.0
454.0
170.0
403.0
428.0
365.0
469.0
424.0
382.0
374.0
459.0
423.0
136.0
171.0
154.0
151.0
166.0
160.0
155.0
149.0
159.0
197.0
184.0
157.0
167.0
452.0
158.0
162.0
166.0
135.0
158.0
140.0
146.0
169.0
175.0
175.0
137.0
165.0
130.0
488.0
150.0
132.0
165.0
156.0
152.0
159.0
169.0
131.0
440.0
163.0
148.0
137.0
160.0
167.0
143.0
152.0
157.0
146.0
166.0
147.0
140.0
164.0
168.0
134.0
137.0
154.0
402.0
143.0
155.0
482.0
136.0
170.0
161.0
139.0
173.0
174.0
137.0
139.0
154.0
426.0
135.0
145.0
172.0
172.0
139.0
159.0
132.0
144.0
166.0
172.0
165.0
163.0
169.0
174.0
149.0
117.0
134.0
388.0
165.0
146.0
157.0
160.0
146.0
163.0
163.0
159.0
167.0
433.0
174.0
463.0
168.0
481.0
390.0
437.0
452.0
410.0
465.0
490.0
462.0
456.0
143.0
176.0
166.0
147.0
131.0
158.0
155.0
173.0
132.0
205.0
156.0
136.0
135.0
494.0
136.0
149.0
167.0
172.0
168.0
149.0
162.0
165.0
167.0
147.0
170.0
170.0
141.0
424.0
141.0
136.0
155.0
177.0
171.0
153.0
132.0
147.0
474.0
157.0
139.0
140.0
148.0
175.0
134.0
138.0
166.0
149.0
145.0
168.0
154.0
156.0
150.0
136.0
127.0
147.0
409.0
154.0
136.0
425.0
134.0
171.0
169.0
157.0
171.0
160.0
142.0
177.0
167.0
434.0
175.0
147.0
142.0
160.0
162.0
175.0
154.0
173.0
136.0
143.0
135.0
138.0
171.0
161.0
136.0
131.0
137.0
386.0
144.0
133.0
146.0
133.0
166.0
155.0
138.0
154.0
163.0
474.0
130.0
414.0
140.0
388.0
462.0
421.0
419.0
383.0
382.0
481.0
383.0
414.0
163.0
151.0
135.0
166.0
145.0
144.0
148.0
171.0
147.0
185.0
173.0
147.0
173.0
396.0
168.0
139.0
150.0
145.0
144.0
131.0
162.0
147.0
157.0
154.0
142.0
130.0
149.0
439.0
164.0
149.0
170.0
162.0
175.0
167.0
147.0
144.0
462.0
136.0
164.0
174.0
155.0
148.0
139.0
169.0
156.0
132.0
171.0
171.0
135.0
141.0
153.0
150.0
143.0
173.0
393.0
138.0
145.0
409.0
170.0
137.0
136.0
146.0
155.0
152.0
146.0
163.0
146.0
441.0
157.0
174.0
168.0
130.0
153.0
143.0
148.0
160.0
138.0
153.0
161.0
155.0
148.0
164.0
152.0
133.0
171.0
487.0
159.0
169.0
152.0
152.0
146.0
131.0
167.0
143.0
142.0
435.0
146.0
448.0
133.0
364.0
462.0
371.0
417.0
457.0
405.0
422.0
441.0
377.0
132.0
135.0
132.0
153.0
169.0
135.0
131.0
162.0
155.0
193.0
170.0
163.0
134.0
440.0
156.0
169.0
177.0
134.0
139.0
149.0
154.0
163.0
134.0
130.0
165.0
135.0
151.0
420.0
150.0
130.0
153.0
144.0
164.0
154.0
135.0
177.0
456.0
133.0
152.0
157.0
151.0
154.0
135.0
176.0
149.0
160.0
138.0
141.0
169.0
153.0
165.0
161.0
131.0
132.0
426.0
161.0
162.0
405.0
132.0
173.0
158.0
159.0
167.0
157.0
133.0
171.0
131.0
457.0
168.0
140.0
161.0
170.0
148.0
175.0
177.0
156.0
152.0
171.0
177.0
148.0
142.0
152.0
153.0
141.0
130.0
438.0
174.0
141.0
143.0
138.0
155.0
163.0
174.0
176.0
146.0
365.0
148.0
422.0
143.0
411.0
438.0
435.0
378.0
433.0
397.0
457.0
381.0
407.0
140.0
145.0
172.0
153.0
136.0
176.0
143.0
141.0
130.0
168.0
193.0
162.0
172.0
486.0
153.0
167.0
176.0
148.0
135.0
135.0
149.0
138.0
158.0
137.0
136.0
131.0
175.0
442.0
138.0
130.0
132.0
175.0
157.0
148.0
174.0
148.0
400.0
144.0
140.0
156.0
156.0
175.0
170.0
138.0
157.0
135.0
168.0
131.0
165.0
138.0
141.0
137.0
121.0
137.0
490.0
144.0
146.0
378.0
175.0
156.0
148.0
133.0
152.0
139.0
148.0
144.0
146.0
363.0
150.0
164.0
163.0
152.0
176.0
160.0
175.0
160.0
137.0
133.0
161.0
166.0
162.0
148.0
130.0
147.0
154.0
383.0
165.0
162.0
163.0
143.0
161.0
171.0
152.0
165.0
155.0
434.0
151.0
459.0
154.0
488.0
408.0
485.0
430.0
430.0
470.0
380.0
410.0
400.0
135.0
153.0
158.0
144.0
164.0
139.0
130.0
170.0
146.0
165.0
184.0
140.0
155.0
438.0
142.0
161.0
139.0
176.0
163.0
165.0
159.0
143.0
137.0
177.0
166.0
161.0
166.0
448.0
172.0
156.0
140.0
137.0
166.0
176.0
153.0
152.0
416.0
153.0
130.0
139.0
150.0
138.0
157.0
153.0
175.0
133.0
166.0
131.0
160.0
148.0
169.0
146.0
145.0
177.0
386.0
160.0
156.0
386.0
175.0
165.0
146.0
172.0
148.0
161.0
142.0
155.0
162.0
376.0
166.0
148.0
135.0
175.0
176.0
133.0
139.0
144.0
172.0
155.0
175.0
166.0
140.0
165.0
138.0
117.0
131.0
485.0
169.0
160.0
157.0
167.0
134.0
134.0
161.0
153.0
156.0
365.0
156.0
377.0
173.0
447.0
425.0
465.0
457.0
454.0
475.0
475.0
413.0
375.0
136.0
167.0
151.0
165.0
164.0
156.0
153.0
169.0
145.0
189.0
191.0
154.0
172.0
418.0
155.0
175.0
162.0
160.0
144.0
175.0
152.0
136.0
149.0
159.0
168.0
168.0
157.0
367.0
153.0
168.0
155.0
157.0
145.0
150.0
164.0
157.0
401.0
156.0
130.0
150.0
175.0
171.0
163.0
135.0
160.0
134.0
140.0
136.0
160.0
130.0
130.0
133.0
143.0
130.0
481.0
140.0
164.0
424.0
169.0
137.0
133.0
134.0
158.0
140.0
132.0
137.0
136.0
370.0
155.0
141.0
151.0
171.0
145.0
164.0
139.0
134.0
139.0
154.0
157.0
149.0
141.0
144.0
130.0
130.0
137.0
462.0
160.0
165.0
170.0
136.0
130.0
148.0
147.0
145.0
176.0
470.0
171.0
430.0
175.0
457.0
428.0
421.0
377.0
433.0
372.0
446.0
488.0
433.0
136.0
156.0
159.0
137.0
159.0
164.0
155.0
142.0
141.0
173.0
178.0
143.0
156.0
366.0
136.0
160.0
176.0
132.0
166.0
174.0
143.0
140.0
150.0
147.0
161.0
168.0
170.0
461.0
132.0
157.0
138.0
148.0
141.0
168.0
172.0
171.0
416.0
151.0
168.0
134.0
162.0
155.0
166.0
132.0
176.0
168.0
159.0
132.0
139.0
144.0
156.0
158.0
145.0
171.0
461.0
158.0
135.0
413.0
137.0
146.0
147.0
165.0
156.0
132.0
157.0
138.0
158.0
446.0
167.0
144.0
132.0
161.0
139.0
131.0
159.0
133.0
175.0
134.0
152.0
150.0
136.0
136.0
159.0
136.0
133.0
409.0
137.0
148.0
149.0
132.0
136.0
138.0
152.0
132.0
148.0
477.0
156.0
393.0
159.0
454.0
427.0
384.0
427.0
400.0
427.0
397.0
456.0
455.0
142.0
175.0
139.0
167.0
163.0
137.0
173.0
143.0
160.0
175.0
202.0
154.0
163.0
387.0
157.0
161.0
136.0
159.0
148.0
164.0
172.0
175.0
150.0
177.0
168.0
155.0
151.0
417.0
149.0
172.0
150.0
132.0
150.0
154.0
170.0
176.0
451.0
130.0
132.0
170.0
143.0
140.0
146.0
140.0
167.0
134.0
177.0
143.0
151.0
150.0
176.0
153.0
138.0
136.0
404.0
164.0
164.0
378.0
144.0
137.0
174.0
144.0
171.0
159.0
173.0
148.0
135.0
373.0
163.0
131.0
148.0
132.0
173.0
170.0
174.0
160.0
133.0
157.0
159.0
137.0
174.0
163.0
135.0
138.0
145.0
485.0
141.0
167.0
166.0
142.0
158.0
168.0
137.0
135.0
174.0
466.0
132.0
405.0
143.0
367.0
409.0
442.0
370.0
443.0
434.0
475.0
398.0
408.0
159.0
151.0
150.0
157.0
156.0
154.0
150.0
164.0
169.0
175.0
205.0
148.0
142.0
436.0
175.0
149.0
148.0
164.0
142.0
146.0
136.0
159.0
145.0
136.0
137.0
170.0
175.0
472.0
151.0
165.0
134.0
174.0
140.0
136.0
142.0
152.0
455.0
144.0
141.0
172.0
154.0
135.0
132.0
155.0
137.0
147.0
144.0
140.0
138.0
171.0
143.0
131.0
130.0
165.0
482.0
156.0
157.0
375.0
168.0
134.0
134.0
156.0
148.0
155.0
149.0
133.0
163.0
365.0
142.0
150.0
156.0
151.0
143.0
154.0
173.0
158.0
139.0
144.0
160.0
144.0
142.0
137.0
144.0
114.0
141.0
475.0
148.0
172.0
135.0
146.0
140.0
147.0
141.0
150.0
145.0
400.0
152.0
409.0
143.0
379.0
443.0
456.0
381.0
421.0
426.0
437.0
472.0
471.0
172.0
169.0
145.0
134.0
164.0
155.0
155.0
162.0
168.0
165.0
204.0
163.0
145.0
486.0
160.0
167.0
173.0
177.0
146.0
174.0
151.0
140.0
146.0
176.0
165.0
170.0
153.0
372.0
133.0
144.0
175.0
171.0
157.0
164.0
175.0
166.0
481.0
172.0
132.0
161.0
154.0
176.0
151.0
130.0
168.0
175.0
151.0
138.0
151.0
134.0
141.0
148.0
124.0
158.0
392.0
157.0
138.0
383.0
176.0
145.0
158.0
144.0
148.0
144.0
148.0
163.0
151.0
495.0
154.0
158.0
172.0
170.0
170.0
149.0
162.0
172.0
141.0
169.0
130.0
155.0
158.0
137.0
133.0
115.0
166.0
441.0
137.0
141.0
134.0
171.0
165.0
152.0
137.0
141.0
140.0
391.0
146.0
469.0
131.0
402.0
451.0
483.0
366.0
453.0
416.0
444.0
393.0
483.0
153.0
170.0
158.0
158.0
151.0
166.0
142.0
166.0
154.0
158.0
175.0
138.0
141.0
472.0
168.0
155.0
157.0
148.0
153.0
160.0
148.0
134.0
146.0
160.0
169.0
162.0
153.0
463.0
173.0
133.0
156.0
165.0
156.0
164.0
155.0
148.0
428.0
143.0
160.0
168.0
135.0
142.0
141.0
176.0
134.0
176.0
134.0
175.0
145.0
140.0
143.0
140.0
127.0
132.0
416.0
176.0
173.0
462.0
143.0
145.0
145.0
132.0
131.0
163.0
159.0
132.0
139.0
457.0
164.0
142.0
150.0
171.0
134.0
130.0
174.0
139.0
171.0
170.0
152.0
131.0
156.0
172.0
165.0
134.0
137.0
390.0
162.0
167.0
146.0
156.0
155.0
169.0
168.0
142.0
177.0
384.0
136.0
477.0
176.0
459.0
437.0
368.0
409.0
408.0
493.0
448.0
484.0
470.0
151.0
137.0
164.0
149.0
140.0
164.0
135.0
175.0
154.0
184.0
158.0
155.0
130.0
443.0
149.0
152.0
168.0
143.0
165.0
141.0
164.0
141.0
152.0
151.0
177.0
141.0
156.0
487.0
144.0
145.0
162.0
169.0
155.0
144.0
162.0
164.0
494.0
171.0
163.0
167.0
146.0
144.0
134.0
144.0
144.0
134.0
141.0
161.0
176.0
138.0
158.0
139.0
129.0
164.0
400.0
141.0
153.0
407.0
165.0
141.0
160.0
159.0
170.0
166.0
157.0
170.0
136.0
373.0
149.0
162.0
132.0
135.0
154.0
132.0
158.0
142.0
142.0
145.0
153.0
160.0
148.0
176.0
171.0
115.0
152.0
483.0
143.0
152.0
137.0
137.0
137.0
135.0
160.0
176.0
142.0
389.0
174.0
386.0
176.0
436.0
462.0
417.0
470.0
380.0
366.0
454.0
382.0
388.0
150.0
146.0
170.0
175.0
147.0
142.0
130.0
138.0
155.0
153.0
179.0
171.0
160.0
421.0
157.0
148.0
133.0
147.0
174.0
144.0
165.0
173.0
137.0
166.0
143.0
157.0
171.0
473.0
130.0
163.0
170.0
133.0
130.0
147.0
138.0
131.0
453.0
156.0
153.0
156.0
160.0
145.0
138.0
142.0
143.0
145.0
149.0
145.0
169.0
163.0
136.0
145.0
116.0
152.0
458.0
149.0
132.0
442.0
148.0
150.0
164.0
168.0
149.0
155.0
172.0
151.0
159.0
449.0
153.0
133.0
175.0
160.0
139.0
166.0
169.0
171.0
131.0
173.0
165.0
134.0
130.0
153.0
146.0
121.0
131.0
447.0
173.0
165.0
134.0
146.0
165.0
171.0
160.0
148.0
141.0
424.0
158.0
475.0
159.0
432.0
413.0
373.0
393.0
453.0
378.0
423.0
399.0
374.0
158.0
169.0
143.0
149.0
171.0
140.0
151.0
136.0
150.0
156.0
159.0
138.0
150.0
435.0
161.0
154.0
150.0
135.0
149.0
154.0
149.0
163.0
171.0
168.0
150.0
152.0
144.0
410.0
164.0
140.0
161.0
167.0
148.0
162.0
150.0
175.0
486.0
176.0
156.0
170.0
143.0
168.0
175.0
164.0
131.0
152.0
139.0
153.0
175.0
150.0
161.0
157.0
125.0
153.0
428.0
160.0
139.0
404.0
147.0
141.0
173.0
134.0
150.0
130.0
156.0
160.0
147.0
367.0
176.0
131.0
139.0
152.0
155.0
170.0
142.0
161.0
172.0
146.0
167.0
146.0
152.0
136.0
157.0
128.0
138.0
435.0
173.0
161.0
168.0
149.0
173.0
146.0
133.0
172.0
153.0
419.0
134.0
486.0
130.0
491.0
371.0
391.0
398.0
473.0
387.0
447.0
380.0
487.0
133.0
175.0
140.0
154.0
150.0
169.0
150.0
135.0
155.0
189.0
153.0
156.0
174.0
462.0
163.0
162.0
138.0
164.0
134.0
171.0
166.0
152.0
132.0
164.0
159.0
158.0
135.0
377.0
146.0
159.0
177.0
165.0
164.0
135.0
167.0
170.0
452.0
155.0
147.0
161.0
171.0
155.0
133.0
158.0
169.0
135.0
168.0
168.0
167.0
156.0
177.0
173.0
120.0
141.0
370.0
150.0
147.0
485.0
154.0
144.0
140.0
166.0
158.0
133.0
134.0
143.0
138.0
395.0
150.0
135.0
146.0
149.0
154.0
147.0
172.0
137.0
149.0
156.0
162.0
142.0
136.0
161.0
148.0
125.0
130.0
485.0
149.0
171.0
153.0
140.0
164.0
165.0
137.0
135.0
132.0
388.0
159.0
491.0
157.0
367.0
402.0
488.0
387.0
456.0
453.0
411.0
459.0
392.0
140.0
176.0
134.0
140.0
134.0
141.0
176.0
162.0
156.0
176.0
173.0
132.0
155.0
397.0
155.0
164.0
161.0
143.0
170.0
142.0
170.0
151.0
166.0
158.0
145.0
147.0
160.0
410.0
156.0
142.0
148.0
175.0
154.0
158.0
144.0
173.0
387.0
173.0
132.0
168.0
142.0
149.0
138.0
163.0
156.0
136.0
144.0
175.0
154.0
131.0
176.0
167.0
137.0
133.0
366.0
173.0
130.0
386.0
148.0
138.0
142.0
171.0
142.0
141.0
143.0
157.0
174.0
395.0
165.0
141.0
150.0
148.0
153.0
164.0
175.0
169.0
132.0
165.0
173.0
134.0
160.0
165.0
167.0
119.0
175.0
490.0
140.0
130.0
146.0
142.0
132.0
154.0
175.0
158.0
143.0
383.0
140.0
419.0
137.0
401.0
467.0
401.0
432.0
428.0
450.0
378.0
474.0
398.0
131.0
148.0
173.0
143.0
143.0
130.0
139.0
145.0
138.0
181.0
199.0
156.0
172.0
367.0
143.0
167.0
167.0
177.0
134.0
156.0
170.0
162.0
157.0
168.0
138.0
135.0
150.0
369.0
138.0
159.0
130.0
137.0
133.0
142.0
152.0
163.0
363.0
136.0
157.0
176.0
172.0
171.0
132.0
150.0
164.0
132.0
165.0
177.0
130.0
143.0
172.0
158.0
132.0
145.0
416.0
168.0
157.0
407.0
170.0
150.0
156.0
135.0
160.0
155.0
146.0
175.0
149.0
377.0
161.0
160.0
173.0
153.0
133.0
153.0
161.0
134.0
154.0
150.0
137.0
144.0
173.0
170.0
160.0
121.0
147.0
404.0
148.0
131.0
151.0
161.0
142.0
174.0
149.0
173.0
177.0
467.0
156.0
375.0
144.0
406.0
427.0
480.0
459.0
389.0
363.0
453.0
390.0
409.0
156.0
155.0
147.0
154.0
176.0
170.0
130.0
167.0
152.0
164.0
199.0
157.0
141.0
412.0
166.0
148.0
152.0
141.0
151.0
143.0
137.0
164.0
148.0
168.0
135.0
153.0
140.0
365.0
150.0
136.0
177.0
162.0
168.0
145.0
143.0
160.0
468.0
161.0
148.0
153.0
166.0
159.0
167.0
144.0
140.0
174.0
144.0
159.0
161.0
167.0
155.0
167.0
119.0
174.0
464.0
137.0
158.0
481.0
136.0
175.0
154.0
151.0
133.0
170.0
173.0
134.0
177.0
419.0
137.0
152.0
177.0
174.0
139.0
166.0
169.0
151.0
160.0
152.0
158.0
176.0
134.0
139.0
173.0
117.0
150.0
414.0
142.0
159.0
150.0
177.0
177.0
159.0
169.0
160.0
144.0
426.0
139.0
467.0
169.0
473.0
371.0
467.0
472.0
457.0
441.0
494.0
402.0
387.0
165.0
144.0
138.0
174.0
134.0
163.0
153.0
159.0
147.0
198.0
183.0
165.0
160.0
428.0
176.0
167.0
153.0
163.0
148.0
154.0
166.0
163.0
141.0
161.0
167.0
176.0
165.0
479.0
171.0
145.0
143.0
131.0
165.0
152.0
148.0
157.0
398.0
153.0
147.0
158.0
144.0
158.0
138.0
165.0
164.0
158.0
130.0
174.0
136.0
137.0
173.0
165.0
132.0
173.0
491.0
176.0
171.0
461.0
151.0
153.0
173.0
177.0
156.0
154.0
173.0
144.0
155.0
372.0
155.0
150.0
173.0
132.0
143.0
139.0
156.0
136.0
165.0
151.0
168.0
165.0
173.0
154.0
145.0
129.0
132.0
478.0
133.0
165.0
137.0
166.0
159.0
136.0
164.0
175.0
164.0
444.0
158.0
485.0
166.0
406.0
375.0
421.0
472.0
366.0
389.0
473.0
370.0
395.0
147.0
162.0
170.0
159.0
158.0
171.0
131.0
165.0
175.0
202.0
200.0
144.0
169.0
383.0
168.0
154.0
146.0
149.0
140.0
146.0
142.0
168.0
142.0
150.0
154.0
135.0
134.0
394.0
169.0
172.0
176.0
164.0
169.0
176.0
152.0
144.0
440.0
150.0
148.0
145.0
158.0
164.0
130.0
170.0
152.0
175.0
157.0
172.0
131.0
147.0
143.0
141.0
129.0
140.0
372.0
140.0
167.0
388.0
134.0
158.0
167.0
154.0
160.0
136.0
133.0
157.0
173.0
404.0
172.0
177.0
167.0
167.0
143.0
130.0
157.0
134.0
133.0
166.0
152.0
163.0
134.0
137.0
134.0
149.0
172.0
481.0
146.0
166.0
142.0
137.0
154.0
162.0
161.0
134.0
144.0
411.0
160.0
464.0
140.0
428.0
391.0
434.0
440.0
409.0
390.0
481.0
494.0
451.0
130.0
141.0
133.0
177.0
136.0
177.0
162.0
161.0
156.0
177.0
166.0
176.0
166.0
457.0
157.0
147.0
175.0
171.0
148.0
144.0
169.0
154.0
151.0
158.0
176.0
164.0
140.0
394.0
157.0
156.0
138.0
166.0
139.0
154.0
130.0
133.0
481.0
151.0
132.0
167.0
157.0
175.0
176.0
134.0
158.0
146.0
172.0
142.0
138.0
149.0
143.0
144.0
140.0
173.0
438.0
166.0
146.0
419.0
141.0
143.0
156.0
161.0
150.0
158.0
130.0
174.0
131.0
485.0
150.0
177.0
138.0
147.0
148.0
153.0
172.0
137.0
159.0
168.0
155.0
141.0
170.0
135.0
156.0
137.0
130.0
460.0
157.0
133.0
142.0
142.0
142.0
152.0
148.0
175.0
161.0
480.0
146.0
416.0
131.0
475.0
369.0
441.0
366.0
447.0
452.0
442.0
423.0
454.0
137.0
164.0
135.0
135.0
154.0
168.0
173.0
138.0
146.0
207.0
175.0
132.0
150.0
385.0
135.0
149.0
145.0
168.0
140.0
155.0
163.0
132.0
176.0
172.0
148.0
138.0
160.0
440.0
152.0
174.0
144.0
134.0
136.0
132.0
168.0
176.0
474.0
141.0
140.0
169.0
138.0
149.0
138.0
142.0
150.0
170.0
165.0
174.0
163.0
162.0
131.0
132.0
116.0
159.0
383.0
150.0
149.0
387.0
134.0
151.0
138.0
163.0
141.0
139.0
136.0
163.0
145.0
476.0
157.0
159.0
154.0
134.0
166.0
177.0
176.0
166.0
164.0
147.0
146.0
156.0
131.0
164.0
160.0
114.0
143.0
383.0
175.0
164.0
153.0
134.0
156.0
142.0
153.0
139.0
145.0
477.0
143.0
485.0
130.0
387.0
439.0
385.0
381.0
439.0
400.0
442.0
372.0
458.0
160.0
162.0
147.0
134.0
174.0
142.0
140.0
176.0
157.0
177.0
156.0
147.0
148.0
488.0
146.0
149.0
161.0
149.0
173.0
152.0
151.0
177.0
170.0
147.0
175.0
159.0
160.0
434.0
171.0
148.0
169.0
169.0
149.0
137.0
153.0
134.0
391.0
147.0
155.0
146.0
130.0
155.0
152.0
173.0
144.0
174.0
175.0
133.0
141.0
149.0
157.0
150.0
119.0
161.0
425.0
144.0
174.0
460.0
173.0
151.0
156.0
149.0
169.0
176.0
145.0
131.0
166.0
421.0
173.0
146.0
135.0
154.0
145.0
145.0
151.0
146.0
174.0
169.0
132.0
172.0
147.0
134.0
141.0
140.0
165.0
449.0
141.0
173.0
131.0
173.0
137.0
150.0
150.0
133.0
170.0
444.0
155.0
377.0
154.0
481.0
402.0
399.0
382.0
378.0
370.0
368.0
444.0
448.0
151.0
159.0
153.0
149.0
158.0
153.0
140.0
151.0
138.0
170.0
164.0
161.0
177.0
445.0
173.0
174.0
156.0
167.0
172.0
153.0
145.0
136.0
151.0
156.0
173.0
157.0
158.0
441.0
152.0
168.0
177.0
143.0
157.0
176.0
152.0
158.0
378.0
150.0
137.0
147.0
143.0
131.0
142.0
135.0
173.0
130.0
138.0
134.0
131.0
148.0
142.0
175.0
151.0
148.0
460.0
151.0
160.0
432.0
139.0
165.0
161.0
139.0
176.0
165.0
158.0
167.0
148.0
417.0
159.0
132.0
136.0
150.0
165.0
168.0
176.0
150.0
137.0
149.0
143.0
150.0
134.0
163.0
156.0
141.0
171.0
393.0
172.0
131.0
161.0
165.0
153.0
141.0
156.0
160.0
151.0
386.0
149.0
459.0
130.0
409.0
415.0
406.0
452.0
392.0
367.0
470.0
478.0
486.0
152.0
168.0
133.0
142.0
131.0
136.0
161.0
140.0
154.0
186.0
204.0
164.0
155.0
468.0
170.0
138.0
176.0
135.0
162.0
165.0
153.0
165.0
150.0
174.0
149.0
156.0
168.0
447.0
157.0
170.0
141.0
159.0
176.0
155.0
171.0
143.0
405.0
133.0
172.0
137.0
155.0
158.0
147.0
152.0
142.0
162.0
157.0
157.0
161.0
159.0
156.0
142.0
113.0
159.0
381.0
142.0
142.0
491.0
131.0
144.0
160.0
177.0
143.0
162.0
143.0
158.0
155.0
374.0
158.0
155.0
174.0
137.0
167.0
174.0
141.0
142.0
140.0
146.0
167.0
176.0
141.0
159.0
147.0
142.0
173.0
426.0
131.0
156.0
142.0
138.0
149.0
137.0
155.0
177.0
136.0
375.0
146.0
409.0
149.0
456.0
457.0
453.0
480.0
388.0
397.0
431.0
378.0
440.0
143.0
142.0
158.0
171.0
146.0
164.0
134.0
173.0
162.0
172.0
177.0
160.0
149.0
465.0
156.0
175.0
151.0
173.0
170.0
132.0
163.0
177.0
153.0
137.0
165.0
144.0
145.0
377.0
143.0
177.0
139.0
135.0
168.0
175.0
134.0
145.0
442.0
134.0
139.0
160.0
162.0
163.0
138.0
157.0
154.0
169.0
164.0
170.0
161.0
157.0
155.0
157.0
125.0
134.0
407.0
171.0
131.0
409.0
145.0
140.0
147.0
142.0
142.0
133.0
164.0
152.0
143.0
421.0
161.0
132.0
171.0
160.0
132.0
172.0
156.0
132.0
137.0
151.0
166.0
169.0
151.0
139.0
141.0
113.0
168.0
373.0
138.0
150.0
141.0
155.0
150.0
168.0
147.0
175.0
166.0
479.0
150.0
364.0
145.0
491.0
396.0
440.0
479.0
481.0
458.0
471.0
421.0
369.0
163.0
141.0
141.0
146.0
138.0
168.0
133.0
161.0
141.0
200.0
201.0
170.0
145.0
467.0
168.0
160.0
154.0
135.0
169.0
161.0
130.0
147.0
144.0
165.0
138.0
170.0
164.0
388.0
152.0
146.0
141.0
143.0
150.0
173.0
145.0
168.0
405.0
169.0
140.0
131.0
150.0
142.0
133.0
145.0
161.0
169.0
137.0
153.0
145.0
154.0
143.0
164.0
115.0
153.0
430.0
144.0
147.0
466.0
159.0
162.0
176.0
173.0
176.0
165.0
150.0
168.0
130.0
374.0
153.0
161.0
177.0
165.0
162.0
161.0
132.0
158.0
176.0
162.0
168.0
166.0
166.0
148.0
164.0
118.0
177.0
367.0
143.0
146.0
173.0
154.0
153.0
149.0
167.0
131.0
144.0
403.0
166.0
415.0
130.0
377.0
423.0
375.0
473.0
464.0
379.0
411.0
487.0
448.0
150.0
140.0
165.0
173.0
140.0
169.0
154.0
146.0
163.0
201.0
161.0
144.0
134.0
493.0
136.0
168.0
150.0
167.0
154.0
137.0
149.0
168.0
169.0
145.0
139.0
176.0
146.0
379.0
152.0
146.0
160.0
132.0
161.0
161.0
159.0
176.0
434.0
148.0
167.0
150.0
175.0
162.0
169.0
170.0
149.0
153.0
134.0
144.0
149.0
152.0
160.0
148.0
125.0
147.0
467.0
141.0
172.0
442.0
146.0
145.0
141.0
157.0
169.0
160.0
166.0
137.0
168.0
393.0
132.0
157.0
157.0
175.0
139.0
145.0
140.0
154.0
157.0
137.0
164.0
166.0
138.0
174.0
149.0
131.0
154.0
385.0
134.0
132.0
132.0
148.0
170.0
174.0
160.0
163.0
137.0
492.0
147.0
400.0
148.0
437.0
445.0
417.0
458.0
403.0
447.0
436.0
428.0
370.0
162.0
152.0
147.0
135.0
144.0
146.0
143.0
175.0
174.0
