I_BRKGA_52_2_20_5_CESP
52 2 20 494.0
36199.5
35670.5
32618.5
31387.5
29475.5
31345.5
29242.5
31746.5
30538.5
29763.5
34494.5
35510.5
33575.5
29803.5
36052.5
32057.5
34296.5
33454.5
35449.5
31754.5
0.05728035532423493
0.047737227665228546
0.05616345420928237
0.04032577193975133
0.05498141574325234
0.04809066408727166
0.05447194446962335
0.04442365991058259
0.052653538599095544
0.04640445279837658
0.05573375460690436
0.04351448630755849
0.05577821559565568
0.041778903557739916
0.05708192512285575
0.04408106160443974
0.05234692508541174
0.049376264432718704
0.05712435696495717
0.04065162197505934
134.0
112.0
7678.0
62.0
746.0
1507.0
153.0
770.0
380.0
281.0
464.0
653.0
1032.0
433.0
76.0
334.0
562.0
302.0
145.0
502.0
191.0
352.0
118.0
420.0
205.0
900.0
1487.0
593.0
367.0
1220.0
449.0
321.0
920.0
5455.0
6134.0
172.0
236.0
1859.0
103.0
87.0
250.0
245.0
342.0
806.0
395.0
352.0
193.0
278.0
207.0
168.0
849.0
381.0
891.0
1332.0
766.0
1404.0
154.0
796.0
380.0
266.0
470.0
652.0
972.0
409.0
79.0
336.0
558.0
298.0
145.0
499.0
189.0
344.0
113.0
412.0
203.0
858.0
1511.0
589.0
375.0
1237.0
447.0
308.0
961.0
5394.0
5686.0
173.0
224.0
1971.0
102.0
84.0
250.0
245.0
344.0
807.0
369.0
351.0
192.0
272.0
203.0
166.0
823.0
388.0
969.0
1305.0
738.0
1455.0
146.0
789.0
377.0
277.0
477.0
675.0
1061.0
425.0
80.0
318.0
571.0
276.0
144.0
502.0
195.0
354.0
115.0
393.0
205.0
920.0
1495.0
598.0
389.0
1164.0
445.0
308.0
896.0
5151.0
5827.0
174.0
227.0
1858.0
107.0
86.0
250.0
244.0
338.0
813.0
391.0
362.0
184.0
279.0
193.0
163.0
839.0
388.0
952.0
1319.0
758.0
1459.0
150.0
807.0
387.0
283.0
456.0
680.0
1008.0
420.0
80.0
345.0
583.0
279.0
144.0
507.0
188.0
367.0
115.0
413.0
202.0
927.0
1421.0
637.0
364.0
1204.0
445.0
329.0
908.0
5338.0
5658.0
168.0
221.0
1936.0
108.0
84.0
241.0
249.0
347.0
786.0
405.0
349.0
184.0
283.0
204.0
171.0
810.0
390.0
896.0
1299.0
726.0
1526.0
152.0
763.0
383.0
266.0
463.0
669.0
1072.0
417.0
79.0
319.0
584.0
275.0
145.0
490.0
178.0
357.0
114.0
408.0
206.0
911.0
1532.0
618.0
361.0
1141.0
459.0
312.0
908.0
5143.0
5609.0
169.0
227.0
1811.0
107.0
87.0
252.0
236.0
360.0
812.0
388.0
342.0
183.0
273.0
194.0
171.0
840.0
388.0
958.0
1217.0
726.0
1454.0
150.0
759.0
376.0
286.0
481.0
682.0
1034.0
414.0
82.0
318.0
543.0
302.0
142.0
524.0
186.0
352.0
113.0
396.0
196.0
920.0
1425.0
625.0
371.0
1166.0
441.0
332.0
977.0
5519.0
5746.0
175.0
236.0
1925.0
105.0
84.0
251.0
233.0
362.0
819.0
377.0
345.0
183.0
263.0
206.0
166.0
807.0
370.0
940.0
1333.0
764.0
1478.0
147.0
771.0
375.0
276.0
473.0
693.0
981.0
399.0
79.0
332.0
548.0
294.0
147.0
501.0
181.0
345.0
118.0
416.0
204.0
880.0
1450.0
641.0
354.0
1192.0
434.0
312.0
937.0
5082.0
5624.0
172.0
236.0
1854.0
106.0
86.0
249.0
246.0
351.0
783.0
375.0
342.0
195.0
268.0
199.0
163.0
803.0
390.0
900.0
1218.0
743.0
1438.0
154.0
765.0
377.0
281.0
468.0
695.0
1058.0
420.0
80.0
323.0
561.0
294.0
148.0
503.0
183.0
343.0
117.0
414.0
196.0
888.0
1519.0
602.0
383.0
1219.0
448.0
313.0
977.0
5454.0
5892.0
167.0
230.0
1959.0
107.0
81.0
258.0
238.0
354.0
762.0
393.0
338.0
186.0
284.0
199.0
167.0
850.0
368.0
947.0
1225.0
764.0
1519.0
150.0
789.0
377.0
286.0
466.0
672.0
1034.0
419.0
76.0
328.0
543.0
300.0
147.0
505.0
185.0
365.0
113.0
420.0
203.0
868.0
1418.0
606.0
365.0
1235.0
441.0
329.0
958.0
5392.0
5620.0
170.0
223.0
1887.0
105.0
82.0
248.0
239.0
363.0
765.0
391.0
364.0
194.0
279.0
208.0
164.0
825.0
379.0
958.0
1248.0
763.0
1493.0
152.0
747.0
378.0
288.0
466.0
669.0
990.0
430.0
80.0
339.0
585.0
279.0
144.0
522.0
191.0
357.0
116.0
425.0
208.0
892.0
1483.0
612.0
363.0
1225.0
452.0
318.0
974.0
5491.0
5789.0
173.0
239.0
1919.0
109.0
87.0
248.0
229.0
353.0
779.0
373.0
352.0
181.0
265.0
196.0
161.0
818.0
378.0
928.0
1259.0
762.0
1469.0
153.0
796.0
379.0
287.0
481.0
659.0
1020.0
411.0
79.0
328.0
589.0
299.0
147.0
491.0
191.0
362.0
115.0
405.0
214.0
874.0
1476.0
642.0
356.0
1197.0
440.0
305.0
971.0
5050.0
5676.0
171.0
227.0
1821.0
108.0
85.0
258.0
249.0
330.0
790.0
378.0
338.0
183.0
272.0
206.0
169.0
800.0
372.0
934.0
1328.0
734.0
1427.0
145.0
807.0
370.0
276.0
473.0
693.0
980.0
436.0
77.0
324.0
544.0
279.0
140.0
514.0
191.0
357.0
113.0
406.0
203.0
860.0
1503.0
646.0
363.0
1185.0
430.0
321.0
917.0
5510.0
5809.0
175.0
225.0
1922.0
107.0
81.0
254.0
245.0
336.0
787.0
377.0
342.0
187.0
267.0
204.0
164.0
836.0
384.0
970.0
1277.0
724.0
1451.0
147.0
807.0
371.0
280.0
466.0
701.0
1013.0
430.0
74.0
317.0
553.0
293.0
151.0
520.0
188.0
347.0
109.0
402.0
199.0
929.0
1482.0
620.0
364.0
1141.0
456.0
323.0
938.0
5099.0
6119.0
173.0
224.0
1940.0
101.0
85.0
261.0
239.0
330.0
775.0
399.0
352.0
184.0
267.0
204.0
170.0
826.0
372.0
962.0
1212.0
758.0
1439.0
154.0
799.0
376.0
271.0
465.0
683.0
1016.0
420.0
79.0
320.0
580.0
296.0
143.0
504.0
192.0
372.0
110.0
414.0
204.0
885.0
1503.0
627.0
361.0
1213.0
457.0
313.0
912.0
5394.0
5759.0
174.0
236.0
1969.0
102.0
86.0
251.0
237.0
334.0
813.0
388.0
350.0
184.0
283.0
203.0
172.0
847.0
383.0
954.0
1322.0
747.0
1502.0
149.0
785.0
368.0
273.0
472.0
661.0
1032.0
420.0
77.0
333.0
586.0
294.0
150.0
505.0
185.0
372.0
113.0
403.0
210.0
870.0
1518.0
608.0
375.0
1223.0
429.0
318.0
961.0
5402.0
6120.0
170.0
228.0
1829.0
106.0
81.0
248.0
245.0
344.0
809.0
383.0
347.0
185.0
268.0
202.0
171.0
836.0
390.0
908.0
1252.0
741.0
1444.0
146.0
750.0
369.0
279.0
453.0
678.0
1031.0
416.0
80.0
316.0
576.0
287.0
144.0
522.0
191.0
347.0
117.0
403.0
210.0
889.0
1525.0
648.0
378.0
1210.0
432.0
314.0
970.0
5176.0
5916.0
172.0
220.0
1839.0
105.0
87.0
250.0
243.0
344.0
787.0
393.0
349.0
191.0
267.0
194.0
171.0
811.0
386.0
906.0
1294.0
773.0
1518.0
145.0
799.0
388.0
283.0
458.0
692.0
979.0
433.0
77.0
342.0
570.0
278.0
140.0
518.0
189.0
362.0
114.0
412.0
195.0
892.0
1505.0
608.0
383.0
1147.0
427.0
325.0
943.0
5377.0
5876.0
172.0
231.0
1963.0
105.0
83.0
245.0
249.0
342.0
782.0
387.0
349.0
185.0
284.0
200.0
160.0
848.0
396.0
909.0
1331.0
763.0
1451.0
144.0
817.0
391.0
276.0
456.0
689.0
1020.0
437.0
77.0
331.0
541.0
283.0
147.0
507.0
190.0
366.0
115.0
427.0
199.0
857.0
1461.0
639.0
382.0
1222.0
449.0
329.0
914.0
5193.0
5781.0
177.0
236.0
1860.0
102.0
84.0
255.0
231.0
337.0
772.0
370.0
353.0
189.0
284.0
199.0
159.0
799.0
379.0
953.0
1239.0
771.0
1508.0
153.0
758.0
386.0
277.0
471.0
675.0
1013.0
434.0
79.0
334.0
565.0
291.0
146.0
527.0
180.0
367.0
113.0
394.0
203.0
929.0
1518.0
608.0
367.0
1182.0
431.0
317.0
924.0
5177.0
5670.0
168.0
224.0
1976.0
106.0
83.0
248.0
235.0
330.0
785.0
389.0
361.0
190.0
268.0
196.0
163.0
832.0
392.0
948.0
1322.0
775.0
1475.0
148.0
777.0
372.0
272.0
456.0
697.0
999.0
413.0
81.0
335.0
534.0
288.0
149.0
492.0
186.0
370.0
118.0
392.0
209.0
846.0
1497.0
612.0
387.0
1215.0
433.0
331.0
975.0
5490.0
5891.0
167.0
231.0
1909.0
103.0
85.0
246.0
243.0
360.0
787.0
393.0
339.0
182.0
274.0
204.0
167.0
815.0
390.0
907.0
1309.0
149.0
154.0
154.0
144.0
240.0
151.0
144.0
144.0
294.0
138.0
160.0
148.0
151.0
170.0
162.0
146.0
159.0
152.0
265.0
138.0
142.0
148.0
157.0
164.0
141.0
169.0
265.0
266.0
165.0
144.0
135.0
142.0
152.0
154.0
142.0
134.0
261.0
152.0
279.0
156.0
308.0
258.0
273.0
320.0
300.0
424.0
280.0
264.0
446.0
150.0
155.0
156.0
166.0
144.0
220.0
163.0
146.0
156.0
282.0
156.0
155.0
138.0
142.0
150.0
148.0
147.0
150.0
151.0
276.0
158.0
146.0
144.0
170.0
148.0
142.0
169.0
320.0
266.0
159.0
168.0
156.0
136.0
149.0
161.0
156.0
132.0
294.0
147.0
274.0
159.0
310.0
302.0
286.0
268.0
256.0
445.0
314.0
286.0
410.0
151.0
176.0
163.0
153.0
144.0
232.0
166.0
154.0
167.0
316.0
173.0
160.0
166.0
155.0
154.0
145.0
166.0
146.0
174.0
254.0
148.0
155.0
150.0
160.0
158.0
140.0
141.0
280.0
302.0
141.0
168.0
150.0
152.0
160.0
162.0
164.0
148.0
272.0
156.0
306.0
154.0
285.0
265.0
261.0
263.0
294.0
432.0
318.0
290.0
456.0
162.0
169.0
160.0
146.0
148.0
227.0
161.0
155.0
162.0
324.0
151.0
171.0
150.0
161.0
170.0
156.0
164.0
142.0
162.0
289.0
144.0
148.0
165.0
160.0
148.0
146.0
158.0
279.0
328.0
145.0
155.0
140.0
146.0
161.0
144.0
154.0
137.0
317.0
142.0
328.0
156.0
272.0
258.0
266.0
248.0
332.0
430.0
290.0
306.0
429.0
135.0
168.0
156.0
160.0
170.0
196.0
157.0
150.0
153.0
269.0
156.0
163.0
142.0
159.0
157.0
174.0
150.0
146.0
154.0
310.0
156.0
159.0
156.0
150.0
154.0
160.0
157.0
298.0
299.0
133.0
159.0
154.0
166.0
157.0
155.0
134.0
150.0
286.0
158.0
270.0
158.0
310.0
322.0
252.0
244.0
291.0
447.0
270.0
296.0
466.0
163.0
170.0
158.0
161.0
158.0
216.0
167.0
162.0
162.0
279.0
162.0
145.0
171.0
144.0
156.0
145.0
171.0
158.0
160.0
322.0
169.0
154.0
148.0
154.0
138.0
146.0
156.0
328.0
280.0
140.0
148.0
147.0
152.0
150.0
133.0
162.0
150.0
295.0
138.0
265.0
141.0
286.0
302.0
322.0
310.0
327.0
412.0
270.0
300.0
388.0
150.0
166.0
172.0
150.0
164.0
238.0
158.0
140.0
140.0
272.0
147.0
150.0
141.0
156.0
131.0
156.0
152.0
156.0
174.0
259.0
146.0
156.0
148.0
139.0
150.0
147.0
155.0
288.0
270.0
152.0
151.0
168.0
158.0
166.0
142.0
148.0
158.0
306.0
160.0
302.0
141.0
290.0
265.0
301.0
300.0
280.0
460.0
297.0
266.0
378.0
166.0
164.0
166.0
162.0
156.0
252.0
133.0
150.0
141.0
280.0
144.0
151.0
154.0
174.0
154.0
132.0
168.0
132.0
162.0
326.0
154.0
150.0
151.0
138.0
150.0
130.0
166.0
323.0
298.0
166.0
151.0
152.0
172.0
150.0
152.0
169.0
140.0
272.0
148.0
287.0
170.0
289.0
306.0
257.0
310.0
288.0
410.0
278.0
289.0
430.0
164.0
151.0
159.0
144.0
151.0
227.0
142.0
148.0
151.0
334.0
166.0
157.0
148.0
160.0
146.0
160.0
136.0
158.0
156.0
259.0
144.0
133.0
158.0
156.0
152.0
154.0
146.0
258.0
316.0
144.0
166.0
160.0
135.0
170.0
153.0
165.0
156.0
316.0
170.0
283.0
143.0
300.0
250.0
272.0
287.0
312.0
466.0
267.0
253.0
424.0
152.0
170.0
168.0
152.0
136.0
220.0
148.0
150.0
148.0
272.0
144.0
154.0
151.0
144.0
162.0
151.0
138.0
135.0
144.0
305.0
156.0
151.0
142.0
141.0
156.0
150.0
166.0
287.0
310.0
162.0
163.0
158.0
146.0
149.0
151.0
161.0
146.0
274.0
157.0
292.0
150.0
275.0
310.0
304.0
281.0
301.0
440.0
316.0
292.0
411.0
160.0
162.0
151.0
148.0
146.0
238.0
165.0
144.0
162.0
290.0
140.0
161.0
147.0
158.0
154.0
146.0
158.0
140.0
173.0
283.0
172.0
153.0
164.0
165.0
141.0
145.0
157.0
298.0
282.0
156.0
157.0
156.0
156.0
148.0
132.0
154.0
135.0
294.0
159.0
314.0
158.0
280.0
296.0
330.0
248.0
324.0
478.0
326.0
312.0
454.0
146.0
155.0
153.0
152.0
144.0
206.0
152.0
152.0
167.0
298.0
160.0
158.0
150.0
162.0
154.0
156.0
152.0
145.0
149.0
284.0
162.0
153.0
168.0
138.0
149.0
152.0
146.0
319.0
308.0
156.0
154.0
156.0
164.0
152.0
171.0
139.0
148.0
283.0
140.0
314.0
152.0
276.0
276.0
272.0
285.0
306.0
427.0
322.0
258.0
414.0
152.0
159.0
166.0
150.0
154.0
209.0
159.0
138.0
150.0
294.0
132.0
144.0
150.0
156.0
158.0
153.0
146.0
171.0
149.0
310.0
158.0
160.0
147.0
140.0
165.0
145.0
142.0
254.0
312.0
162.0
168.0
160.0
162.0
155.0
154.0
160.0
150.0
267.0
152.0
259.0
166.0
262.0
262.0
263.0
264.0
282.0
422.0
314.0
264.0
405.0
150.0
180.0
166.0
159.0
148.0
214.0
159.0
143.0
146.0
292.0
142.0
150.0
140.0
154.0
155.0
174.0
156.0
156.0
154.0
294.0
148.0
138.0
156.0
136.0
170.0
141.0
140.0
274.0
312.0
157.0
152.0
156.0
160.0
155.0
136.0
156.0
148.0
293.0
136.0
278.0
164.0
306.0
309.0
318.0
293.0
324.0
403.0
308.0
274.0
450.0
149.0
165.0
166.0
154.0
144.0
236.0
161.0
153.0
150.0
274.0
142.0
144.0
146.0
157.0
150.0
140.0
148.0
162.0
150.0
311.0
145.0
145.0
156.0
147.0
158.0
132.0
153.0
306.0
314.0
157.0
142.0
140.0
150.0
164.0
154.0
144.0
150.0
298.0
167.0
282.0
164.0
330.0
292.0
322.0
291.0
262.0
444.0
322.0
274.0
406.0
143.0
178.0
158.0
142.0
156.0
234.0
146.0
138.0
153.0
308.0
140.0
135.0
154.0
144.0
160.0
146.0
146.0
162.0
156.0
256.0
134.0
164.0
166.0
139.0
158.0
122.0
146.0
285.0
262.0
152.0
168.0
163.0
158.0
167.0
143.0
162.0
156.0
254.0
162.0
318.0
144.0
308.0
307.0
329.0
308.0
279.0
437.0
318.0
324.0
398.0
156.0
164.0
159.0
154.0
156.0
207.0
146.0
144.0
152.0
296.0
154.0
144.0
152.0
161.0
155.0
165.0
158.0
142.0
142.0
286.0
148.0
154.0
162.0
148.0
152.0
154.0
157.0
326.0
274.0
158.0
150.0
170.0
156.0
160.0
162.0
154.0
156.0
277.0
135.0
264.0
145.0
278.0
260.0
310.0
307.0
321.0
439.0
323.0
282.0
468.0
143.0
152.0
169.0
148.0
160.0
210.0
154.0
149.0
153.0
326.0
137.0
162.0
168.0
157.0
139.0
166.0
144.0
157.0
171.0
270.0
166.0
148.0
154.0
154.0
153.0
124.0
146.0
294.0
308.0
138.0
161.0
142.0
141.0
164.0
161.0
146.0
159.0
302.0
155.0
276.0
148.0
312.0
309.0
267.0
285.0
274.0
476.0
280.0
299.0
441.0
153.0
156.0
144.0
154.0
146.0
220.0
156.0
152.0
162.0
325.0
155.0
164.0
151.0
156.0
152.0
173.0
152.0
162.0
131.0
304.0
159.0
142.0
162.0
148.0
142.0
150.0
154.0
324.0
266.0
138.0
133.0
157.0
158.0
149.0
161.0
158.0
156.0
328.0
154.0
318.0
154.0
268.0
280.0
318.0
298.0
320.0
455.0
280.0
256.0
396.0
166.0
143.0
164.0
160.0
156.0
227.0
149.0
138.0
154.0
317.0
158.0
154.0
146.0
147.0
144.0
154.0
162.0
172.0
143.0
268.0
161.0
144.0
162.0
150.0
154.0
158.0
163.0
314.0
290.0
149.0
140.0
144.0
168.0
140.0
152.0
149.0
172.0
306.0
152.0
306.0
148.0
274.0
292.0
321.0
288.0
284.0
436.0
314.0
316.0
424.0
151.0
