I_BRKGA_112_4_40_6_CESP
112 4 40 495.0
32171.5
30929.5
32817.5
30487.5
30639.5
32075.5
34540.5
35498.5
35084.5
34881.5
34773.5
35100.5
31438.5
31328.5
34510.5
35311.5
35409.5
35208.5
32713.5
29700.5
29874.5
34394.5
33220.5
34236.5
32516.5
36183.5
31308.5
33599.5
34631.5
33613.5
35524.5
32201.5
35212.5
35558.5
33721.5
33597.5
32139.5
30872.5
29148.5
35237.5
0.02787742832626531
0.024229547718079877
0.027186473052441727
0.02181912892296486
0.02736540785520318
0.023971708597560842
0.027036187205368902
0.023406369251592868
0.026805180302808637
0.02180768184546492
0.028809505029700314
0.02068970249150152
0.025367782878228235
0.021011861822690218
0.025553293014391572
0.024132454443750898
0.026284316944791847
0.02147743624017789
0.02883679088436666
0.023294620825183097
0.0269862153324955
0.022465307421497126
0.028815263063639338
0.023762923069059694
0.02644491731066058
0.023934360380593694
0.02500265561661821
0.02458413189879574
0.026301677827299485
0.022160933619874947
0.02631908269248802
0.023274260450304986
0.027305000046374626
0.020545777693788295
0.02648385430987971
0.024963533430054252
0.02890618210786436
0.02404096617705426
0.027235885531754028
0.023504194367369724
124.0
123.0
110.0
118.0
3842.0
29.0
1884.0
1957.0
485.0
1315.0
35.0
519.0
112.0
180.0
44.0
337.0
245.0
370.0
59.0
306.0
543.0
273.0
74.0
240.0
78.0
276.0
29.0
353.0
170.0
816.0
1257.0
582.0
347.0
1129.0
298.0
146.0
837.0
4973.0
5588.0
121.0
160.0
312.0
46.0
29.0
190.0
219.0
192.0
526.0
349.0
72.0
66.0
27.0
118.0
30.0
20.0
165.0
823.0
52.0
124.0
64.0
44.0
158.0
146.0
70.0
168.0
146.0
801.0
37.0
21.0
26.0
30.0
8.0
74.0
250.0
111.0
69.0
87.0
55.0
38.0
81.0
147.0
46.0
26.0
55.0
160.0
165.0
104.0
87.0
135.0
46.0
67.0
1627.0
59.0
58.0
70.0
24.0
156.0
296.0
31.0
268.0
127.0
251.0
75.0
139.0
763.0
207.0
71.0
1251.0
131.0
126.0
67.0
91.0
117.0
20.0
259.0
207.0
492.0
1328.0
36.0
507.0
120.0
191.0
47.0
332.0
247.0
390.0
56.0
307.0
553.0
280.0
72.0
237.0
82.0
290.0
28.0
344.0
166.0
800.0
1273.0
593.0
350.0
1107.0
296.0
150.0
799.0
5208.0
5964.0
131.0
171.0
323.0
51.0
28.0
176.0
222.0
184.0
515.0
339.0
72.0
62.0
27.0
125.0
31.0
20.0
171.0
823.0
48.0
128.0
66.0
42.0
155.0
154.0
73.0
159.0
152.0
731.0
37.0
21.0
26.0
32.0
8.0
76.0
277.0
105.0
74.0
83.0
55.0
40.0
84.0
145.0
47.0
26.0
55.0
159.0
161.0
110.0
83.0
130.0
46.0
65.0
1639.0
54.0
54.0
68.0
25.0
166.0
287.0
31.0
278.0
121.0
242.0
79.0
138.0
803.0
214.0
68.0
1265.0
125.0
120.0
72.0
93.0
116.0
20.0
267.0
189.0
510.0
1242.0
35.0
551.0
111.0
176.0
44.0
323.0
252.0
398.0
55.0
305.0
523.0
283.0
76.0
250.0
75.0
280.0
27.0
340.0
171.0
785.0
1297.0
575.0
347.0
1172.0
289.0
158.0
871.0
5468.0
5644.0
126.0
164.0
332.0
48.0
28.0
193.0
217.0
192.0
530.0
364.0
72.0
66.0
26.0
117.0
33.0
20.0
179.0
843.0
51.0
126.0
64.0
46.0
155.0
141.0
73.0
156.0
150.0
745.0
35.0
20.0
25.0
30.0
8.0
75.0
274.0
112.0
69.0
86.0
57.0
37.0
85.0
142.0
48.0
25.0
56.0
158.0
168.0
111.0
85.0
128.0
46.0
62.0
1662.0
55.0
57.0
64.0
24.0
152.0
292.0
32.0
261.0
126.0
254.0
80.0
136.0
813.0
215.0
66.0
1211.0
126.0
118.0
72.0
86.0
111.0
20.0
263.0
206.0
469.0
1229.0
34.0
545.0
114.0
185.0
47.0
348.0
253.0
382.0
58.0
293.0
547.0
279.0
69.0
248.0
80.0
292.0
28.0
343.0
172.0
766.0
1393.0
583.0
342.0
1190.0
278.0
156.0
835.0
5338.0
5734.0
126.0
159.0
317.0
49.0
29.0
178.0
223.0
179.0
509.0
371.0
75.0
67.0
27.0
127.0
30.0
20.0
178.0
849.0
49.0
129.0
61.0
46.0
164.0
149.0
71.0
156.0
139.0
761.0
35.0
20.0
25.0
30.0
8.0
70.0
263.0
112.0
69.0
89.0
59.0
39.0
82.0
147.0
46.0
27.0
55.0
158.0
174.0
109.0
80.0
133.0
47.0
65.0
1561.0
58.0
57.0
65.0
24.0
166.0
274.0
32.0
279.0
121.0
258.0
83.0
141.0
833.0
211.0
66.0
1241.0
126.0
126.0
73.0
92.0
122.0
20.0
260.0
195.0
499.0
1250.0
34.0
514.0
109.0
183.0
45.0
332.0
267.0
396.0
61.0
319.0
526.0
295.0
76.0
240.0
80.0
298.0
28.0
358.0
172.0
817.0
1302.0
554.0
332.0
1181.0
286.0
151.0
859.0
5124.0
5743.0
126.0
168.0
331.0
48.0
27.0
190.0
224.0
192.0
512.0
366.0
74.0
65.0
25.0
119.0
30.0
20.0
164.0
872.0
53.0
131.0
66.0
45.0
162.0
149.0
76.0
162.0
152.0
762.0
38.0
20.0
26.0
32.0
8.0
73.0
255.0
111.0
72.0
90.0
59.0
40.0
81.0
141.0
48.0
27.0
56.0
162.0
175.0
108.0
87.0
135.0
47.0
65.0
1568.0
56.0
57.0
69.0
24.0
161.0
289.0
33.0
268.0
117.0
245.0
79.0
138.0
820.0
221.0
65.0
1183.0
132.0
122.0
69.0
89.0
121.0
19.0
259.0
203.0
494.0
1264.0
34.0
544.0
111.0
185.0
45.0
323.0
263.0
372.0
58.0
311.0
508.0
278.0
70.0
231.0
80.0
298.0
27.0
351.0
165.0
794.0
1330.0
568.0
350.0
1169.0
294.0
159.0
866.0
5410.0
5782.0
127.0
171.0
317.0
51.0
27.0
194.0
220.0
184.0
517.0
375.0
77.0
65.0
25.0
126.0
32.0
19.0
163.0
842.0
49.0
120.0
65.0
46.0
157.0
144.0
72.0
166.0
148.0
735.0
38.0
21.0
24.0
32.0
8.0
71.0
255.0
103.0
71.0
90.0
59.0
40.0
86.0
147.0
45.0
26.0
57.0
154.0
164.0
111.0
81.0
128.0
44.0
64.0
1523.0
58.0
59.0
68.0
24.0
164.0
289.0
33.0
271.0
118.0
247.0
81.0
132.0
831.0
220.0
66.0
1285.0
132.0
123.0
67.0
90.0
112.0
20.0
255.0
203.0
493.0
1256.0
35.0
555.0
113.0
185.0
44.0
321.0
270.0
374.0
61.0
309.0
522.0
278.0
70.0
237.0
81.0
275.0
29.0
342.0
160.0
809.0
1388.0
601.0
345.0
1087.0
301.0
152.0
800.0
5464.0
5458.0
124.0
163.0
309.0
50.0
27.0
181.0
207.0
192.0
515.0
371.0
74.0
65.0
26.0
122.0
31.0
20.0
164.0
903.0
51.0
127.0
61.0
45.0
163.0
151.0
76.0
155.0
149.0
801.0
38.0
21.0
25.0
32.0
8.0
70.0
253.0
102.0
70.0
86.0
54.0
38.0
82.0
151.0
46.0
27.0
53.0
156.0
174.0
110.0
83.0
139.0
47.0
62.0
1513.0
55.0
55.0
68.0
25.0
160.0
296.0
33.0
266.0
125.0
239.0
82.0
137.0
804.0
217.0
69.0
1202.0
133.0
122.0
71.0
89.0
115.0
20.0
257.0
201.0
478.0
1335.0
33.0
511.0
120.0
187.0
46.0
343.0
247.0
373.0
60.0
307.0
512.0
269.0
70.0
253.0
78.0
276.0
28.0
371.0
161.0
833.0
1264.0
553.0
357.0
1136.0
287.0
147.0
815.0
4995.0
6001.0
130.0
158.0
326.0
46.0
28.0
185.0
220.0
187.0
531.0
351.0
76.0
63.0
27.0
123.0
31.0
19.0
166.0
883.0
50.0
120.0
63.0
46.0
166.0
141.0
72.0
162.0
153.0
755.0
38.0
19.0
25.0
30.0
8.0
71.0
268.0
110.0
74.0
88.0
59.0
38.0
87.0
141.0
48.0
27.0
57.0
150.0
171.0
101.0
85.0
131.0
48.0
65.0
1639.0
54.0
55.0
69.0
24.0
164.0
278.0
32.0
283.0
124.0
244.0
79.0
129.0
799.0
203.0
64.0
1275.0
121.0
116.0
73.0
86.0
122.0
20.0
252.0
187.0
492.0
1240.0
34.0
517.0
111.0
188.0
45.0
328.0
245.0
386.0
59.0
303.0
507.0
289.0
70.0
233.0
75.0
282.0
28.0
353.0
159.0
789.0
1261.0
554.0
342.0
1113.0
279.0
157.0
799.0
5015.0
5960.0
121.0
166.0
312.0
51.0
28.0
191.0
214.0
193.0
512.0
375.0
78.0
65.0
26.0
125.0
31.0
19.0
175.0
846.0
48.0
126.0
64.0
45.0
162.0
141.0
73.0
152.0
151.0
794.0
35.0
20.0
26.0
32.0
8.0
71.0
258.0
110.0
72.0
87.0
55.0
40.0
87.0
153.0
48.0
27.0
53.0
162.0
166.0
106.0
87.0
133.0
46.0
63.0
1628.0
57.0
59.0
66.0
25.0
158.0
274.0
32.0
267.0
124.0
242.0
78.0
134.0
797.0
209.0
64.0
1254.0
133.0
119.0
69.0
91.0
122.0
19.0
252.0
189.0
500.0
1328.0
35.0
511.0
119.0
190.0
47.0
336.0
248.0
401.0
58.0
308.0
521.0
273.0
70.0
254.0
80.0
275.0
28.0
341.0
166.0
787.0
1324.0
570.0
358.0
1084.0
294.0
145.0
819.0
5394.0
5770.0
120.0
165.0
316.0
48.0
29.0
189.0
211.0
180.0
509.0
342.0
74.0
66.0
27.0
119.0
33.0
20.0
174.0
899.0
49.0
125.0
63.0
42.0
166.0
154.0
74.0
155.0
142.0
748.0
38.0
19.0
25.0
32.0
8.0
75.0
268.0
107.0
69.0
91.0
58.0
38.0
88.0
152.0
49.0
27.0
57.0
160.0
169.0
111.0
81.0
132.0
44.0
63.0
1613.0
59.0
55.0
64.0
24.0
158.0
293.0
31.0
271.0
126.0
246.0
82.0
131.0
798.0
204.0
68.0
1201.0
127.0
122.0
72.0
88.0
117.0
20.0
257.0
195.0
488.0
1347.0
36.0
515.0
113.0
184.0
46.0
327.0
262.0
374.0
56.0
307.0
540.0
276.0
70.0
251.0
75.0
280.0
29.0
370.0
160.0
769.0
1342.0
595.0
353.0
1144.0
298.0
149.0
838.0
5099.0
5794.0
120.0
162.0
322.0
46.0
27.0
176.0
218.0
188.0
529.0
341.0
75.0
61.0
27.0
118.0
31.0
20.0
170.0
867.0
48.0
131.0
66.0
44.0
164.0
146.0
71.0
153.0
147.0
779.0
36.0
21.0
26.0
30.0
8.0
74.0
255.0
110.0
70.0
91.0
59.0
41.0
83.0
153.0
46.0
25.0
54.0
157.0
175.0
101.0
85.0
126.0
44.0
66.0
1546.0
54.0
58.0
67.0
26.0
153.0
277.0
31.0
269.0
124.0
258.0
76.0
141.0
775.0
220.0
68.0
1215.0
127.0
123.0
73.0
88.0
116.0
19.0
247.0
190.0
517.0
1289.0
34.0
542.0
111.0
178.0
44.0
344.0
259.0
397.0
58.0
314.0
543.0
269.0
69.0
244.0
78.0
280.0
27.0
341.0
169.0
816.0
1387.0
551.0
357.0
1143.0
278.0
156.0
873.0
5171.0
5582.0
129.0
163.0
332.0
51.0
28.0
183.0
213.0
190.0
489.0
343.0
72.0
66.0
27.0
120.0
33.0
20.0
170.0
851.0
52.0
131.0
61.0
46.0
151.0
152.0
73.0
161.0
146.0
800.0
38.0
20.0
24.0
29.0
8.0
71.0
259.0
111.0
67.0
83.0
59.0
38.0
88.0
143.0
48.0
26.0
54.0
158.0
167.0
109.0
87.0
136.0
48.0
65.0
1638.0
59.0
54.0
66.0
24.0
161.0
279.0
31.0
276.0
127.0
235.0
79.0
132.0
769.0
208.0
70.0
1183.0
132.0
116.0
69.0
89.0
118.0
19.0
258.0
199.0
485.0
1242.0
36.0
535.0
118.0
176.0
47.0
333.0
261.0
376.0
61.0
303.0
551.0
281.0
70.0
241.0
81.0
291.0
28.0
370.0
169.0
821.0
1286.0
552.0
330.0
1164.0
283.0
154.0
866.0
5256.0
5573.0
120.0
170.0
328.0
50.0
27.0
190.0
207.0
179.0
506.0
375.0
72.0
61.0
27.0
128.0
30.0
20.0
167.0
817.0
51.0
121.0
61.0
43.0
158.0
141.0
72.0
165.0
143.0
749.0
38.0
20.0
24.0
32.0
8.0
71.0
262.0
113.0
74.0
88.0
59.0
40.0
88.0
141.0
49.0
26.0
53.0
155.0
167.0
103.0
86.0
133.0
46.0
63.0
1556.0
56.0
57.0
70.0
25.0
158.0
281.0
30.0
287.0
126.0
249.0
76.0
133.0
812.0
206.0
69.0
1244.0
129.0
123.0
67.0
90.0
117.0
19.0
270.0
202.0
512.0
1221.0
35.0
547.0
112.0
185.0
45.0
322.0
267.0
377.0
56.0
300.0
541.0
293.0
74.0
240.0
75.0
291.0
27.0
367.0
158.0
812.0
1296.0
601.0
339.0
1187.0
299.0
158.0
876.0
5062.0
5979.0
121.0
160.0
306.0
49.0
28.0
192.0
212.0
186.0
520.0
364.0
79.0
66.0
26.0
128.0
31.0
20.0
177.0
886.0
48.0
125.0
61.0
44.0
163.0
152.0
76.0
159.0
139.0
782.0
37.0
21.0
25.0
30.0
8.0
71.0
263.0
104.0
71.0
90.0
54.0
39.0
81.0
142.0
45.0
25.0
57.0
158.0
172.0
110.0
83.0
136.0
44.0
64.0
1516.0
54.0
58.0
69.0
26.0
154.0
299.0
32.0
262.0
120.0
245.0
80.0
139.0
819.0
218.0
70.0
1270.0
125.0
119.0
72.0
87.0
113.0
19.0
262.0
207.0
496.0
1347.0
35.0
535.0
114.0
177.0
44.0
335.0
253.0
398.0
58.0
314.0
538.0
276.0
70.0
251.0
79.0
302.0
27.0
366.0
169.0
765.0
1392.0
560.0
355.0
1147.0
287.0
157.0
817.0
5140.0
5605.0
122.0
171.0
326.0
50.0
28.0
178.0
209.0
180.0
532.0
349.0
72.0
66.0
25.0
127.0
30.0
19.0
177.0
883.0
50.0
121.0
65.0
44.0
155.0
145.0
70.0
163.0
146.0
732.0
35.0
21.0
25.0
32.0
8.0
75.0
266.0
103.0
70.0
91.0
54.0
40.0
83.0
147.0
48.0
26.0
56.0
156.0
163.0
103.0
84.0
130.0
46.0
61.0
1589.0
57.0
57.0
71.0
26.0
163.0
279.0
31.0
268.0
129.0
251.0
80.0
138.0
782.0
210.0
65.0
1164.0
133.0
126.0
72.0
94.0
121.0
20.0
253.0
207.0
504.0
1252.0
34.0
524.0
118.0
188.0
48.0
325.0
253.0
390.0
59.0
310.0
505.0
286.0
74.0
249.0
78.0
294.0
29.0
354.0
164.0
816.0
1289.0
550.0
329.0
1181.0
288.0
149.0
830.0
5404.0
5904.0
126.0
165.0
335.0
51.0
29.0
178.0
219.0
177.0
487.0
363.0
79.0
63.0
27.0
121.0
32.0
20.0
172.0
878.0
50.0
123.0
61.0
42.0
153.0
141.0
69.0
166.0
146.0
767.0
38.0
19.0
26.0
31.0
8.0
73.0
269.0
110.0
74.0
88.0
57.0
41.0
85.0
154.0
47.0
25.0
58.0
159.0
168.0
104.0
84.0
126.0
44.0
66.0
1592.0
59.0
54.0
69.0
25.0
151.0
290.0
33.0
278.0
121.0
237.0
83.0
139.0
775.0
212.0
68.0
1219.0
132.0
125.0
68.0
94.0
120.0
19.0
249.0
203.0
472.0
1314.0
35.0
535.0
109.0
191.0
44.0
328.0
269.0
390.0
60.0
296.0
528.0
269.0
70.0
229.0
82.0
291.0
28.0
360.0
169.0
832.0
1276.0
557.0
355.0
1194.0
280.0
157.0
859.0
5428.0
5804.0
128.0
160.0
314.0
48.0
29.0
177.0
225.0
179.0
502.0
360.0
79.0
63.0
26.0
126.0
32.0
20.0
174.0
856.0
50.0
123.0
63.0
44.0
165.0
141.0
72.0
162.0
140.0
768.0
35.0
20.0
26.0
31.0
8.0
76.0
275.0
106.0
71.0
86.0
55.0
38.0
87.0
146.0
46.0
27.0
54.0
156.0
160.0
104.0
83.0
138.0
45.0
67.0
1656.0
56.0
58.0
65.0
25.0
163.0
274.0
31.0
284.0
130.0
252.0
77.0
128.0
800.0
211.0
69.0
1206.0
130.0
115.0
73.0
91.0
119.0
19.0
256.0
206.0
482.0
1292.0
34.0
555.0
110.0
185.0
45.0
339.0
256.0
385.0
59.0
300.0
544.0
271.0
69.0
248.0
76.0
279.0
28.0
373.0
168.0
792.0
1328.0
570.0
354.0
1144.0
282.0
154.0
821.0
5220.0
5604.0
130.0
160.0
318.0
48.0
27.0
192.0
212.0
195.0
517.0
347.0
74.0
64.0
26.0
118.0
32.0
18.0
179.0
838.0
52.0
123.0
65.0
46.0
158.0
150.0
73.0
162.0
140.0
744.0
36.0
21.0
24.0
30.0
8.0
72.0
268.0
102.0
70.0
91.0
56.0
39.0
84.0
145.0
45.0
26.0
58.0
160.0
165.0
105.0
86.0
130.0
48.0
62.0
1574.0
54.0
56.0
68.0
26.0
153.0
282.0
31.0
274.0
118.0
237.0
78.0
132.0
795.0
213.0
67.0
1221.0
125.0
127.0
72.0
91.0
114.0
20.0
262.0
199.0
475.0
1322.0
34.0
540.0
111.0
181.0
46.0
328.0
254.0
380.0
58.0
289.0
546.0
291.0
71.0
249.0
75.0
295.0
29.0
375.0
157.0
833.0
1289.0
594.0
361.0
1121.0
301.0
156.0
870.0
5273.0
5768.0
124.0
172.0
333.0
49.0
28.0
181.0
205.0
184.0
526.0
358.0
78.0
63.0
27.0
118.0
33.0
20.0
177.0
815.0
51.0
128.0
67.0
44.0
166.0
141.0
76.0
158.0
144.0
794.0
36.0
20.0
25.0
30.0
8.0
73.0
265.0
110.0
68.0
83.0
57.0
38.0
81.0
153.0
48.0
26.0
56.0
158.0
170.0
104.0
80.0
131.0
45.0
63.0
1617.0
59.0
54.0
68.0
24.0
163.0
295.0
31.0
262.0
118.0
256.0
77.0
132.0
778.0
209.0
71.0
1222.0
123.0
126.0
69.0
93.0
112.0
20.0
250.0
204.0
509.0
1326.0
33.0
528.0
114.0
185.0
46.0
345.0
268.0
370.0
56.0
309.0
525.0
270.0
72.0
236.0
82.0
299.0
27.0
359.0
164.0
823.0
1326.0
588.0
354.0
1128.0
291.0
149.0
812.0
5415.0
5929.0
118.0
166.0
335.0
50.0
29.0
176.0
209.0
179.0
517.0
372.0
73.0
64.0
26.0
123.0
31.0
20.0
163.0
885.0
51.0
131.0
66.0
44.0
166.0
148.0
76.0
167.0
152.0
801.0
35.0
21.0
25.0
30.0
8.0
69.0
254.0
113.0
67.0
87.0
55.0
37.0
89.0
151.0
45.0
27.0
55.0
157.0
168.0
111.0
85.0
136.0
46.0
61.0
1661.0
55.0
56.0
64.0
26.0
165.0
277.0
31.0
269.0
127.0
247.0
77.0
129.0
823.0
220.0
65.0
1194.0
123.0
116.0
70.0
86.0
118.0
19.0
252.0
204.0
470.0
1283.0
35.0
546.0
111.0
179.0
47.0
346.0
264.0
394.0
59.0
300.0
506.0
295.0
72.0
237.0
79.0
277.0
27.0
360.0
166.0
826.0
1338.0
582.0
337.0
1122.0
290.0
159.0
849.0
5392.0
5944.0
129.0
160.0
309.0
49.0
28.0
183.0
205.0
184.0
485.0
357.0
78.0
62.0
25.0
125.0
32.0
19.0
172.0
878.0
53.0
128.0
66.0
45.0
153.0
153.0
70.0
168.0
139.0
749.0
35.0
21.0
26.0
30.0
8.0
72.0
270.0
110.0
70.0
87.0
54.0
40.0
85.0
153.0
48.0
27.0
57.0
149.0
159.0
103.0
81.0
132.0
45.0
66.0
1565.0
54.0
59.0
68.0
25.0
162.0
290.0
33.0
262.0
126.0
260.0
78.0
131.0
810.0
212.0
68.0
1259.0
134.0
126.0
69.0
91.0
117.0
19.0
250.0
195.0
493.0
1335.0
35.0
515.0
120.0
182.0
45.0
317.0
261.0
394.0
60.0
301.0
521.0
287.0
70.0
238.0
75.0
273.0
28.0
351.0
160.0
840.0
1387.0
584.0
358.0
1176.0
294.0
154.0
826.0
5340.0
5544.0
127.0
170.0
318.0
51.0
28.0
193.0
220.0
191.0
504.0
372.0
73.0
67.0
26.0
123.0
33.0
20.0
166.0
830.0
53.0
127.0
67.0
43.0
164.0
146.0
69.0
154.0
152.0
762.0
38.0
20.0
24.0
32.0
8.0
75.0
260.0
111.0
72.0
87.0
58.0
41.0
88.0
149.0
47.0
27.0
56.0
153.0
159.0
103.0
82.0
139.0
46.0
62.0
1568.0
59.0
56.0
71.0
25.0
162.0
286.0
33.0
286.0
125.0
259.0
78.0
140.0
761.0
214.0
64.0
1276.0
133.0
116.0
69.0
87.0
116.0
20.0
257.0
188.0
507.0
1259.0
36.0
507.0
110.0
178.0
44.0
334.0
257.0
395.0
61.0
313.0
509.0
282.0
73.0
233.0
78.0
289.0
27.0
355.0
158.0
784.0
1339.0
555.0
345.0
1175.0
289.0
149.0
812.0
5484.0
5939.0
121.0
166.0
318.0
49.0
27.0
175.0
204.0
179.0
510.0
374.0
74.0
67.0
26.0
120.0
32.0
19.0
177.0
823.0
48.0
125.0
65.0
43.0
166.0
151.0
69.0
155.0
150.0
746.0
37.0
21.0
25.0
31.0
8.0
75.0
267.0
110.0
74.0
82.0
59.0
39.0
88.0
147.0
45.0
25.0
54.0
159.0
173.0
108.0
83.0
126.0
48.0
67.0
1550.0
57.0
58.0
66.0
25.0
160.0
296.0
32.0
280.0
128.0
240.0
82.0
140.0
754.0
218.0
67.0
1250.0
131.0
118.0
69.0
91.0
120.0
20.0
248.0
199.0
485.0
1316.0
35.0
507.0
114.0
180.0
47.0
348.0
262.0
384.0
59.0
312.0
525.0
271.0
76.0
236.0
78.0
293.0
27.0
348.0
158.0
772.0
1286.0
588.0
348.0
1175.0
286.0
158.0
855.0
5141.0
6001.0
129.0
162.0
321.0
49.0
27.0
181.0
213.0
177.0
508.0
342.0
77.0
67.0
25.0
122.0
32.0
19.0
164.0
856.0
52.0
120.0
63.0
42.0
165.0
145.0
70.0
161.0
139.0
779.0
36.0
20.0
24.0
31.0
8.0
71.0
270.0
103.0
73.0
90.0
57.0
38.0
87.0
152.0
47.0
25.0
56.0
159.0
162.0
109.0
82.0
132.0
48.0
67.0
1519.0
55.0
54.0
65.0
25.0
152.0
293.0
32.0
268.0
126.0
260.0
80.0
128.0
750.0
221.0
71.0
1267.0
127.0
116.0
72.0
93.0
113.0
20.0
272.0
188.0
483.0
1262.0
34.0
554.0
112.0
180.0
48.0
338.0
249.0
390.0
56.0
293.0
551.0
266.0
72.0
250.0
77.0
294.0
29.0
348.0
168.0
832.0
1303.0
553.0
355.0
1160.0
290.0
154.0
839.0
5085.0
5724.0
123.0
159.0
331.0
50.0
28.0
187.0
217.0
177.0
491.0
352.0
77.0
66.0
25.0
120.0
32.0
19.0
169.0
870.0
53.0
124.0
67.0
43.0
160.0
142.0
72.0
168.0
144.0
736.0
35.0
20.0
24.0
31.0
8.0
71.0
267.0
105.0
70.0
84.0
54.0
39.0
86.0
151.0
45.0
26.0
53.0
164.0
171.0
108.0
83.0
126.0
47.0
66.0
1573.0
56.0
57.0
65.0
25.0
164.0
289.0
31.0
285.0
129.0
236.0
76.0
137.0
813.0
215.0
65.0
1160.0
134.0
121.0
68.0
89.0
120.0
20.0
253.0
189.0
496.0
1323.0
36.0
521.0
109.0
185.0
47.0
316.0
250.0
366.0
60.0
304.0
523.0
286.0
71.0
250.0
82.0
293.0
27.0
360.0
159.0
819.0
1338.0
597.0
353.0
1165.0
280.0
152.0
806.0
5320.0
5678.0
130.0
160.0
333.0
49.0
29.0
189.0
214.0
187.0
509.0
345.0
77.0
63.0
26.0
126.0
32.0
20.0
178.0
897.0
53.0
125.0
63.0
46.0
163.0
152.0
74.0
152.0
147.0
730.0
35.0
21.0
26.0
31.0
8.0
71.0
257.0
105.0
74.0
87.0
59.0
41.0
85.0
149.0
48.0
27.0
56.0
154.0
169.0
111.0
85.0
129.0
46.0
66.0
1632.0
58.0
55.0
68.0
24.0
159.0
294.0
31.0
277.0
123.0
259.0
76.0
135.0
825.0
204.0
67.0
1281.0
122.0
119.0
68.0
91.0
122.0
20.0
271.0
191.0
499.0
1329.0
36.0
541.0
110.0
186.0
47.0
320.0
249.0
385.0
59.0
315.0
535.0
277.0
73.0
231.0
80.0
288.0
28.0
358.0
170.0
830.0
1382.0
587.0
338.0
1152.0
272.0
155.0
862.0
5368.0
5799.0
120.0
170.0
335.0
48.0
27.0
183.0
222.0
192.0
511.0
341.0
72.0
64.0
26.0
127.0
33.0
20.0
168.0
874.0
50.0
121.0
62.0
43.0
163.0
151.0
75.0
162.0
153.0
730.0
36.0
21.0
25.0
31.0
8.0
72.0
273.0
108.0
71.0
83.0
56.0
39.0
85.0
149.0
45.0
25.0
56.0
160.0
167.0
103.0
79.0
138.0
46.0
66.0
1594.0
57.0
59.0
70.0
25.0
151.0
285.0
32.0
278.0
126.0
250.0
83.0
135.0
810.0
218.0
69.0
1284.0
128.0
127.0
67.0
94.0
118.0
19.0
269.0
195.0
471.0
1345.0
35.0
514.0
117.0
183.0
48.0
322.0
249.0
380.0
59.0
311.0
506.0
280.0
74.0
235.0
76.0
301.0
28.0
349.0
157.0
794.0
1263.0
557.0
352.0
1186.0
292.0
151.0
795.0
5466.0
5798.0
120.0
173.0
305.0
48.0
27.0
176.0
217.0
189.0
483.0
356.0
74.0
67.0
26.0
117.0
32.0
20.0
162.0
857.0
48.0
128.0
65.0
43.0
165.0
142.0
71.0
158.0
149.0
740.0
37.0
19.0
26.0
30.0
8.0
76.0
261.0
104.0
74.0
87.0
55.0
41.0
81.0
141.0
48.0
27.0
55.0
161.0
169.0
105.0
84.0
139.0
44.0
63.0
1620.0
55.0
54.0
65.0
24.0
165.0
285.0
33.0
274.0
121.0
249.0
81.0
140.0
761.0
214.0
71.0
1211.0
131.0
120.0
73.0
90.0
113.0
19.0
263.0
200.0
476.0
1250.0
34.0
532.0
114.0
184.0
46.0
345.0
259.0
390.0
56.0
302.0
531.0
288.0
69.0
245.0
76.0
279.0
27.0
352.0
165.0
772.0
1261.0
543.0
350.0
1118.0
282.0
155.0
790.0
5004.0
6024.0
127.0
171.0
326.0
51.0
28.0
193.0
205.0
180.0
530.0
348.0
72.0
62.0
25.0
126.0
31.0
19.0
169.0
869.0
50.0
122.0
63.0
43.0
161.0
146.0
70.0
162.0
145.0
749.0
35.0
21.0
24.0
31.0
8.0
74.0
273.0
110.0
71.0
83.0
54.0
37.0
87.0
142.0
48.0
25.0
57.0
164.0
165.0
111.0
83.0
131.0
46.0
64.0
1644.0
55.0
59.0
69.0
26.0
166.0
282.0
31.0
288.0
129.0
255.0
79.0
138.0
792.0
212.0
66.0
1193.0
127.0
126.0
68.0
86.0
120.0
19.0
262.0
207.0
517.0
1348.0
34.0
557.0
112.0
183.0
46.0
339.0
270.0
378.0
60.0
304.0
560.0
273.0
76.0
251.0
75.0
291.0
27.0
364.0
158.0
772.0
1275.0
559.0
354.0
1101.0
287.0
149.0
851.0
5172.0
5916.0
127.0
171.0
328.0
51.0
28.0
194.0
225.0
185.0
487.0
372.0
76.0
61.0
27.0
123.0
33.0
20.0
178.0
877.0
50.0
121.0
66.0
45.0
153.0
143.0
72.0
167.0
153.0
747.0
36.0
20.0
24.0
31.0
8.0
76.0
255.0
112.0
73.0
86.0
57.0
39.0
86.0
153.0
47.0
27.0
54.0
152.0
158.0
101.0
81.0
131.0
47.0
67.0
1538.0
54.0
54.0
68.0
26.0
151.0
275.0
31.0
262.0
127.0
246.0
79.0
129.0
801.0
216.0
65.0
1280.0
131.0
118.0
73.0
86.0
117.0
19.0
266.0
205.0
482.0
1239.0
33.0
559.0
114.0
177.0
44.0
342.0
245.0
389.0
59.0
300.0
545.0
286.0
72.0
246.0
78.0
273.0
28.0
358.0
168.0
790.0
1338.0
576.0
344.0
1141.0
274.0
154.0
803.0
5239.0
5830.0
125.0
166.0
306.0
51.0
28.0
191.0
218.0
195.0
508.0
349.0
77.0
65.0
26.0
120.0
33.0
19.0
175.0
827.0
52.0
123.0
63.0
45.0
157.0
150.0
70.0
163.0
144.0
773.0
37.0
20.0
26.0
30.0
8.0
69.0
266.0
113.0
71.0
91.0
56.0
39.0
82.0
145.0
47.0
25.0
58.0
155.0
165.0
111.0
87.0
132.0
46.0
65.0
1616.0
54.0
55.0
67.0
24.0
153.0
286.0
32.0
276.0
121.0
252.0
79.0
135.0
753.0
216.0
71.0
1280.0
124.0
115.0
70.0
94.0
113.0
18.0
270.0
188.0
500.0
1273.0
36.0
537.0
120.0
184.0
48.0
327.0
267.0
375.0
59.0
308.0
505.0
281.0
72.0
231.0
79.0
301.0
27.0
375.0
163.0
807.0
1302.0
562.0
330.0
1158.0
290.0
149.0
801.0
5216.0
5457.0
130.0
166.0
330.0
50.0
29.0
193.0
211.0
191.0
525.0
356.0
77.0
65.0
25.0
124.0
33.0
19.0
176.0
899.0
51.0
126.0
66.0
45.0
161.0
142.0
75.0
163.0
140.0
782.0
35.0
20.0
24.0
32.0
8.0
72.0
251.0
109.0
67.0
84.0
58.0
41.0
81.0
140.0
47.0
25.0
55.0
153.0
159.0
101.0
81.0
135.0
44.0
67.0
1511.0
59.0
59.0
70.0
25.0
162.0
299.0
32.0
275.0
123.0
235.0
79.0
137.0
819.0
213.0
70.0
1268.0
133.0
120.0
73.0
87.0
113.0
20.0
257.0
194.0
468.0
1316.0
34.0
525.0
112.0
191.0
45.0
336.0
255.0
364.0
56.0
309.0
556.0
283.0
71.0
251.0
80.0
273.0
29.0
363.0
169.0
784.0
1284.0
601.0
335.0
1171.0
296.0
151.0
849.0
5174.0
5505.0
122.0
162.0
331.0
50.0
28.0
185.0
221.0
192.0
526.0
343.0
72.0
66.0
26.0
121.0
32.0
19.0
171.0
875.0
49.0
121.0
67.0
46.0
153.0
154.0
74.0
155.0
149.0
731.0
37.0
19.0
25.0
30.0
8.0
69.0
267.0
113.0
74.0
90.0
59.0
38.0
86.0
154.0
49.0
25.0
55.0
164.0
165.0
106.0
82.0
134.0
48.0
63.0
1657.0
55.0
55.0
66.0
26.0
158.0
276.0
31.0
271.0
128.0
246.0
82.0
129.0
762.0
222.0
70.0
1285.0
127.0
127.0
69.0
93.0
115.0
20.0
250.0
205.0
470.0
1342.0
35.0
507.0
120.0
182.0
44.0
327.0
267.0
390.0
59.0
305.0
508.0
284.0
70.0
241.0
80.0
295.0
28.0
342.0
162.0
777.0
1324.0
572.0
332.0
1084.0
297.0
152.0
796.0
5409.0
5582.0
131.0
164.0
312.0
50.0
27.0
191.0
224.0
185.0
507.0
350.0
78.0
62.0
25.0
120.0
33.0
20.0
174.0
831.0
53.0
119.0
65.0
42.0
158.0
152.0
69.0
166.0
142.0
786.0
36.0
21.0
26.0
32.0
8.0
71.0
277.0
105.0
70.0
90.0
58.0
41.0
83.0
145.0
45.0
26.0
57.0
157.0
163.0
110.0
80.0
131.0
47.0
63.0
1523.0
55.0
58.0
67.0
26.0
158.0
278.0
30.0
268.0
121.0
249.0
83.0
135.0
780.0
207.0
71.0
1222.0
121.0
117.0
71.0
86.0
119.0
19.0
252.0
187.0
503.0
1233.0
35.0
510.0
114.0
179.0
44.0
351.0
263.0
367.0
58.0
319.0
548.0
293.0
71.0
254.0
80.0
298.0
29.0
346.0
166.0
844.0
1372.0
584.0
341.0
1187.0
288.0
148.0
835.0
5161.0
5843.0
122.0
161.0
319.0
51.0
29.0
179.0
213.0
180.0
492.0
365.0
75.0
62.0
26.0
117.0
33.0
19.0
176.0
898.0
52.0
129.0
63.0
42.0
162.0
150.0
73.0
166.0
153.0
740.0
36.0
21.0
25.0
31.0
8.0
71.0
260.0
110.0
69.0
90.0
56.0
40.0
86.0
154.0
49.0
27.0
54.0
152.0
163.0
111.0
81.0
138.0
44.0
64.0
1574.0
57.0
54.0
67.0
26.0
153.0
295.0
31.0
265.0
122.0
249.0
79.0
130.0
796.0
218.0
69.0
1281.0
131.0
116.0
70.0
86.0
120.0
19.0
249.0
202.0
516.0
1242.0
33.0
517.0
114.0
189.0
46.0
320.0
263.0
389.0
57.0
300.0
513.0
283.0
72.0
243.0
78.0
273.0
27.0
356.0
157.0
810.0
1364.0
589.0
336.0
1121.0
271.0
155.0
867.0
5475.0
5640.0
124.0
156.0
319.0
48.0
27.0
185.0
215.0
185.0
481.0
373.0
74.0
66.0
26.0
118.0
31.0
19.0
164.0
817.0
48.0
118.0
63.0
43.0
166.0
141.0
73.0
161.0
142.0
734.0
36.0
19.0
26.0
32.0
8.0
76.0
258.0
103.0
73.0
84.0
55.0
38.0
84.0
146.0
48.0
27.0
55.0
157.0
162.0
101.0
87.0
132.0
45.0
67.0
1507.0
55.0
54.0
69.0
25.0
156.0
276.0
33.0
285.0
129.0
249.0
75.0
141.0
808.0
212.0
69.0
1224.0
123.0
115.0
73.0
86.0
122.0
20.0
262.0
188.0
479.0
1264.0
33.0
540.0
118.0
193.0
44.0
335.0
270.0
398.0
57.0
292.0
536.0
283.0
72.0
230.0
81.0
282.0
27.0
351.0
165.0
795.0
1329.0
585.0
331.0
1111.0
287.0
147.0
807.0
5356.0
5849.0
119.0
171.0
312.0
47.0
28.0
193.0
220.0
189.0
484.0
372.0
74.0
64.0
25.0
121.0
32.0
19.0
165.0
875.0
51.0
131.0
64.0
45.0
166.0
153.0
72.0
164.0
150.0
740.0
35.0
20.0
25.0
31.0
8.0
71.0
272.0
102.0
70.0
90.0
59.0
40.0
83.0
153.0
45.0
27.0
55.0
162.0
159.0
104.0
84.0
131.0
45.0
62.0
1511.0
56.0
54.0
69.0
26.0
156.0
276.0
31.0
277.0
121.0
260.0
83.0
134.0
813.0
204.0
70.0
1192.0
127.0
125.0
71.0
90.0
118.0
20.0
247.0
206.0
498.0
1229.0
35.0
520.0
110.0
175.0
47.0
343.0
255.0
387.0
58.0
317.0
538.0
275.0
76.0
244.0
81.0
284.0
27.0
339.0
158.0
831.0
1351.0
584.0
355.0
1113.0
299.0
145.0
870.0
5351.0
5978.0
126.0
168.0
331.0
51.0
29.0
188.0
224.0
179.0
516.0
367.0
74.0
67.0
25.0
124.0
31.0
19.0
162.0
842.0
51.0
120.0
65.0
42.0
166.0
153.0
73.0
158.0
145.0
776.0
37.0
21.0
26.0
31.0
8.0
73.0
268.0
103.0
69.0
86.0
55.0
38.0
85.0
152.0
45.0
25.0
56.0
157.0
168.0
105.0
82.0
131.0
46.0
65.0
1664.0
59.0
55.0
65.0
26.0
165.0
291.0
33.0
269.0
124.0
240.0
82.0
135.0
799.0
209.0
66.0
1217.0
124.0
123.0
68.0
92.0
121.0
19.0
265.0
187.0
468.0
1243.0
36.0
543.0
115.0
184.0
45.0
318.0
262.0
373.0
61.0
289.0
539.0
272.0
75.0
232.0
77.0
287.0
28.0
357.0
171.0
779.0
1255.0
578.0
329.0
1151.0
275.0
150.0
869.0
5229.0
5454.0
123.0
166.0
335.0
50.0
27.0
177.0
226.0
184.0
525.0
342.0
74.0
62.0
26.0
125.0
33.0
20.0
165.0
878.0
49.0
126.0
63.0
43.0
167.0
146.0
71.0
163.0
142.0
780.0
37.0
20.0
26.0
32.0
8.0
69.0
256.0
104.0
71.0
89.0
59.0
38.0
83.0
144.0
48.0
26.0
57.0
158.0
160.0
104.0
79.0
138.0
46.0
67.0
1640.0
57.0
56.0
66.0
25.0
163.0
274.0
33.0
273.0
123.0
237.0
76.0
132.0
778.0
208.0
70.0
1227.0
125.0
121.0
73.0
92.0
112.0
20.0
262.0
204.0
519.0
1305.0
35.0
554.0
113.0
183.0
46.0
339.0
254.0
390.0
57.0
317.0
517.0
270.0
69.0
229.0
80.0
293.0
29.0
343.0
162.0
771.0
1326.0
551.0
355.0
1179.0
284.0
146.0
860.0
5206.0
5945.0
119.0
164.0
303.0
47.0
29.0
183.0
219.0
178.0
489.0
364.0
74.0
65.0
27.0
122.0
33.0
20.0
172.0
899.0
53.0
124.0
66.0
45.0
160.0
154.0
72.0
152.0
153.0
730.0
37.0
21.0
25.0
32.0
8.0
71.0
273.0
106.0
69.0
91.0
59.0
39.0
84.0
144.0
47.0
27.0
54.0
162.0
165.0
104.0
81.0
136.0
45.0
64.0
1589.0
56.0
57.0
71.0
26.0
157.0
274.0
31.0
286.0
118.0
239.0
82.0
137.0
804.0
205.0
66.0
1195.0
122.0
124.0
73.0
90.0
118.0
19.0
246.0
190.0
206.0
206.0
154.0
157.0
494.0
170.0
136.0
141.0
138.0
144.0
153.0
145.0
150.0
148.0
134.0
153.0
154.0
137.0
435.0
140.0
137.0
171.0
134.0
136.0
169.0
172.0
159.0
406.0
177.0
175.0
154.0
133.0
150.0
161.0
154.0
132.0
169.0
140.0
159.0
147.0
177.0
134.0
162.0
146.0
130.0
478.0
177.0
144.0
434.0
153.0
148.0
169.0
175.0
161.0
148.0
149.0
173.0
141.0
412.0
145.0
162.0
169.0
144.0
174.0
144.0
163.0
162.0
145.0
150.0
134.0
145.0
146.0
143.0
142.0
119.0
140.0
399.0
172.0
176.0
139.0
130.0
174.0
146.0
132.0
172.0
157.0
399.0
137.0
453.0
140.0
424.0
383.0
384.0
464.0
372.0
403.0
414.0
395.0
392.0
150.0
176.0
166.0
168.0
154.0
138.0
147.0
170.0
172.0
207.0
163.0
140.0
143.0
412.0
134.0
153.0
177.0
153.0
153.0
148.0
155.0
144.0
141.0
132.0
176.0
137.0
166.0
470.0
174.0
135.0
161.0
155.0
137.0
134.0
157.0
165.0
367.0
137.0
134.0
163.0
145.0
156.0
172.0
156.0
135.0
143.0
152.0
133.0
171.0
136.0
132.0
151.0
144.0
169.0
439.0
157.0
139.0
430.0
130.0
137.0
142.0
156.0
133.0
144.0
166.0
164.0
150.0
482.0
146.0
134.0
164.0
130.0
151.0
132.0
135.0
150.0
138.0
153.0
138.0
161.0
154.0
137.0
145.0
125.0
166.0
396.0
176.0
162.0
175.0
143.0
149.0
149.0
130.0
152.0
173.0
422.0
148.0
409.0
145.0
397.0
469.0
409.0
461.0
413.0
403.0
390.0
419.0
490.0
154.0
130.0
147.0
134.0
131.0
171.0
137.0
133.0
148.0
182.0
154.0
147.0
166.0
453.0
136.0
154.0
158.0
145.0
149.0
141.0
158.0
170.0
175.0
174.0
135.0
166.0
146.0
455.0
153.0
157.0
152.0
177.0
134.0
133.0
164.0
156.0
379.0
155.0
172.0
173.0
142.0
159.0
172.0
176.0
175.0
142.0
135.0
137.0
165.0
147.0
136.0
144.0
152.0
161.0
375.0
145.0
171.0
445.0
175.0
141.0
163.0
148.0
149.0
132.0
153.0
136.0
135.0
438.0
169.0
152.0
164.0
147.0
139.0
153.0
160.0
139.0
142.0
166.0
159.0
167.0
130.0
158.0
158.0
135.0
159.0
455.0
143.0
131.0
140.0
169.0
165.0
160.0
144.0
162.0
152.0
426.0
149.0
366.0
131.0
376.0
487.0
363.0
408.0
386.0
454.0
379.0
486.0
381.0
142.0
144.0
166.0
158.0
144.0
169.0
161.0
152.0
159.0
179.0
168.0
175.0
139.0
468.0
139.0
175.0
169.0
147.0
154.0
148.0
134.0
169.0
135.0
153.0
155.0
157.0
152.0
418.0
154.0
161.0
152.0
145.0
132.0
143.0
132.0
159.0
414.0
165.0
138.0
168.0
162.0
136.0
158.0
147.0
148.0
157.0
159.0
163.0
152.0
138.0
157.0
162.0
149.0
132.0
467.0
155.0
155.0
462.0
144.0
153.0
140.0
145.0
156.0
164.0
160.0
153.0
171.0
458.0
152.0
172.0
151.0
173.0
158.0
148.0
131.0
168.0
149.0
169.0
162.0
170.0
165.0
162.0
144.0
120.0
133.0
429.0
161.0
155.0
141.0
139.0
135.0
138.0
159.0
153.0
158.0
472.0
157.0
383.0
133.0
446.0
451.0
452.0
467.0
435.0
467.0
445.0
390.0
396.0
153.0
172.0
175.0
173.0
170.0
152.0
159.0
158.0
167.0
181.0
158.0
144.0
170.0
464.0
167.0
158.0
151.0
162.0
162.0
161.0
151.0
172.0
151.0
177.0
159.0
154.0
133.0
372.0
171.0
174.0
136.0
133.0
174.0
167.0
149.0
172.0
407.0
177.0
135.0
153.0
137.0
168.0
171.0
139.0
130.0
156.0
145.0
148.0
165.0
163.0
134.0
167.0
126.0
167.0
412.0
147.0
172.0
461.0
140.0
147.0
137.0
137.0
162.0
133.0
162.0
143.0
177.0
418.0
157.0
165.0
164.0
150.0
152.0
159.0
151.0
138.0
144.0
170.0
146.0
156.0
153.0
155.0
168.0
126.0
157.0
419.0
138.0
145.0
163.0
164.0
166.0
174.0
136.0
168.0
136.0
434.0
171.0
476.0
136.0
453.0
401.0
384.0
380.0
489.0
478.0
448.0
468.0
465.0
168.0
141.0
162.0
160.0
133.0
150.0
133.0
136.0
173.0
205.0
194.0
147.0
141.0
470.0
148.0
172.0
134.0
143.0
165.0
143.0
146.0
170.0
141.0
155.0
135.0
167.0
147.0
443.0
168.0
140.0
162.0
139.0
161.0
157.0
171.0
164.0
481.0
130.0
172.0
155.0
150.0
131.0
139.0
133.0
146.0
153.0
149.0
130.0
160.0
164.0
140.0
158.0
116.0
146.0
408.0
153.0
132.0
390.0
146.0
176.0
159.0
138.0
147.0
143.0
154.0
135.0
164.0
415.0
169.0
138.0
160.0
162.0
167.0
174.0
134.0
134.0
175.0
142.0
146.0
166.0
137.0
136.0
145.0
128.0
131.0
409.0
152.0
165.0
137.0
135.0
145.0
165.0
177.0
176.0
132.0
447.0
137.0
415.0
167.0
476.0
461.0
391.0
420.0
413.0
489.0
431.0
401.0
378.0
162.0
168.0
151.0
145.0
148.0
149.0
145.0
140.0
139.0
191.0
170.0
141.0
172.0
410.0
156.0
162.0
158.0
165.0
148.0
156.0
174.0
148.0
174.0
173.0
136.0
167.0
171.0
387.0
158.0
146.0
143.0
130.0
148.0
173.0
142.0
160.0
494.0
147.0
157.0
136.0
157.0
137.0
163.0
161.0
166.0
173.0
163.0
163.0
156.0
143.0
136.0
135.0
127.0
153.0
482.0
130.0
156.0
368.0
149.0
150.0
162.0
160.0
168.0
165.0
156.0
160.0
132.0
419.0
131.0
163.0
132.0
175.0
151.0
151.0
134.0
153.0
170.0
130.0
149.0
172.0
174.0
131.0
156.0
118.0
166.0
434.0
166.0
144.0
138.0
154.0
174.0
142.0
176.0
146.0
146.0
431.0
177.0
383.0
151.0
392.0
426.0
387.0
471.0
384.0
364.0
394.0
389.0
367.0
141.0
132.0
172.0
155.0
148.0
141.0
176.0
150.0
151.0
201.0
181.0
158.0
146.0
401.0
145.0
161.0
160.0
135.0
160.0
164.0
144.0
175.0
175.0
148.0
169.0
153.0
162.0
489.0
172.0
141.0
150.0
151.0
164.0
165.0
148.0
137.0
439.0
171.0
149.0
153.0
159.0
147.0
158.0
154.0
133.0
175.0
174.0
151.0
160.0
149.0
145.0
130.0
126.0
167.0
415.0
140.0
158.0
415.0
157.0
144.0
160.0
139.0
154.0
167.0
139.0
133.0
162.0
431.0
165.0
164.0
176.0
166.0
165.0
149.0
148.0
147.0
158.0
159.0
139.0
149.0
149.0
155.0
144.0
123.0
174.0
460.0
156.0
169.0
168.0
163.0
140.0
175.0
144.0
172.0
172.0
494.0
138.0
404.0
164.0
456.0
403.0
414.0
422.0
450.0
372.0
491.0
462.0
404.0
172.0
132.0
131.0
138.0
143.0
155.0
148.0
167.0
136.0
162.0
188.0
147.0
155.0
406.0
156.0
152.0
174.0
141.0
150.0
176.0
152.0
137.0
134.0
135.0
141.0
146.0
171.0
428.0
138.0
162.0
160.0
147.0
142.0
156.0
154.0
150.0
374.0
151.0
168.0
135.0
131.0
173.0
171.0
171.0
155.0
145.0
146.0
142.0
137.0
142.0
166.0
159.0
136.0
161.0
436.0
154.0
166.0
488.0
130.0
158.0
156.0
166.0
153.0
146.0
165.0
137.0
146.0
467.0
161.0
135.0
164.0
138.0
135.0
136.0
175.0
150.0
160.0
171.0
162.0
160.0
160.0
139.0
130.0
145.0
145.0
398.0
156.0
131.0
168.0
152.0
170.0
144.0
132.0
137.0
173.0
366.0
167.0
427.0
146.0
482.0
412.0
407.0
467.0
408.0
471.0
422.0
441.0
383.0
147.0
147.0
153.0
167.0
162.0
148.0
135.0
154.0
139.0
202.0
196.0
141.0
153.0
384.0
143.0
177.0
151.0
151.0
133.0
133.0
161.0
175.0
131.0
153.0
159.0
174.0
160.0
416.0
136.0
175.0
136.0
139.0
149.0
151.0
133.0
171.0
454.0
154.0
156.0
162.0
137.0
175.0
165.0
137.0
165.0
140.0
151.0
136.0
131.0
132.0
143.0
135.0
115.0
162.0
386.0
147.0
151.0
446.0
151.0
159.0
133.0
143.0
176.0
170.0
141.0
176.0
163.0
364.0
168.0
150.0
166.0
151.0
175.0
146.0
138.0
143.0
168.0
170.0
149.0
144.0
131.0
132.0
159.0
142.0
163.0
434.0
143.0
151.0
176.0
142.0
152.0
164.0
139.0
153.0
139.0
429.0
154.0
376.0
131.0
407.0
401.0
400.0
452.0
370.0
464.0
430.0
454.0
444.0
164.0
148.0
158.0
140.0
141.0
149.0
142.0
162.0
157.0
166.0
158.0
167.0
132.0
451.0
156.0
177.0
139.0
145.0
176.0
162.0
166.0
143.0
166.0
131.0
140.0
157.0
143.0
483.0
161.0
152.0
142.0
164.0
174.0
136.0
148.0
166.0
429.0
172.0
141.0
156.0
170.0
146.0
141.0
161.0
159.0
167.0
161.0
143.0
148.0
132.0
142.0
137.0
144.0
147.0
372.0
144.0
170.0
385.0
138.0
159.0
139.0
170.0
166.0
165.0
166.0
157.0
158.0
368.0
141.0
135.0
168.0
138.0
135.0
140.0
160.0
154.0
151.0
163.0
150.0
131.0
139.0
155.0
137.0
146.0
142.0
430.0
138.0
153.0
144.0
142.0
130.0
130.0
172.0
174.0
152.0
415.0
174.0
404.0
133.0
413.0
493.0
443.0
368.0
420.0
376.0
385.0
377.0
369.0
153.0
160.0
163.0
142.0
170.0
148.0
157.0
131.0
141.0
171.0
201.0
133.0
176.0
429.0
136.0
138.0
168.0
160.0
159.0
133.0
139.0
135.0
136.0
148.0
175.0
168.0
146.0
410.0
133.0
150.0
171.0
143.0
153.0
176.0
130.0
162.0
453.0
169.0
162.0
136.0
162.0
172.0
134.0
160.0
139.0
175.0
132.0
154.0
130.0
158.0
175.0
168.0
141.0
176.0
391.0
175.0
154.0
379.0
177.0
139.0
150.0
139.0
133.0
152.0
155.0
146.0
137.0
458.0
172.0
169.0
154.0
177.0
131.0
164.0
147.0
133.0
157.0
138.0
174.0
163.0
139.0
137.0
142.0
126.0
165.0
375.0
144.0
145.0
165.0
175.0
162.0
145.0
141.0
160.0
147.0
397.0
155.0
440.0
164.0
424.0
477.0
375.0
418.0
465.0
450.0
468.0
416.0
410.0
165.0
142.0
141.0
168.0
137.0
151.0
168.0
138.0
132.0
205.0
179.0
132.0
131.0
454.0
132.0
152.0
165.0
176.0
146.0
160.0
166.0
170.0
161.0
166.0
172.0
136.0
160.0
493.0
153.0
163.0
159.0
168.0
164.0
166.0
137.0
143.0
403.0
149.0
176.0
156.0
153.0
144.0
156.0
136.0
150.0
168.0
138.0
154.0
174.0
151.0
138.0
130.0
130.0
159.0
452.0
142.0
155.0
397.0
168.0
157.0
152.0
156.0
161.0
131.0
156.0
172.0
139.0
489.0
142.0
164.0
168.0
153.0
156.0
143.0
149.0
176.0
147.0
170.0
135.0
165.0
130.0
149.0
135.0
119.0
140.0
445.0
174.0
149.0
145.0
159.0
156.0
174.0
135.0
134.0
174.0
482.0
165.0
416.0
162.0
385.0
408.0
367.0
421.0
474.0
473.0
404.0
458.0
422.0
136.0
152.0
154.0
163.0
176.0
144.0
173.0
152.0
163.0
155.0
178.0
152.0
136.0
392.0
175.0
171.0
132.0
160.0
136.0
162.0
172.0
163.0
144.0
162.0
134.0
168.0
163.0
409.0
162.0
143.0
148.0
171.0
146.0
152.0
132.0
146.0
377.0
166.0
158.0
160.0
130.0
151.0
165.0
160.0
168.0
131.0
134.0
166.0
156.0
140.0
167.0
130.0
118.0
171.0
448.0
167.0
168.0
418.0
158.0
159.0
157.0
150.0
133.0
135.0
155.0
168.0
174.0
493.0
157.0
157.0
163.0
177.0
142.0
169.0
142.0
175.0
161.0
171.0
157.0
154.0
132.0
154.0
167.0
149.0
169.0
452.0
163.0
146.0
136.0
141.0
173.0
137.0
166.0
153.0
164.0
442.0
160.0
453.0
158.0
416.0
482.0
458.0
366.0
416.0
392.0
444.0
492.0
417.0
131.0
159.0
136.0
154.0
161.0
175.0
172.0
172.0
167.0
185.0
175.0
163.0
154.0
439.0
163.0
152.0
168.0
161.0
138.0
144.0
158.0
154.0
133.0
169.0
154.0
151.0
134.0
406.0
161.0
167.0
171.0
177.0
165.0
134.0
133.0
169.0
459.0
164.0
143.0
173.0
136.0
171.0
141.0
173.0
164.0
167.0
168.0
177.0
177.0
163.0
157.0
169.0
146.0
176.0
434.0
174.0
142.0
399.0
160.0
169.0
132.0
169.0
155.0
160.0
165.0
138.0
167.0
383.0
148.0
166.0
134.0
151.0
159.0
156.0
160.0
159.0
154.0
140.0
148.0
140.0
130.0
170.0
132.0
128.0
168.0
370.0
176.0
176.0
176.0
130.0
140.0
160.0
175.0
165.0
159.0
411.0
158.0
465.0
148.0
465.0
370.0
477.0
487.0
424.0
398.0
427.0
441.0
374.0
175.0
147.0
152.0
160.0
148.0
175.0
132.0
176.0
153.0
157.0
182.0
165.0
177.0
469.0
162.0
136.0
163.0
139.0
149.0
140.0
173.0
174.0
139.0
164.0
174.0
160.0
152.0
437.0
170.0
148.0
139.0
147.0
138.0
165.0
155.0
171.0
367.0
153.0
133.0
137.0
177.0
166.0
139.0
158.0
161.0
139.0
164.0
151.0
165.0
149.0
148.0
145.0
113.0
166.0
390.0
164.0
159.0
443.0
169.0
173.0
152.0
170.0
138.0
137.0
164.0
134.0
173.0
443.0
169.0
155.0
132.0
143.0
130.0
136.0
140.0
154.0
173.0
134.0
149.0
151.0
148.0
143.0
162.0
150.0
153.0
445.0
163.0
143.0
158.0
137.0
144.0
144.0
176.0
147.0
144.0
490.0
139.0
393.0
150.0
453.0
369.0
476.0
495.0
426.0
418.0
458.0
459.0
379.0
166.0
169.0
164.0
164.0
138.0
149.0
162.0
155.0
153.0
206.0
195.0
161.0
164.0
449.0
164.0
139.0
162.0
148.0
135.0
133.0
163.0
141.0
171.0
135.0
131.0
174.0
150.0
454.0
166.0
152.0
138.0
164.0
169.0
140.0
134.0
166.0
421.0
134.0
153.0
161.0
157.0
154.0
167.0
173.0
170.0
150.0
133.0
166.0
162.0
146.0
146.0
157.0
132.0
149.0
441.0
134.0
158.0
492.0
177.0
160.0
167.0
170.0
176.0
146.0
173.0
157.0
171.0
472.0
173.0
146.0
155.0
138.0
131.0
140.0
176.0
130.0
144.0
166.0
130.0
171.0
157.0
161.0
148.0
129.0
148.0
402.0
175.0
133.0
159.0
175.0
173.0
176.0
177.0
167.0
173.0
459.0
153.0
455.0
175.0
369.0
384.0
365.0
367.0
378.0
417.0
404.0
494.0
458.0
148.0
134.0
150.0
138.0
171.0
168.0
176.0
153.0
145.0
193.0
204.0
166.0
156.0
443.0
157.0
138.0
138.0
170.0
168.0
149.0
141.0
176.0
144.0
152.0
139.0
164.0
157.0
475.0
140.0
147.0
147.0
167.0
175.0
167.0
171.0
132.0
437.0
145.0
160.0
154.0
177.0
173.0
158.0
136.0
177.0
156.0
133.0
161.0
173.0
134.0
173.0
163.0
137.0
148.0
407.0
134.0
173.0
486.0
158.0
131.0
143.0
142.0
134.0
169.0
176.0
149.0
140.0
467.0
162.0
170.0
139.0
138.0
140.0
145.0
161.0
156.0
137.0
142.0
161.0
169.0
135.0
141.0
156.0
143.0
146.0
426.0
161.0
169.0
166.0
176.0
177.0
160.0
146.0
142.0
135.0
430.0
176.0
438.0
135.0
422.0
464.0
387.0
405.0
388.0
443.0
481.0
366.0
450.0
152.0
131.0
148.0
133.0
158.0
161.0
158.0
160.0
175.0
180.0
179.0
160.0
135.0
378.0
156.0
134.0
158.0
132.0
173.0
149.0
159.0
136.0
155.0
130.0
152.0
141.0
136.0
393.0
130.0
175.0
143.0
156.0
130.0
137.0
156.0
164.0
433.0
147.0
176.0
141.0
145.0
146.0
137.0
151.0
174.0
153.0
156.0
135.0
140.0
164.0
177.0
140.0
123.0
133.0
400.0
146.0
132.0
381.0
160.0
131.0
133.0
143.0
144.0
163.0
138.0
170.0
142.0
395.0
133.0
135.0
143.0
149.0
139.0
160.0
163.0
143.0
139.0
143.0
144.0
174.0
171.0
172.0
151.0
137.0
152.0
443.0
158.0
144.0
171.0
142.0
144.0
149.0
167.0
135.0
162.0
370.0
132.0
404.0
174.0
384.0
463.0
408.0
397.0
487.0
457.0
460.0
419.0
396.0
155.0
157.0
158.0
141.0
143.0
159.0
152.0
152.0
152.0
166.0
185.0
160.0
177.0
392.0
156.0
141.0
130.0
141.0
145.0
132.0
135.0
166.0
172.0
133.0
141.0
146.0
145.0
451.0
176.0
166.0
145.0
157.0
161.0
156.0
146.0
139.0
457.0
155.0
170.0
162.0
169.0
165.0
171.0
139.0
161.0
173.0
148.0
158.0
176.0
175.0
176.0
157.0
135.0
151.0
476.0
166.0
157.0
378.0
134.0
148.0
157.0
161.0
162.0
158.0
175.0
150.0
131.0
428.0
157.0
166.0
158.0
147.0
170.0
138.0
176.0
167.0
172.0
157.0
167.0
162.0
170.0
137.0
166.0
118.0
136.0
458.0
151.0
138.0
175.0
157.0
174.0
175.0
130.0
140.0
159.0
483.0
131.0
432.0
142.0
418.0
476.0
377.0
411.0
470.0
385.0
491.0
364.0
408.0
174.0
166.0
146.0
171.0
142.0
145.0
163.0
169.0
142.0
154.0
196.0
150.0
136.0
419.0
155.0
147.0
148.0
131.0
158.0
141.0
136.0
142.0
144.0
168.0
165.0
175.0
133.0
432.0
144.0
174.0
133.0
170.0
169.0
152.0
167.0
168.0
467.0
157.0
139.0
142.0
174.0
176.0
175.0
174.0
176.0
145.0
146.0
160.0
171.0
161.0
174.0
159.0
146.0
139.0
450.0
137.0
135.0
409.0
148.0
142.0
137.0
144.0
169.0
152.0
174.0
131.0
151.0
417.0
158.0
164.0
160.0
165.0
133.0
144.0
157.0
145.0
130.0
169.0
138.0
131.0
138.0
157.0
148.0
124.0
154.0
378.0
154.0
158.0
132.0
131.0
142.0
133.0
152.0
163.0
136.0
425.0
155.0
396.0
169.0
472.0
475.0
396.0
486.0
395.0
371.0
492.0
401.0
436.0
176.0
150.0
163.0
173.0
138.0
139.0
158.0
174.0
165.0
207.0
168.0
173.0
149.0
419.0
151.0
145.0
156.0
143.0
149.0
148.0
139.0
152.0
137.0
157.0
144.0
147.0
175.0
422.0
147.0
140.0
148.0
172.0
142.0
161.0
177.0
172.0
415.0
174.0
165.0
147.0
133.0
132.0
140.0
161.0
145.0
166.0
134.0
162.0
158.0
161.0
141.0
172.0
132.0
152.0
480.0
153.0
168.0
373.0
137.0
165.0
175.0
151.0
141.0
176.0
155.0
130.0
133.0
468.0
155.0
142.0
175.0
174.0
147.0
167.0
172.0
135.0
166.0
131.0
139.0
142.0
147.0
131.0
175.0
151.0
150.0
437.0
141.0
170.0
173.0
136.0
133.0
145.0
171.0
151.0
171.0
472.0
141.0
374.0
150.0
463.0
363.0
444.0
485.0
407.0
415.0
366.0
451.0
409.0
131.0
176.0
139.0
155.0
159.0
135.0
133.0
172.0
176.0
191.0
192.0
144.0
142.0
382.0
170.0
135.0
169.0
145.0
153.0
173.0
137.0
154.0
154.0
138.0
152.0
159.0
147.0
452.0
148.0
172.0
146.0
140.0
144.0
143.0
151.0
151.0
459.0
141.0
172.0
141.0
159.0
146.0
162.0
173.0
143.0
157.0
167.0
173.0
160.0
153.0
130.0
136.0
146.0
133.0
410.0
167.0
149.0
488.0
159.0
156.0
155.0
173.0
158.0
150.0
139.0
151.0
168.0
410.0
136.0
147.0
131.0
173.0
172.0
162.0
169.0
144.0
157.0
165.0
170.0
147.0
168.0
168.0
157.0
147.0
142.0
453.0
130.0
164.0
156.0
152.0
138.0
133.0
155.0
130.0
156.0
438.0
142.0
481.0
135.0
388.0
486.0
376.0
477.0
395.0
485.0
429.0
463.0
433.0
156.0
174.0
139.0
130.0
133.0
154.0
137.0
133.0
143.0
175.0
159.0
153.0
154.0
387.0
134.0
167.0
136.0
155.0
146.0
136.0
154.0
176.0
167.0
147.0
148.0
166.0
139.0
487.0
174.0
144.0
153.0
142.0
173.0
145.0
165.0
143.0
479.0
146.0
175.0
136.0
138.0
156.0
152.0
131.0
143.0
146.0
164.0
173.0
158.0
144.0
155.0
155.0
152.0
130.0
398.0
172.0
151.0
418.0
162.0
137.0
167.0
144.0
130.0
162.0
137.0
136.0
163.0
442.0
175.0
151.0
132.0
137.0
140.0
161.0
154.0
164.0
164.0
150.0
134.0
138.0
145.0
160.0
168.0
118.0
141.0
404.0
160.0
146.0
144.0
168.0
149.0
155.0
154.0
153.0
165.0
440.0
140.0
432.0
131.0
407.0
473.0
441.0
484.0
462.0
382.0
428.0
469.0
422.0
137.0
137.0
150.0
174.0
146.0
147.0
146.0
149.0
172.0
166.0
158.0
174.0
172.0
431.0
148.0
140.0
170.0
160.0
139.0
150.0
169.0
166.0
132.0
172.0
148.0
177.0
171.0
392.0
165.0
139.0
164.0
159.0
171.0
159.0
169.0
141.0
472.0
172.0
152.0
162.0
139.0
141.0
155.0
156.0
152.0
174.0
136.0
171.0
165.0
147.0
147.0
145.0
121.0
137.0
488.0
163.0
147.0
428.0
162.0
155.0
146.0
138.0
169.0
139.0
160.0
138.0
161.0
462.0
160.0
140.0
135.0
152.0
155.0
167.0
175.0
166.0
134.0
144.0
138.0
165.0
175.0
133.0
148.0
113.0
157.0
380.0
144.0
143.0
170.0
156.0
134.0
147.0
147.0
140.0
151.0
457.0
143.0
443.0
136.0
483.0
479.0
485.0
412.0
406.0
482.0
433.0
390.0
472.0
138.0
164.0
157.0
163.0
153.0
135.0
173.0
137.0
153.0
165.0
187.0
142.0
175.0
392.0
146.0
134.0
169.0
155.0
143.0
145.0
138.0
132.0
168.0
171.0
148.0
144.0
132.0
487.0
155.0
142.0
144.0
167.0
177.0
140.0
152.0
138.0
393.0
164.0
170.0
173.0
162.0
138.0
170.0
149.0
138.0
143.0
161.0
173.0
175.0
163.0
168.0
170.0
144.0
134.0
392.0
156.0
142.0
397.0
137.0
137.0
148.0
174.0
134.0
153.0
143.0
166.0
159.0
408.0
147.0
133.0
163.0
150.0
146.0
173.0
175.0
160.0
130.0
138.0
170.0
167.0
159.0
170.0
173.0
142.0
140.0
466.0
143.0
164.0
152.0
153.0
151.0
130.0
161.0
166.0
163.0
432.0
164.0
398.0
171.0
365.0
494.0
407.0
386.0
440.0
464.0
438.0
415.0
376.0
154.0
134.0
169.0
154.0
171.0
153.0
147.0
140.0
162.0
188.0
202.0
173.0
144.0
413.0
176.0
164.0
145.0
139.0
139.0
148.0
150.0
163.0
169.0
165.0
161.0
162.0
166.0
383.0
171.0
157.0
163.0
137.0
165.0
130.0
134.0
166.0
439.0
163.0
147.0
138.0
136.0
166.0
153.0
158.0
173.0
135.0
160.0
169.0
164.0
175.0
174.0
151.0
134.0
130.0
388.0
170.0
168.0
404.0
138.0
166.0
163.0
159.0
175.0
150.0
148.0
161.0
144.0
373.0
170.0
137.0
135.0
145.0
164.0
164.0
152.0
135.0
170.0
162.0
159.0
133.0
130.0
133.0
141.0
149.0
168.0
397.0
153.0
150.0
149.0
154.0
174.0
175.0
176.0
164.0
149.0
472.0
141.0
445.0
167.0
487.0
438.0
494.0
398.0
383.0
405.0
459.0
473.0
457.0
161.0
173.0
132.0
154.0
163.0
173.0
169.0
133.0
176.0
184.0
176.0
148.0
150.0
447.0
173.0
142.0
161.0
145.0
171.0
159.0
164.0
146.0
135.0
167.0
131.0
134.0
155.0
366.0
136.0
158.0
163.0
162.0
145.0
153.0
150.0
159.0
401.0
142.0
152.0
130.0
148.0
139.0
157.0
152.0
149.0
141.0
169.0
137.0
148.0
136.0
151.0
149.0
129.0
137.0
435.0
131.0
144.0
481.0
137.0
136.0
137.0
168.0
166.0
139.0
168.0
132.0
139.0
382.0
160.0
143.0
149.0
174.0
157.0
158.0
167.0
146.0
172.0
174.0
166.0
135.0
134.0
147.0
169.0
119.0
163.0
404.0
163.0
135.0
176.0
156.0
154.0
155.0
162.0
152.0
174.0
436.0
160.0
374.0
143.0
405.0
449.0
433.0
481.0
370.0
458.0
411.0
465.0
436.0
136.0
160.0
165.0
161.0
155.0
161.0
132.0
146.0
134.0
152.0
202.0
153.0
151.0
482.0
156.0
144.0
174.0
152.0
164.0
132.0
150.0
135.0
158.0
166.0
163.0
136.0
167.0
446.0
138.0
146.0
161.0
159.0
150.0
150.0
143.0
150.0
464.0
137.0
168.0
167.0
174.0
150.0
172.0
166.0
162.0
155.0
149.0
148.0
155.0
148.0
175.0
134.0
124.0
160.0
449.0
157.0
138.0
442.0
132.0
131.0
133.0
159.0
150.0
176.0
168.0
161.0
168.0
374.0
164.0
150.0
140.0
169.0
171.0
167.0
141.0
157.0
157.0
168.0
171.0
166.0
177.0
157.0
136.0
119.0
159.0
385.0
174.0
147.0
135.0
133.0
142.0
165.0
164.0
157.0
159.0
378.0
153.0
492.0
146.0
429.0
459.0
452.0
379.0
405.0
411.0
403.0
481.0
462.0
156.0
172.0
177.0
150.0
147.0
141.0
135.0
131.0
146.0
168.0
186.0
142.0
156.0
385.0
137.0
150.0
144.0
172.0
160.0
157.0
150.0
146.0
171.0
162.0
131.0
161.0
168.0
454.0
142.0
146.0
168.0
143.0
137.0
165.0
155.0
150.0
447.0
146.0
152.0
150.0
158.0
161.0
173.0
173.0
142.0
138.0
139.0
172.0
144.0
160.0
152.0
172.0
144.0
132.0
368.0
167.0
144.0
455.0
148.0
173.0
143.0
145.0
145.0
147.0
149.0
140.0
155.0
480.0
146.0
168.0
140.0
152.0
143.0
134.0
166.0
160.0
133.0
175.0
132.0
140.0
132.0
139.0
135.0
144.0
159.0
468.0
156.0
144.0
142.0
168.0
152.0
156.0
157.0
169.0
167.0
419.0
156.0
374.0
171.0
369.0
377.0
412.0
387.0
424.0
432.0
428.0
399.0
407.0
157.0
131.0
137.0
164.0
140.0
149.0
138.0
133.0
140.0
192.0
195.0
172.0
135.0
445.0
157.0
171.0
144.0
158.0
135.0
137.0
152.0
177.0
164.0
144.0
135.0
165.0
160.0
492.0
141.0
130.0
144.0
156.0
157.0
160.0
140.0
176.0
428.0
156.0
146.0
162.0
168.0
145.0
140.0
155.0
134.0
154.0
164.0
164.0
132.0
158.0
140.0
157.0
117.0
157.0
386.0
139.0
161.0
442.0
166.0
173.0
161.0
176.0
172.0
154.0
161.0
164.0
167.0
480.0
174.0
147.0
175.0
168.0
175.0
162.0
137.0
155.0
133.0
155.0
175.0
164.0
151.0
176.0
160.0
151.0
147.0
422.0
162.0
155.0
166.0
157.0
140.0
153.0
171.0
177.0
176.0
388.0
159.0
488.0
166.0
457.0
440.0
375.0
426.0
475.0
382.0
405.0
366.0
433.0
175.0
156.0
171.0
139.0
163.0
140.0
131.0
132.0
135.0
165.0
189.0
145.0
155.0
411.0
161.0
143.0
145.0
172.0
163.0
144.0
136.0
168.0
173.0
134.0
131.0
154.0
137.0
421.0
146.0
144.0
134.0
158.0
147.0
140.0
135.0
141.0
370.0
132.0
161.0
171.0
138.0
159.0
177.0
169.0
172.0
162.0
144.0
144.0
146.0
170.0
135.0
144.0
121.0
156.0
420.0
132.0
171.0
489.0
147.0
154.0
153.0
143.0
170.0
137.0
133.0
175.0
130.0
457.0
150.0
156.0
130.0
176.0
159.0
148.0
155.0
160.0
173.0
147.0
148.0
176.0
167.0
149.0
161.0
132.0
168.0
407.0
152.0
132.0
144.0
148.0
145.0
145.0
130.0
153.0
163.0
380.0
154.0
376.0
176.0
409.0
473.0
382.0
399.0
399.0
412.0
413.0
453.0
456.0
155.0
145.0
167.0
139.0
149.0
149.0
161.0
131.0
138.0
160.0
186.0
132.0
158.0
409.0
155.0
151.0
149.0
169.0
146.0
172.0
151.0
170.0
136.0
163.0
177.0
162.0
171.0
394.0
164.0
161.0
173.0
144.0
176.0
160.0
151.0
145.0
423.0
136.0
171.0
171.0
156.0
171.0
153.0
153.0
162.0
135.0
143.0
173.0
166.0
168.0
149.0
145.0
124.0
145.0
466.0
141.0
169.0
412.0
130.0
168.0
170.0
148.0
141.0
134.0
143.0
158.0
131.0
398.0
143.0
145.0
132.0
176.0
162.0
147.0
144.0
147.0
160.0
156.0
141.0
133.0
141.0
163.0
174.0
147.0
171.0
441.0
177.0
145.0
130.0
174.0
139.0
154.0
147.0
176.0
170.0
389.0
172.0
448.0
146.0
429.0
459.0
381.0
419.0
387.0
403.0
423.0
393.0
389.0
143.0
147.0
175.0
166.0
162.0
151.0
172.0
155.0
167.0
191.0
157.0
143.0
151.0
433.0
165.0
150.0
172.0
134.0
156.0
139.0
136.0
154.0
173.0
133.0
167.0
142.0
145.0
401.0
162.0
174.0
137.0
136.0
158.0
173.0
150.0
145.0
367.0
166.0
167.0
172.0
176.0
164.0
138.0
150.0
173.0
172.0
149.0
141.0
152.0
160.0
147.0
135.0
143.0
137.0
438.0
160.0
132.0
480.0
157.0
135.0
138.0
160.0
177.0
175.0
147.0
147.0
155.0
432.0
131.0
139.0
133.0
140.0
145.0
164.0
166.0
133.0
151.0
140.0
167.0
144.0
141.0
168.0
130.0
135.0
157.0
481.0
171.0
154.0
142.0
167.0
136.0
153.0
163.0
152.0
150.0
370.0
162.0
464.0
163.0
462.0
436.0
365.0
469.0
413.0
378.0
485.0
380.0
439.0
131.0
146.0
172.0
160.0
169.0
137.0
151.0
162.0
166.0
172.0
190.0
164.0
172.0
403.0
156.0
145.0
145.0
150.0
143.0
156.0
148.0
174.0
146.0
173.0
145.0
151.0
135.0
364.0
158.0
157.0
131.0
149.0
175.0
164.0
166.0
174.0
363.0
157.0
150.0
136.0
158.0
154.0
166.0
175.0
158.0
149.0
160.0
157.0
167.0
160.0
133.0
144.0
143.0
157.0
418.0
154.0
144.0
434.0
164.0
150.0
152.0
135.0
133.0
134.0
154.0
148.0
171.0
452.0
136.0
147.0
176.0
144.0
173.0
166.0
139.0
162.0
168.0
163.0
166.0
149.0
132.0
148.0
161.0
147.0
174.0
410.0
175.0
164.0
144.0
143.0
152.0
164.0
154.0
135.0
148.0
404.0
149.0
375.0
165.0
371.0
463.0
400.0
368.0
380.0
447.0
485.0
365.0
377.0
140.0
155.0
158.0
133.0
163.0
134.0
159.0
159.0
151.0
198.0
186.0
146.0
154.0
436.0
174.0
166.0
130.0
146.0
132.0
174.0
147.0
144.0
151.0
136.0
132.0
152.0
170.0
400.0
145.0
144.0
161.0
144.0
146.0
172.0
157.0
176.0
455.0
153.0
172.0
165.0
167.0
156.0
136.0
171.0
175.0
144.0
170.0
143.0
145.0
169.0
162.0
130.0
137.0
137.0
381.0
164.0
151.0
447.0
157.0
135.0
160.0
159.0
157.0
135.0
133.0
155.0
147.0
475.0
164.0
152.0
141.0
141.0
174.0
134.0
176.0
155.0
135.0
148.0
163.0
168.0
152.0
170.0
175.0
145.0
153.0
444.0
159.0
155.0
135.0
174.0
169.0
165.0
130.0
140.0
160.0
400.0
136.0
368.0
153.0
439.0
469.0
399.0
474.0
370.0
479.0
493.0
466.0
407.0
151.0
167.0
140.0
166.0
156.0
176.0
135.0
175.0
168.0
176.0
195.0
138.0
153.0
379.0
138.0
131.0
130.0
173.0
169.0
152.0
161.0
164.0
169.0
147.0
167.0
149.0
166.0
490.0
136.0
174.0
174.0
131.0
169.0
154.0
174.0
155.0
417.0
135.0
154.0
140.0
157.0
137.0
141.0
139.0
167.0
154.0
162.0
160.0
130.0
137.0
161.0
141.0
143.0
167.0
375.0
163.0
174.0
460.0
155.0
164.0
144.0
160.0
133.0
138.0
140.0
160.0
166.0
418.0
131.0
152.0
136.0
167.0
150.0
139.0
170.0
132.0
160.0
132.0
150.0
134.0
159.0
176.0
166.0
117.0
132.0
402.0
152.0
151.0
148.0
154.0
160.0
133.0
157.0
131.0
159.0
397.0
132.0
424.0
149.0
453.0
383.0
453.0
389.0
388.0
389.0
483.0
379.0
390.0
151.0
144.0
134.0
165.0
144.0
135.0
146.0
162.0
130.0
164.0
153.0
168.0
166.0
414.0
134.0
163.0
144.0
134.0
146.0
157.0
172.0
147.0
177.0
159.0
169.0
169.0
157.0
410.0
148.0
154.0
173.0
137.0
135.0
154.0
149.0
172.0
475.0
174.0
167.0
151.0
167.0
149.0
144.0
150.0
161.0
150.0
174.0
148.0
152.0
134.0
169.0
146.0
149.0
175.0
437.0
156.0
169.0
415.0
148.0
159.0
167.0
138.0
171.0
150.0
148.0
161.0
164.0
457.0
173.0
154.0
140.0
130.0
155.0
167.0
174.0
146.0
136.0
139.0
167.0
173.0
145.0
152.0
135.0
142.0
148.0
373.0
159.0
172.0
146.0
147.0
155.0
166.0
173.0
135.0
176.0
445.0
155.0
421.0
157.0
411.0
433.0
451.0
480.0
375.0
366.0
384.0
493.0
376.0
144.0
166.0
147.0
141.0
165.0
172.0
134.0
174.0
143.0
197.0
189.0
137.0
147.0
390.0
141.0
133.0
159.0
153.0
132.0
153.0
168.0
144.0
137.0
177.0
165.0
131.0
171.0
430.0
136.0
151.0
160.0
163.0
172.0
162.0
132.0
148.0
488.0
149.0
136.0
132.0
167.0
154.0
161.0
175.0
143.0
176.0
153.0
144.0
158.0
155.0
146.0
170.0
151.0
155.0
478.0
166.0
177.0
363.0
154.0
141.0
149.0
156.0
162.0
163.0
161.0
135.0
144.0
433.0
173.0
143.0
157.0
144.0
166.0
173.0
162.0
134.0
150.0
143.0
164.0
167.0
169.0
157.0
132.0
144.0
170.0
393.0
173.0
173.0
165.0
169.0
174.0
149.0
158.0
155.0
130.0
391.0
133.0
466.0
148.0
375.0
488.0
384.0
404.0
481.0
417.0
369.0
411.0
441.0
158.0
144.0
140.0
151.0
145.0
131.0
167.0
155.0
170.0
171.0
191.0
163.0
130.0
443.0
160.0
148.0
136.0
155.0
138.0
175.0
161.0
133.0
164.0
161.0
140.0
134.0
140.0
394.0
162.0
146.0
150.0
162.0
156.0
174.0
162.0
166.0
416.0
151.0
138.0
155.0
155.0
164.0
152.0
157.0
169.0
147.0
177.0
166.0
166.0
170.0
173.0
140.0
141.0
176.0
429.0
134.0
141.0
431.0
167.0
167.0
170.0
160.0
141.0
168.0
156.0
160.0
167.0
483.0
149.0
157.0
148.0
157.0
132.0
137.0
170.0
134.0
171.0
131.0
166.0
151.0
176.0
176.0
165.0
112.0
168.0
395.0
141.0
154.0
154.0
144.0
158.0
139.0
132.0
141.0
147.0
470.0
176.0
453.0
164.0
454.0
384.0
410.0
445.0
452.0
469.0
415.0
400.0
492.0
172.0
152.0
161.0
159.0
156.0
159.0
148.0
176.0
136.0
