I_BRKGA_52_2_20_1_CESP
52 2 20 495.0
31464.5
31954.5
34543.5
33223.5
34917.5
30289.5
32359.5
28791.5
33970.5
34273.5
30269.5
32488.5
31286.5
32871.5
34253.5
33489.5
35134.5
33050.5
28395.5
31820.5
0.05913604228749298
0.04930147684460504
0.05520285883458069
0.0472745702457983
0.0556992450556682
0.04068424664909419
0.05752511998106334
0.04090024223016079
0.055658970244344935
0.040113832821689684
0.055888461325318724
0.04474994997990681
0.05025421763752023
0.04109479868118387
0.05286320392104334
0.0437434847903512
0.050070806060536724
0.04428592453346088
0.05032269620836731
0.0652298516678127
110.0
129.0
7678.0
62.0
719.0
1431.0
150.0
782.0
379.0
273.0
461.0
678.0
992.0
405.0
77.0
336.0
562.0
275.0
147.0
494.0
182.0
364.0
114.0
425.0
204.0
904.0
1504.0
602.0
376.0
1243.0
445.0
308.0
939.0
5460.0
6120.0
177.0
227.0
1866.0
106.0
83.0
247.0
229.0
344.0
793.0
370.0
354.0
190.0
284.0
199.0
166.0
797.0
381.0
955.0
1259.0
757.0
1507.0
150.0
785.0
373.0
283.0
461.0
678.0
1028.0
439.0
79.0
333.0
567.0
294.0
143.0
500.0
193.0
349.0
112.0
396.0
203.0
886.0
1407.0
589.0
384.0
1193.0
453.0
309.0
935.0
5251.0
5868.0
171.0
227.0
1893.0
108.0
87.0
258.0
230.0
349.0
789.0
373.0
347.0
193.0
286.0
202.0
172.0
831.0
369.0
900.0
1271.0
757.0
1513.0
150.0
807.0
385.0
274.0
476.0
661.0
1047.0
403.0
78.0
325.0
538.0
297.0
148.0
488.0
181.0
370.0
116.0
426.0
200.0
858.0
1460.0
617.0
383.0
1206.0
427.0
320.0
975.0
5088.0
6087.0
172.0
229.0
1953.0
104.0
88.0
249.0
241.0
330.0
805.0
404.0
341.0
185.0
278.0
200.0
162.0
803.0
385.0
894.0
1301.0
764.0
1450.0
144.0
757.0
381.0
278.0
463.0
673.0
1049.0
439.0
81.0
322.0
569.0
291.0
144.0
500.0
182.0
371.0
111.0
420.0
198.0
898.0
1484.0
615.0
375.0
1224.0
444.0
329.0
914.0
5585.0
5984.0
169.0
235.0
1981.0
104.0
82.0
251.0
248.0
358.0
814.0
380.0
358.0
185.0
267.0
201.0
168.0
781.0
386.0
909.0
1302.0
743.0
1421.0
148.0
812.0
371.0
276.0
466.0
681.0
1033.0
417.0
79.0
324.0
549.0
280.0
147.0
513.0
185.0
374.0
118.0
407.0
199.0
921.0
1466.0
609.0
368.0
1157.0
438.0
311.0
922.0
5074.0
5618.0
167.0
235.0
1930.0
104.0
82.0
249.0
248.0
341.0
824.0
376.0
352.0
184.0
286.0
203.0
172.0
817.0
386.0
894.0
1307.0
717.0
1421.0
145.0
755.0
376.0
279.0
455.0
683.0
988.0
408.0
81.0
315.0
559.0
279.0
146.0
490.0
183.0
342.0
115.0
402.0
203.0
900.0
1537.0
612.0
377.0
1137.0
434.0
326.0
968.0
5512.0
5732.0
174.0
233.0
1970.0
103.0
86.0
255.0
239.0
352.0
831.0
396.0
364.0
193.0
264.0
206.0
159.0
792.0
381.0
896.0
1245.0
738.0
1522.0
144.0
776.0
368.0
285.0
461.0
663.0
989.0
413.0
77.0
321.0
564.0
294.0
143.0
526.0
187.0
359.0
119.0
415.0
213.0
862.0
1520.0
605.0
384.0
1200.0
435.0
333.0
954.0
5531.0
6040.0
176.0
228.0
1931.0
106.0
88.0
262.0
251.0
335.0
806.0
391.0
346.0
190.0
272.0
202.0
170.0
786.0
389.0
896.0
1271.0
769.0
1528.0
151.0
788.0
377.0
283.0
460.0
665.0
1036.0
426.0
75.0
337.0
545.0
292.0
142.0
506.0
180.0
360.0
114.0
414.0
206.0
918.0
1485.0
601.0
378.0
1154.0
433.0
319.0
978.0
5172.0
5819.0
176.0
230.0
1840.0
103.0
85.0
254.0
244.0
348.0
818.0
394.0
334.0
183.0
285.0
203.0
165.0
809.0
388.0
915.0
1284.0
763.0
1428.0
150.0
810.0
382.0
275.0
471.0
670.0
970.0
428.0
77.0
332.0
545.0
282.0
148.0
489.0
178.0
357.0
115.0
404.0
207.0
853.0
1515.0
640.0
369.0
1237.0
426.0
313.0
932.0
5535.0
5895.0
176.0
233.0
1934.0
104.0
86.0
257.0
234.0
344.0
826.0
392.0
360.0
194.0
274.0
200.0
162.0
784.0
381.0
923.0
1280.0
729.0
1441.0
148.0
777.0
376.0
274.0
461.0
661.0
1011.0
401.0
80.0
332.0
560.0
276.0
140.0
504.0
188.0
370.0
115.0
394.0
197.0
862.0
1427.0
646.0
368.0
1246.0
445.0
322.0
891.0
5191.0
5758.0
165.0
231.0
1956.0
106.0
83.0
245.0
229.0
347.0
777.0
376.0
365.0
191.0
264.0
208.0
162.0
798.0
401.0
905.0
1266.0
765.0
1423.0
147.0
763.0
385.0
280.0
456.0
674.0
1038.0
408.0
78.0
316.0
546.0
285.0
146.0
503.0
184.0
342.0
117.0
422.0
203.0
848.0
1445.0
640.0
378.0
1248.0
443.0
329.0
968.0
5196.0
6009.0
171.0
226.0
1886.0
106.0
85.0
252.0
245.0
351.0
793.0
377.0
362.0
192.0
281.0
197.0
166.0
849.0
383.0
971.0
1265.0
745.0
1535.0
147.0
758.0
372.0
288.0
476.0
704.0
1039.0
429.0
77.0
344.0
575.0
274.0
144.0
491.0
186.0
351.0
117.0
400.0
197.0
859.0
1447.0
635.0
359.0
1162.0
425.0
320.0
922.0
5585.0
6024.0
167.0
235.0
1835.0
102.0
84.0
248.0
239.0
330.0
792.0
386.0
362.0
190.0
275.0
206.0
167.0
818.0
393.0
958.0
1233.0
743.0
1452.0
146.0
769.0
391.0
276.0
445.0
707.0
1036.0
418.0
78.0
321.0
565.0
287.0
147.0
526.0
186.0
364.0
111.0
398.0
209.0
853.0
1475.0
592.0
373.0
1228.0
442.0
320.0
934.0
5198.0
6150.0
163.0
230.0
1818.0
108.0
85.0
260.0
244.0
349.0
797.0
389.0
363.0
189.0
273.0
198.0
171.0
848.0
385.0
938.0
1272.0
775.0
1525.0
147.0
810.0
378.0
279.0
477.0
684.0
991.0
413.0
80.0
320.0
534.0
296.0
146.0
524.0
186.0
350.0
117.0
405.0
204.0
922.0
1411.0
598.0
383.0
1242.0
435.0
318.0
920.0
5379.0
5730.0
168.0
222.0
1891.0
108.0
85.0
255.0
241.0
357.0
785.0
387.0
355.0
185.0
278.0
196.0
160.0
776.0
398.0
948.0
1309.0
720.0
1421.0
153.0
763.0
370.0
275.0
453.0
665.0
1018.0
413.0
75.0
334.0
567.0
280.0
146.0
496.0
185.0
349.0
116.0
407.0
212.0
912.0
1465.0
589.0
369.0
1141.0
458.0
322.0
939.0
5265.0
6064.0
172.0
233.0
1934.0
104.0
86.0
250.0
239.0
360.0
773.0
399.0
352.0
189.0
273.0
207.0
170.0
851.0
381.0
952.0
1269.0
757.0
1433.0
146.0
755.0
381.0
272.0
481.0
654.0
1047.0
422.0
75.0
343.0
567.0
296.0
142.0
515.0
185.0
370.0
118.0
402.0
210.0
897.0
1403.0
597.0
367.0
1204.0
451.0
318.0
977.0
5411.0
5709.0
172.0
226.0
1951.0
105.0
86.0
248.0
245.0
331.0
761.0
404.0
348.0
190.0
287.0
211.0
160.0
814.0
386.0
913.0
1335.0
728.0
1500.0
152.0
803.0
381.0
277.0
478.0
694.0
1044.0
404.0
78.0
341.0
568.0
274.0
144.0
494.0
185.0
352.0
118.0
423.0
196.0
908.0
1473.0
599.0
376.0
1196.0
436.0
313.0
908.0
5163.0
5784.0
169.0
228.0
1927.0
109.0
84.0
259.0
238.0
358.0
787.0
401.0
344.0
191.0
268.0
209.0
159.0
794.0
367.0
966.0
1280.0
721.0
1483.0
151.0
758.0
377.0
279.0
462.0
659.0
1037.0
425.0
79.0
314.0
547.0
281.0
150.0
500.0
180.0
352.0
111.0
420.0
204.0
903.0
1444.0
590.0
380.0
1138.0
452.0
314.0
915.0
5162.0
6008.0
170.0
234.0
1985.0
106.0
82.0
247.0
229.0
348.0
765.0
381.0
337.0
187.0
275.0
198.0
164.0
810.0
375.0
923.0
1236.0
733.0
1400.0
144.0
787.0
373.0
280.0
456.0
678.0
1024.0
438.0
77.0
327.0
550.0
291.0
150.0
494.0
182.0
359.0
114.0
400.0
196.0
915.0
1402.0
625.0
388.0
1224.0
425.0
327.0
927.0
5099.0
5593.0
166.0
230.0
1956.0
107.0
85.0
245.0
233.0
357.0
806.0
387.0
363.0
183.0
273.0
199.0
166.0
790.0
371.0
923.0
1256.0
729.0
1459.0
150.0
754.0
375.0
285.0
479.0
697.0
1010.0
416.0
79.0
321.0
561.0
290.0
145.0
508.0
185.0
365.0
115.0
413.0
201.0
883.0
1424.0
611.0
363.0
1200.0
432.0
308.0
978.0
5065.0
5810.0
173.0
225.0
1898.0
107.0
82.0
258.0
239.0
348.0
783.0
390.0
352.0
187.0
274.0
193.0
170.0
842.0
400.0
892.0
1244.0
156.0
158.0
144.0
160.0
242.0
144.0
149.0
166.0
309.0
160.0
142.0
162.0
164.0
157.0
134.0
156.0
168.0
154.0
284.0
159.0
137.0
153.0
156.0
152.0
150.0
159.0
266.0
332.0
149.0
148.0
140.0
154.0
142.0
144.0
142.0
154.0
303.0
146.0
270.0
173.0
329.0
278.0
278.0
242.0
268.0
450.0
305.0
295.0
459.0
164.0
174.0
166.0
169.0
150.0
224.0
150.0
144.0
148.0
313.0
160.0
166.0
164.0
145.0
160.0
166.0
154.0
138.0
144.0
272.0
162.0
161.0
162.0
156.0
151.0
136.0
149.0
301.0
298.0
159.0
142.0
164.0
166.0
144.0
155.0
156.0
156.0
331.0
150.0
270.0
176.0
311.0
272.0
318.0
312.0
310.0
392.0
282.0
306.0
470.0
159.0
154.0
162.0
150.0
161.0
236.0
164.0
160.0
146.0
258.0
147.0
154.0
172.0
131.0
150.0
158.0
156.0
170.0
148.0
328.0
158.0
155.0
151.0
152.0
156.0
146.0
171.0
315.0
272.0
160.0
158.0
139.0
174.0
148.0
136.0
152.0
163.0
306.0
140.0
308.0
159.0
310.0
320.0
286.0
303.0
274.0
445.0
256.0
288.0
437.0
134.0
142.0
166.0
146.0
148.0
226.0
162.0
166.0
146.0
262.0
150.0
155.0
162.0
152.0
161.0
153.0
160.0
161.0
172.0
299.0
150.0
156.0
136.0
152.0
158.0
146.0
154.0
272.0
312.0
146.0
134.0
166.0
150.0
162.0
159.0
142.0
140.0
268.0
159.0
258.0
140.0
262.0
304.0
258.0
292.0
308.0
441.0
296.0
301.0
468.0
143.0
158.0
172.0
160.0
147.0
200.0
161.0
156.0
168.0
324.0
162.0
154.0
136.0
138.0
152.0
162.0
151.0
140.0
152.0
296.0
148.0
150.0
152.0
146.0
167.0
150.0
156.0
261.0
284.0
148.0
135.0
148.0
148.0
138.0
162.0
150.0
168.0
332.0
160.0
271.0
133.0
275.0
299.0
286.0
248.0
272.0
418.0
318.0
267.0
374.0
148.0
156.0
149.0
146.0
152.0
214.0
154.0
152.0
152.0
298.0
150.0
161.0
161.0
137.0
159.0
154.0
135.0
154.0
138.0
326.0
147.0
147.0
151.0
157.0
143.0
154.0
162.0
292.0
282.0
152.0
154.0
149.0
158.0
136.0
160.0
172.0
149.0
290.0
147.0
262.0
146.0
309.0
297.0
290.0
314.0
320.0
402.0
293.0
276.0
420.0
168.0
169.0
150.0
158.0
161.0
222.0
156.0
150.0
163.0
268.0
156.0
162.0
150.0
168.0
146.0
160.0
154.0
153.0
147.0
288.0
150.0
157.0
132.0
145.0
158.0
140.0
159.0
282.0
315.0
154.0
152.0
152.0
157.0
168.0
161.0
144.0
141.0
288.0
166.0
296.0
163.0
256.0
261.0
302.0
255.0
298.0
470.0
267.0
277.0
422.0
133.0
164.0
155.0
156.0
164.0
218.0
144.0
144.0
140.0
286.0
148.0
148.0
148.0
148.0
154.0
172.0
161.0
164.0
172.0
268.0
160.0
152.0
160.0
150.0
146.0
148.0
135.0
305.0
297.0
167.0
144.0
168.0
172.0
156.0
144.0
162.0
148.0
290.0
134.0
286.0
138.0
284.0
286.0
262.0
252.0
256.0
450.0
306.0
276.0
404.0
174.0
148.0
164.0
148.0
148.0
251.0
168.0
150.0
150.0
314.0
146.0
156.0
164.0
164.0
156.0
152.0
164.0
169.0
140.0
270.0
168.0
164.0
158.0
173.0
145.0
128.0
149.0
284.0
322.0
168.0
143.0
156.0
162.0
151.0
147.0
148.0
158.0
308.0
148.0
254.0
154.0
274.0
289.0
276.0
302.0
272.0
462.0
300.0
256.0
460.0
154.0
146.0
156.0
136.0
142.0
205.0
140.0
168.0
166.0
272.0
145.0
150.0
151.0
148.0
148.0
158.0
158.0
164.0
152.0
302.0
148.0
154.0
154.0
168.0
138.0
140.0
160.0
289.0
274.0
161.0
146.0
137.0
153.0
157.0
160.0
158.0
150.0
289.0
152.0
295.0
160.0
260.0
277.0
334.0
260.0
276.0
410.0
262.0
319.0
440.0
173.0
143.0
168.0
158.0
156.0
206.0
162.0
142.0
158.0
299.0
146.0
156.0
166.0
158.0
155.0
149.0
135.0
161.0
164.0
278.0
161.0
157.0
167.0
164.0
142.0
135.0
158.0
259.0
299.0
161.0
174.0
135.0
153.0
136.0
161.0
159.0
154.0
277.0
146.0
320.0
156.0
296.0
290.0
316.0
296.0
282.0
426.0
276.0
280.0
426.0
152.0
177.0
164.0
166.0
159.0
224.0
165.0
154.0
151.0
321.0
148.0
135.0
150.0
166.0
148.0
155.0
156.0
164.0
161.0
314.0
158.0
174.0
136.0
163.0
158.0
142.0
146.0
274.0
302.0
155.0
161.0
146.0
150.0
152.0
153.0
142.0
156.0
266.0
134.0
264.0
160.0
267.0
286.0
311.0
299.0
296.0
446.0
324.0
272.0
423.0
144.0
166.0
160.0
158.0
152.0
212.0
144.0
167.0
168.0
290.0
150.0
142.0
167.0
134.0
158.0
148.0
165.0
139.0
167.0
298.0
144.0
156.0
172.0
144.0
150.0
126.0
142.0
314.0
312.0
158.0
168.0
150.0
152.0
140.0
140.0
159.0
146.0
314.0
155.0
302.0
148.0
298.0
316.0
325.0
257.0
283.0
430.0
275.0
270.0
430.0
155.0
165.0
170.0
162.0
146.0
208.0
147.0
146.0
157.0
304.0
146.0
152.0
141.0
154.0
170.0
158.0
152.0
172.0
134.0
298.0
150.0
154.0
147.0
148.0
160.0
138.0
151.0
263.0
276.0
158.0
158.0
158.0
135.0
149.0
144.0
150.0
150.0
277.0
146.0
293.0
148.0
280.0
309.0
308.0
255.0
312.0
484.0
322.0
280.0
456.0
155.0
149.0
160.0
158.0
138.0
230.0
148.0
157.0
158.0
265.0
162.0
158.0
138.0
158.0
153.0
150.0
154.0
160.0
166.0
278.0
157.0
147.0
148.0
146.0
164.0
128.0
150.0
309.0
274.0
150.0
148.0
148.0
162.0
164.0
168.0
132.0
160.0
309.0
148.0
274.0
138.0
293.0
304.0
314.0
301.0
268.0
428.0
282.0
266.0
433.0
142.0
155.0
151.0
147.0
150.0
206.0
149.0
153.0
146.0
276.0
142.0
150.0
148.0
142.0
138.0
152.0
164.0
144.0
159.0
257.0
150.0
140.0
148.0
152.0
152.0
137.0
160.0
291.0
282.0
144.0
160.0
164.0
156.0
151.0
164.0
162.0
135.0
266.0
168.0
282.0
151.0
272.0
269.0
304.0
290.0
297.0
410.0
283.0
278.0
401.0
155.0
148.0
163.0
152.0
154.0
221.0
174.0
154.0
152.0
282.0
156.0
166.0
158.0
152.0
140.0
148.0
161.0
170.0
172.0
282.0
145.0
168.0
155.0
152.0
156.0
136.0
151.0
281.0
299.0
150.0
156.0
138.0
147.0
158.0
166.0
152.0
160.0
316.0
162.0
254.0
152.0
252.0
272.0
322.0
252.0
320.0
420.0
262.0
269.0
442.0
171.0
168.0
164.0
156.0
168.0
220.0
142.0
150.0
152.0
272.0
156.0
160.0
156.0
154.0
172.0
138.0
162.0
136.0
155.0
252.0
146.0
157.0
158.0
142.0
136.0
144.0
160.0
266.0
254.0
155.0
166.0
151.0
174.0
148.0
144.0
145.0
154.0
259.0
150.0
268.0
154.0
296.0
286.0
310.0
284.0
284.0
432.0
320.0
290.0
425.0
150.0
139.0
158.0
137.0
140.0
212.0
164.0
166.0
143.0
326.0
162.0
146.0
142.0
146.0
166.0
142.0
150.0
153.0
160.0
306.0
146.0
156.0
136.0
154.0
154.0
134.0
150.0
312.0
326.0
137.0
154.0
152.0
154.0
140.0
152.0
161.0
165.0
302.0
160.0
315.0
166.0
315.0
328.0
321.0
316.0
294.0
397.0
289.0
290.0
404.0
139.0
171.0
160.0
160.0
169.0
230.0
166.0
164.0
138.0
258.0
176.0
152.0
158.0
172.0
156.0
156.0
164.0
158.0
163.0
274.0
147.0
166.0
150.0
142.0
154.0
130.0
164.0
260.0
312.0
146.0
155.0
172.0
160.0
152.0
142.0
152.0
152.0
301.0
152.0
289.0
145.0
265.0
312.0
274.0
312.0
291.0
460.0
284.0
304.0
430.0
146.0
