I_BRKGA_52_2_20_2_CESP
52 2 20 494.0
34809.5
32719.5
32824.5
35106.5
34699.5
31654.5
29862.5
33187.5
32927.5
34316.5
29598.5
29361.5
33594.5
34473.5
31140.5
35347.5
35707.5
32114.5
34726.5
32669.5
0.05907006034931118
0.04401983619134336
0.056841650626045556
0.04583081621419903
0.0536353150179229
0.04008770286174792
0.054929750964363484
0.04600578199935002
0.0598043469548252
0.04714592404220815
0.058619261236189546
0.04917979126496475
0.05528346861692951
0.04853562448198864
0.052460373925717875
0.04523469051722916
0.05335528540673778
0.04289197029204199
0.050486728363956915
0.03658162067292692
108.0
114.0
7678.0
62.0
729.0
1467.0
151.0
778.0
367.0
279.0
482.0
678.0
1005.0
402.0
80.0
339.0
555.0
293.0
148.0
528.0
194.0
369.0
118.0
427.0
194.0
888.0
1444.0
639.0
380.0
1144.0
433.0
321.0
973.0
5243.0
6070.0
168.0
221.0
1900.0
106.0
83.0
247.0
244.0
354.0
793.0
397.0
347.0
185.0
263.0
203.0
168.0
800.0
386.0
968.0
1231.0
731.0
1408.0
151.0
760.0
375.0
283.0
483.0
683.0
1011.0
427.0
78.0
342.0
541.0
287.0
143.0
521.0
186.0
353.0
116.0
419.0
210.0
848.0
1494.0
604.0
354.0
1212.0
442.0
310.0
915.0
5204.0
5861.0
176.0
222.0
1855.0
103.0
84.0
252.0
243.0
352.0
768.0
375.0
355.0
188.0
281.0
204.0
165.0
805.0
381.0
967.0
1212.0
725.0
1428.0
148.0
812.0
381.0
272.0
471.0
645.0
1030.0
410.0
77.0
323.0
585.0
294.0
141.0
502.0
181.0
356.0
119.0
399.0
201.0
846.0
1474.0
643.0
377.0
1193.0
449.0
322.0
930.0
5210.0
5847.0
172.0
225.0
1865.0
103.0
85.0
245.0
250.0
337.0
784.0
370.0
356.0
181.0
271.0
199.0
163.0
810.0
371.0
975.0
1339.0
763.0
1417.0
149.0
814.0
376.0
282.0
470.0
662.0
997.0
405.0
82.0
345.0
569.0
278.0
143.0
503.0
191.0
348.0
113.0
422.0
203.0
856.0
1450.0
618.0
362.0
1138.0
435.0
320.0
956.0
5236.0
5905.0
166.0
236.0
1980.0
104.0
82.0
251.0
235.0
349.0
789.0
395.0
353.0
187.0
271.0
206.0
171.0
822.0
393.0
890.0
1264.0
732.0
1528.0
152.0
771.0
379.0
267.0
472.0
686.0
1024.0
412.0
78.0
327.0
559.0
300.0
143.0
508.0
194.0
360.0
114.0
433.0
203.0
855.0
1518.0
626.0
362.0
1203.0
446.0
316.0
920.0
5435.0
5857.0
172.0
230.0
1857.0
108.0
86.0
246.0
247.0
350.0
786.0
395.0
354.0
183.0
262.0
201.0
161.0
834.0
390.0
969.0
1219.0
753.0
1413.0
147.0
767.0
375.0
277.0
476.0
687.0
1020.0
412.0
77.0
321.0
536.0
285.0
145.0
493.0
189.0
357.0
120.0
427.0
199.0
893.0
1419.0
633.0
359.0
1220.0
450.0
322.0
909.0
5441.0
5932.0
169.0
228.0
1952.0
107.0
87.0
260.0
239.0
347.0
785.0
393.0
351.0
187.0
268.0
206.0
170.0
802.0
375.0
963.0
1269.0
716.0
1525.0
154.0
799.0
373.0
270.0
466.0
674.0
990.0
402.0
76.0
340.0
552.0
286.0
139.0
484.0
187.0
347.0
118.0
433.0
201.0
914.0
1506.0
612.0
383.0
1180.0
455.0
317.0
901.0
5195.0
5668.0
178.0
233.0
1866.0
104.0
84.0
242.0
251.0
341.0
811.0
394.0
341.0
186.0
284.0
205.0
164.0
769.0
377.0
905.0
1289.0
759.0
1479.0
144.0
790.0
367.0
264.0
472.0
688.0
991.0
418.0
82.0
316.0
547.0
280.0
147.0
501.0
180.0
345.0
110.0
415.0
212.0
919.0
1459.0
599.0
384.0
1226.0
441.0
328.0
921.0
5382.0
6072.0
170.0
225.0
1871.0
105.0
85.0
248.0
230.0
357.0
810.0
377.0
357.0
185.0
269.0
208.0
171.0
785.0
392.0
898.0
1217.0
763.0
1427.0
146.0
761.0
372.0
274.0
463.0
666.0
986.0
433.0
78.0
322.0
539.0
283.0
142.0
521.0
183.0
345.0
111.0
426.0
208.0
905.0
1443.0
623.0
382.0
1240.0
436.0
314.0
977.0
5355.0
5991.0
164.0
226.0
1981.0
104.0
87.0
243.0
239.0
350.0
787.0
383.0
354.0
189.0
280.0
193.0
161.0
823.0
388.0
939.0
1212.0
744.0
1455.0
146.0
774.0
389.0
273.0
478.0
677.0
1034.0
415.0
75.0
313.0
568.0
275.0
147.0
504.0
179.0
368.0
120.0
420.0
205.0
894.0
1488.0
611.0
363.0
1201.0
443.0
322.0
953.0
5366.0
6085.0
164.0
229.0
1945.0
109.0
86.0
255.0
247.0
353.0
774.0
391.0
348.0
195.0
266.0
206.0
166.0
823.0
384.0
906.0
1300.0
723.0
1487.0
152.0
790.0
393.0
274.0
481.0
695.0
986.0
409.0
80.0
330.0
575.0
288.0
146.0
480.0
187.0
350.0
115.0
397.0
198.0
866.0
1480.0
624.0
378.0
1151.0
430.0
326.0
966.0
5103.0
5612.0
177.0
222.0
1912.0
102.0
86.0
243.0
235.0
348.0
814.0
379.0
342.0
185.0
283.0
208.0
170.0
795.0
375.0
895.0
1213.0
756.0
1432.0
150.0
752.0
386.0
273.0
446.0
667.0
998.0
425.0
79.0
317.0
541.0
287.0
143.0
489.0
193.0
373.0
115.0
417.0
202.0
892.0
1470.0
646.0
352.0
1147.0
430.0
315.0
952.0
5606.0
5760.0
169.0
229.0
1876.0
104.0
87.0
257.0
237.0
337.0
785.0
371.0
353.0
184.0
285.0
202.0
162.0
780.0
381.0
964.0
1288.0
737.0
1456.0
152.0
800.0
373.0
270.0
456.0
674.0
1070.0
397.0
79.0
335.0
560.0
303.0
143.0
500.0
193.0
347.0
117.0
402.0
210.0
903.0
1505.0
616.0
378.0
1189.0
441.0
324.0
976.0
5204.0
5641.0
168.0
232.0
1976.0
101.0
81.0
264.0
230.0
351.0
779.0
405.0
340.0
187.0
269.0
204.0
166.0
836.0
403.0
935.0
1291.0
723.0
1491.0
152.0
774.0
376.0
280.0
457.0
693.0
1029.0
417.0
80.0
334.0
562.0
276.0
146.0
508.0
188.0
352.0
115.0
412.0
201.0
913.0
1524.0
602.0
361.0
1182.0
430.0
328.0
976.0
5141.0
5652.0
176.0
235.0
1854.0
108.0
81.0
246.0
231.0
352.0
810.0
378.0
348.0
189.0
283.0
206.0
167.0
781.0
376.0
894.0
1318.0
746.0
1483.0
151.0
801.0
393.0
269.0
450.0
668.0
989.0
438.0
82.0
337.0
559.0
298.0
146.0
504.0
185.0
360.0
113.0
410.0
201.0
861.0
1504.0
605.0
377.0
1161.0
432.0
314.0
978.0
5268.0
5617.0
175.0
227.0
1983.0
104.0
86.0
244.0
252.0
344.0
786.0
378.0
336.0
185.0
273.0
203.0
168.0
784.0
390.0
896.0
1328.0
773.0
1463.0
147.0
797.0
373.0
273.0
477.0
684.0
1039.0
431.0
78.0
318.0
553.0
274.0
152.0
504.0
183.0
364.0
112.0
417.0
208.0
884.0
1480.0
636.0
356.0
1218.0
449.0
320.0
900.0
5171.0
5710.0
166.0
227.0
1904.0
105.0
83.0
247.0
247.0
345.0
795.0
400.0
362.0
186.0
281.0
204.0
171.0
776.0
402.0
961.0
1327.0
751.0
1486.0
149.0
760.0
377.0
277.0
452.0
672.0
1026.0
433.0
80.0
342.0
562.0
283.0
145.0
509.0
180.0
347.0
117.0
417.0
200.0
910.0
1469.0
631.0
382.0
1185.0
455.0
317.0
961.0
5276.0
5648.0
175.0
240.0
1845.0
104.0
84.0
262.0
249.0
348.0
788.0
406.0
339.0
190.0
272.0
208.0
161.0
821.0
391.0
959.0
1273.0
756.0
1450.0
152.0
785.0
390.0
278.0
467.0
675.0
1022.0
400.0
81.0
339.0
584.0
277.0
150.0
508.0
182.0
366.0
112.0
394.0
202.0
897.0
1470.0
646.0
380.0
1250.0
437.0
317.0
904.0
5354.0
6081.0
171.0
231.0
1905.0
108.0
85.0
246.0
252.0
335.0
798.0
396.0
364.0
193.0
283.0
199.0
168.0
839.0
386.0
948.0
1239.0
760.0
1501.0
148.0
756.0
377.0
281.0
450.0
685.0
1043.0
416.0
79.0
319.0
564.0
295.0
144.0
504.0
188.0
345.0
119.0
413.0
205.0
922.0
1506.0
589.0
378.0
1206.0
446.0
327.0
970.0
5559.0
5864.0
177.0
227.0
1854.0
108.0
87.0
257.0
231.0
343.0
822.0
379.0
353.0
197.0
266.0
205.0
167.0
797.0
394.0
958.0
1238.0
743.0
1430.0
150.0
810.0
382.0
271.0
456.0
678.0
994.0
398.0
80.0
334.0
583.0
295.0
146.0
507.0
185.0
357.0
112.0
426.0
212.0
863.0
1481.0
623.0
377.0
1247.0
424.0
314.0
918.0
5186.0
5727.0
175.0
231.0
1930.0
105.0
88.0
246.0
250.0
343.0
778.0
378.0
363.0
181.0
281.0
199.0
165.0
778.0
387.0
964.0
1259.0
170.0
165.0
144.0
148.0
228.0
166.0
163.0
149.0
264.0
168.0
155.0
166.0
158.0
157.0
158.0
159.0
154.0
145.0
278.0
156.0
156.0
162.0
142.0
152.0
138.0
170.0
298.0
278.0
166.0
148.0
148.0
151.0
159.0
162.0
138.0
152.0
290.0
146.0
264.0
144.0
314.0
304.0
290.0
265.0
316.0
375.0
284.0
298.0
470.0
152.0
168.0
169.0
140.0
165.0
207.0
144.0
154.0
152.0
284.0
160.0
170.0
139.0
146.0
132.0
158.0
157.0
134.0
144.0
306.0
157.0
154.0
138.0
156.0
157.0
136.0
150.0
280.0
308.0
136.0
159.0
150.0
164.0
142.0
151.0
150.0
162.0
304.0
158.0
312.0
166.0
304.0
269.0
306.0
299.0
300.0
430.0
323.0
292.0
459.0
142.0
158.0
156.0
172.0
147.0
220.0
150.0
148.0
158.0
310.0
152.0
132.0
150.0
152.0
145.0
169.0
157.0
143.0
154.0
324.0
156.0
148.0
146.0
150.0
142.0
162.0
144.0
278.0
263.0
158.0
134.0
158.0
152.0
142.0
148.0
138.0
152.0
302.0
144.0
330.0
133.0
290.0
251.0
316.0
263.0
274.0
404.0
278.0
320.0
393.0
166.0
152.0
158.0
158.0
142.0
226.0
146.0
160.0
149.0
312.0
153.0
151.0
174.0
152.0
174.0
152.0
164.0
162.0
148.0
278.0
145.0
158.0
156.0
142.0
144.0
142.0
138.0
310.0
282.0
158.0
158.0
157.0
166.0
164.0
141.0
146.0
158.0
272.0
164.0
265.0
146.0
267.0
266.0
296.0
262.0
292.0
423.0
282.0
273.0
450.0
146.0
151.0
156.0
144.0
154.0
209.0
161.0
160.0
162.0
288.0
170.0
155.0
148.0
141.0
160.0
144.0
152.0
152.0
156.0
304.0
166.0
148.0
142.0
158.0
154.0
156.0
142.0
283.0
287.0
151.0
144.0
144.0
156.0
151.0
164.0
152.0
163.0
294.0
174.0
291.0
164.0
306.0
301.0
294.0
294.0
330.0
412.0
255.0
304.0
431.0
146.0
170.0
143.0
154.0
157.0
221.0
174.0
156.0
160.0
316.0
160.0
134.0
156.0
166.0
162.0
151.0
164.0
165.0
146.0
295.0
156.0
152.0
148.0
154.0
158.0
132.0
140.0
287.0
276.0
152.0
146.0
141.0
136.0
146.0
156.0
153.0
151.0
309.0
130.0
278.0
144.0
277.0
292.0
310.0
314.0
300.0
437.0
326.0
278.0
464.0
150.0
164.0
154.0
166.0
152.0
211.0
158.0
152.0
142.0
308.0
158.0
142.0
146.0
170.0
161.0
146.0
140.0
156.0
140.0
304.0
148.0
159.0
153.0
149.0
164.0
144.0
168.0
303.0
278.0
145.0
138.0
153.0
160.0
158.0
135.0
155.0
142.0
252.0
146.0
311.0
154.0
290.0
306.0
278.0
296.0
279.0
390.0
322.0
307.0
438.0
154.0
150.0
166.0
140.0
162.0
242.0
153.0
157.0
156.0
288.0
139.0
140.0
140.0
161.0
163.0
161.0
143.0
166.0
162.0
277.0
172.0
164.0
149.0
162.0
172.0
142.0
163.0
307.0
328.0
162.0
168.0
144.0
153.0
154.0
160.0
151.0
159.0
290.0
155.0
274.0
158.0
316.0
273.0
304.0
276.0
286.0
432.0
290.0
266.0
476.0
157.0
160.0
156.0
144.0
168.0
202.0
166.0
157.0
142.0
284.0
138.0
154.0
152.0
168.0
166.0
158.0
164.0
152.0
146.0
264.0
165.0
146.0
139.0
147.0
166.0
144.0
166.0
331.0
297.0
146.0
136.0
173.0
144.0
176.0
154.0
160.0
143.0
284.0
158.0
322.0
164.0
304.0
293.0
282.0
252.0
321.0
432.0
291.0
297.0
472.0
170.0
152.0
167.0
150.0
156.0
210.0
154.0
166.0
158.0
283.0
164.0
154.0
162.0
158.0
158.0
141.0
156.0
156.0
162.0
255.0
149.0
158.0
146.0
142.0
172.0
136.0
150.0
296.0
282.0
151.0
142.0
161.0
152.0
152.0
140.0
152.0
168.0
286.0
163.0
294.0
146.0
296.0
290.0
262.0
279.0
284.0
426.0
286.0
280.0
420.0
154.0
154.0
169.0
142.0
160.0
235.0
140.0
146.0
164.0
312.0
154.0
142.0
164.0
154.0
161.0
152.0
158.0
156.0
154.0
307.0
150.0
161.0
141.0
151.0
153.0
140.0
156.0
296.0
253.0
141.0
153.0
146.0
142.0
171.0
157.0
151.0
150.0
309.0
154.0
276.0
166.0
262.0
280.0
290.0
276.0
270.0
453.0
316.0
262.0
396.0
152.0
146.0
150.0
166.0
144.0
234.0
148.0
144.0
150.0
282.0
148.0
156.0
148.0
134.0
170.0
160.0
142.0
152.0
141.0
258.0
154.0
173.0
146.0
140.0
134.0
150.0
152.0
292.0
267.0
140.0
155.0
150.0
162.0
140.0
136.0
159.0
162.0
270.0
160.0
302.0
146.0
260.0
332.0
270.0
260.0
270.0
418.0
276.0
280.0
425.0
138.0
160.0
158.0
145.0
141.0
206.0
148.0
156.0
137.0
272.0
169.0
153.0
152.0
162.0
175.0
142.0
157.0
171.0
166.0
312.0
148.0
140.0
160.0
168.0
142.0
142.0
143.0
268.0
304.0
141.0
145.0
134.0
140.0
166.0
168.0
152.0
150.0
306.0
144.0
306.0
152.0
312.0
298.0
288.0
267.0
297.0
440.0
314.0
309.0
402.0
154.0
148.0
158.0
153.0
141.0
234.0
148.0
168.0
134.0
328.0
154.0
154.0
146.0
156.0
144.0
139.0
166.0
169.0
158.0
260.0
157.0
143.0
156.0
142.0
158.0
160.0
158.0
269.0
282.0
148.0
165.0
138.0
162.0
150.0
161.0
154.0
164.0
307.0
155.0
317.0
163.0
276.0
283.0
260.0
296.0
293.0
428.0
285.0
271.0
428.0
156.0
166.0
152.0
153.0
162.0
212.0
148.0
157.0
147.0
314.0
174.0
158.0
150.0
146.0
142.0
160.0
150.0
156.0
146.0
254.0
153.0
151.0
140.0
163.0
150.0
148.0
137.0
272.0
306.0
158.0
136.0
173.0
160.0
135.0
166.0
142.0
132.0
311.0
168.0
330.0
144.0
330.0
298.0
294.0
260.0
300.0
460.0
280.0
282.0
418.0
172.0
153.0
172.0
150.0
145.0
239.0
167.0
156.0
172.0
262.0
141.0
164.0
130.0
154.0
164.0
156.0
152.0
156.0
170.0
250.0
144.0
146.0
155.0
154.0
146.0
144.0
149.0
302.0
316.0
159.0
151.0
144.0
170.0
140.0
138.0
146.0
162.0
270.0
142.0
303.0
156.0
292.0
298.0
286.0
287.0
252.0
443.0
268.0
298.0
400.0
162.0
166.0
168.0
144.0
140.0
216.0
147.0
150.0
132.0
304.0
156.0
154.0
148.0
138.0
171.0
152.0
166.0
140.0
160.0
310.0
173.0
162.0
136.0
149.0
146.0
144.0
155.0
304.0
278.0
156.0
145.0
138.0
142.0
140.0
148.0
157.0
150.0
289.0
170.0
319.0
152.0
282.0
274.0
290.0
267.0
316.0
386.0
266.0
307.0
421.0
146.0
170.0
162.0
156.0
146.0
224.0
144.0
150.0
157.0
272.0
168.0
140.0
152.0
163.0
172.0
154.0
160.0
155.0
168.0
274.0
156.0
151.0
154.0
172.0
144.0
142.0
155.0
288.0
296.0
152.0
134.0
156.0
160.0
156.0
143.0
135.0
160.0
290.0
144.0
296.0
166.0
274.0
296.0
295.0
304.0
284.0
458.0
282.0
297.0
419.0
163.0
168.0
148.0
156.0
157.0
229.0
167.0
140.0
156.0
303.0
151.0
146.0
136.0
146.0
152.0
158.0
174.0
162.0
154.0
293.0
152.0
145.0
142.0
171.0
160.0
148.0
158.0
262.0
268.0
138.0
154.0
156.0
174.0
161.0
164.0
151.0
151.0
270.0
140.0
296.0
152.0
306.0
256.0
304.0
302.0
288.0
452.0
299.0
298.0
441.0
148.0
145.0
156.0
162.0
159.0
226.0
157.0
160.0
138.0
288.0
166.0
168.0
135.0
170.0
152.0
164.0
137.0
146.0
154.0
282.0
160.0
174.0
171.0
154.0
145.0
134.0
164.0
273.0
323.0
148.0
139.0
157.0
168.0
151.0
146.0
159.0
150.0
294.0
144.0
290.0
150.0
292.0
270.0
271.0
284.0
296.0
438.0
315.0
286.0
438.0
176.0
