I_BRKGA_52_2_50_9_CESP
52 2 50 494.0
34735.5
29981.5
32844.5
29897.5
32087.5
31700.5
33843.5
34935.5
30430.5
36215.5
31998.5
30498.5
30245.5
30605.5
31193.5
28696.5
32354.5
32628.5
35723.5
34457.5
29898.5
34074.5
35012.5
33964.5
30978.5
33990.5
30288.5
30433.5
32955.5
34070.5
31615.5
32575.5
34123.5
32635.5
35161.5
29906.5
29653.5
32078.5
35277.5
33919.5
34078.5
33761.5
32748.5
29473.5
29169.5
29276.5
31260.5
34974.5
34059.5
34753.5
0.021679330058632377
0.017330821921039997
0.020279085825403075
0.019981817140365902
0.022317535214560775
0.0178058553662489
0.02035395968374675
0.017717484460033187
0.020622314208585082
0.017422267041277095
0.022534135446783624
0.019266788900996305
0.020742743646045413
0.017868600080643213
0.023059951245368436
0.018438267247414594
0.023273345815812363
0.016697274909536593
0.020399777001240415
0.01993722391845192
0.021757860697132876
0.018022472516066507
0.02214052259833406
0.01741239856638595
0.021071744437313068
0.01641067207162426
0.021456151666580117
0.01811465884346966
0.02275480676627698
0.0186531722694632
0.02208694290862322
0.018417598056105045
0.02336930313485611
0.01669977305244358
0.022828641684706896
0.017477258015551635
0.020087706296630276
0.017497634882587338
0.02172205570652054
0.01721054377229385
0.020968286942303467
0.019819178407780223
0.022450051282393024
0.019549238357494773
0.023755539264981487
0.01637773127129733
0.02089031580303915
0.016578870732738962
0.02054639403064709
0.02614389683217344
112.0
125.0
7678.0
62.0
724.0
1402.0
145.0
749.0
373.0
283.0
478.0
680.0
998.0
398.0
82.0
319.0
571.0
283.0
145.0
511.0
185.0
352.0
117.0
406.0
199.0
848.0
1535.0
645.0
373.0
1207.0
434.0
323.0
961.0
5281.0
6032.0
169.0
227.0
1892.0
108.0
86.0
252.0
248.0
343.0
811.0
376.0
355.0
192.0
263.0
198.0
165.0
801.0
385.0
893.0
1218.0
770.0
1512.0
148.0
762.0
366.0
284.0
472.0
654.0
985.0
403.0
78.0
327.0
553.0
291.0
144.0
509.0
193.0
370.0
110.0
418.0
197.0
890.0
1544.0
601.0
375.0
1173.0
439.0
306.0
936.0
5367.0
6114.0
169.0
222.0
1807.0
106.0
81.0
246.0
233.0
352.0
784.0
400.0
353.0
193.0
283.0
197.0
162.0
829.0
375.0
909.0
1274.0
723.0
1519.0
153.0
788.0
375.0
270.0
462.0
686.0
1008.0
438.0
80.0
336.0
577.0
278.0
148.0
513.0
184.0
346.0
120.0
411.0
203.0
893.0
1486.0
640.0
390.0
1164.0
432.0
315.0
978.0
5418.0
5952.0
168.0
226.0
1868.0
103.0
87.0
246.0
241.0
347.0
785.0
407.0
337.0
194.0
283.0
195.0
164.0
786.0
378.0
950.0
1269.0
728.0
1487.0
145.0
805.0
388.0
282.0
462.0
682.0
1046.0
415.0
79.0
330.0
543.0
296.0
142.0
508.0
182.0
374.0
114.0
415.0
197.0
912.0
1494.0
614.0
384.0
1170.0
454.0
311.0
921.0
5290.0
5795.0
174.0
219.0
1941.0
103.0
85.0
261.0
237.0
339.0
792.0
390.0
346.0
195.0
271.0
203.0
159.0
794.0
385.0
933.0
1330.0
723.0
1433.0
153.0
772.0
378.0
270.0
471.0
672.0
1026.0
418.0
80.0
331.0
551.0
295.0
147.0
514.0
193.0
366.0
118.0
428.0
199.0
860.0
1471.0
615.0
390.0
1232.0
436.0
325.0
906.0
5340.0
6100.0
173.0
238.0
1927.0
102.0
83.0
249.0
250.0
350.0
791.0
379.0
351.0
183.0
273.0
205.0
163.0
815.0
393.0
947.0
1233.0
722.0
1486.0
148.0
780.0
387.0
287.0
471.0
686.0
1014.0
437.0
78.0
341.0
583.0
276.0
141.0
487.0
185.0
349.0
118.0
428.0
211.0
848.0
1528.0
606.0
369.0
1253.0
448.0
328.0
940.0
5369.0
6042.0
168.0
219.0
1927.0
103.0
82.0
259.0
236.0
346.0
774.0
392.0
340.0
196.0
269.0
192.0
166.0
797.0
387.0
907.0
1278.0
733.0
1521.0
144.0
751.0
377.0
267.0
453.0
683.0
1065.0
404.0
76.0
341.0
584.0
289.0
148.0
529.0
183.0
370.0
114.0
406.0
195.0
900.0
1487.0
628.0
367.0
1230.0
449.0
327.0
917.0
5108.0
5836.0
164.0
235.0
1942.0
101.0
81.0
256.0
234.0
353.0
781.0
377.0
354.0
186.0
287.0
202.0
171.0
807.0
390.0
934.0
1263.0
724.0
1537.0
152.0
763.0
382.0
273.0
459.0
687.0
1031.0
427.0
78.0
346.0
566.0
291.0
149.0
502.0
185.0
367.0
118.0
430.0
201.0
861.0
1458.0
633.0
365.0
1252.0
435.0
322.0
952.0
5260.0
6059.0
173.0
225.0
1910.0
107.0
87.0
250.0
231.0
357.0
805.0
375.0
337.0
192.0
279.0
199.0
172.0
805.0
380.0
938.0
1311.0
775.0
1459.0
152.0
789.0
380.0
271.0
464.0
689.0
1013.0
436.0
77.0
341.0
535.0
277.0
144.0
494.0
193.0
348.0
114.0
398.0
207.0
865.0
1534.0
619.0
378.0
1177.0
435.0
307.0
979.0
5109.0
5603.0
173.0
238.0
1971.0
109.0
84.0
264.0
235.0
353.0
777.0
388.0
362.0
187.0
285.0
209.0
168.0
801.0
385.0
902.0
1237.0
764.0
1494.0
151.0
774.0
382.0
276.0
466.0
683.0
1021.0
414.0
80.0
325.0
588.0
300.0
147.0
503.0
183.0
358.0
112.0
396.0
208.0
915.0
1439.0
637.0
355.0
1159.0
444.0
307.0
965.0
5345.0
6070.0
169.0
223.0
1979.0
107.0
86.0
250.0
230.0
354.0
816.0
402.0
366.0
186.0
284.0
196.0
161.0
800.0
382.0
931.0
1233.0
737.0
1411.0
146.0
761.0
372.0
275.0
458.0
671.0
1047.0
406.0
81.0
323.0
575.0
279.0
141.0
494.0
188.0
350.0
119.0
433.0
204.0
856.0
1536.0
632.0
388.0
1188.0
447.0
320.0
925.0
5264.0
6096.0
162.0
219.0
1896.0
100.0
86.0
246.0
247.0
346.0
820.0
379.0
358.0
181.0
271.0
205.0
162.0
806.0
392.0
948.0
1312.0
737.0
1493.0
150.0
800.0
378.0
284.0
463.0
686.0
1026.0
407.0
81.0
334.0
556.0
274.0
139.0
507.0
182.0
366.0
112.0
420.0
201.0
899.0
1436.0
603.0
384.0
1193.0
460.0
309.0
940.0
5419.0
6121.0
175.0
229.0
1857.0
103.0
85.0
259.0
236.0
350.0
769.0
402.0
338.0
189.0
279.0
205.0
170.0
822.0
378.0
958.0
1302.0
766.0
1433.0
144.0
781.0
385.0
271.0
480.0
664.0
1012.0
428.0
76.0
338.0
580.0
285.0
146.0
511.0
188.0
373.0
118.0
414.0
199.0
894.0
1513.0
611.0
387.0
1141.0
454.0
317.0
938.0
5130.0
5720.0
177.0
227.0
1955.0
106.0
87.0
244.0
244.0
341.0
780.0
385.0
340.0
192.0
271.0
193.0
159.0
831.0
382.0
936.0
1213.0
741.0
1512.0
147.0
799.0
382.0
268.0
462.0
676.0
999.0
432.0
81.0
315.0
579.0
286.0
142.0
483.0
181.0
358.0
118.0
425.0
213.0
928.0
1506.0
606.0
378.0
1237.0
447.0
313.0
926.0
5236.0
5938.0
175.0
236.0
1854.0
106.0
88.0
252.0
239.0
337.0
764.0
385.0
349.0
194.0
284.0
197.0
166.0
834.0
378.0
953.0
1259.0
776.0
1530.0
146.0
786.0
378.0
276.0
469.0
667.0
1023.0
425.0
77.0
319.0
584.0
300.0
142.0
499.0
194.0
359.0
111.0
432.0
203.0
908.0
1412.0
610.0
354.0
1248.0
433.0
319.0
891.0
5074.0
6110.0
169.0
223.0
1875.0
105.0
87.0
262.0
231.0
354.0
755.0
399.0
361.0
180.0
275.0
206.0
171.0
789.0
387.0
896.0
1315.0
742.0
1415.0
151.0
804.0
383.0
282.0
464.0
687.0
1000.0
429.0
76.0
322.0
535.0
292.0
142.0
506.0
193.0
360.0
118.0
397.0
206.0
926.0
1446.0
589.0
390.0
1202.0
447.0
323.0
894.0
5461.0
5583.0
172.0
236.0
1957.0
105.0
85.0
247.0
241.0
348.0
787.0
388.0
358.0
181.0
268.0
202.0
163.0
804.0
369.0
913.0
1246.0
741.0
1538.0
150.0
793.0
386.0
282.0
478.0
695.0
1023.0
403.0
81.0
321.0
590.0
290.0
152.0
512.0
189.0
371.0
116.0
396.0
199.0
891.0
1482.0
597.0
364.0
1140.0
431.0
325.0
923.0
5472.0
5634.0
164.0
222.0
1841.0
103.0
86.0
255.0
244.0
351.0
776.0
401.0
347.0
193.0
276.0
209.0
174.0
849.0
381.0
970.0
1232.0
727.0
1491.0
149.0
806.0
378.0
278.0
453.0
680.0
1046.0
427.0
80.0
315.0
553.0
277.0
151.0
487.0
189.0
365.0
112.0
423.0
198.0
847.0
1500.0
591.0
382.0
1206.0
452.0
328.0
967.0
5335.0
5914.0
176.0
235.0
1949.0
108.0
84.0
254.0
241.0
362.0
801.0
396.0
361.0
192.0
262.0
201.0
172.0
840.0
369.0
959.0
1226.0
734.0
1505.0
149.0
788.0
376.0
283.0
466.0
700.0
973.0
427.0
79.0
329.0
580.0
275.0
150.0
516.0
187.0
369.0
116.0
406.0
207.0
923.0
1509.0
606.0
384.0
1156.0
436.0
314.0
936.0
5395.0
5969.0
165.0
235.0
1929.0
102.0
85.0
251.0
233.0
354.0
799.0
388.0
360.0
185.0
285.0
206.0
170.0
829.0
372.0
928.0
1260.0
755.0
1449.0
149.0
808.0
387.0
283.0
476.0
670.0
1016.0
420.0
79.0
315.0
561.0
278.0
145.0
491.0
189.0
371.0
114.0
427.0
205.0
913.0
1460.0
633.0
368.0
1188.0
436.0
329.0
961.0
5289.0
5660.0
163.0
231.0
1826.0
103.0
86.0
249.0
238.0
340.0
801.0
390.0
347.0
197.0
272.0
197.0
169.0
796.0
399.0
963.0
1311.0
726.0
1462.0
147.0
766.0
365.0
274.0
456.0
697.0
982.0
434.0
77.0
323.0
571.0
285.0
139.0
508.0
190.0
354.0
115.0
427.0
200.0
904.0
1471.0
606.0
387.0
1161.0
439.0
317.0
961.0
5361.0
5876.0
176.0
225.0
1827.0
107.0
84.0
255.0
238.0
340.0
782.0
380.0
354.0
184.0
270.0
207.0
167.0
784.0
385.0
962.0
1269.0
732.0
1507.0
146.0
805.0
365.0
287.0
461.0
671.0
1035.0
438.0
81.0
331.0
540.0
287.0
144.0
512.0
186.0
356.0
115.0
402.0
205.0
882.0
1533.0
637.0
371.0
1240.0
461.0
318.0
964.0
5151.0
5619.0
169.0
231.0
1847.0
106.0
84.0
250.0
243.0
360.0
788.0
391.0
366.0
182.0
267.0
195.0
174.0
783.0
382.0
903.0
1270.0
733.0
1425.0
151.0
760.0
389.0
280.0
459.0
678.0
1032.0
420.0
80.0
340.0
537.0
288.0
143.0
518.0
178.0
352.0
110.0
425.0
207.0
860.0
1429.0
598.0
364.0
1250.0
439.0
323.0
964.0
5161.0
5721.0
179.0
234.0
1843.0
104.0
87.0
251.0
234.0
343.0
797.0
393.0
342.0
195.0
277.0
205.0
172.0
794.0
371.0
895.0
1285.0
731.0
1480.0
148.0
775.0
374.0
271.0
461.0
663.0
1032.0
435.0
76.0
319.0
574.0
301.0
143.0
501.0
185.0
347.0
111.0
425.0
206.0
863.0
1419.0
607.0
388.0
1168.0
436.0
322.0
953.0
5557.0
5705.0
164.0
217.0
1920.0
108.0
83.0
251.0
246.0
351.0
807.0
390.0
343.0
190.0
268.0
208.0
166.0
780.0
398.0
959.0
1240.0
717.0
1491.0
149.0
793.0
383.0
271.0
445.0
668.0
991.0
424.0
76.0
321.0
582.0
281.0
139.0
516.0
183.0
353.0
112.0
423.0
207.0
904.0
1478.0
592.0
381.0
1147.0
457.0
329.0
920.0
5192.0
5826.0
174.0
228.0
1888.0
106.0
82.0
251.0
238.0
361.0
808.0
392.0
353.0
183.0
278.0
196.0
165.0
787.0
398.0
937.0
1285.0
722.0
1427.0
148.0
799.0
381.0
279.0
460.0
678.0
990.0
434.0
80.0
338.0
583.0
287.0
141.0
490.0
190.0
355.0
114.0
399.0
206.0
927.0
1499.0
610.0
388.0
1211.0
440.0
305.0
928.0
5099.0
5578.0
175.0
230.0
1946.0
105.0
84.0
261.0
232.0
348.0
782.0
382.0
356.0
183.0
263.0
196.0
161.0
848.0
390.0
910.0
1289.0
777.0
1441.0
149.0
793.0
373.0
273.0
454.0
680.0
1038.0
415.0
77.0
332.0
552.0
286.0
144.0
518.0
189.0
352.0
111.0
434.0
200.0
862.0
1498.0
644.0
374.0
1138.0
442.0
317.0
971.0
5079.0
5903.0
173.0
228.0
1878.0
107.0
82.0
250.0
246.0
349.0
773.0
388.0
357.0
194.0
279.0
205.0
165.0
821.0
380.0
948.0
1276.0
769.0
1518.0
145.0
778.0
374.0
282.0
472.0
673.0
987.0
412.0
79.0
323.0
583.0
283.0
145.0
510.0
183.0
362.0
115.0
402.0
214.0
860.0
1500.0
614.0
365.0
1208.0
440.0
332.0
982.0
5546.0
5985.0
171.0
226.0
1899.0
102.0
82.0
245.0
242.0
362.0
765.0
400.0
355.0
188.0
262.0
197.0
171.0
780.0
373.0
896.0
1309.0
779.0
1465.0
149.0
761.0
386.0
276.0
469.0
685.0
986.0
435.0
75.0
334.0
578.0
278.0
144.0
512.0
183.0
350.0
116.0
417.0
212.0
856.0
1510.0
629.0
357.0
1249.0
446.0
315.0
950.0
5272.0
5597.0
176.0
227.0
1817.0
109.0
87.0
262.0
240.0
344.0
787.0
368.0
357.0
193.0
264.0
203.0
172.0
799.0
382.0
909.0
1296.0
736.0
1477.0
146.0
788.0
386.0
265.0
454.0
664.0
1022.0
433.0
80.0
321.0
580.0
281.0
144.0
490.0
186.0
376.0
119.0
424.0
208.0
863.0
1409.0
603.0
356.0
1232.0
453.0
313.0
941.0
5091.0
5747.0
172.0
225.0
1937.0
106.0
87.0
254.0
245.0
344.0
773.0
405.0
355.0
187.0
272.0
202.0
171.0
818.0
371.0
932.0
1239.0
771.0
1502.0
143.0
761.0
389.0
273.0
472.0
697.0
1018.0
411.0
79.0
317.0
562.0
286.0
147.0
500.0
181.0
354.0
118.0
406.0
211.0
897.0
1439.0
593.0
360.0
1187.0
438.0
316.0
959.0
5351.0
5962.0
165.0
223.0
1829.0
108.0
83.0
262.0
246.0
346.0
822.0
402.0
349.0
191.0
271.0
199.0
171.0
827.0
392.0
921.0
1225.0
744.0
1455.0
148.0
756.0
374.0
276.0
470.0
687.0
999.0
437.0
77.0
344.0
545.0
288.0
150.0
519.0
189.0
348.0
114.0
413.0
201.0
912.0
1528.0
620.0
383.0
1166.0
430.0
321.0
974.0
5183.0
5679.0
173.0
223.0
1952.0
105.0
85.0
253.0
232.0
338.0
812.0
400.0
337.0
180.0
262.0
205.0
162.0
845.0
384.0
962.0
1239.0
766.0
1443.0
150.0
790.0
379.0
280.0
476.0
707.0
1050.0
416.0
79.0
346.0
537.0
303.0
147.0
488.0
190.0
372.0
117.0
417.0
210.0
906.0
1515.0
609.0
370.0
1180.0
463.0
310.0
906.0
5326.0
5653.0
175.0
223.0
1971.0
103.0
87.0
245.0
247.0
347.0
813.0
399.0
343.0
193.0
285.0
204.0
164.0
823.0
378.0
898.0
1304.0
750.0
1432.0
154.0
779.0
384.0
286.0
457.0
675.0
1037.0
424.0
81.0
321.0
579.0
302.0
141.0
512.0
185.0
358.0
114.0
401.0
204.0
865.0
1456.0
635.0
386.0
1171.0
457.0
320.0
972.0
5406.0
6121.0
172.0
221.0
1900.0
106.0
84.0
264.0
232.0
348.0
782.0
378.0
349.0
191.0
266.0
196.0
165.0
796.0
388.0
963.0
1256.0
770.0
1498.0
151.0
808.0
384.0
271.0
466.0
687.0
1029.0
421.0
76.0
328.0
553.0
278.0
144.0
506.0
179.0
349.0
115.0
427.0
205.0
865.0
1488.0
613.0
366.0
1234.0
441.0
325.0
929.0
5265.0
5687.0
170.0
231.0
1929.0
106.0
88.0
246.0
234.0
358.0
768.0
396.0
360.0
184.0
270.0
202.0
171.0
785.0
372.0
932.0
1260.0
725.0
1454.0
146.0
783.0
371.0
284.0
459.0
674.0
1055.0
419.0
79.0
344.0
582.0
284.0
140.0
517.0
186.0
355.0
111.0
410.0
206.0
867.0
1436.0
600.0
355.0
1172.0
435.0
311.0
924.0
5365.0
6036.0
172.0
220.0
1991.0
107.0
82.0
248.0
242.0
331.0
815.0
404.0
347.0
182.0
283.0
204.0
160.0
784.0
388.0
938.0
1302.0
757.0
1469.0
151.0
765.0
371.0
280.0
478.0
702.0
1025.0
430.0
77.0
324.0
552.0
280.0
147.0
517.0
185.0
363.0
111.0
419.0
205.0
852.0
1432.0
645.0
380.0
1210.0
440.0
313.0
960.0
5221.0
5996.0
171.0
234.0
1868.0
109.0
84.0
253.0
235.0
347.0
761.0
405.0
340.0
191.0
277.0
207.0
168.0
800.0
383.0
921.0
1310.0
769.0
1463.0
147.0
776.0
375.0
280.0
451.0
670.0
1024.0
438.0
79.0
330.0
589.0
301.0
146.0
515.0
187.0
352.0
120.0
411.0
197.0
908.0
1436.0
633.0
375.0
1158.0
445.0
314.0
974.0
5546.0
5564.0
173.0
237.0
1982.0
110.0
81.0
248.0
242.0
341.0
771.0
405.0
342.0
190.0
259.0
209.0
159.0
794.0
389.0
950.0
1219.0
737.0
1428.0
149.0
793.0
387.0
282.0
458.0
702.0
997.0
437.0
80.0
321.0
561.0
298.0
146.0
520.0
183.0
369.0
116.0
427.0
201.0
927.0
1441.0
632.0
370.0
1169.0
458.0
317.0
940.0
5077.0
5690.0
176.0
231.0
1980.0
106.0
83.0
252.0
236.0
342.0
816.0
371.0
357.0
193.0
283.0
198.0
163.0
782.0
384.0
892.0
1339.0
750.0
1528.0
149.0
781.0
382.0
269.0
468.0
670.0
1042.0
419.0
79.0
325.0
545.0
299.0
146.0
494.0
192.0
372.0
114.0
422.0
207.0
892.0
1432.0
615.0
381.0
1194.0
450.0
314.0
957.0
5299.0
5650.0
176.0
233.0
1856.0
106.0
82.0
259.0
242.0
352.0
785.0
388.0
363.0
194.0
281.0
205.0
167.0
842.0
385.0
951.0
1319.0
770.0
1520.0
152.0
778.0
373.0
274.0
448.0
691.0
1039.0
402.0
80.0
319.0
577.0
293.0
146.0
504.0
178.0
369.0
118.0
417.0
202.0
904.0
1530.0
603.0
365.0
1216.0
443.0
323.0
908.0
5287.0
6030.0
179.0
238.0
1974.0
109.0
86.0
243.0
234.0
343.0
774.0
393.0
347.0
197.0
265.0
196.0
167.0
823.0
395.0
908.0
1277.0
773.0
1436.0
152.0
766.0
380.0
282.0
478.0
679.0
996.0
432.0
79.0
334.0
570.0
300.0
141.0
484.0
184.0
365.0
115.0
422.0
200.0
877.0
1444.0
620.0
359.0
1165.0
438.0
306.0
951.0
5368.0
5790.0
175.0
225.0
1890.0
107.0
86.0
253.0
247.0
349.0
779.0
406.0
348.0
191.0
268.0
203.0
164.0
847.0
386.0
961.0
1318.0
722.0
1433.0
148.0
761.0
369.0
281.0
463.0
687.0
1018.0
427.0
77.0
337.0
548.0
283.0
142.0
503.0
190.0
369.0
116.0
418.0
203.0
894.0
1415.0
627.0
378.0
1193.0
452.0
317.0
982.0
5291.0
5569.0
175.0
227.0
1821.0
103.0
86.0
260.0
248.0
344.0
765.0
374.0
357.0
185.0
272.0
210.0
162.0
822.0
378.0
914.0
1328.0
736.0
1518.0
146.0
772.0
374.0
287.0
461.0
679.0
1032.0
406.0
77.0
343.0
546.0
290.0
152.0
511.0
190.0
349.0
115.0
431.0
204.0
903.0
1435.0
626.0
388.0
1217.0
447.0
321.0
923.0
5294.0
5605.0
174.0
230.0
1896.0
106.0
87.0
254.0
235.0
341.0
793.0
375.0
354.0
186.0
261.0
199.0
168.0
823.0
382.0
914.0
1334.0
763.0
1532.0
150.0
782.0
386.0
280.0
456.0
673.0
1038.0
436.0
80.0
345.0
561.0
287.0
146.0
496.0
192.0
364.0
117.0
428.0
202.0
897.0
1469.0
644.0
356.0
1167.0
430.0
316.0
951.0
5086.0
5874.0
177.0
222.0
1870.0
107.0
84.0
264.0
250.0
350.0
768.0
404.0
351.0
194.0
280.0
204.0
168.0
814.0
379.0
966.0
1228.0
718.0
1476.0
146.0
766.0
377.0
266.0
478.0
671.0
1041.0
430.0
78.0
317.0
554.0
296.0
148.0
491.0
181.0
348.0
115.0
425.0
197.0
911.0
1516.0
617.0
364.0
1199.0
426.0
312.0
972.0
5339.0
5620.0
173.0
232.0
1911.0
106.0
82.0
249.0
250.0
344.0
796.0
392.0
353.0
182.0
283.0
201.0
161.0
788.0
387.0
941.0
1303.0
754.0
1474.0
149.0
794.0
384.0
283.0
457.0
669.0
990.0
420.0
78.0
314.0
578.0
279.0
143.0
507.0
189.0
366.0
117.0
406.0
195.0
862.0
1504.0
644.0
372.0
1220.0
457.0
319.0
938.0
5517.0
5866.0
169.0
239.0
1959.0
105.0
85.0
240.0
232.0
357.0
773.0
374.0
356.0
192.0
266.0
196.0
171.0
845.0
390.0
930.0
1255.0
737.0
1411.0
151.0
757.0
382.0
284.0
484.0
676.0
1018.0
411.0
82.0
317.0
555.0
279.0
144.0
497.0
190.0
353.0
112.0
407.0
209.0
885.0
1467.0
605.0
381.0
1235.0
442.0
313.0
960.0
5493.0
5795.0
171.0
226.0
1943.0
108.0
83.0
265.0
233.0
349.0
812.0
407.0
340.0
191.0
283.0
204.0
164.0
804.0
401.0
926.0
1288.0
763.0
1400.0
149.0
757.0
371.0
277.0
465.0
688.0
1048.0
412.0
78.0
317.0
555.0
288.0
148.0
490.0
191.0
352.0
115.0
413.0
201.0
925.0
1408.0
598.0
374.0
1181.0
421.0
315.0
977.0
5128.0
5976.0
172.0
229.0
1895.0
102.0
83.0
248.0
231.0
338.0
824.0
406.0
350.0
185.0
279.0
208.0
164.0
779.0
397.0
922.0
1273.0
733.0
1444.0
142.0
766.0
379.0
279.0
460.0
671.0
1000.0
404.0
80.0
336.0
538.0
289.0
148.0
482.0
180.0
359.0
113.0
402.0
208.0
851.0
1527.0
618.0
369.0
1167.0
441.0
331.0
940.0
5204.0
5840.0
168.0
225.0
1963.0
106.0
83.0
258.0
243.0
350.0
756.0
407.0
354.0
193.0
275.0
204.0
165.0
831.0
390.0
949.0
1238.0
150.0
168.0
150.0
158.0
225.0
154.0
154.0
150.0
323.0
156.0
160.0
173.0
168.0
149.0
144.0
147.0
157.0
144.0
298.0
145.0
153.0
145.0
148.0
146.0
146.0
144.0
326.0
267.0
165.0
148.0
138.0
170.0
174.0
156.0
151.0
157.0
279.0
144.0
272.0
160.0
298.0
291.0
314.0
278.0
269.0
417.0
290.0
310.0
378.0
171.0
147.0
146.0
149.0
166.0
238.0
161.0
154.0
149.0
310.0
160.0
150.0
154.0
140.0
157.0
145.0
146.0
162.0
144.0
274.0
168.0
158.0
143.0
143.0
166.0
160.0
139.0
264.0
294.0
158.0
152.0
168.0
161.0
144.0
142.0
159.0
144.0
308.0
146.0
297.0
164.0
270.0
306.0
266.0
296.0
296.0
410.0
277.0
280.0
438.0
170.0
177.0
156.0
152.0
132.0
215.0
139.0
147.0
150.0
300.0
152.0
144.0
153.0
158.0
152.0
136.0
139.0
156.0
150.0
286.0
144.0
147.0
147.0
140.0
162.0
128.0
157.0
268.0
264.0
161.0
158.0
163.0
166.0
152.0
148.0
160.0
170.0
280.0
165.0
256.0
158.0
302.0
292.0
298.0
286.0
308.0
452.0
270.0
293.0
414.0
156.0
163.0
163.0
146.0
160.0
208.0
157.0
159.0
164.0
276.0
146.0
152.0
156.0
160.0
145.0
148.0
156.0
150.0
142.0
272.0
162.0
164.0
144.0
169.0
162.0
136.0
135.0
318.0
274.0
155.0
153.0
164.0
144.0
150.0
148.0
168.0
151.0
302.0
167.0
306.0
169.0
328.0
294.0
262.0
274.0
270.0
376.0
320.0
308.0
392.0
140.0
166.0
150.0
165.0
148.0
219.0
152.0
157.0
156.0
302.0
136.0
142.0
152.0
140.0
148.0
154.0
141.0
160.0
152.0
288.0
157.0
139.0
142.0
138.0
148.0
123.0
164.0
303.0
271.0
156.0
142.0
160.0
158.0
150.0
154.0
162.0
156.0
298.0
144.0
281.0
138.0
283.0
280.0
311.0
312.0
332.0
426.0
261.0
256.0
434.0
158.0
149.0
148.0
146.0
148.0
224.0
170.0
162.0
156.0
275.0
152.0
169.0
146.0
170.0
144.0
166.0
152.0
168.0
142.0
292.0
146.0
156.0
156.0
139.0
134.0
150.0
136.0
296.0
262.0
134.0
135.0
173.0
164.0
139.0
165.0
150.0
163.0
330.0
148.0
286.0
168.0
322.0
266.0
273.0
308.0
294.0
376.0
320.0
292.0
468.0
166.0
157.0
165.0
152.0
162.0
235.0
160.0
157.0
156.0
309.0
146.0
151.0
144.0
152.0
159.0
157.0
154.0
146.0
150.0
294.0
165.0
159.0
150.0
148.0
142.0
148.0
152.0
314.0
274.0
155.0
164.0
159.0
157.0
167.0
142.0
150.0
158.0
302.0
137.0
300.0
167.0
304.0
272.0
278.0
273.0
266.0
434.0
296.0
287.0
407.0
156.0
152.0
174.0
139.0
156.0
210.0
148.0
142.0
164.0
307.0
157.0
146.0
173.0
146.0
159.0
132.0
163.0
140.0
151.0
320.0
148.0
146.0
140.0
164.0
142.0
124.0
156.0
280.0
291.0
162.0
140.0
148.0
134.0
156.0
146.0
157.0
156.0
275.0
156.0
315.0
170.0
301.0
278.0
332.0
276.0
287.0
436.0
298.0
264.0
428.0
152.0
155.0
164.0
158.0
152.0
236.0
140.0
145.0
147.0
292.0
161.0
142.0
156.0
136.0
162.0
154.0
152.0
153.0
175.0
269.0
158.0
148.0
148.0
164.0
145.0
138.0
142.0
290.0
260.0
156.0
166.0
150.0
159.0
175.0
172.0
142.0
167.0
268.0
142.0
285.0
147.0
283.0
297.0
307.0
255.0
267.0
484.0
284.0
332.0
402.0
162.0
172.0
162.0
152.0
164.0
214.0
148.0
154.0
150.0
279.0
141.0
164.0
147.0
150.0
145.0
162.0
144.0
159.0
150.0
268.0
168.0
152.0
146.0
137.0
156.0
144.0
142.0
316.0
301.0
160.0
150.0
152.0
168.0
176.0
154.0
152.0
150.0
266.0
150.0
288.0
142.0
298.0
304.0
310.0
260.0
298.0
428.0
291.0
312.0
454.0
160.0
162.0
158.0
142.0
156.0
224.0
140.0
150.0
163.0
284.0
156.0
166.0
168.0
156.0
154.0
160.0
164.0
164.0
141.0
318.0
167.0
156.0
157.0
161.0
135.0
141.0
142.0
284.0
280.0
130.0
175.0
159.0
161.0
158.0
154.0
160.0
174.0
272.0
151.0
290.0
157.0
294.0
283.0
274.0
260.0
256.0
438.0
280.0
272.0
408.0
151.0
152.0
146.0
162.0
154.0
212.0
152.0
148.0
151.0
302.0
152.0
149.0
148.0
160.0
164.0
135.0
162.0
136.0
147.0
299.0
146.0
169.0
159.0
144.0
138.0
156.0
150.0
295.0
288.0
154.0
158.0
140.0
161.0
154.0
156.0
161.0
152.0
266.0
156.0
290.0
156.0
288.0
282.0
282.0
298.0
260.0
442.0
315.0
316.0
402.0
155.0
160.0
166.0
150.0
158.0
226.0
154.0
139.0
148.0
260.0
140.0
156.0
140.0
134.0
168.0
161.0
177.0
147.0
176.0
285.0
165.0
139.0
158.0
173.0
154.0
149.0
146.0
292.0
320.0
158.0
157.0
148.0
160.0
136.0
159.0
149.0
172.0
254.0
148.0
268.0
144.0
280.0
316.0
292.0
308.0
316.0
446.0
292.0
286.0
451.0
143.0
146.0
157.0
166.0
142.0
226.0
154.0
140.0
156.0
266.0
167.0
172.0
144.0
158.0
148.0
164.0
174.0
165.0
158.0
302.0
159.0
172.0
162.0
158.0
170.0
146.0
138.0
299.0
296.0
164.0
134.0
166.0
160.0
164.0
143.0
162.0
172.0
304.0
148.0
302.0
139.0
332.0
294.0
314.0
304.0
298.0
472.0
318.0
280.0
444.0
155.0
144.0
158.0
164.0
160.0
214.0
156.0
153.0
136.0
273.0
162.0
164.0
160.0
152.0
152.0
146.0
152.0
158.0
150.0
270.0
151.0
153.0
164.0
170.0
142.0
143.0
138.0
262.0
322.0
158.0
149.0
152.0
166.0
154.0
144.0
146.0
167.0
284.0
156.0
276.0
158.0
272.0
289.0
310.0
266.0
280.0
418.0
292.0
328.0
442.0
161.0
153.0
144.0
142.0
160.0
220.0
144.0
166.0
157.0
268.0
166.0
141.0
136.0
173.0
144.0
172.0
154.0
150.0
152.0
285.0
134.0
142.0
165.0
166.0
160.0
127.0
162.0
290.0
268.0
171.0
148.0
143.0
160.0
148.0
155.0
160.0
171.0
284.0
142.0
314.0
154.0
320.0
324.0
285.0
272.0
275.0
441.0
264.0
297.0
428.0
152.0
152.0
177.0
162.0
158.0
232.0
168.0
154.0
154.0
284.0
148.0
146.0
171.0
157.0
157.0
163.0
147.0
170.0
154.0
250.0
156.0
134.0
148.0
137.0
153.0
133.0
149.0
260.0
290.0
148.0
156.0
157.0
144.0
164.0
156.0
158.0
160.0
294.0
163.0
282.0
164.0
271.0
314.0
301.0
293.0
290.0
434.0
292.0
286.0
463.0
136.0
166.0
148.0
148.0
162.0
236.0
146.0
158.0
159.0
266.0
153.0
152.0
163.0
166.0
149.0
153.0
146.0
160.0
147.0
310.0
169.0
166.0
171.0
166.0
146.0
137.0
164.0
308.0
279.0
148.0
160.0
146.0
153.0
144.0
152.0
148.0
148.0
278.0
147.0
300.0
154.0
308.0
266.0
290.0
280.0
297.0
466.0
282.0
310.0
422.0
141.0
171.0
143.0
142.0
151.0
210.0
160.0
138.0
146.0
272.0
148.0
152.0
164.0
154.0
167.0
140.0
152.0
174.0
158.0
314.0
160.0
153.0
170.0
140.0
139.0
130.0
159.0
298.0
318.0
135.0
156.0
154.0
150.0
171.0
152.0
158.0
164.0
291.0
158.0
268.0
164.0
320.0
303.0
296.0
298.0
278.0
400.0
298.0
269.0
445.0
172.0
156.0
164.0
164.0
148.0
230.0
139.0
150.0
150.0
281.0
140.0
154.0
152.0
166.0
152.0
173.0
170.0
144.0
148.0
275.0
142.0
153.0
152.0
158.0
172.0
160.0
155.0
317.0
278.0
156.0
155.0
148.0
162.0
160.0
134.0
139.0
143.0
290.0
156.0
273.0
146.0
287.0
283.0
303.0
255.0
258.0
469.0
310.0
312.0
430.0
156.0
165.0
166.0
159.0
152.0
239.0
157.0
153.0
140.0
314.0
162.0
161.0
161.0
154.0
148.0
136.0
146.0
172.0
154.0
300.0
158.0
137.0
152.0
146.0
156.0
150.0
154.0
298.0
288.0
152.0
158.0
167.0
158.0
136.0
147.0
154.0
150.0
259.0
168.0
264.0
166.0
282.0
290.0
291.0
244.0
287.0
449.0
264.0
310.0
430.0
154.0
167.0
154.0
146.0
153.0
229.0
142.0
164.0
163.0
316.0
156.0
157.0
165.0
164.0
156.0
156.0
143.0
154.0
146.0
298.0
154.0
171.0
150.0
136.0
166.0
143.0
152.0
303.0
254.0
170.0
173.0
138.0
156.0
160.0
151.0
142.0
150.0
266.0
142.0
266.0
145.0
312.0
276.0
300.0
251.0
302.0
432.0
286.0
279.0
457.0
172.0
150.0
164.0
153.0
171.0
206.0
145.0
136.0
147.0
290.0
160.0
149.0
169.0
156.0
144.0
154.0
148.0
151.0
142.0
269.0
155.0
160.0
154.0
156.0
152.0
133.0
162.0
262.0
320.0
153.0
158.0
144.0
158.0
146.0
151.0
144.0
160.0
295.0
156.0
284.0
156.0
269.0
298.0
291.0
260.0
294.0
372.0
302.0
304.0
411.0
155.0
171.0
153.0
154.0
162.0
226.0
154.0
152.0
158.0
326.0
173.0
156.0
156.0
160.0
150.0
150.0
133.0
142.0
166.0
267.0
156.0
166.0
154.0
154.0
165.0
130.0
158.0
300.0
305.0
144.0
150.0
156.0
168.0
160.0
152.0
134.0
164.0
276.0
136.0
292.0
156.0
282.0
303.0
250.0
258.0
328.0
450.0
304.0
270.0
442.0
162.0
168.0
164.0
138.0
152.0
222.0
142.0
160.0
146.0
260.0
154.0
136.0
170.0
143.0
164.0
156.0
144.0
144.0
146.0
317.0
160.0
156.0
162.0
148.0
154.0
160.0
138.0
314.0
276.0
162.0
162.0
146.0
154.0
162.0
166.0
157.0
164.0
306.0
140.0
276.0
156.0
293.0
305.0
262.0
260.0
316.0
472.0
307.0
276.0
429.0
156.0
172.0
158.0
145.0
166.0
228.0
142.0
143.0
165.0
287.0
164.0
134.0
135.0
150.0
139.0
160.0
158.0
170.0
143.0
302.0
151.0
150.0
147.0
150.0
148.0
150.0
142.0
255.0
295.0
154.0
158.0
162.0
161.0
152.0
134.0
150.0
170.0
310.0
148.0
308.0
153.0
255.0
294.0
292.0
274.0
283.0
443.0
292.0
322.0
426.0
158.0
170.0
162.0
148.0
164.0
236.0
156.0
158.0
166.0
302.0
159.0
140.0
152.0
149.0
173.0
167.0
164.0
157.0
152.0
266.0
169.0
142.0
144.0
164.0
158.0
134.0
162.0
284.0
309.0
136.0
140.0
169.0
146.0
152.0
141.0
138.0
161.0
324.0
153.0
282.0
152.0
310.0
284.0
302.0
292.0
324.0
394.0
255.0
286.0
387.0
162.0
169.0
158.0
158.0
156.0
218.0
160.0
153.0
168.0
302.0
144.0
146.0
140.0
157.0
160.0
153.0
160.0
152.0
154.0
273.0
134.0
144.0
142.0
136.0
164.0
130.0
156.0
320.0
259.0
170.0
166.0
136.0
153.0
147.0
149.0
158.0
164.0
278.0
137.0
269.0
142.0
319.0
320.0
286.0
264.0
270.0
457.0
318.0
281.0
398.0
160.0
165.0
152.0
139.0
160.0
218.0
138.0
152.0
148.0
262.0
162.0
155.0
157.0
156.0
160.0
148.0
171.0
152.0
158.0
324.0
168.0
165.0
162.0
156.0
161.0
141.0
154.0
260.0
264.0
166.0
136.0
147.0
140.0
136.0
154.0
154.0
132.0
302.0
154.0
268.0
152.0
265.0
298.0
284.0
264.0
269.0
410.0
290.0
262.0
437.0
156.0
152.0
152.0
142.0
139.0
221.0
165.0
142.0
164.0
266.0
166.0
162.0
152.0
154.0
148.0
146.0
152.0
148.0
145.0
288.0
152.0
142.0
158.0
161.0
161.0
135.0
166.0
304.0
250.0
158.0
158.0
160.0
142.0
133.0
140.0
131.0
174.0
288.0
152.0
290.0
150.0
272.0
292.0
278.0
250.0
314.0
430.0
288.0
298.0
420.0
166.0
160.0
156.0
164.0
170.0
214.0
154.0
150.0
159.0
286.0
152.0
148.0
150.0
166.0
134.0
144.0
165.0
161.0
137.0
284.0
161.0
159.0
165.0
166.0
144.0
134.0
154.0
310.0
272.0
166.0
148.0
148.0
166.0
139.0
150.0
140.0
172.0
282.0
138.0
310.0
154.0
303.0
283.0
290.0
307.0
313.0
436.0
308.0
300.0
434.0
156.0
160.0
173.0
163.0
142.0
212.0
152.0
158.0
153.0
318.0
173.0
165.0
140.0
166.0
172.0
152.0
141.0
160.0
160.0
310.0
159.0
164.0
150.0
140.0
136.0
147.0
146.0
270.0
304.0
159.0
151.0
164.0
159.0
152.0
158.0
156.0
160.0
281.0
174.0
320.0
164.0
272.0
290.0
284.0
310.0
332.0
474.0
270.0
290.0
443.0
146.0
166.0
180.0
149.0
157.0
230.0
142.0
148.0
142.0
293.0
151.0
153.0
164.0
156.0
154.0
152.0
148.0
175.0
152.0
282.0
141.0
158.0
146.0
154.0
158.0
152.0
131.0
270.0
288.0
136.0
138.0
166.0
132.0
136.0
160.0
150.0
144.0
278.0
144.0
289.0
156.0
318.0
260.0
316.0
298.0
258.0
452.0
272.0
294.0
430.0
150.0
144.0
166.0
140.0
142.0
232.0
158.0
152.0
150.0
304.0
154.0
169.0
144.0
148.0
164.0
140.0
145.0
158.0
155.0
308.0
156.0
154.0
167.0
162.0
158.0
135.0
156.0
258.0
272.0
158.0
161.0
154.0
158.0
152.0
144.0
150.0
159.0
298.0
150.0
278.0
162.0
290.0
315.0
250.0
310.0
305.0
430.0
320.0
292.0
400.0
150.0
164.0
170.0
160.0
154.0
244.0
149.0
142.0
148.0
267.0
172.0
140.0
133.0
172.0
155.0
160.0
168.0
148.0
141.0
282.0
144.0
166.0
160.0
154.0
137.0
133.0
169.0
290.0
300.0
147.0
162.0
155.0
150.0
154.0
155.0
150.0
146.0
256.0
142.0
291.0
158.0
284.0
284.0
292.0
284.0
299.0
423.0
306.0
295.0
416.0
158.0
168.0
166.0
146.0
163.0
217.0
164.0
152.0
156.0
319.0
156.0
153.0
148.0
148.0
145.0
154.0
148.0
174.0
152.0
274.0
144.0
170.0
142.0
143.0
154.0
134.0
146.0
315.0
270.0
150.0
172.0
145.0
142.0
152.0
140.0
138.0
160.0
298.0
144.0
290.0
174.0
284.0
314.0
281.0
269.0
318.0
399.0
296.0
298.0
392.0
163.0
164.0
156.0
156.0
152.0
226.0
136.0
148.0
164.0
310.0
146.0
139.0
163.0
144.0
161.0
158.0
170.0
154.0
155.0
260.0
152.0
154.0
148.0
168.0
164.0
143.0
143.0
314.0
270.0
161.0
164.0
148.0
156.0
158.0
146.0
136.0
148.0
264.0
151.0
252.0
149.0
315.0
316.0
274.0
250.0
282.0
432.0
308.0
272.0
394.0
149.0
156.0
153.0
152.0
160.0
232.0
152.0
150.0
166.0
326.0
148.0
164.0
141.0
134.0
158.0
150.0
160.0
145.0
140.0
295.0
147.0
171.0
162.0
160.0
141.0
136.0
132.0
322.0
314.0
171.0
140.0
148.0
159.0
145.0
136.0
136.0
146.0
302.0
148.0
260.0
146.0
270.0
298.0
304.0
292.0
290.0
408.0
292.0
272.0
412.0
169.0
146.0
148.0
148.0
161.0
224.0
160.0
164.0
156.0
308.0
160.0
145.0
152.0
139.0
158.0
148.0
165.0
151.0
154.0
270.0
160.0
166.0
160.0
158.0
152.0
150.0
160.0
332.0
282.0
152.0
153.0
155.0
142.0
147.0
142.0
151.0
160.0
312.0
152.0
319.0
144.0
252.0
290.0
270.0
286.0
283.0
460.0
278.0
288.0
420.0
166.0
154.0
169.0
144.0
148.0
246.0
168.0
154.0
166.0
296.0
148.0
142.0
156.0
160.0
162.0
140.0
166.0
142.0
156.0
306.0
158.0
152.0
146.0
136.0
146.0
145.0
130.0
293.0
298.0
160.0
148.0
162.0
146.0
141.0
160.0
162.0
154.0
306.0
160.0
284.0
134.0
260.0
273.0
284.0
305.0
280.0
468.0
284.0
304.0
432.0
147.0
156.0
170.0
150.0
161.0
209.0
146.0
166.0
158.0
284.0
166.0
171.0
144.0
144.0
154.0
157.0
155.0
143.0
166.0
277.0
150.0
150.0
149.0
140.0
150.0
152.0
164.0
276.0
312.0
149.0
150.0
156.0
168.0
141.0
150.0
173.0
156.0
306.0
168.0
270.0
156.0
324.0
302.0
290.0
265.0
311.0
378.0
305.0
256.0
435.0
160.0
156.0
152.0
144.0
156.0
238.0
164.0
152.0
138.0
328.0
154.0
142.0
154.0
162.0
148.0
152.0
165.0
153.0
152.0
289.0
162.0
132.0
148.0
162.0
156.0
141.0
161.0
265.0
316.0
165.0
149.0
174.0
166.0
152.0
159.0
154.0
142.0
252.0
160.0
293.0
150.0
255.0
292.0
274.0
278.0
296.0
426.0
300.0
281.0
433.0
144.0
166.0
172.0
140.0
152.0
206.0
146.0
148.0
166.0
299.0
166.0
144.0
164.0
154.0
145.0
152.0
146.0
150.0
160.0
308.0
144.0
144.0
148.0
164.0
158.0
150.0
154.0
278.0
310.0
158.0
172.0
149.0
146.0
148.0
159.0
162.0
152.0
330.0
160.0
284.0
160.0
322.0
269.0
330.0
274.0
308.0
426.0
268.0
288.0
485.0
142.0
178.0
155.0
162.0
161.0
232.0
169.0
157.0
147.0
271.0
142.0
151.0
162.0
158.0
166.0
154.0
169.0
160.0
168.0
300.0
160.0
160.0
144.0
140.0
157.0
148.0
156.0
302.0
286.0
148.0
154.0
134.0
148.0
169.0
164.0
138.0
154.0
321.0
168.0
282.0
146.0
278.0
261.0
320.0
302.0
312.0
461.0
268.0
297.0
388.0
154.0
162.0
158.0
166.0
163.0
210.0
156.0
165.0
144.0
247.0
152.0
159.0
154.0
146.0
144.0
152.0
150.0
171.0
164.0
316.0
162.0
138.0
148.0
171.0
138.0
133.0
166.0
280.0
293.0
169.0
152.0
140.0
144.0
145.0
155.0
150.0
144.0
307.0
159.0
292.0
170.0
269.0
330.0
318.0
256.0
288.0
466.0
304.0
291.0
451.0
144.0
158.0
168.0
152.0
154.0
216.0
156.0
147.0
150.0
300.0
138.0
150.0
146.0
152.0
135.0
162.0
159.0
172.0
171.0
301.0
151.0
143.0
154.0
160.0
150.0
130.0
144.0
290.0
292.0
157.0
160.0
164.0
170.0
169.0
140.0
171.0
156.0
313.0
156.0
310.0
174.0
288.0
262.0
260.0
298.0
301.0
464.0
286.0
272.0
392.0
156.0
163.0
180.0
166.0
144.0
214.0
150.0
158.0
144.0
255.0
138.0
156.0
150.0
150.0
162.0
163.0
156.0
159.0
160.0
294.0
139.0
136.0
146.0
152.0
150.0
132.0
174.0
276.0
261.0
157.0
151.0
142.0
150.0
168.0
142.0
151.0
164.0
278.0
160.0
272.0
165.0
306.0
303.0
280.0
296.0
286.0
453.0
288.0
262.0
430.0
162.0
168.0
153.0
150.0
154.0
240.0
152.0
146.0
158.0
306.0
160.0
151.0
141.0
138.0
164.0
140.0
158.0
164.0
151.0
306.0
162.0
156.0
152.0
160.0
140.0
146.0
158.0
273.0
257.0
142.0
149.0
159.0
159.0
171.0
161.0
158.0
170.0
326.0
167.0
262.0
164.0
299.0
283.0
320.0
278.0
280.0
388.0
285.0
312.0
484.0
162.0
152.0
146.0
150.0
156.0
214.0
151.0
150.0
146.0
309.0
150.0
152.0
144.0
140.0
140.0
150.0
166.0
166.0
154.0
276.0
142.0
146.0
144.0
160.0
143.0
152.0
138.0
309.0
308.0
158.0
158.0
150.0
153.0
168.0
155.0
140.0
152.0
316.0
139.0
310.0
170.0
283.0
318.0
310.0
289.0
272.0
390.0
318.0
308.0
373.0
155.0
160.0
157.0
151.0
158.0
244.0
144.0
170.0
160.0
292.0
170.0
152.0
142.0
148.0
146.0
156.0
168.0
152.0
140.0
274.0
144.0
163.0
136.0
154.0
136.0
126.0
148.0
279.0
314.0
138.0
150.0
136.0
140.0
134.0
145.0
152.0
161.0
302.0
148.0
288.0
163.0
302.0
269.0
269.0
252.0
308.0
401.0
279.0
262.0
414.0
167.0
