I_BRKGA_111_3_10_5_CESP
111 3 10 493.0
32585.5
30983.5
33228.5
30432.5
35915.5
30444.5
29483.5
29814.5
31610.5
34546.5
0.11874012082420111
0.08038084464136838
0.11638441100866943
0.0859513104496376
0.11155513336063715
0.08779196149605993
0.10463061184135866
0.08166030262262679
0.10032222310447714
0.11258308065096378
125.0
122.0
115.0
5105.0
35.0
2516.0
504.0
1280.0
34.0
543.0
112.0
190.0
46.0
319.0
253.0
381.0
58.0
298.0
519.0
279.0
71.0
241.0
82.0
291.0
28.0
354.0
170.0
806.0
1323.0
569.0
362.0
1087.0
279.0
151.0
817.0
5512.0
5631.0
121.0
162.0
324.0
47.0
27.0
181.0
216.0
194.0
505.0
360.0
74.0
61.0
27.0
120.0
32.0
20.0
169.0
827.0
52.0
120.0
62.0
44.0
160.0
149.0
74.0
163.0
141.0
769.0
35.0
19.0
26.0
29.0
8.0
74.0
260.0
102.0
69.0
90.0
57.0
38.0
83.0
140.0
45.0
26.0
56.0
159.0
173.0
104.0
81.0
126.0
47.0
65.0
1585.0
54.0
55.0
69.0
26.0
164.0
293.0
31.0
267.0
122.0
259.0
75.0
129.0
792.0
224.0
66.0
1219.0
133.0
121.0
66.0
90.0
116.0
19.0
261.0
199.0
486.0
1323.0
34.0
526.0
113.0
193.0
45.0
350.0
253.0
399.0
57.0
319.0
533.0
279.0
73.0
254.0
75.0
290.0
28.0
355.0
158.0
825.0
1372.0
571.0
338.0
1083.0
294.0
147.0
800.0
5119.0
6031.0
119.0
171.0
306.0
51.0
29.0
188.0
209.0
178.0
488.0
355.0
75.0
61.0
26.0
127.0
31.0
20.0
179.0
869.0
53.0
124.0
67.0
46.0
161.0
144.0
73.0
157.0
138.0
750.0
37.0
20.0
25.0
32.0
8.0
76.0
277.0
111.0
71.0
88.0
58.0
40.0
82.0
142.0
46.0
26.0
58.0
157.0
169.0
103.0
80.0
127.0
48.0
67.0
1608.0
58.0
59.0
64.0
24.0
160.0
285.0
33.0
271.0
130.0
242.0
83.0
137.0
753.0
209.0
69.0
1172.0
125.0
118.0
67.0
91.0
121.0
20.0
267.0
199.0
481.0
1220.0
36.0
518.0
116.0
189.0
47.0
337.0
249.0
385.0
56.0
304.0
525.0
268.0
75.0
248.0
78.0
284.0
29.0
367.0
161.0
797.0
1314.0
567.0
334.0
1122.0
292.0
144.0
796.0
5367.0
5817.0
121.0
169.0
319.0
46.0
29.0
182.0
211.0
189.0
491.0
363.0
76.0
63.0
27.0
122.0
33.0
20.0
170.0
820.0
51.0
122.0
62.0
46.0
166.0
147.0
75.0
156.0
144.0
726.0
37.0
19.0
25.0
30.0
8.0
71.0
254.0
108.0
73.0
89.0
56.0
41.0
87.0
143.0
48.0
27.0
54.0
149.0
171.0
110.0
84.0
137.0
45.0
62.0
1624.0
57.0
55.0
65.0
25.0
160.0
271.0
32.0
282.0
127.0
236.0
78.0
137.0
758.0
214.0
66.0
1176.0
127.0
126.0
69.0
91.0
116.0
20.0
250.0
202.0
507.0
1299.0
34.0
546.0
111.0
184.0
46.0
320.0
249.0
366.0
57.0
289.0
540.0
294.0
69.0
232.0
82.0
273.0
29.0
370.0
166.0
808.0
1311.0
561.0
361.0
1100.0
300.0
145.0
861.0
5312.0
5809.0
131.0
171.0
317.0
49.0
27.0
191.0
220.0
180.0
508.0
345.0
76.0
65.0
27.0
122.0
32.0
20.0
171.0
848.0
51.0
121.0
64.0
44.0
151.0
146.0
73.0
152.0
149.0
772.0
35.0
20.0
25.0
32.0
8.0
74.0
259.0
113.0
73.0
84.0
59.0
38.0
85.0
152.0
45.0
25.0
57.0
151.0
158.0
102.0
83.0
129.0
46.0
64.0
1556.0
56.0
56.0
71.0
25.0
164.0
270.0
31.0
282.0
126.0
243.0
81.0
140.0
790.0
222.0
71.0
1267.0
123.0
119.0
67.0
90.0
111.0
19.0
269.0
197.0
478.0
1265.0
36.0
517.0
119.0
193.0
47.0
348.0
253.0
369.0
60.0
303.0
559.0
293.0
73.0
253.0
75.0
299.0
29.0
353.0
168.0
774.0
1288.0
577.0
358.0
1102.0
287.0
151.0
850.0
5479.0
5518.0
120.0
165.0
318.0
48.0
28.0
180.0
225.0
182.0
486.0
350.0
72.0
67.0
27.0
125.0
32.0
20.0
164.0
873.0
51.0
126.0
65.0
42.0
151.0
146.0
73.0
155.0
153.0
796.0
36.0
20.0
24.0
29.0
8.0
76.0
272.0
110.0
72.0
89.0
58.0
40.0
82.0
148.0
45.0
27.0
58.0
154.0
174.0
103.0
87.0
135.0
45.0
67.0
1620.0
58.0
54.0
69.0
26.0
159.0
279.0
32.0
277.0
119.0
248.0
79.0
131.0
831.0
218.0
68.0
1231.0
133.0
116.0
70.0
85.0
112.0
20.0
263.0
190.0
513.0
1257.0
35.0
554.0
115.0
190.0
48.0
327.0
265.0
367.0
61.0
316.0
510.0
288.0
72.0
236.0
75.0
281.0
27.0
338.0
162.0
766.0
1358.0
579.0
358.0
1143.0
271.0
145.0
839.0
5287.0
5532.0
124.0
166.0
310.0
50.0
29.0
194.0
225.0
177.0
494.0
372.0
79.0
66.0
25.0
118.0
30.0
20.0
167.0
823.0
51.0
126.0
64.0
45.0
167.0
150.0
75.0
157.0
140.0
786.0
38.0
20.0
26.0
30.0
8.0
76.0
251.0
104.0
67.0
84.0
54.0
40.0
89.0
149.0
48.0
27.0
54.0
156.0
165.0
103.0
80.0
130.0
44.0
66.0
1588.0
55.0
57.0
66.0
25.0
165.0
296.0
31.0
270.0
126.0
243.0
78.0
129.0
755.0
214.0
70.0
1189.0
122.0
118.0
66.0
90.0
120.0
19.0
247.0
193.0
492.0
1270.0
34.0
554.0
119.0
175.0
47.0
347.0
256.0
370.0
57.0
298.0
551.0
295.0
74.0
241.0
77.0
292.0
29.0
348.0
163.0
802.0
1330.0
596.0
341.0
1166.0
296.0
144.0
830.0
5355.0
5889.0
121.0
167.0
314.0
50.0
28.0
191.0
205.0
177.0
530.0
366.0
79.0
65.0
25.0
127.0
32.0
20.0
179.0
828.0
53.0
131.0
63.0
44.0
160.0
143.0
72.0
165.0
144.0
759.0
36.0
20.0
25.0
32.0
8.0
74.0
260.0
106.0
68.0
85.0
56.0
41.0
89.0
154.0
45.0
25.0
54.0
160.0
171.0
104.0
80.0
132.0
47.0
66.0
1562.0
57.0
59.0
70.0
24.0
151.0
286.0
32.0
279.0
127.0
235.0
76.0
128.0
797.0
215.0
65.0
1175.0
129.0
125.0
69.0
89.0
114.0
19.0
250.0
194.0
504.0
1261.0
36.0
507.0
110.0
188.0
47.0
329.0
267.0
380.0
57.0
308.0
522.0
288.0
71.0
241.0
76.0
278.0
29.0
342.0
167.0
767.0
1255.0
598.0
347.0
1128.0
274.0
144.0
846.0
4986.0
5473.0
123.0
164.0
317.0
51.0
28.0
176.0
204.0
186.0
482.0
340.0
73.0
65.0
27.0
116.0
30.0
20.0
173.0
822.0
49.0
118.0
62.0
46.0
159.0
143.0
75.0
159.0
150.0
766.0
38.0
20.0
24.0
29.0
8.0
73.0
272.0
103.0
67.0
89.0
54.0
38.0
85.0
142.0
46.0
27.0
57.0
154.0
163.0
106.0
86.0
129.0
48.0
61.0
1620.0
54.0
58.0
66.0
25.0
157.0
277.0
32.0
276.0
125.0
235.0
77.0
134.0
780.0
208.0
70.0
1238.0
121.0
119.0
73.0
93.0
118.0
18.0
270.0
203.0
477.0
1332.0
36.0
520.0
115.0
187.0
45.0
350.0
263.0
378.0
61.0
314.0
511.0
270.0
70.0
244.0
77.0
286.0
27.0
375.0
162.0
815.0
1329.0
561.0
357.0
1173.0
282.0
158.0
859.0
5139.0
5844.0
126.0
161.0
315.0
49.0
28.0
183.0
224.0
182.0
523.0
368.0
77.0
61.0
25.0
126.0
32.0
19.0
163.0
884.0
53.0
120.0
62.0
42.0
155.0
150.0
74.0
162.0
146.0
802.0
37.0
21.0
25.0
30.0
8.0
72.0
260.0
112.0
72.0
87.0
57.0
38.0
85.0
140.0
49.0
27.0
56.0
155.0
159.0
100.0
83.0
139.0
46.0
67.0
1551.0
57.0
58.0
67.0
26.0
154.0
270.0
33.0
261.0
120.0
235.0
77.0
139.0
816.0
223.0
67.0
1225.0
127.0
125.0
71.0
93.0
110.0
19.0
265.0
204.0
494.0
1268.0
36.0
516.0
119.0
178.0
44.0
317.0
248.0
388.0
58.0
300.0
525.0
285.0
74.0
249.0
81.0
295.0
29.0
345.0
168.0
774.0
1369.0
555.0
346.0
1194.0
280.0
157.0
823.0
5274.0
5522.0
127.0
173.0
328.0
47.0
27.0
190.0
204.0
192.0
503.0
345.0
79.0
64.0
25.0
123.0
32.0
19.0
178.0
821.0
53.0
122.0
66.0
43.0
153.0
140.0
72.0
154.0
150.0
772.0
38.0
21.0
25.0
32.0
8.0
73.0
252.0
107.0
71.0
85.0
54.0
40.0
83.0
145.0
48.0
26.0
58.0
155.0
165.0
109.0
80.0
139.0
44.0
67.0
1594.0
58.0
57.0
69.0
25.0
162.0
282.0
30.0
264.0
128.0
235.0
76.0
129.0
785.0
205.0
66.0
1212.0
128.0
127.0
73.0
85.0
120.0
20.0
258.0
201.0
170.0
177.0
155.0
141.0
384.0
167.0
136.0
136.0
153.0
145.0
150.0
170.0
133.0
161.0
132.0
175.0
132.0
169.0
425.0
150.0
151.0
162.0
169.0
158.0
141.0
134.0
139.0
464.0
142.0
148.0
157.0
176.0
161.0
166.0
170.0
154.0
149.0
139.0
157.0
154.0
158.0
143.0
145.0
125.0
152.0
411.0
135.0
172.0
468.0
144.0
166.0
133.0
166.0
176.0
157.0
152.0
156.0
154.0
432.0
167.0
145.0
166.0
169.0
139.0
139.0
153.0
167.0
154.0
148.0
130.0
168.0
135.0
130.0
170.0
136.0
170.0
438.0
143.0
154.0
155.0
155.0
159.0
157.0
154.0
159.0
137.0
493.0
161.0
403.0
162.0
469.0
435.0
363.0
372.0
367.0
488.0
470.0
445.0
462.0
156.0
168.0
167.0
161.0
171.0
136.0
160.0
140.0
155.0
189.0
166.0
143.0
152.0
452.0
165.0
134.0
167.0
177.0
171.0
165.0
140.0
157.0
132.0
156.0
151.0
139.0
149.0
376.0
168.0
139.0
152.0
167.0
132.0
134.0
136.0
137.0
386.0
150.0
146.0
138.0
162.0
155.0
155.0
162.0
149.0
170.0
161.0
136.0
140.0
132.0
156.0
163.0
149.0
171.0
488.0
144.0
141.0
463.0
133.0
134.0
160.0
163.0
177.0
149.0
167.0
148.0
136.0
414.0
141.0
140.0
141.0
155.0
131.0
146.0
143.0
133.0
151.0
170.0
162.0
176.0
163.0
133.0
167.0
142.0
158.0
374.0
172.0
156.0
144.0
150.0
171.0
135.0
175.0
140.0
143.0
444.0
148.0
413.0
164.0
439.0
436.0
452.0
423.0
391.0
404.0
439.0
471.0
466.0
158.0
152.0
176.0
141.0
138.0
147.0
166.0
169.0
152.0
173.0
156.0
161.0
143.0
448.0
155.0
142.0
145.0
139.0
172.0
162.0
165.0
140.0
140.0
170.0
142.0
161.0
156.0
489.0
158.0
173.0
137.0
136.0
135.0
152.0
170.0
170.0
369.0
138.0
163.0
165.0
162.0
133.0
163.0
164.0
143.0
155.0
138.0
153.0
166.0
150.0
142.0
136.0
126.0
152.0
436.0
138.0
158.0
448.0
169.0
139.0
162.0
137.0
146.0
140.0
173.0
150.0
143.0
484.0
156.0
159.0
138.0
135.0
161.0
154.0
154.0
153.0
148.0
167.0
161.0
155.0
140.0
132.0
139.0
137.0
167.0
490.0
169.0
141.0
140.0
162.0
163.0
131.0
154.0
133.0
172.0
474.0
177.0
458.0
139.0
449.0
391.0
426.0
443.0
394.0
424.0
378.0
493.0
403.0
131.0
156.0
130.0
167.0
171.0
147.0
137.0
171.0
134.0
193.0
188.0
152.0
165.0
388.0
138.0
176.0
158.0
150.0
138.0
154.0
170.0
147.0
175.0
141.0
137.0
142.0
159.0
368.0
144.0
136.0
177.0
176.0
150.0
147.0
167.0
143.0
441.0
168.0
166.0
157.0
136.0
175.0
153.0
168.0
132.0
177.0
141.0
134.0
151.0
165.0
170.0
141.0
147.0
174.0
464.0
167.0
158.0
491.0
152.0
176.0
168.0
159.0
177.0
163.0
173.0
131.0
157.0
429.0
147.0
170.0
135.0
139.0
133.0
164.0
140.0
161.0
160.0
135.0
140.0
164.0
172.0
147.0
142.0
130.0
164.0
429.0
131.0
139.0
142.0
136.0
149.0
173.0
156.0
145.0
156.0
487.0
150.0
434.0
145.0
408.0
453.0
478.0
401.0
373.0
459.0
382.0
414.0
472.0
141.0
166.0
144.0
151.0
157.0
138.0
167.0
130.0
166.0
179.0
197.0
137.0
162.0
439.0
139.0
132.0
149.0
159.0
165.0
148.0
173.0
130.0
165.0
131.0
173.0
134.0
162.0
382.0
132.0
134.0
164.0
149.0
130.0
139.0
166.0
130.0
401.0
162.0
146.0
175.0
155.0
160.0
140.0
170.0
166.0
152.0
146.0
169.0
175.0
148.0
155.0
169.0
139.0
155.0
466.0
175.0
166.0
425.0
150.0
175.0
150.0
138.0
153.0
160.0
131.0
159.0
157.0
387.0
151.0
168.0
165.0
156.0
130.0
170.0
165.0
136.0
132.0
135.0
163.0
170.0
173.0
172.0
135.0
112.0
168.0
375.0
175.0
163.0
160.0
159.0
169.0
154.0
137.0
160.0
170.0
486.0
163.0
381.0
159.0
462.0
423.0
479.0
371.0
378.0
376.0
383.0
472.0
388.0
137.0
173.0
162.0
164.0
152.0
167.0
153.0
161.0
158.0
182.0
195.0
168.0
134.0
450.0
165.0
140.0
170.0
144.0
150.0
160.0
138.0
159.0
141.0
144.0
135.0
151.0
136.0
486.0
134.0
156.0
135.0
159.0
143.0
142.0
170.0
133.0
468.0
173.0
163.0
143.0
176.0
148.0
140.0
167.0
138.0
141.0
175.0
168.0
168.0
147.0
154.0
132.0
141.0
160.0
443.0
141.0
131.0
394.0
172.0
139.0
176.0
131.0
173.0
140.0
151.0
153.0
138.0
403.0
148.0
141.0
146.0
136.0
170.0
168.0
131.0
177.0
174.0
146.0
162.0
138.0
151.0
150.0
159.0
123.0
136.0
407.0
133.0
160.0
131.0
134.0
166.0
172.0
171.0
142.0
160.0
491.0
133.0
449.0
155.0
451.0
421.0
473.0
484.0
370.0
435.0
431.0
387.0
427.0
162.0
139.0
170.0
145.0
164.0
146.0
168.0
135.0
139.0
171.0
187.0
137.0
156.0
466.0
136.0
161.0
151.0
167.0
137.0
173.0
141.0
158.0
131.0
133.0
147.0
162.0
142.0
427.0
141.0
159.0
145.0
131.0
156.0
141.0
159.0
145.0
427.0
135.0
137.0
131.0
176.0
164.0
145.0
173.0
134.0
131.0
164.0
168.0
147.0
162.0
139.0
133.0
119.0
166.0
433.0
175.0
134.0
440.0
175.0
143.0
145.0
160.0
134.0
172.0
168.0
175.0
163.0
373.0
175.0
169.0
135.0
177.0
147.0
170.0
158.0
152.0
156.0
145.0
175.0
136.0
158.0
157.0
171.0
123.0
162.0
377.0
174.0
145.0
154.0
139.0
163.0
160.0
168.0
142.0
158.0
478.0
142.0
480.0
169.0
417.0
371.0
435.0
481.0
422.0
412.0
398.0
469.0
454.0
162.0
171.0
152.0
169.0
172.0
157.0
171.0
140.0
151.0
152.0
189.0
155.0
172.0
462.0
167.0
131.0
167.0
148.0
167.0
133.0
164.0
149.0
137.0
168.0
172.0
141.0
176.0
383.0
159.0
163.0
153.0
159.0
152.0
151.0
148.0
150.0
389.0
136.0
132.0
142.0
154.0
139.0
132.0
140.0
142.0
136.0
150.0
134.0
166.0
130.0
170.0
173.0
125.0
164.0
435.0
151.0
133.0
441.0
148.0
136.0
161.0
170.0
171.0
149.0
157.0
150.0
170.0
452.0
131.0
172.0
168.0
144.0
164.0
160.0
164.0
142.0
169.0
160.0
138.0
154.0
135.0
177.0
162.0
151.0
132.0
458.0
139.0
131.0
139.0
134.0
140.0
158.0
152.0
149.0
142.0
401.0
162.0
431.0
144.0
429.0
477.0
457.0
415.0
469.0
368.0
426.0
364.0
448.0
150.0
130.0
150.0
175.0
154.0
139.0
139.0
175.0
131.0
204.0
199.0
162.0
141.0
460.0
173.0
165.0
167.0
171.0
150.0
148.0
177.0
168.0
177.0
169.0
158.0
155.0
149.0
444.0
177.0
171.0
149.0
147.0
169.0
142.0
163.0
177.0
391.0
137.0
169.0
154.0
176.0
149.0
144.0
174.0
172.0
134.0
169.0
170.0
156.0
152.0
176.0
160.0
134.0
159.0
411.0
155.0
172.0
393.0
139.0
171.0
135.0
176.0
173.0
146.0
141.0
157.0
133.0
489.0
160.0
138.0
170.0
140.0
161.0
158.0
166.0
156.0
134.0
135.0
153.0
176.0
145.0
136.0
171.0
143.0
161.0
417.0
150.0
148.0
161.0
157.0
140.0
176.0
143.0
166.0
152.0
405.0
160.0
406.0
161.0
482.0
447.0
375.0
473.0
426.0
387.0
406.0
402.0
429.0
143.0
133.0
134.0
131.0
161.0
144.0
162.0
136.0
145.0
190.0
162.0
171.0
147.0
381.0
151.0
149.0
138.0
133.0
146.0
168.0
142.0
168.0
174.0
151.0
176.0
144.0
133.0
413.0
154.0
159.0
140.0
168.0
176.0
152.0
169.0
157.0
431.0
174.0
137.0
159.0
160.0
171.0
131.0
137.0
156.0
137.0
171.0
163.0
161.0
145.0
158.0
174.0
149.0
143.0
387.0
166.0
161.0
436.0
174.0
161.0
169.0
161.0
151.0
151.0
131.0
177.0
150.0
468.0
162.0
144.0
153.0
158.0
140.0
145.0
136.0
177.0
136.0
153.0
167.0
145.0
140.0
157.0
148.0
127.0
152.0
473.0
173.0
149.0
152.0
175.0
145.0
155.0
173.0
163.0
132.0
411.0
135.0
402.0
149.0
411.0
387.0
364.0
467.0
468.0
435.0
379.0
490.0
444.0
171.0
152.0
143.0
157.0
144.0
147.0
151.0
144.0
139.0
