I_BRKGA_112_4_40_9_CESP
112 4 40 494.0
31130.5
30968.5
33131.5
35726.5
30975.5
32110.5
35507.5
31249.5
34021.5
32241.5
32638.5
30727.5
29411.5
33407.5
30995.5
33439.5
34093.5
29324.5
34512.5
34522.5
34151.5
32102.5
34125.5
31011.5
35664.5
32177.5
33687.5
30254.5
33472.5
35031.5
35468.5
35867.5
35536.5
36150.5
34783.5
30350.5
30601.5
32722.5
36244.5
32843.5
0.027871983208048474
0.021377191354398188
0.025322553848534348
0.023019527619475854
0.025312839362198254
0.022881941999269795
0.026257870823746546
0.02469310811245865
0.029226141862028713
0.024042905229064996
0.02936941003541998
0.02183674966591862
0.028049595132312703
0.024521751907364605
0.02726794030634844
0.020810431811169733
0.029821693935788256
0.024094714765591083
0.029081421157238756
0.02291323041574411
0.02843380628318462
0.02241459989270227
0.025634719092605163
0.02200135147267543
0.02750776375549717
0.02179315458426426
0.02537502615265461
0.02481089515566736
0.026167913354245988
0.021248270527831854
0.029513591154639154
0.02480550908983607
0.025981461222119633
0.022047802027087685
0.02868738432278136
0.0204032721011815
0.02725207889631172
0.02181283547389887
0.028683571711043084
0.017651991177652038
107.0
129.0
129.0
123.0
3842.0
29.0
1884.0
1957.0
507.0
1220.0
35.0
526.0
115.0
184.0
46.0
335.0
263.0
392.0
57.0
290.0
543.0
288.0
71.0
231.0
75.0
287.0
28.0
362.0
159.0
822.0
1361.0
590.0
347.0
1171.0
281.0
150.0
827.0
5233.0
5439.0
127.0
156.0
327.0
46.0
29.0
181.0
224.0
194.0
494.0
358.0
73.0
63.0
25.0
127.0
32.0
20.0
165.0
831.0
52.0
119.0
67.0
46.0
159.0
153.0
74.0
159.0
151.0
736.0
36.0
21.0
25.0
32.0
8.0
69.0
258.0
109.0
73.0
87.0
55.0
40.0
82.0
145.0
45.0
26.0
57.0
160.0
158.0
102.0
86.0
129.0
45.0
67.0
1561.0
54.0
58.0
71.0
25.0
163.0
273.0
33.0
273.0
130.0
260.0
81.0
137.0
784.0
223.0
69.0
1264.0
134.0
116.0
72.0
87.0
120.0
19.0
260.0
196.0
489.0
1309.0
35.0
550.0
114.0
184.0
46.0
330.0
253.0
373.0
58.0
312.0
531.0
282.0
70.0
234.0
78.0
291.0
28.0
366.0
157.0
795.0
1309.0
599.0
329.0
1125.0
284.0
153.0
822.0
5416.0
5625.0
131.0
169.0
311.0
48.0
29.0
192.0
207.0
188.0
492.0
367.0
72.0
62.0
26.0
127.0
33.0
20.0
179.0
897.0
50.0
118.0
62.0
46.0
155.0
150.0
75.0
157.0
145.0
754.0
35.0
21.0
25.0
31.0
8.0
74.0
269.0
110.0
72.0
84.0
56.0
41.0
83.0
148.0
47.0
27.0
56.0
158.0
164.0
104.0
82.0
127.0
45.0
67.0
1600.0
58.0
55.0
69.0
24.0
156.0
289.0
32.0
288.0
120.0
243.0
82.0
136.0
778.0
212.0
68.0
1168.0
127.0
126.0
72.0
85.0
115.0
19.0
248.0
193.0
482.0
1345.0
34.0
552.0
111.0
183.0
48.0
323.0
266.0
377.0
60.0
313.0
520.0
271.0
73.0
253.0
79.0
274.0
29.0
344.0
166.0
816.0
1356.0
551.0
338.0
1194.0
299.0
158.0
843.0
5001.0
5461.0
123.0
164.0
326.0
48.0
29.0
181.0
207.0
181.0
489.0
344.0
75.0
64.0
27.0
118.0
33.0
19.0
177.0
898.0
51.0
131.0
62.0
42.0
162.0
145.0
71.0
168.0
142.0
779.0
38.0
20.0
26.0
29.0
8.0
69.0
266.0
106.0
68.0
84.0
55.0
38.0
86.0
147.0
49.0
26.0
57.0
150.0
174.0
103.0
79.0
131.0
44.0
63.0
1521.0
57.0
55.0
67.0
25.0
166.0
283.0
33.0
263.0
120.0
241.0
75.0
131.0
802.0
213.0
67.0
1175.0
125.0
116.0
68.0
90.0
122.0
20.0
265.0
193.0
497.0
1337.0
34.0
507.0
120.0
176.0
44.0
334.0
258.0
383.0
56.0
289.0
553.0
266.0
71.0
241.0
75.0
282.0
27.0
340.0
169.0
816.0
1359.0
550.0
337.0
1145.0
290.0
145.0
790.0
5363.0
5867.0
120.0
166.0
307.0
50.0
27.0
189.0
206.0
194.0
533.0
366.0
79.0
65.0
26.0
118.0
31.0
20.0
169.0
883.0
53.0
124.0
65.0
42.0
166.0
140.0
73.0
167.0
139.0
728.0
35.0
21.0
25.0
31.0
8.0
69.0
273.0
109.0
74.0
83.0
55.0
40.0
81.0
142.0
48.0
27.0
56.0
151.0
166.0
103.0
81.0
126.0
44.0
67.0
1642.0
58.0
54.0
69.0
25.0
152.0
282.0
31.0
261.0
118.0
243.0
82.0
137.0
785.0
219.0
65.0
1229.0
122.0
119.0
72.0
91.0
113.0
20.0
267.0
199.0
480.0
1319.0
34.0
545.0
111.0
190.0
45.0
317.0
266.0
393.0
57.0
289.0
560.0
283.0
74.0
242.0
75.0
274.0
27.0
362.0
160.0
827.0
1283.0
548.0
348.0
1096.0
280.0
149.0
846.0
5496.0
5548.0
124.0
163.0
331.0
48.0
27.0
193.0
224.0
178.0
514.0
344.0
76.0
66.0
26.0
123.0
32.0
20.0
171.0
836.0
52.0
131.0
65.0
42.0
154.0
151.0
73.0
164.0
151.0
742.0
37.0
19.0
26.0
30.0
8.0
71.0
257.0
109.0
72.0
83.0
57.0
40.0
81.0
140.0
46.0
26.0
54.0
161.0
167.0
111.0
85.0
136.0
46.0
64.0
1510.0
56.0
54.0
71.0
26.0
152.0
278.0
33.0
286.0
121.0
249.0
82.0
138.0
800.0
206.0
68.0
1226.0
127.0
119.0
69.0
89.0
116.0
20.0
248.0
192.0
510.0
1330.0
35.0
536.0
120.0
185.0
47.0
325.0
247.0
397.0
57.0
290.0
556.0
266.0
69.0
244.0
78.0
296.0
27.0
361.0
164.0
836.0
1345.0
567.0
345.0
1165.0
286.0
151.0
804.0
5439.0
5981.0
126.0
163.0
324.0
47.0
29.0
187.0
225.0
180.0
534.0
366.0
79.0
63.0
26.0
124.0
30.0
19.0
166.0
861.0
53.0
131.0
63.0
44.0
152.0
146.0
74.0
157.0
140.0
791.0
35.0
19.0
26.0
29.0
8.0
70.0
254.0
111.0
73.0
85.0
59.0
38.0
84.0
149.0
47.0
25.0
56.0
161.0
165.0
109.0
87.0
129.0
48.0
63.0
1662.0
54.0
55.0
71.0
26.0
154.0
287.0
33.0
267.0
126.0
249.0
78.0
129.0
810.0
215.0
71.0
1204.0
128.0
118.0
68.0
92.0
114.0
20.0
252.0
200.0
502.0
1267.0
34.0
547.0
118.0
185.0
47.0
322.0
244.0
377.0
59.0
289.0
538.0
279.0
76.0
251.0
82.0
298.0
28.0
370.0
159.0
802.0
1363.0
581.0
335.0
1162.0
275.0
145.0
867.0
5192.0
5718.0
123.0
162.0
328.0
49.0
28.0
189.0
208.0
195.0
513.0
353.0
73.0
65.0
27.0
123.0
31.0
20.0
169.0
822.0
52.0
119.0
65.0
43.0
151.0
150.0
76.0
164.0
151.0
748.0
36.0
19.0
26.0
31.0
8.0
69.0
250.0
108.0
73.0
87.0
56.0
40.0
81.0
140.0
46.0
26.0
53.0
151.0
173.0
103.0
86.0
134.0
46.0
62.0
1572.0
57.0
56.0
66.0
25.0
158.0
295.0
33.0
284.0
125.0
252.0
82.0
141.0
793.0
223.0
66.0
1214.0
129.0
123.0
71.0
93.0
120.0
20.0
269.0
203.0
495.0
1237.0
36.0
517.0
113.0
182.0
48.0
336.0
248.0
392.0
61.0
311.0
545.0
279.0
74.0
253.0
79.0
295.0
28.0
338.0
158.0
785.0
1266.0
577.0
361.0
1145.0
291.0
145.0
849.0
5068.0
5443.0
123.0
160.0
307.0
47.0
28.0
183.0
226.0
188.0
502.0
354.0
79.0
62.0
25.0
121.0
32.0
19.0
167.0
880.0
53.0
122.0
64.0
43.0
166.0
147.0
72.0
153.0
152.0
739.0
35.0
20.0
26.0
31.0
8.0
73.0
274.0
110.0
74.0
87.0
57.0
40.0
82.0
148.0
46.0
25.0
57.0
151.0
169.0
111.0
80.0
133.0
44.0
61.0
1627.0
56.0
55.0
69.0
25.0
158.0
278.0
32.0
263.0
126.0
257.0
76.0
135.0
822.0
217.0
71.0
1233.0
125.0
126.0
73.0
91.0
121.0
20.0
252.0
193.0
494.0
1292.0
36.0
535.0
117.0
182.0
48.0
323.0
245.0
362.0
58.0
302.0
549.0
270.0
74.0
243.0
82.0
287.0
28.0
354.0
169.0
791.0
1391.0
551.0
351.0
1094.0
281.0
147.0
795.0
5309.0
5490.0
128.0
160.0
314.0
50.0
29.0
182.0
216.0
194.0
516.0
344.0
75.0
61.0
27.0
119.0
31.0
20.0
167.0
841.0
49.0
130.0
63.0
44.0
165.0
150.0
73.0
165.0
144.0
802.0
36.0
20.0
26.0
31.0
8.0
74.0
259.0
109.0
67.0
85.0
59.0
38.0
89.0
152.0
48.0
25.0
54.0
163.0
167.0
103.0
85.0
133.0
45.0
62.0
1642.0
59.0
55.0
70.0
25.0
151.0
271.0
32.0
272.0
119.0
236.0
82.0
132.0
759.0
205.0
68.0
1278.0
125.0
116.0
66.0
90.0
120.0
19.0
265.0
197.0
506.0
1226.0
34.0
529.0
113.0
188.0
46.0
335.0
251.0
394.0
58.0
294.0
516.0
286.0
75.0
248.0
80.0
283.0
29.0
360.0
170.0
845.0
1388.0
568.0
343.0
1198.0
283.0
153.0
799.0
5117.0
5478.0
129.0
158.0
328.0
49.0
29.0
189.0
216.0
195.0
505.0
345.0
79.0
63.0
26.0
117.0
33.0
19.0
163.0
894.0
50.0
123.0
65.0
44.0
151.0
144.0
70.0
158.0
153.0
757.0
37.0
20.0
24.0
32.0
8.0
69.0
276.0
113.0
73.0
84.0
59.0
39.0
81.0
153.0
49.0
27.0
56.0
155.0
174.0
101.0
83.0
132.0
47.0
62.0
1658.0
56.0
58.0
65.0
26.0
161.0
288.0
33.0
260.0
121.0
254.0
81.0
136.0
781.0
212.0
68.0
1252.0
134.0
124.0
73.0
85.0
118.0
18.0
253.0
196.0
492.0
1293.0
36.0
512.0
110.0
176.0
47.0
346.0
249.0
391.0
59.0
304.0
543.0
278.0
72.0
239.0
79.0
278.0
29.0
374.0
161.0
768.0
1323.0
548.0
348.0
1170.0
273.0
157.0
865.0
5276.0
5598.0
129.0
157.0
304.0
50.0
27.0
194.0
213.0
180.0
515.0
344.0
78.0
65.0
27.0
123.0
32.0
20.0
177.0
889.0
53.0
119.0
65.0
43.0
164.0
153.0
71.0
165.0
152.0
737.0
38.0
21.0
25.0
32.0
8.0
76.0
264.0
104.0
69.0
87.0
59.0
40.0
87.0
146.0
47.0
25.0
57.0
164.0
170.0
103.0
79.0
138.0
44.0
66.0
1631.0
58.0
54.0
71.0
26.0
151.0
282.0
31.0
288.0
128.0
236.0
82.0
131.0
770.0
204.0
65.0
1264.0
127.0
117.0
73.0
87.0
122.0
20.0
268.0
199.0
488.0
1344.0
33.0
545.0
120.0
175.0
48.0
321.0
268.0
393.0
56.0
297.0
544.0
276.0
72.0
232.0
77.0
294.0
28.0
373.0
164.0
801.0
1333.0
545.0
340.0
1130.0
293.0
159.0
851.0
5406.0
5620.0
131.0
170.0
314.0
49.0
29.0
176.0
226.0
183.0
501.0
357.0
75.0
67.0
26.0
121.0
32.0
20.0
171.0
867.0
52.0
121.0
61.0
46.0
165.0
142.0
73.0
159.0
148.0
738.0
35.0
21.0
25.0
31.0
8.0
73.0
272.0
105.0
67.0
91.0
55.0
38.0
81.0
150.0
46.0
26.0
53.0
153.0
167.0
104.0
80.0
132.0
46.0
66.0
1506.0
54.0
58.0
68.0
25.0
160.0
274.0
31.0
283.0
126.0
238.0
81.0
133.0
813.0
224.0
68.0
1238.0
130.0
120.0
71.0
91.0
118.0
19.0
249.0
200.0
478.0
1327.0
35.0
544.0
120.0
181.0
48.0
349.0
259.0
372.0
56.0
310.0
543.0
284.0
76.0
238.0
81.0
298.0
27.0
349.0
169.0
816.0
1289.0
551.0
356.0
1182.0
288.0
156.0
844.0
5263.0
5673.0
131.0
159.0
312.0
48.0
27.0
179.0
217.0
182.0
533.0
373.0
78.0
64.0
26.0
128.0
32.0
18.0
172.0
847.0
49.0
123.0
65.0
42.0
153.0
145.0
73.0
162.0
151.0
801.0
37.0
20.0
26.0
32.0
8.0
72.0
264.0
109.0
73.0
90.0
54.0
41.0
84.0
145.0
49.0
27.0
57.0
151.0
169.0
100.0
87.0
126.0
45.0
65.0
1526.0
55.0
57.0
65.0
25.0
161.0
290.0
32.0
287.0
119.0
258.0
78.0
138.0
826.0
221.0
68.0
1264.0
127.0
125.0
69.0
89.0
117.0
20.0
263.0
191.0
517.0
1280.0
34.0
557.0
109.0
185.0
46.0
316.0
247.0
392.0
58.0
292.0
524.0
277.0
76.0
251.0
78.0
293.0
29.0
351.0
165.0
832.0
1339.0
552.0
343.0
1104.0
288.0
152.0
817.0
5281.0
5776.0
126.0
157.0
320.0
48.0
28.0
194.0
205.0
184.0
496.0
350.0
74.0
61.0
27.0
119.0
32.0
19.0
175.0
818.0
50.0
129.0
65.0
43.0
159.0
140.0
72.0
163.0
147.0
802.0
35.0
20.0
25.0
31.0
8.0
74.0
254.0
110.0
73.0
86.0
59.0
38.0
84.0
150.0
48.0
25.0
55.0
156.0
171.0
111.0
83.0
127.0
45.0
64.0
1518.0
57.0
58.0
67.0
24.0
163.0
293.0
33.0
261.0
128.0
253.0
82.0
128.0
817.0
219.0
70.0
1191.0
131.0
127.0
69.0
85.0
122.0
19.0
264.0
193.0
497.0
1232.0
35.0
557.0
118.0
182.0
45.0
332.0
266.0
367.0
60.0
311.0
559.0
276.0
73.0
250.0
77.0
275.0
27.0
359.0
159.0
779.0
1369.0
559.0
335.0
1182.0
294.0
156.0
862.0
4996.0
5468.0
126.0
161.0
314.0
47.0
27.0
181.0
217.0
193.0
526.0
348.0
79.0
67.0
26.0
116.0
33.0
20.0
166.0
899.0
53.0
126.0
63.0
46.0
153.0
143.0
74.0
155.0
146.0
768.0
35.0
20.0
24.0
30.0
8.0
71.0
272.0
110.0
71.0
85.0
57.0
40.0
85.0
146.0
48.0
26.0
54.0
164.0
165.0
109.0
85.0
127.0
46.0
66.0
1607.0
59.0
54.0
71.0
26.0
162.0
280.0
31.0
287.0
119.0
256.0
82.0
136.0
772.0
209.0
68.0
1220.0
134.0
125.0
69.0
89.0
118.0
19.0
265.0
201.0
501.0
1253.0
36.0
511.0
116.0
183.0
46.0
348.0
256.0
363.0
58.0
307.0
508.0
279.0
75.0
244.0
81.0
290.0
29.0
363.0
158.0
827.0
1308.0
554.0
352.0
1198.0
301.0
150.0
860.0
5308.0
5625.0
131.0
172.0
330.0
50.0
27.0
189.0
214.0
188.0
526.0
348.0
75.0
66.0
26.0
117.0
33.0
19.0
169.0
832.0
50.0
126.0
64.0
44.0
156.0
144.0
71.0
168.0
142.0
727.0
36.0
20.0
25.0
31.0
8.0
76.0
268.0
103.0
69.0
85.0
58.0
39.0
82.0
144.0
46.0
26.0
57.0
160.0
165.0
101.0
85.0
131.0
48.0
65.0
1664.0
56.0
57.0
70.0
26.0
165.0
286.0
32.0
281.0
127.0
245.0
83.0
135.0
805.0
216.0
70.0
1175.0
127.0
126.0
69.0
87.0
114.0
19.0
265.0
202.0
485.0
1333.0
34.0
534.0
113.0
192.0
48.0
342.0
244.0
397.0
60.0
292.0
518.0
284.0
75.0
245.0
79.0
281.0
29.0
345.0
166.0
793.0
1352.0
551.0
335.0
1098.0
294.0
159.0
864.0
5226.0
5683.0
126.0
162.0
309.0
49.0
27.0
179.0
226.0
194.0
509.0
374.0
78.0
67.0
25.0
116.0
33.0
20.0
163.0
818.0
48.0
122.0
61.0
45.0
160.0
154.0
71.0
160.0
147.0
751.0
37.0
21.0
26.0
31.0
8.0
71.0
267.0
107.0
71.0
83.0
54.0
39.0
83.0
154.0
45.0
26.0
56.0
159.0
171.0
111.0
84.0
139.0
46.0
64.0
1526.0
54.0
54.0
66.0
25.0
151.0
292.0
31.0
268.0
125.0
237.0
82.0
133.0
755.0
217.0
66.0
1180.0
132.0
127.0
70.0
93.0
120.0
19.0
250.0
205.0
519.0
1240.0
34.0
509.0
116.0
189.0
45.0
327.0
268.0
378.0
57.0
299.0
532.0
280.0
71.0
236.0
76.0
302.0
27.0
339.0
161.0
804.0
1326.0
574.0
333.0
1110.0
288.0
151.0
828.0
5396.0
5888.0
121.0
156.0
327.0
47.0
28.0
194.0
220.0
186.0
487.0
343.0
78.0
67.0
27.0
118.0
32.0
19.0
167.0
827.0
51.0
127.0
63.0
45.0
159.0
147.0
75.0
152.0
153.0
795.0
35.0
20.0
24.0
32.0
8.0
75.0
269.0
110.0
69.0
85.0
54.0
41.0
86.0
140.0
48.0
26.0
58.0
148.0
158.0
101.0
83.0
137.0
45.0
61.0
1557.0
59.0
55.0
64.0
25.0
163.0
277.0
31.0
287.0
118.0
243.0
76.0
135.0
759.0
223.0
65.0
1207.0
124.0
123.0
71.0
86.0
117.0
20.0
270.0
200.0
513.0
1338.0
35.0
526.0
115.0
189.0
48.0
348.0
257.0
393.0
57.0
316.0
515.0
281.0
69.0
252.0
81.0
282.0
27.0
363.0
160.0
780.0
1378.0
567.0
328.0
1180.0
279.0
157.0
820.0
5475.0
5680.0
129.0
172.0
305.0
49.0
27.0
185.0
226.0
193.0
484.0
368.0
73.0
65.0
27.0
122.0
33.0
20.0
176.0
877.0
53.0
128.0
67.0
45.0
164.0
152.0
74.0
152.0
147.0
768.0
35.0
20.0
24.0
30.0
8.0
75.0
262.0
106.0
68.0
82.0
59.0
39.0
89.0
141.0
46.0
25.0
54.0
162.0
174.0
106.0
80.0
128.0
45.0
64.0
1654.0
56.0
55.0
68.0
24.0
164.0
273.0
30.0
274.0
125.0
241.0
79.0
131.0
761.0
224.0
66.0
1267.0
133.0
124.0
70.0
90.0
114.0
19.0
248.0
191.0
471.0
1335.0
36.0
538.0
119.0
179.0
44.0
345.0
259.0
369.0
60.0
310.0
523.0
286.0
74.0
236.0
76.0
289.0
29.0
375.0
164.0
777.0
1364.0
561.0
358.0
1163.0
299.0
152.0
850.0
5150.0
5731.0
124.0
171.0
336.0
50.0
29.0
185.0
217.0
183.0
529.0
367.0
73.0
64.0
27.0
123.0
31.0
19.0
174.0
832.0
53.0
124.0
63.0
46.0
157.0
141.0
74.0
159.0
150.0
755.0
36.0
21.0
25.0
30.0
8.0
76.0
261.0
103.0
68.0
86.0
59.0
41.0
85.0
146.0
45.0
25.0
56.0
155.0
173.0
101.0
87.0
134.0
46.0
64.0
1532.0
59.0
59.0
66.0
26.0
162.0
284.0
32.0
287.0
118.0
251.0
81.0
141.0
795.0
206.0
67.0
1206.0
131.0
125.0
70.0
93.0
117.0
20.0
264.0
200.0
485.0
1254.0
34.0
560.0
111.0
190.0
45.0
334.0
249.0
378.0
58.0
314.0
513.0
282.0
71.0
232.0
81.0
276.0
29.0
360.0
164.0
809.0
1306.0
579.0
347.0
1086.0
292.0
150.0
867.0
4992.0
5632.0
131.0
161.0
332.0
46.0
27.0
184.0
226.0
194.0
529.0
366.0
74.0
67.0
25.0
120.0
33.0
19.0
179.0
897.0
51.0
122.0
66.0
44.0
158.0
145.0
69.0
161.0
152.0
802.0
36.0
20.0
25.0
31.0
8.0
70.0
274.0
107.0
72.0
84.0
59.0
40.0
81.0
151.0
48.0
25.0
57.0
162.0
164.0
103.0
81.0
132.0
47.0
66.0
1631.0
58.0
57.0
68.0
26.0
165.0
283.0
32.0
280.0
126.0
240.0
82.0
139.0
775.0
209.0
64.0
1268.0
123.0
115.0
69.0
90.0
116.0
19.0
269.0
200.0
513.0
1257.0
36.0
518.0
118.0
191.0
48.0
330.0
263.0
384.0
58.0
316.0
545.0
290.0
76.0
243.0
81.0
299.0
28.0
362.0
160.0
801.0
1341.0
572.0
337.0
1189.0
276.0
154.0
801.0
5071.0
5668.0
131.0
159.0
322.0
48.0
27.0
193.0
206.0
180.0
506.0
368.0
78.0
67.0
27.0
121.0
32.0
19.0
173.0
842.0
51.0
123.0
66.0
44.0
156.0
141.0
76.0
152.0
141.0
776.0
35.0
20.0
26.0
31.0
8.0
73.0
257.0
102.0
68.0
90.0
54.0
41.0
83.0
146.0
48.0
26.0
55.0
163.0
172.0
108.0
79.0
137.0
47.0
64.0
1558.0
57.0
58.0
66.0
26.0
157.0
281.0
31.0
261.0
117.0
242.0
81.0
136.0
766.0
214.0
69.0
1187.0
131.0
115.0
73.0
88.0
116.0
20.0
256.0
203.0
505.0
1301.0
35.0
523.0
114.0
191.0
45.0
317.0
251.0
371.0
57.0
295.0
536.0
278.0
75.0
239.0
79.0
297.0
27.0
342.0
171.0
766.0
1383.0
588.0
337.0
1121.0
281.0
150.0
820.0
5514.0
5570.0
119.0
166.0
310.0
50.0
29.0
177.0
226.0
187.0
527.0
348.0
75.0
63.0
27.0
126.0
33.0
19.0
164.0
842.0
52.0
125.0
63.0
42.0
158.0
155.0
73.0
165.0
147.0
747.0
38.0
20.0
25.0
32.0
8.0
73.0
262.0
111.0
74.0
88.0
56.0
39.0
81.0
152.0
49.0
26.0
54.0
153.0
173.0
111.0
85.0
139.0
47.0
65.0
1518.0
56.0
55.0
67.0
24.0
164.0
298.0
33.0
264.0
123.0
251.0
79.0
133.0
769.0
218.0
70.0
1218.0
123.0
118.0
72.0
94.0
118.0
20.0
252.0
202.0
498.0
1255.0
35.0
555.0
110.0
193.0
44.0
342.0
251.0
388.0
59.0
295.0
509.0
278.0
72.0
244.0
77.0
289.0
27.0
342.0
159.0
805.0
1339.0
576.0
342.0
1173.0
291.0
147.0
844.0
5016.0
5984.0
128.0
171.0
309.0
48.0
29.0
182.0
221.0
181.0
524.0
350.0
73.0
63.0
27.0
116.0
31.0
19.0
163.0
815.0
53.0
127.0
65.0
43.0
164.0
155.0
74.0
166.0
152.0
733.0
36.0
21.0
25.0
32.0
8.0
71.0
256.0
103.0
71.0
88.0
57.0
39.0
89.0
145.0
47.0
26.0
57.0
149.0
172.0
104.0
82.0
131.0
44.0
62.0
1531.0
55.0
54.0
71.0
24.0
155.0
285.0
32.0
261.0
128.0
242.0
77.0
134.0
757.0
211.0
69.0
1250.0
128.0
117.0
66.0
91.0
117.0
19.0
264.0
197.0
492.0
1291.0
33.0
515.0
118.0
182.0
46.0
347.0
260.0
383.0
61.0
291.0
536.0
274.0
70.0
254.0
82.0
276.0
28.0
368.0
157.0
809.0
1358.0
569.0
339.0
1145.0
275.0
158.0
833.0
5071.0
5833.0
129.0
161.0
321.0
50.0
28.0
194.0
210.0
191.0
485.0
339.0
79.0
65.0
27.0
123.0
32.0
20.0
175.0
816.0
52.0
130.0
63.0
45.0
162.0
153.0
72.0
163.0
142.0
771.0
36.0
21.0
24.0
30.0
8.0
70.0
260.0
103.0
73.0
89.0
57.0
40.0
84.0
151.0
49.0
26.0
55.0
149.0
161.0
110.0
84.0
133.0
48.0
67.0
1650.0
58.0
55.0
69.0
26.0
161.0
285.0
33.0
266.0
123.0
260.0
75.0
134.0
820.0
223.0
68.0
1233.0
122.0
127.0
71.0
87.0
120.0
20.0
253.0
196.0
515.0
1229.0
36.0
508.0
113.0
190.0
46.0
325.0
265.0
397.0
58.0
313.0
555.0
295.0
76.0
240.0
82.0
293.0
27.0
372.0
159.0
771.0
1339.0
565.0
338.0
1106.0
292.0
158.0
851.0
5158.0
5833.0
129.0
168.0
312.0
50.0
27.0
190.0
209.0
188.0
534.0
358.0
78.0
63.0
27.0
119.0
31.0
19.0
165.0
886.0
49.0
129.0
66.0
46.0
164.0
146.0
72.0
162.0
144.0
784.0
36.0
20.0
25.0
30.0
8.0
73.0
263.0
113.0
68.0
89.0
55.0
38.0
83.0
143.0
45.0
25.0
55.0
161.0
166.0
104.0
81.0
132.0
46.0
67.0
1573.0
55.0
56.0
65.0
24.0
153.0
270.0
33.0
274.0
122.0
235.0
79.0
131.0
762.0
225.0
66.0
1172.0
121.0
124.0
69.0
90.0
117.0
19.0
259.0
198.0
474.0
1290.0
35.0
550.0
119.0
190.0
48.0
334.0
266.0
387.0
60.0
299.0
524.0
287.0
72.0
245.0
78.0
302.0
29.0
374.0
157.0
789.0
1323.0
591.0
330.0
1162.0
284.0
150.0
817.0
5212.0
5631.0
127.0
169.0
323.0
50.0
29.0
178.0
226.0
194.0
497.0
366.0
77.0
64.0
25.0
119.0
30.0
20.0
176.0
872.0
52.0
123.0
66.0
45.0
156.0
144.0
74.0
162.0
145.0
748.0
36.0
20.0
25.0
31.0
8.0
70.0
271.0
105.0
73.0
88.0
55.0
39.0
83.0
148.0
47.0
25.0
57.0
163.0
163.0
106.0
85.0
130.0
44.0
62.0
1593.0
57.0
57.0
70.0
25.0
157.0
294.0
33.0
285.0
119.0
259.0
77.0
129.0
801.0
209.0
66.0
1165.0
125.0
119.0
71.0
93.0
112.0
20.0
247.0
205.0
479.0
1231.0
36.0
532.0
112.0
193.0
47.0
325.0
247.0
371.0
60.0
314.0
505.0
285.0
70.0
240.0
82.0
282.0
29.0
365.0
168.0
780.0
1261.0
582.0
355.0
1163.0
282.0
145.0
809.0
5315.0
5703.0
130.0
169.0
321.0
50.0
28.0
181.0
225.0
182.0
501.0
356.0
73.0
61.0
26.0
126.0
33.0
20.0
162.0
820.0
52.0
131.0
63.0
42.0
156.0
151.0
69.0
156.0
153.0
750.0
38.0
20.0
26.0
29.0
8.0
74.0
265.0
109.0
68.0
83.0
59.0
40.0
85.0
147.0
46.0
25.0
54.0
158.0
174.0
106.0
84.0
127.0
47.0
65.0
1550.0
58.0
57.0
69.0
25.0
164.0
277.0
33.0
271.0
118.0
244.0
83.0
135.0
762.0
204.0
66.0
1206.0
133.0
119.0
68.0
86.0
111.0
20.0
269.0
190.0
483.0
1344.0
33.0
507.0
114.0
177.0
47.0
333.0
255.0
378.0
57.0
317.0
547.0
268.0
74.0
245.0
79.0
283.0
29.0
350.0
168.0
795.0
1269.0
542.0
346.0
1140.0
291.0
148.0
835.0
5399.0
6029.0
130.0
172.0
309.0
50.0
29.0
180.0
222.0
181.0
494.0
345.0
79.0
67.0
27.0
127.0
30.0
20.0
174.0
880.0
49.0
127.0
65.0
43.0
159.0
155.0
69.0
167.0
152.0
758.0
37.0
21.0
25.0
32.0
8.0
70.0
277.0
111.0
70.0
91.0
55.0
39.0
82.0
148.0
46.0
26.0
56.0
160.0
159.0
109.0
82.0
127.0
46.0
67.0
1629.0
58.0
55.0
65.0
25.0
154.0
274.0
30.0
276.0
121.0
255.0
76.0
137.0
785.0
216.0
64.0
1179.0
124.0
120.0
68.0
94.0
115.0
20.0
260.0
204.0
515.0
1271.0
34.0
552.0
110.0
181.0
45.0
345.0
244.0
385.0
58.0
311.0
554.0
291.0
73.0
233.0
77.0
276.0
28.0
346.0
161.0
819.0
1354.0
584.0
328.0
1197.0
288.0
159.0
800.0
5120.0
5723.0
125.0
161.0
304.0
48.0
28.0
186.0
214.0
190.0
526.0
359.0
73.0
61.0
25.0
121.0
31.0
19.0
176.0
846.0
49.0
124.0
65.0
45.0
160.0
146.0
75.0
163.0
144.0
784.0
35.0
20.0
26.0
29.0
8.0
72.0
257.0
105.0
74.0
87.0
57.0
40.0
85.0
144.0
46.0
26.0
58.0
155.0
160.0
102.0
84.0
132.0
44.0
67.0
1588.0
54.0
57.0
66.0
25.0
157.0
273.0
31.0
281.0
122.0
237.0
80.0
127.0
816.0
213.0
67.0
1201.0
122.0
125.0
70.0
92.0
114.0
19.0
272.0
196.0
501.0
1274.0
34.0
553.0
118.0
179.0
46.0
344.0
248.0
401.0
59.0
290.0
537.0
275.0
72.0
238.0
79.0
290.0
27.0
342.0
171.0
832.0
1393.0
568.0
340.0
1188.0
291.0
158.0
861.0
5301.0
5607.0
123.0
168.0
311.0
48.0
27.0
175.0
217.0
190.0
534.0
360.0
79.0
67.0
25.0
127.0
32.0
20.0
166.0
823.0
49.0
128.0
66.0
45.0
156.0
154.0
73.0
164.0
147.0
740.0
35.0
20.0
26.0
32.0
8.0
69.0
263.0
103.0
69.0
84.0
56.0
40.0
89.0
148.0
49.0
26.0
53.0
160.0
170.0
111.0
84.0
136.0
47.0
61.0
1520.0
55.0
55.0
66.0
26.0
157.0
282.0
32.0
267.0
118.0
250.0
83.0
136.0
774.0
215.0
66.0
1265.0
124.0
127.0
70.0
90.0
113.0
20.0
267.0
202.0
487.0
1293.0
35.0
551.0
120.0
185.0
45.0
342.0
270.0
364.0
60.0
315.0
519.0
287.0
71.0
249.0
82.0
292.0
27.0
339.0
168.0
792.0
1355.0
581.0
342.0
1172.0
301.0
148.0
838.0
5323.0
5535.0
125.0
163.0
332.0
50.0
29.0
191.0
215.0
186.0
513.0
345.0
75.0
64.0
25.0
124.0
31.0
18.0
169.0
842.0
51.0
123.0
63.0
42.0
166.0
142.0
73.0
155.0
138.0
774.0
36.0
19.0
24.0
32.0
8.0
75.0
272.0
112.0
70.0
84.0
58.0
41.0
89.0
146.0
48.0
27.0
57.0
152.0
162.0
106.0
79.0
136.0
47.0
67.0
1642.0
58.0
55.0
71.0
25.0
151.0
297.0
31.0
279.0
127.0
258.0
77.0
135.0
794.0
203.0
66.0
1187.0
125.0
120.0
71.0
91.0
114.0
20.0
250.0
202.0
493.0
1291.0
35.0
519.0
119.0
187.0
45.0
336.0
261.0
362.0
59.0
320.0
506.0
287.0
70.0
247.0
79.0
294.0
29.0
360.0
162.0
784.0
1270.0
575.0
353.0
1081.0
275.0
153.0
828.0
5303.0
5982.0
121.0
173.0
308.0
49.0
28.0
184.0
208.0
194.0
531.0
375.0
75.0
61.0
26.0
127.0
31.0
19.0
166.0
885.0
52.0
125.0
67.0
45.0
155.0
148.0
69.0
165.0
146.0
801.0
38.0
21.0
26.0
32.0
8.0
73.0
266.0
103.0
69.0
89.0
56.0
37.0
87.0
148.0
45.0
25.0
55.0
160.0
163.0
101.0
85.0
139.0
48.0
65.0
1628.0
54.0
56.0
66.0
25.0
167.0
277.0
31.0
268.0
122.0
254.0
76.0
133.0
805.0
217.0
68.0
1273.0
133.0
126.0
71.0
93.0
116.0
19.0
260.0
200.0
491.0
1257.0
33.0
560.0
114.0
179.0
44.0
324.0
262.0
381.0
61.0
314.0
559.0
272.0
74.0
230.0
80.0
277.0
27.0
374.0
168.0
792.0
1393.0
545.0
359.0
1145.0
280.0
158.0
800.0
5512.0
6034.0
131.0
160.0
309.0
50.0
28.0
190.0
206.0
183.0
506.0
350.0
78.0
61.0
25.0
118.0
32.0
20.0
174.0
890.0
51.0
124.0
61.0
43.0
163.0
141.0
73.0
156.0
143.0
777.0
35.0
21.0
26.0
29.0
8.0
73.0
269.0
110.0
67.0
87.0
54.0
40.0
83.0
146.0
47.0
25.0
58.0
161.0
165.0
110.0
79.0
131.0
46.0
65.0
1568.0
54.0
56.0
68.0
26.0
167.0
285.0
32.0
264.0
129.0
247.0
83.0
129.0
804.0
205.0
68.0
1179.0
123.0
118.0
69.0
93.0
115.0
20.0
257.0
192.0
477.0
1326.0
35.0
541.0
118.0
191.0
46.0
334.0
248.0
392.0
58.0
291.0
508.0
284.0
74.0
252.0
81.0
289.0
27.0
340.0
167.0
775.0
1301.0
568.0
356.0
1104.0
285.0
153.0
814.0
5520.0
5764.0
123.0
160.0
315.0
50.0
29.0
184.0
205.0
195.0
499.0
345.0
72.0
62.0
26.0
124.0
31.0
19.0
166.0
889.0
52.0
124.0
67.0
46.0
166.0
149.0
69.0
165.0
144.0
771.0
35.0
21.0
25.0
30.0
8.0
73.0
277.0
105.0
69.0
85.0
54.0
40.0
82.0
142.0
49.0
25.0
54.0
152.0
165.0
107.0
84.0
139.0
46.0
62.0
1653.0
55.0
55.0
66.0
25.0
151.0
289.0
31.0
269.0
130.0
245.0
78.0
139.0
801.0
221.0
67.0
1173.0
133.0
123.0
68.0
87.0
120.0
20.0
251.0
188.0
482.0
1260.0
35.0
515.0
113.0
191.0
47.0
340.0
265.0
392.0
60.0
305.0
559.0
269.0
70.0
238.0
82.0
302.0
28.0
346.0
163.0
830.0
1385.0
600.0
352.0
1101.0
281.0
158.0
827.0
5179.0
5437.0
124.0
157.0
305.0
47.0
27.0
190.0
205.0
195.0
502.0
340.0
78.0
67.0
27.0
118.0
33.0
20.0
166.0
904.0
49.0
125.0
63.0
43.0
165.0
151.0
76.0
160.0
143.0
766.0
38.0
21.0
25.0
30.0
8.0
70.0
251.0
108.0
70.0
86.0
56.0
40.0
84.0
144.0
45.0
26.0
56.0
154.0
174.0
105.0
81.0
135.0
46.0
63.0
1583.0
57.0
54.0
68.0
24.0
159.0
281.0
33.0
276.0
130.0
251.0
80.0
141.0
833.0
214.0
69.0
1287.0
129.0
119.0
67.0
94.0
116.0
19.0
251.0
205.0
469.0
1315.0
33.0
533.0
114.0
183.0
45.0
351.0
261.0
362.0
60.0
303.0
549.0
269.0
69.0
239.0
80.0
283.0
29.0
338.0
165.0
796.0
1349.0
595.0
329.0
1171.0
273.0
146.0
820.0
5248.0
5604.0
128.0
162.0
307.0
47.0
27.0
187.0
209.0
189.0
509.0
356.0
74.0
63.0
26.0
122.0
32.0
20.0
175.0
871.0
48.0
124.0
67.0
42.0
154.0
155.0
73.0
166.0
139.0
802.0
37.0
21.0
25.0
30.0
8.0
73.0
255.0
106.0
68.0
91.0
56.0
38.0
82.0
147.0
46.0
26.0
54.0
149.0
173.0
106.0
87.0
138.0
46.0
65.0
1551.0
55.0
57.0
70.0
26.0
167.0
294.0
33.0
288.0
126.0
257.0
76.0
128.0
799.0
221.0
67.0
1198.0
130.0
119.0
71.0
85.0
115.0
19.0
248.0
187.0
500.0
1222.0
34.0
548.0
120.0
193.0
47.0
325.0
254.0
377.0
59.0
316.0
539.0
289.0
73.0
241.0
82.0
286.0
28.0
375.0
170.0
814.0
1344.0
562.0
356.0
1190.0
284.0
147.0
853.0
5071.0
5669.0
129.0
160.0
324.0
48.0
27.0
182.0
220.0
181.0
509.0
338.0
72.0
61.0
26.0
119.0
31.0
19.0
177.0
824.0
49.0
129.0
61.0
44.0
164.0
148.0
74.0
163.0
140.0
762.0
36.0
21.0
24.0
32.0
8.0
70.0
268.0
108.0
72.0
86.0
59.0
40.0
87.0
150.0
48.0
25.0
56.0
149.0
165.0
106.0
84.0
137.0
48.0
62.0
1547.0
57.0
58.0
69.0
25.0
165.0
296.0
31.0
283.0
120.0
244.0
80.0
130.0
752.0
209.0
66.0
1173.0
124.0
120.0
70.0
92.0
118.0
18.0
254.0
194.0
481.0
1283.0
35.0
545.0
113.0
193.0
44.0
343.0
245.0
393.0
57.0
313.0
542.0
267.0
69.0
247.0
81.0
286.0
28.0
340.0
163.0
818.0
1385.0
561.0
334.0
1138.0
301.0
144.0
871.0
5327.0
5886.0
121.0
160.0
304.0
47.0
27.0
177.0
225.0
188.0
534.0
339.0
74.0
64.0
26.0
122.0
33.0
19.0
172.0
832.0
49.0
125.0
62.0
46.0
163.0
149.0
73.0
167.0
147.0
740.0
38.0
21.0
24.0
30.0
8.0
76.0
262.0
111.0
70.0
85.0
58.0
38.0
88.0
148.0
46.0
26.0
55.0
162.0
160.0
102.0
83.0
137.0
47.0
65.0
1578.0
54.0
59.0
70.0
25.0
153.0
276.0
30.0
272.0
122.0
237.0
79.0
133.0
751.0
222.0
69.0
1177.0
134.0
126.0
69.0
88.0
112.0
20.0
248.0
195.0
509.0
1287.0
33.0
525.0
120.0
178.0
44.0
328.0
262.0
397.0
56.0
292.0
512.0
285.0
71.0
244.0
77.0
278.0
29.0
340.0
163.0
829.0
1285.0
592.0
348.0
1088.0
273.0
149.0
874.0
5255.0
5832.0
123.0
162.0
328.0
49.0
27.0
194.0
225.0
179.0
518.0
339.0
76.0
66.0
25.0
116.0
33.0
19.0
170.0
871.0
52.0
130.0
63.0
43.0
154.0
151.0
72.0
166.0
140.0
745.0
37.0
19.0
26.0
31.0
8.0
72.0
254.0
109.0
69.0
91.0
57.0
40.0
87.0
148.0
48.0
25.0
55.0
163.0
169.0
107.0
83.0
137.0
47.0
65.0
1651.0
56.0
59.0
65.0
26.0
164.0
277.0
33.0
287.0
127.0
249.0
78.0
136.0
790.0
216.0
69.0
1240.0
129.0
120.0
71.0
92.0
114.0
19.0
245.0
205.0
176.0
153.0
174.0
163.0
422.0
176.0
154.0
157.0
166.0
135.0
132.0
139.0
141.0
156.0
162.0
139.0
164.0
132.0
474.0
141.0
155.0
168.0
141.0
155.0
144.0
168.0
133.0
471.0
176.0
160.0
165.0
172.0
169.0
142.0
168.0
161.0
160.0
144.0
145.0
131.0
145.0
137.0
154.0
117.0
165.0
447.0
175.0
169.0
434.0
134.0
166.0
150.0
135.0
134.0
165.0
135.0
135.0
145.0
382.0
151.0
133.0
143.0
164.0
170.0
137.0
158.0
132.0
138.0
130.0
145.0
157.0
159.0
138.0
161.0
132.0
158.0
442.0
162.0
168.0
144.0
149.0
131.0
167.0
135.0
156.0
169.0
490.0
138.0
407.0
144.0
410.0
436.0
480.0
430.0
400.0
373.0
470.0
449.0
412.0
158.0
132.0
155.0
143.0
140.0
140.0
135.0
152.0
177.0
169.0
181.0
171.0
170.0
398.0
166.0
147.0
174.0
131.0
176.0
151.0
156.0
172.0
174.0
153.0
147.0
145.0
146.0
414.0
159.0
165.0
134.0
156.0
153.0
155.0
145.0
159.0
478.0
166.0
175.0
138.0
134.0
130.0
148.0
155.0
156.0
148.0
142.0
144.0
135.0
168.0
147.0
133.0
142.0
168.0
425.0
170.0
131.0
458.0
140.0
175.0
173.0
171.0
159.0
134.0
157.0
135.0
177.0
404.0
167.0
177.0
165.0
136.0
137.0
136.0
174.0
150.0
152.0
169.0
150.0
147.0
158.0
168.0
166.0
134.0
177.0
476.0
141.0
170.0
160.0
150.0
130.0
149.0
173.0
164.0
177.0
446.0
168.0
469.0
166.0
400.0
423.0
436.0
368.0
392.0
486.0
476.0
396.0
480.0
162.0
174.0
147.0
166.0
135.0
134.0
170.0
136.0
141.0
206.0
185.0
150.0
145.0
410.0
133.0
141.0
131.0
175.0
133.0
158.0
147.0
157.0
171.0
133.0
157.0
135.0
156.0
386.0
160.0
161.0
174.0
160.0
142.0
177.0
139.0
164.0
379.0
146.0
147.0
169.0
140.0
171.0
133.0
164.0
140.0
151.0
140.0
152.0
141.0
167.0
167.0
160.0
143.0
169.0
428.0
151.0
137.0
471.0
135.0
135.0
133.0
171.0
134.0
139.0
143.0
160.0
142.0
493.0
172.0
156.0
132.0
141.0
151.0
155.0
144.0
154.0
153.0
142.0
169.0
141.0
132.0
162.0
146.0
120.0
169.0
487.0
173.0
173.0
153.0
171.0
163.0
133.0
158.0
136.0
145.0
418.0
174.0
425.0
131.0
409.0
432.0
418.0
449.0
484.0
405.0
464.0
380.0
460.0
151.0
152.0
169.0
145.0
157.0
165.0
130.0
135.0
161.0
197.0
176.0
139.0
144.0
371.0
154.0
156.0
138.0
133.0
172.0
136.0
156.0
154.0
137.0
139.0
176.0
172.0
133.0
490.0
133.0
165.0
159.0
133.0
152.0
150.0
164.0
160.0
437.0
145.0
147.0
174.0
169.0
147.0
152.0
172.0
159.0
143.0
176.0
133.0
148.0
160.0
158.0
155.0
134.0
169.0
441.0
131.0
135.0
466.0
142.0
155.0
168.0
151.0
132.0
152.0
136.0
161.0
161.0
472.0
149.0
155.0
139.0
164.0
143.0
135.0
158.0
171.0
174.0
133.0
165.0
158.0
154.0
169.0
173.0
143.0
157.0
487.0
153.0
131.0
164.0
139.0
147.0
146.0
160.0
146.0
130.0
446.0
138.0
424.0
151.0
460.0
388.0
463.0
440.0
414.0
411.0
453.0
430.0
478.0
136.0
136.0
169.0
140.0
154.0
132.0
175.0
155.0
148.0
179.0
173.0
153.0
154.0
380.0
162.0
144.0
156.0
166.0
147.0
157.0
155.0
145.0
155.0
175.0
164.0
140.0
174.0
406.0
175.0
146.0
135.0
131.0
160.0
171.0
152.0
157.0
376.0
168.0
157.0
154.0
133.0
162.0
131.0
154.0
142.0
176.0
164.0
172.0
158.0
158.0
144.0
140.0
128.0
156.0
379.0
149.0
156.0
427.0
175.0
172.0
149.0
153.0
155.0
147.0
145.0
175.0
146.0
413.0
164.0
135.0
145.0
174.0
173.0
168.0
159.0
147.0
161.0
134.0
142.0
170.0
167.0
160.0
151.0
143.0
144.0
463.0
138.0
168.0
177.0
131.0
167.0
175.0
159.0
142.0
137.0
418.0
161.0
466.0
151.0
371.0
445.0
368.0
433.0
376.0
434.0
476.0
460.0
380.0
156.0
142.0
143.0
159.0
141.0
142.0
166.0
149.0
174.0
176.0
174.0
139.0
140.0
452.0
175.0
150.0
132.0
130.0
161.0
161.0
159.0
133.0
143.0
138.0
172.0
145.0
145.0
492.0
172.0
176.0
147.0
139.0
167.0
142.0
136.0
169.0
375.0
174.0
160.0
166.0
153.0
147.0
144.0
154.0
139.0
143.0
150.0
167.0
164.0
171.0
131.0
133.0
145.0
146.0
451.0
176.0
150.0
472.0
161.0
161.0
142.0
131.0
174.0
166.0
147.0
150.0
152.0
489.0
162.0
160.0
176.0
147.0
151.0
148.0
144.0
137.0
167.0
134.0
159.0
159.0
147.0
140.0
158.0
141.0
154.0
429.0
130.0
177.0
134.0
134.0
145.0
171.0
144.0
136.0
147.0
422.0
150.0
384.0
145.0
464.0
422.0
436.0
383.0
406.0
453.0
446.0
445.0
413.0
165.0
151.0
152.0
137.0
145.0
145.0
134.0
140.0
159.0
172.0
163.0
154.0
157.0
471.0
130.0
159.0
138.0
135.0
137.0
164.0
143.0
149.0
135.0
171.0
130.0
153.0
132.0
461.0
155.0
144.0
149.0
177.0
169.0
138.0
151.0
167.0
441.0
165.0
160.0
144.0
163.0
134.0
159.0
134.0
156.0
155.0
146.0
159.0
149.0
140.0
142.0
153.0
129.0
143.0
451.0
142.0
139.0
421.0
134.0
144.0
167.0
133.0
165.0
167.0
161.0
138.0
158.0
441.0
175.0
177.0
167.0
146.0
135.0
172.0
143.0
136.0
165.0
176.0
172.0
169.0
132.0
149.0
142.0
139.0
160.0
431.0
145.0
168.0
134.0
135.0
146.0
165.0
165.0
161.0
163.0
369.0
173.0
490.0
155.0
481.0
484.0
489.0
446.0
475.0
485.0
418.0
464.0
418.0
166.0
163.0
139.0
132.0
161.0
135.0
145.0
160.0
175.0
154.0
199.0
170.0
131.0
428.0
152.0
154.0
140.0
145.0
144.0
139.0
145.0
138.0
153.0
166.0
167.0
152.0
162.0
375.0
130.0
145.0
145.0
159.0
146.0
158.0
168.0
149.0
409.0
158.0
145.0
168.0
161.0
154.0
157.0
161.0
162.0
145.0
166.0
135.0
157.0
151.0
159.0
140.0
137.0
137.0
417.0
157.0
160.0
477.0
132.0
155.0
133.0
168.0
168.0
168.0
144.0
149.0
145.0
483.0
168.0
157.0
164.0
134.0
150.0
168.0
148.0
132.0
130.0
161.0
140.0
170.0
167.0
132.0
169.0
120.0
164.0
409.0
172.0
155.0
152.0
153.0
148.0
150.0
160.0
139.0
170.0
366.0
153.0
401.0
150.0
484.0
402.0
459.0
462.0
442.0
402.0
443.0
454.0
468.0
149.0
149.0
154.0
137.0
150.0
143.0
135.0
177.0
155.0
154.0
165.0
137.0
135.0
392.0
175.0
143.0
137.0
147.0
165.0
168.0
175.0
144.0
174.0
166.0
167.0
141.0
146.0
492.0
161.0
172.0
158.0
145.0
158.0
171.0
135.0
142.0
458.0
130.0
170.0
154.0
141.0
163.0
155.0
172.0
144.0
131.0
160.0
151.0
175.0
147.0
157.0
163.0
148.0
175.0
458.0
140.0
170.0
400.0
139.0
132.0
147.0
153.0
168.0
134.0
167.0
140.0
141.0
453.0
159.0
145.0
155.0
153.0
138.0
158.0
159.0
157.0
164.0
152.0
176.0
163.0
144.0
174.0
140.0
144.0
164.0
470.0
173.0
131.0
168.0
159.0
170.0
145.0
162.0
157.0
163.0
387.0
158.0
371.0
172.0
459.0
458.0
368.0
478.0
482.0
475.0
410.0
385.0
363.0
132.0
141.0
140.0
157.0
152.0
176.0
146.0
144.0
131.0
201.0
197.0
153.0
163.0
372.0
158.0
154.0
150.0
142.0
149.0
171.0
138.0
131.0
175.0
133.0
150.0
144.0
166.0
424.0
134.0
150.0
163.0
152.0
174.0
163.0
145.0
137.0
459.0
136.0
153.0
175.0
165.0
142.0
173.0
176.0
145.0
135.0
162.0
133.0
172.0
132.0
164.0
133.0
119.0
140.0
385.0
141.0
171.0
367.0
146.0
142.0
174.0
159.0
159.0
141.0
133.0
151.0
131.0
415.0
148.0
146.0
136.0
164.0
130.0
159.0
131.0
147.0
144.0
145.0
137.0
166.0
173.0
151.0
144.0
150.0
169.0
460.0
136.0
140.0
132.0
155.0
133.0
139.0
168.0
164.0
139.0
380.0
141.0
466.0
168.0
463.0
471.0
405.0
435.0
391.0
409.0
461.0
393.0
459.0
132.0
130.0
132.0
136.0
175.0
152.0
154.0
149.0
172.0
168.0
176.0
171.0
165.0
489.0
161.0
157.0
150.0
172.0
162.0
133.0
143.0
142.0
131.0
164.0
153.0
135.0
133.0
393.0
160.0
133.0
174.0
165.0
171.0
160.0
146.0
131.0
367.0
135.0
160.0
159.0
169.0
161.0
158.0
158.0
159.0
172.0
141.0
159.0
172.0
146.0
143.0
155.0
120.0
140.0
473.0
144.0
132.0
446.0
175.0
145.0
134.0
139.0
173.0
143.0
173.0
153.0
175.0
395.0
170.0
175.0
167.0
158.0
161.0
142.0
135.0
164.0
142.0
170.0
140.0
175.0
164.0
165.0
140.0
118.0
137.0
410.0
144.0
159.0
140.0
138.0
152.0
143.0
148.0
150.0
144.0
481.0
144.0
366.0
173.0
483.0
467.0
451.0
487.0
451.0
382.0
449.0
435.0
384.0
139.0
169.0
153.0
142.0
170.0
167.0
163.0
143.0
152.0
164.0
174.0
147.0
176.0
490.0
174.0
167.0
160.0
146.0
163.0
150.0
134.0
157.0
138.0
136.0
172.0
155.0
132.0
367.0
165.0
135.0
153.0
172.0
170.0
169.0
146.0
159.0
457.0
168.0
133.0
148.0
164.0
164.0
177.0
147.0
156.0
162.0
166.0
164.0
150.0
142.0
136.0
152.0
123.0
168.0
480.0
151.0
177.0
365.0
130.0
145.0
160.0
134.0
161.0
152.0
165.0
148.0
155.0
393.0
140.0
138.0
163.0
163.0
164.0
163.0
131.0
138.0
147.0
175.0
150.0
174.0
171.0
167.0
134.0
148.0
176.0
395.0
141.0
149.0
161.0
140.0
163.0
133.0
167.0
169.0
168.0
438.0
147.0
374.0
145.0
473.0
468.0
486.0
383.0
457.0
435.0
425.0
409.0
428.0
138.0
177.0
155.0
159.0
158.0
149.0
158.0
151.0
142.0
196.0
185.0
133.0
143.0
429.0
131.0
144.0
177.0
169.0
174.0
157.0
141.0
136.0
153.0
143.0
152.0
142.0
133.0
458.0
160.0
144.0
173.0
166.0
131.0
131.0
173.0
172.0
475.0
173.0
141.0
140.0
144.0
144.0
152.0
157.0
133.0
174.0
174.0
131.0
169.0
149.0
137.0
176.0
112.0
170.0
418.0
131.0
170.0
371.0
147.0
145.0
166.0
175.0
163.0
164.0
146.0
168.0
155.0
409.0
151.0
132.0
135.0
138.0
147.0
133.0
158.0
161.0
134.0
173.0
153.0
168.0
168.0
142.0
169.0
115.0
152.0
394.0
131.0
164.0
137.0
151.0
135.0
176.0
133.0
143.0
167.0
475.0
173.0
404.0
159.0
435.0
472.0
485.0
364.0
461.0
483.0
420.0
487.0
378.0
145.0
157.0
168.0
142.0
142.0
172.0
156.0
147.0
155.0
178.0
200.0
163.0
142.0
400.0
160.0
154.0
134.0
162.0
150.0
130.0
174.0
132.0
161.0
158.0
137.0
161.0
144.0
404.0
155.0
139.0
165.0
152.0
160.0
152.0
141.0
156.0
430.0
142.0
138.0
137.0
143.0
151.0
138.0
154.0
165.0
165.0
159.0
164.0
169.0
162.0
176.0
172.0
115.0
166.0
413.0
158.0
140.0
477.0
131.0
165.0
130.0
142.0
155.0
147.0
173.0
176.0
140.0
365.0
168.0
142.0
171.0
131.0
131.0
145.0
170.0
152.0
172.0
167.0
176.0
168.0
165.0
149.0
132.0
134.0
152.0
477.0
173.0
144.0
159.0
135.0
176.0
174.0
148.0
133.0
138.0
390.0
176.0
480.0
150.0
449.0
418.0
395.0
385.0
424.0
406.0
371.0
427.0
385.0
165.0
167.0
176.0
175.0
168.0
138.0
150.0
132.0
164.0
154.0
190.0
154.0
159.0
440.0
159.0
144.0
175.0
140.0
171.0
159.0
163.0
173.0
169.0
158.0
159.0
157.0
175.0
401.0
131.0
173.0
153.0
131.0
135.0
175.0
145.0
171.0
432.0
131.0
137.0
168.0
132.0
163.0
154.0
164.0
148.0
154.0
139.0
149.0
145.0
175.0
143.0
176.0
150.0
142.0
443.0
166.0
164.0
378.0
153.0
142.0
143.0
175.0
176.0
169.0
159.0
173.0
132.0
399.0
176.0
138.0
158.0
142.0
137.0
158.0
160.0
157.0
169.0
166.0
166.0
148.0
149.0
163.0
148.0
112.0
166.0
379.0
142.0
142.0
137.0
170.0
153.0
155.0
156.0
164.0
173.0
393.0
166.0
395.0
163.0
428.0
470.0
450.0
417.0
413.0
417.0
399.0
464.0
417.0
165.0
146.0
139.0
154.0
152.0
156.0
164.0
144.0
140.0
163.0
186.0
176.0
151.0
401.0
136.0
143.0
164.0
158.0
134.0
142.0
171.0
131.0
142.0
175.0
146.0
166.0
158.0
384.0
167.0
160.0
132.0
169.0
167.0
173.0
140.0
166.0
393.0
173.0
142.0
164.0
157.0
142.0
171.0
139.0
144.0
136.0
133.0
138.0
131.0
149.0
138.0
175.0
120.0
144.0
385.0
163.0
154.0
447.0
157.0
138.0
173.0
154.0
138.0
138.0
157.0
148.0
151.0
404.0
165.0
173.0
152.0
135.0
141.0
162.0
160.0
173.0
156.0
163.0
155.0
171.0
137.0
177.0
165.0
143.0
176.0
451.0
153.0
174.0
176.0
165.0
136.0
134.0
137.0
135.0
147.0
380.0
161.0
408.0
151.0
375.0
438.0
365.0
420.0
457.0
475.0
487.0
483.0
444.0
142.0
153.0
141.0
161.0
141.0
160.0
145.0
141.0
144.0
199.0
195.0
159.0
134.0
424.0
153.0
143.0
156.0
160.0
148.0
138.0
155.0
164.0
161.0
143.0
165.0
153.0
165.0
463.0
143.0
139.0
139.0
159.0
167.0
165.0
155.0
171.0
492.0
164.0
147.0
146.0
147.0
133.0
140.0
170.0
176.0
157.0
150.0
138.0
174.0
165.0
161.0
136.0
142.0
139.0
438.0
172.0
167.0
493.0
161.0
175.0
160.0
165.0
150.0
164.0
161.0
176.0
147.0
426.0
155.0
138.0
146.0
140.0
146.0
166.0
158.0
157.0
157.0
170.0
135.0
130.0
172.0
136.0
138.0
143.0
171.0
468.0
162.0
141.0
169.0
133.0
132.0
131.0
148.0
161.0
136.0
449.0
168.0
418.0
146.0
447.0
442.0
493.0
464.0
430.0
430.0
365.0
416.0
490.0
156.0
152.0
146.0
140.0
172.0
130.0
161.0
141.0
156.0
176.0
179.0
154.0
153.0
458.0
152.0
142.0
143.0
139.0
146.0
161.0
150.0
161.0
165.0
138.0
156.0
169.0
139.0
374.0
139.0
134.0
166.0
132.0
155.0
162.0
151.0
175.0
384.0
163.0
152.0
162.0
157.0
147.0
159.0
144.0
135.0
172.0
137.0
133.0
151.0
149.0
162.0
131.0
117.0
137.0
441.0
136.0
144.0
427.0
142.0
150.0
171.0
130.0
156.0
140.0
174.0
143.0
146.0
462.0
173.0
136.0
165.0
163.0
168.0
169.0
167.0
137.0
156.0
130.0
135.0
150.0
150.0
163.0
149.0
134.0
173.0
448.0
159.0
145.0
152.0
153.0
166.0
139.0
137.0
176.0
148.0
456.0
135.0
374.0
157.0
482.0
387.0
410.0
410.0
482.0
402.0
427.0
470.0
365.0
150.0
155.0
134.0
153.0
138.0
143.0
147.0
140.0
138.0
201.0
170.0
168.0
145.0
434.0
160.0
169.0
171.0
135.0
162.0
140.0
148.0
157.0
149.0
133.0
131.0
135.0
176.0
428.0
145.0
130.0
164.0
172.0
132.0
153.0
161.0
135.0
370.0
164.0
138.0
156.0
168.0
177.0
132.0
154.0
170.0
136.0
176.0
176.0
133.0
164.0
161.0
146.0
112.0
146.0
460.0
170.0
149.0
408.0
133.0
164.0
147.0
156.0
166.0
141.0
149.0
176.0
139.0
405.0
130.0
154.0
132.0
141.0
139.0
135.0
175.0
162.0
168.0
131.0
136.0
134.0
176.0
132.0
147.0
121.0
143.0
447.0
139.0
139.0
146.0
164.0
130.0
151.0
138.0
148.0
146.0
444.0
145.0
459.0
174.0
484.0
418.0
438.0
370.0
455.0
389.0
471.0
372.0
421.0
162.0
168.0
161.0
175.0
140.0
163.0
164.0
175.0
152.0
204.0
163.0
131.0
172.0
384.0
177.0
163.0
168.0
144.0
140.0
137.0
148.0
158.0
132.0
176.0
142.0
167.0
175.0
433.0
143.0
167.0
145.0
144.0
169.0
149.0
150.0
138.0
443.0
140.0
159.0
139.0
177.0
151.0
172.0
168.0
137.0
150.0
138.0
136.0
158.0
140.0
147.0
135.0
151.0
136.0
440.0
147.0
134.0
437.0
146.0
134.0
153.0
140.0
156.0
166.0
149.0
159.0
158.0
464.0
149.0
154.0
169.0
162.0
144.0
157.0
144.0
174.0
145.0
157.0
161.0
162.0
143.0
164.0
135.0
127.0
149.0
377.0
156.0
143.0
132.0
143.0
159.0
131.0
152.0
150.0
159.0
463.0
151.0
452.0
162.0
448.0
386.0
438.0
374.0
459.0
493.0
446.0
398.0
416.0
166.0
155.0
152.0
175.0
176.0
157.0
138.0
130.0
169.0
153.0
205.0
170.0
174.0
485.0
134.0
167.0
154.0
145.0
145.0
141.0
171.0
165.0
156.0
137.0
174.0
169.0
138.0
471.0
169.0
137.0
155.0
142.0
130.0
159.0
164.0
170.0
388.0
140.0
160.0
168.0
145.0
161.0
169.0
154.0
141.0
156.0
173.0
136.0
158.0
177.0
153.0
162.0
135.0
151.0
430.0
161.0
135.0
464.0
171.0
134.0
167.0
157.0
164.0
137.0
164.0
133.0
155.0
370.0
173.0
145.0
176.0
166.0
174.0
157.0
140.0
164.0
136.0
170.0
140.0
166.0
149.0
141.0
133.0
137.0
147.0
419.0
142.0
175.0
158.0
151.0
131.0
170.0
131.0
164.0
149.0
482.0
171.0
438.0
133.0
443.0
440.0
417.0
380.0
454.0
455.0
460.0
401.0
409.0
157.0
161.0
133.0
165.0
149.0
131.0
176.0
140.0
135.0
200.0
153.0
176.0
168.0
371.0
159.0
139.0
175.0
145.0
138.0
176.0
158.0
168.0
159.0
149.0
138.0
140.0
156.0
454.0
160.0
172.0
144.0
142.0
139.0
153.0
155.0
133.0
462.0
135.0
147.0
165.0
160.0
130.0
150.0
136.0
161.0
147.0
162.0
150.0
144.0
156.0
157.0
132.0
129.0
176.0
445.0
164.0
139.0
408.0
139.0
163.0
170.0
142.0
160.0
171.0
156.0
133.0
161.0
392.0
152.0
154.0
153.0
135.0
171.0
162.0
164.0
176.0
162.0
146.0
153.0
161.0
135.0
159.0
140.0
132.0
136.0
403.0
162.0
166.0
164.0
165.0
155.0
177.0
152.0
174.0
173.0
443.0
173.0
482.0
158.0
450.0
419.0
373.0
462.0
422.0
469.0
476.0
452.0
455.0
173.0
161.0
150.0
145.0
164.0
138.0
166.0
132.0
170.0
187.0
182.0
138.0
150.0
404.0
160.0
166.0
168.0
153.0
171.0
156.0
153.0
165.0
156.0
149.0
144.0
176.0
169.0
441.0
157.0
139.0
160.0
160.0
135.0
137.0
138.0
165.0
485.0
174.0
175.0
135.0
137.0
170.0
142.0
160.0
161.0
144.0
138.0
162.0
142.0
155.0
155.0
171.0
126.0
136.0
475.0
153.0
164.0
401.0
158.0
160.0
152.0
152.0
160.0
168.0
159.0
154.0
159.0
435.0
171.0
139.0
165.0
154.0
174.0
157.0
135.0
145.0
148.0
176.0
151.0
142.0
148.0
135.0
138.0
126.0
155.0
364.0
176.0
159.0
139.0
152.0
141.0
151.0
173.0
142.0
142.0
431.0
154.0
450.0
173.0
409.0
382.0
413.0
380.0
481.0
442.0
434.0
446.0
417.0
145.0
132.0
151.0
159.0
130.0
149.0
149.0
130.0
175.0
160.0
184.0
154.0
142.0
483.0
140.0
141.0
159.0
147.0
171.0
165.0
156.0
146.0
157.0
139.0
170.0
154.0
149.0
402.0
131.0
138.0
164.0
164.0
170.0
142.0
170.0
170.0
381.0
137.0
135.0
157.0
158.0
164.0
154.0
160.0
148.0
154.0
146.0
130.0
153.0
147.0
153.0
168.0
122.0
161.0
419.0
135.0
156.0
472.0
131.0
162.0
157.0
137.0
160.0
138.0
139.0
175.0
133.0
440.0
132.0
139.0
157.0
176.0
150.0
171.0
172.0
159.0
134.0
135.0
167.0
140.0
165.0
138.0
173.0
145.0
174.0
441.0
162.0
158.0
148.0
139.0
165.0
151.0
138.0
175.0
177.0
401.0
144.0
428.0
143.0
438.0
405.0
370.0
423.0
491.0
420.0
382.0
373.0
465.0
173.0
137.0
137.0
137.0
170.0
154.0
163.0
143.0
163.0
183.0
207.0
142.0
130.0
467.0
156.0
130.0
143.0
145.0
169.0
169.0
175.0
171.0
151.0
136.0
171.0
148.0
170.0
441.0
165.0
137.0
165.0
163.0
156.0
133.0
150.0
158.0
451.0
155.0
142.0
155.0
155.0
173.0
148.0
139.0
163.0
153.0
169.0
142.0
177.0
168.0
160.0
139.0
145.0
142.0
414.0
168.0
176.0
444.0
143.0
164.0
157.0
176.0
172.0
166.0
165.0
174.0
134.0
400.0
150.0
144.0
168.0
145.0
141.0
151.0
148.0
163.0
148.0
154.0
139.0
137.0
130.0
146.0
147.0
115.0
151.0
421.0
164.0
164.0
143.0
147.0
167.0
158.0
143.0
169.0
172.0
446.0
150.0
489.0
135.0
421.0
459.0
395.0
415.0
415.0
438.0
368.0
370.0
448.0
159.0
171.0
167.0
141.0
164.0
166.0
154.0
173.0
143.0
178.0
153.0
144.0
171.0
368.0
173.0
147.0
148.0
149.0
155.0
169.0
162.0
175.0
177.0
146.0
160.0
170.0
133.0
485.0
140.0
131.0
174.0
133.0
161.0
173.0
131.0
136.0
389.0
146.0
134.0
151.0
163.0
135.0
164.0
160.0
143.0
147.0
165.0
160.0
159.0
160.0
177.0
141.0
144.0
176.0
462.0
169.0
161.0
375.0
164.0
135.0
168.0
171.0
138.0
164.0
153.0
175.0
170.0
381.0
141.0
141.0
162.0
140.0
136.0
148.0
142.0
136.0
154.0
173.0
176.0
174.0
177.0
131.0
173.0
139.0
148.0
466.0
132.0
169.0
168.0
175.0
143.0
161.0
177.0
160.0
153.0
438.0
170.0
447.0
162.0
454.0
416.0
383.0
424.0
385.0
489.0
383.0
494.0
364.0
135.0
157.0
171.0
145.0
164.0
144.0
152.0
147.0
139.0
172.0
159.0
173.0
159.0
494.0
159.0
149.0
151.0
151.0
141.0
148.0
141.0
159.0
148.0
174.0
131.0
168.0
143.0
380.0
158.0
157.0
147.0
167.0
137.0
139.0
146.0
169.0
413.0
172.0
145.0
154.0
149.0
153.0
172.0
167.0
138.0
171.0
162.0
164.0
174.0
140.0
149.0
137.0
112.0
176.0
417.0
142.0
143.0
417.0
159.0
146.0
158.0
163.0
167.0
170.0
144.0
130.0
131.0
376.0
169.0
151.0
161.0
168.0
151.0
143.0
174.0
170.0
139.0
172.0
150.0
138.0
141.0
174.0
163.0
142.0
146.0
479.0
166.0
169.0
139.0
146.0
161.0
130.0
155.0
174.0
169.0
364.0
168.0
394.0
140.0
475.0
403.0
426.0
402.0
492.0
385.0
450.0
436.0
461.0
175.0
154.0
176.0
174.0
146.0
148.0
156.0
148.0
143.0
207.0
155.0
132.0
160.0
428.0
145.0
169.0
138.0
160.0
135.0
130.0
158.0
157.0
174.0
149.0
152.0
164.0
161.0
405.0
167.0
175.0
167.0
170.0
150.0
170.0
153.0
147.0
410.0
158.0
136.0
136.0
168.0
130.0
153.0
140.0
150.0
176.0
143.0
153.0
152.0
161.0
148.0
177.0
120.0
166.0
494.0
141.0
146.0
464.0
167.0
140.0
174.0
149.0
150.0
170.0
141.0
144.0
145.0
447.0
158.0
147.0
147.0
154.0
169.0
146.0
130.0
175.0
146.0
155.0
130.0
142.0
153.0
166.0
158.0
118.0
176.0
374.0
130.0
156.0
153.0
159.0
151.0
162.0
166.0
161.0
136.0
388.0
166.0
490.0
131.0
373.0
434.0
476.0
368.0
490.0
391.0
420.0
384.0
468.0
135.0
135.0
166.0
152.0
159.0
143.0
173.0
140.0
171.0
203.0
175.0
162.0
171.0
381.0
133.0
170.0
171.0
146.0
146.0
164.0
134.0
142.0
147.0
171.0
176.0
132.0
166.0
422.0
171.0
152.0
143.0
161.0
151.0
149.0
165.0
134.0
422.0
158.0
163.0
173.0
161.0
140.0
153.0
166.0
132.0
161.0
169.0
158.0
148.0
158.0
149.0
137.0
116.0
149.0
403.0
152.0
175.0
403.0
131.0
172.0
164.0
167.0
151.0
150.0
137.0
148.0
173.0
387.0
172.0
161.0
157.0
156.0
175.0
137.0
151.0
139.0
133.0
150.0
163.0
176.0
177.0
157.0
155.0
135.0
153.0
491.0
137.0
140.0
170.0
173.0
141.0
166.0
165.0
152.0
153.0
426.0
134.0
466.0
141.0
434.0
386.0
435.0
426.0
446.0
383.0
435.0
413.0
389.0
159.0
142.0
152.0
168.0
175.0
131.0
171.0
133.0
166.0
176.0
180.0
168.0
145.0
445.0
163.0
161.0
130.0
172.0
134.0
140.0
138.0
163.0
159.0
136.0
172.0
176.0
162.0
391.0
153.0
149.0
147.0
144.0
174.0
173.0
162.0
138.0
385.0
165.0
157.0
136.0
146.0
159.0
143.0
171.0
153.0
136.0
165.0
164.0
165.0
138.0
166.0
156.0
132.0
133.0
479.0
160.0
176.0
472.0
167.0
158.0
137.0
154.0
151.0
173.0
175.0
168.0
168.0
493.0
138.0
139.0
165.0
145.0
154.0
147.0
166.0
152.0
169.0
160.0
161.0
142.0
146.0
166.0
175.0
132.0
145.0
392.0
174.0
134.0
170.0
164.0
168.0
165.0
139.0
173.0
163.0
479.0
142.0
409.0
140.0
426.0
385.0
492.0
431.0
450.0
428.0
484.0
457.0
450.0
141.0
150.0
168.0
140.0
145.0
131.0
173.0
163.0
134.0
176.0
191.0
140.0
145.0
424.0
136.0
172.0
159.0
151.0
141.0
173.0
137.0
160.0
139.0
167.0
134.0
148.0
134.0
403.0
154.0
157.0
141.0
175.0
136.0
144.0
156.0
167.0
429.0
161.0
175.0
171.0
151.0
148.0
136.0
136.0
164.0
163.0
162.0
132.0
153.0
145.0
142.0
141.0
138.0
172.0
491.0
150.0
158.0
484.0
166.0
176.0
164.0
138.0
175.0
176.0
148.0
140.0
151.0
472.0
173.0
143.0
143.0
151.0
146.0
168.0
146.0
169.0
172.0
145.0
167.0
154.0
167.0
158.0
133.0
114.0
156.0
367.0
166.0
170.0
137.0
170.0
173.0
153.0
147.0
157.0
176.0
475.0
149.0
459.0
134.0
431.0
477.0
491.0
379.0
374.0
489.0
477.0
435.0
450.0
137.0
133.0
145.0
149.0
157.0
162.0
135.0
136.0
153.0
162.0
200.0
131.0
176.0
459.0
135.0
149.0
163.0
142.0
174.0
170.0
139.0
156.0
141.0
167.0
130.0
167.0
166.0
378.0
170.0
170.0
137.0
173.0
153.0
132.0
163.0
142.0
370.0
131.0
132.0
139.0
171.0
139.0
155.0
169.0
137.0
172.0
134.0
148.0
135.0
171.0
131.0
169.0
125.0
136.0
483.0
173.0
146.0
405.0
157.0
138.0
173.0
159.0
164.0
145.0
150.0
142.0
172.0
423.0
151.0
150.0
161.0
161.0
177.0
142.0
138.0
165.0
159.0
133.0
168.0
171.0
134.0
160.0
132.0
146.0
130.0
377.0
143.0
177.0
140.0
138.0
174.0
162.0
148.0
133.0
133.0
444.0
138.0
383.0
154.0
471.0
382.0
459.0
367.0
365.0
372.0
405.0
403.0
399.0
141.0
168.0
150.0
154.0
142.0
132.0
148.0
162.0
133.0
202.0
195.0
156.0
149.0
431.0
152.0
149.0
175.0
168.0
144.0
132.0
156.0
134.0
168.0
136.0
165.0
145.0
153.0
417.0
140.0
162.0
156.0
156.0
167.0
134.0
150.0
167.0
420.0
144.0
137.0
142.0
132.0
138.0
136.0
130.0
137.0
162.0
172.0
173.0
165.0
158.0
165.0
174.0
117.0
175.0
447.0
163.0
177.0
442.0
162.0
138.0
152.0
153.0
165.0
167.0
176.0
171.0
158.0
420.0
162.0
169.0
132.0
144.0
141.0
153.0
149.0
141.0
134.0
157.0
136.0
140.0
148.0
173.0
135.0
116.0
138.0
448.0
160.0
167.0
173.0
157.0
155.0
147.0
174.0
147.0
174.0
479.0
156.0
429.0
130.0
377.0
395.0
476.0
436.0
472.0
446.0
455.0
492.0
374.0
152.0
144.0
145.0
141.0
175.0
151.0
150.0
158.0
165.0
185.0
161.0
143.0
166.0
411.0
149.0
141.0
161.0
168.0
147.0
173.0
142.0
149.0
138.0
167.0
164.0
174.0
172.0
452.0
130.0
156.0
158.0
173.0
176.0
162.0
172.0
146.0
375.0
162.0
136.0
131.0
161.0
146.0
142.0
134.0
136.0
166.0
176.0
171.0
167.0
166.0
159.0
161.0
148.0
153.0
490.0
147.0
174.0
423.0
132.0
131.0
177.0
141.0
151.0
135.0
174.0
164.0
154.0
477.0
132.0
146.0
132.0
139.0
157.0
131.0
171.0
166.0
172.0
162.0
149.0
160.0
156.0
140.0
153.0
119.0
146.0
459.0
162.0
139.0
136.0
139.0
170.0
173.0
131.0
171.0
136.0
450.0
139.0
395.0
140.0
454.0
444.0
368.0
425.0
443.0
364.0
486.0
453.0
369.0
144.0
168.0
143.0
166.0
141.0
163.0
140.0
143.0
159.0
192.0
157.0
158.0
171.0
472.0
172.0
170.0
149.0
131.0
164.0
160.0
145.0
145.0
146.0
164.0
142.0
164.0
137.0
367.0
147.0
131.0
143.0
143.0
131.0
133.0
161.0
168.0
408.0
165.0
145.0
134.0
172.0
138.0
152.0
148.0
136.0
153.0
164.0
140.0
148.0
145.0
168.0
166.0
130.0
171.0
448.0
150.0
134.0
396.0
149.0
176.0
175.0
153.0
137.0
133.0
135.0
134.0
136.0
397.0
153.0
153.0
165.0
158.0
152.0
150.0
159.0
149.0
145.0
143.0
166.0
173.0
136.0
172.0
154.0
149.0
153.0
383.0
143.0
150.0
172.0
171.0
177.0
142.0
132.0
140.0
161.0
459.0
134.0
483.0
172.0
366.0
437.0
393.0
474.0
382.0
480.0
371.0
474.0
373.0
145.0
168.0
148.0
171.0
166.0
174.0
154.0
161.0
130.0
171.0
197.0
175.0
141.0
469.0
145.0
155.0
172.0
148.0
136.0
171.0
174.0
145.0
158.0
176.0
159.0
172.0
152.0
492.0
175.0
145.0
136.0
173.0
154.0
163.0
171.0
153.0
416.0
143.0
133.0
168.0
146.0
177.0
146.0
148.0
149.0
166.0
149.0
168.0
165.0
176.0
172.0
172.0
120.0
154.0
444.0
153.0
131.0
436.0
173.0
167.0
164.0
165.0
177.0
132.0
167.0
137.0
156.0
401.0
141.0
172.0
133.0
174.0
160.0
160.0
150.0
170.0
152.0
151.0
169.0
176.0
172.0
145.0
143.0
134.0
174.0
440.0
173.0
176.0
152.0
133.0
132.0
141.0
156.0
160.0
160.0
467.0
158.0
429.0
168.0
412.0
423.0
409.0
376.0
482.0
472.0
401.0
388.0
454.0
146.0
137.0
172.0
147.0
163.0
158.0
161.0
150.0
167.0
155.0
160.0
147.0
172.0
428.0
141.0
152.0
136.0
158.0
176.0
135.0
130.0
161.0
130.0
176.0
149.0
152.0
148.0
413.0
164.0
175.0
144.0
177.0
166.0
140.0
159.0
142.0
452.0
147.0
153.0
156.0
130.0
148.0
161.0
163.0
162.0
162.0
151.0
162.0
156.0
134.0
157.0
141.0
138.0
164.0
451.0
130.0
155.0
469.0
173.0
149.0
176.0
140.0
131.0
137.0
148.0
157.0
161.0
421.0
149.0
136.0
146.0
168.0
153.0
157.0
155.0
162.0
156.0
168.0
144.0
159.0
141.0
175.0
168.0
117.0
172.0
427.0
149.0
156.0
150.0
136.0
149.0
173.0
138.0
163.0
144.0
418.0
165.0
408.0
155.0
454.0
455.0
473.0
478.0
447.0
465.0
442.0
446.0
371.0
164.0
169.0
130.0
134.0
135.0
173.0
165.0
131.0
162.0
205.0
153.0
150.0
170.0
368.0
145.0
140.0
169.0
159.0
162.0
147.0
146.0
143.0
154.0
146.0
154.0
151.0
176.0
415.0
137.0
131.0
159.0
148.0
167.0
136.0
153.0
158.0
432.0
138.0
146.0
177.0
166.0
172.0
151.0
163.0
170.0
150.0
131.0
159.0
152.0
149.0
149.0
150.0
137.0
148.0
447.0
168.0
134.0
417.0
164.0
176.0
158.0
152.0
176.0
145.0
171.0
131.0
147.0
458.0
144.0
172.0
146.0
150.0
159.0
146.0
171.0
143.0
160.0
132.0
160.0
171.0
156.0
133.0
154.0
134.0
134.0
406.0
172.0
136.0
170.0
142.0
148.0
147.0
173.0
140.0
131.0
411.0
158.0
384.0
177.0
467.0
471.0
452.0
413.0
447.0
424.0
387.0
459.0
400.0
166.0
132.0
140.0
166.0
160.0
171.0
163.0
157.0
142.0
158.0
156.0
152.0
158.0
374.0
155.0
133.0
160.0
161.0
131.0
140.0
139.0
141.0
154.0
144.0
130.0
141.0
176.0
401.0
146.0
159.0
164.0
167.0
134.0
153.0
164.0
158.0
403.0
166.0
155.0
167.0
163.0
153.0
173.0
162.0
150.0
135.0
131.0
166.0
137.0
171.0
136.0
149.0
127.0
150.0
474.0
156.0
147.0
472.0
158.0
131.0
137.0
166.0
170.0
138.0
167.0
170.0
130.0
465.0
142.0
132.0
145.0
156.0
134.0
158.0
136.0
168.0
165.0
138.0
133.0
165.0
164.0
138.0
152.0
145.0
157.0
485.0
166.0
133.0
177.0
166.0
161.0
175.0
161.0
135.0
152.0
468.0
150.0
446.0
174.0
400.0
405.0
456.0
401.0
465.0
400.0
408.0
410.0
449.0
149.0
146.0
137.0
154.0
152.0
157.0
135.0
141.0
166.0
179.0
203.0
140.0
163.0
366.0
157.0
139.0
153.0
134.0
145.0
149.0
176.0
167.0
147.0
142.0
152.0
136.0
154.0
415.0
141.0
135.0
143.0
142.0
161.0
145.0
142.0
140.0
423.0
150.0
140.0
165.0
162.0
174.0
168.0
163.0
174.0
164.0
167.0
147.0
143.0
160.0
156.0
166.0
145.0
148.0
388.0
152.0
172.0
429.0
175.0
177.0
136.0
138.0
159.0
154.0
139.0
136.0
162.0
407.0
163.0
169.0
173.0
150.0
164.0
166.0
173.0
133.0
169.0
162.0
167.0
139.0
156.0
163.0
163.0
116.0
172.0
492.0
147.0
174.0
176.0
151.0
156.0
143.0
148.0
141.0
137.0
437.0
138.0
427.0
141.0
369.0
389.0
391.0
424.0
478.0
368.0
442.0
448.0
409.0
145.0
172.0
138.0
175.0
172.0
163.0
168.0
165.0
154.0
