I_BRKGA_112_4_20_4_CESP
112 4 20 494.0
35232.5
32945.5
34053.5
32198.5
33830.5
28763.5
35871.5
33489.5
32909.5
30639.5
34143.5
31060.5
29185.5
34479.5
33045.5
31331.5
34000.5
36337.5
33904.5
28565.5
0.0500160576540473
0.049401132588265104
0.05160832258523465
0.0481335801304317
0.05725138478453029
0.044862540778383336
0.058230165780676725
0.04788959191900511
0.05420548657817885
0.042330239270604024
0.05614924054041208
0.04742736353532804
0.05317464719026733
0.0412899206452075
0.05075570216047706
0.04623185581835017
0.05406579324693451
0.04935267461534922
0.05198539656120467
0.0456389036171122
124.0
116.0
123.0
122.0
3842.0
29.0
1884.0
1957.0
468.0
1292.0
33.0
520.0
114.0
184.0
46.0
336.0
262.0
383.0
61.0
304.0
525.0
295.0
69.0
248.0
77.0
284.0
27.0
349.0
161.0
831.0
1347.0
595.0
342.0
1120.0
288.0
152.0
803.0
5307.0
5587.0
126.0
172.0
313.0
48.0
28.0
182.0
216.0
195.0
500.0
351.0
76.0
64.0
27.0
120.0
31.0
19.0
165.0
875.0
52.0
121.0
65.0
44.0
156.0
153.0
72.0
157.0
138.0
765.0
35.0
21.0
24.0
31.0
8.0
73.0
276.0
102.0
68.0
90.0
58.0
38.0
88.0
149.0
49.0
26.0
57.0
159.0
164.0
106.0
87.0
131.0
47.0
67.0
1588.0
58.0
54.0
71.0
24.0
160.0
273.0
33.0
263.0
122.0
248.0
79.0
132.0
799.0
208.0
68.0
1226.0
130.0
125.0
73.0
89.0
115.0
20.0
260.0
203.0
484.0
1293.0
36.0
547.0
113.0
175.0
48.0
345.0
252.0
396.0
59.0
309.0
509.0
284.0
74.0
250.0
81.0
273.0
27.0
368.0
166.0
822.0
1315.0
559.0
360.0
1092.0
276.0
149.0
840.0
5174.0
5977.0
129.0
159.0
307.0
51.0
29.0
192.0
210.0
193.0
523.0
343.0
78.0
62.0
26.0
123.0
32.0
19.0
170.0
875.0
49.0
130.0
65.0
42.0
165.0
146.0
76.0
154.0
145.0
797.0
35.0
19.0
26.0
30.0
8.0
71.0
264.0
105.0
73.0
83.0
55.0
41.0
85.0
146.0
49.0
27.0
55.0
163.0
169.0
110.0
79.0
126.0
45.0
61.0
1546.0
58.0
55.0
67.0
26.0
156.0
296.0
31.0
285.0
121.0
239.0
81.0
135.0
827.0
224.0
66.0
1164.0
122.0
120.0
73.0
93.0
112.0
19.0
252.0
188.0
508.0
1280.0
36.0
525.0
112.0
174.0
44.0
341.0
260.0
382.0
58.0
307.0
530.0
267.0
72.0
252.0
82.0
289.0
28.0
360.0
172.0
793.0
1289.0
555.0
338.0
1104.0
275.0
156.0
839.0
5349.0
5462.0
120.0
164.0
322.0
47.0
28.0
192.0
217.0
183.0
498.0
346.0
72.0
63.0
25.0
118.0
31.0
19.0
167.0
877.0
53.0
125.0
63.0
44.0
163.0
151.0
73.0
154.0
152.0
788.0
37.0
21.0
26.0
30.0
8.0
73.0
256.0
105.0
70.0
91.0
57.0
41.0
81.0
147.0
46.0
26.0
57.0
158.0
164.0
104.0
82.0
133.0
44.0
67.0
1607.0
57.0
54.0
64.0
26.0
162.0
297.0
31.0
283.0
130.0
254.0
83.0
137.0
766.0
216.0
70.0
1284.0
132.0
116.0
71.0
93.0
116.0
19.0
261.0
201.0
496.0
1313.0
34.0
555.0
117.0
187.0
45.0
330.0
251.0
385.0
56.0
312.0
534.0
295.0
70.0
239.0
75.0
280.0
28.0
358.0
164.0
831.0
1255.0
551.0
363.0
1129.0
276.0
150.0
855.0
5261.0
5651.0
124.0
168.0
316.0
50.0
29.0
184.0
204.0
182.0
502.0
362.0
73.0
64.0
25.0
117.0
31.0
20.0
164.0
854.0
49.0
122.0
66.0
43.0
159.0
154.0
76.0
158.0
148.0
796.0
37.0
20.0
26.0
31.0
8.0
76.0
275.0
110.0
68.0
85.0
54.0
38.0
82.0
150.0
49.0
25.0
55.0
159.0
170.0
101.0
84.0
136.0
44.0
67.0
1535.0
57.0
56.0
66.0
26.0
157.0
299.0
31.0
274.0
122.0
255.0
82.0
138.0
760.0
207.0
66.0
1206.0
122.0
124.0
68.0
87.0
112.0
19.0
262.0
192.0
498.0
1292.0
35.0
526.0
109.0
178.0
44.0
326.0
264.0
398.0
57.0
317.0
514.0
268.0
72.0
247.0
77.0
302.0
28.0
374.0
168.0
827.0
1325.0
601.0
339.0
1110.0
285.0
145.0
875.0
5342.0
5496.0
129.0
163.0
318.0
51.0
27.0
185.0
211.0
196.0
512.0
346.0
73.0
67.0
27.0
124.0
33.0
19.0
168.0
833.0
53.0
125.0
65.0
44.0
167.0
152.0
75.0
155.0
153.0
776.0
37.0
19.0
25.0
30.0
8.0
70.0
273.0
112.0
72.0
88.0
59.0
38.0
89.0
143.0
46.0
27.0
53.0
161.0
165.0
107.0
81.0
138.0
45.0
63.0
1585.0
59.0
54.0
70.0
25.0
164.0
288.0
31.0
260.0
129.0
250.0
80.0
135.0
774.0
213.0
66.0
1244.0
123.0
123.0
68.0
89.0
119.0
20.0
248.0
190.0
508.0
1332.0
35.0
512.0
109.0
180.0
46.0
325.0
251.0
370.0
59.0
312.0
515.0
286.0
75.0
232.0
75.0
297.0
28.0
346.0
158.0
798.0
1286.0
543.0
363.0
1101.0
275.0
155.0
823.0
5177.0
5749.0
127.0
157.0
326.0
47.0
29.0
180.0
213.0
178.0
530.0
343.0
72.0
62.0
25.0
125.0
31.0
19.0
170.0
849.0
49.0
124.0
67.0
44.0
158.0
141.0
73.0
158.0
151.0
731.0
35.0
21.0
24.0
31.0
8.0
73.0
261.0
111.0
69.0
86.0
57.0
40.0
85.0
150.0
46.0
25.0
57.0
162.0
168.0
109.0
83.0
138.0
45.0
62.0
1537.0
58.0
58.0
65.0
24.0
165.0
296.0
32.0
279.0
122.0
238.0
83.0
136.0
811.0
222.0
65.0
1270.0
131.0
124.0
71.0
86.0
122.0
20.0
260.0
207.0
517.0
1294.0
35.0
542.0
119.0
187.0
47.0
325.0
244.0
386.0
60.0
301.0
547.0
287.0
72.0
242.0
81.0
302.0
27.0
357.0
173.0
770.0
1364.0
563.0
361.0
1165.0
272.0
156.0
867.0
5067.0
5935.0
123.0
167.0
326.0
47.0
28.0
189.0
206.0
177.0
514.0
368.0
73.0
61.0
26.0
117.0
33.0
19.0
176.0
822.0
48.0
128.0
61.0
45.0
167.0
145.0
71.0
157.0
146.0
759.0
35.0
20.0
26.0
30.0
8.0
73.0
266.0
108.0
70.0
83.0
55.0
38.0
87.0
141.0
49.0
26.0
57.0
163.0
172.0
109.0
79.0
133.0
46.0
66.0
1526.0
54.0
59.0
67.0
24.0
167.0
299.0
31.0
283.0
119.0
247.0
80.0
133.0
774.0
215.0
68.0
1213.0
134.0
127.0
73.0
94.0
119.0
19.0
255.0
191.0
479.0
1329.0
36.0
519.0
114.0
177.0
46.0
332.0
269.0
366.0
58.0
320.0
510.0
295.0
71.0
245.0
78.0
288.0
29.0
340.0
166.0
800.0
1329.0
599.0
328.0
1169.0
281.0
154.0
790.0
5467.0
5809.0
125.0
163.0
322.0
47.0
29.0
192.0
212.0
196.0
495.0
344.0
72.0
67.0
26.0
126.0
31.0
19.0
177.0
898.0
50.0
122.0
61.0
43.0
153.0
150.0
76.0
161.0
150.0
798.0
36.0
20.0
24.0
30.0
8.0
69.0
259.0
108.0
68.0
83.0
56.0
41.0
88.0
146.0
46.0
25.0
54.0
161.0
174.0
109.0
86.0
132.0
48.0
65.0
1587.0
59.0
55.0
70.0
25.0
167.0
292.0
32.0
288.0
123.0
249.0
81.0
128.0
806.0
214.0
68.0
1207.0
127.0
127.0
67.0
88.0
112.0
20.0
255.0
197.0
504.0
1251.0
36.0
549.0
110.0
190.0
48.0
345.0
256.0
399.0
58.0
306.0
529.0
281.0
74.0
231.0
81.0
298.0
28.0
359.0
157.0
817.0
1375.0
586.0
331.0
1129.0
271.0
148.0
828.0
5488.0
5962.0
120.0
161.0
313.0
50.0
28.0
189.0
215.0
187.0
492.0
366.0
73.0
65.0
26.0
124.0
33.0
19.0
176.0
879.0
51.0
126.0
66.0
42.0
165.0
141.0
75.0
158.0
140.0
803.0
37.0
21.0
26.0
32.0
8.0
74.0
266.0
105.0
73.0
88.0
55.0
41.0
84.0
144.0
49.0
25.0
55.0
153.0
173.0
111.0
80.0
139.0
46.0
66.0
1554.0
58.0
56.0
64.0
25.0
162.0
285.0
31.0
277.0
118.0
258.0
76.0
133.0
758.0
216.0
70.0
1230.0
123.0
123.0
70.0
89.0
122.0
19.0
263.0
197.0
518.0
1220.0
36.0
512.0
120.0
178.0
47.0
328.0
249.0
394.0
61.0
314.0
505.0
268.0
75.0
239.0
79.0
288.0
28.0
345.0
168.0
819.0
1271.0
593.0
347.0
1102.0
273.0
146.0
846.0
5132.0
5977.0
119.0
167.0
313.0
49.0
29.0
177.0
209.0
188.0
525.0
363.0
78.0
64.0
25.0
124.0
33.0
19.0
176.0
858.0
51.0
131.0
65.0
46.0
159.0
155.0
76.0
158.0
141.0
759.0
38.0
21.0
24.0
31.0
8.0
71.0
263.0
109.0
73.0
89.0
55.0
38.0
87.0
142.0
47.0
26.0
56.0
163.0
175.0
111.0
85.0
136.0
44.0
61.0
1665.0
57.0
58.0
65.0
24.0
156.0
275.0
31.0
266.0
130.0
237.0
78.0
128.0
820.0
204.0
67.0
1286.0
128.0
125.0
68.0
85.0
114.0
19.0
263.0
205.0
499.0
1329.0
34.0
514.0
110.0
192.0
44.0
348.0
270.0
363.0
61.0
309.0
545.0
287.0
76.0
242.0
75.0
282.0
28.0
342.0
162.0
820.0
1278.0
590.0
340.0
1112.0
276.0
145.0
827.0
5000.0
5934.0
120.0
172.0
313.0
50.0
28.0
183.0
212.0
183.0
526.0
340.0
72.0
66.0
26.0
121.0
30.0
19.0
172.0
838.0
52.0
131.0
62.0
42.0
153.0
140.0
74.0
165.0
144.0
778.0
37.0
21.0
24.0
30.0
8.0
75.0
257.0
107.0
71.0
86.0
56.0
38.0
81.0
151.0
48.0
27.0
55.0
152.0
166.0
108.0
84.0
126.0
46.0
64.0
1573.0
59.0
57.0
69.0
26.0
164.0
276.0
32.0
285.0
118.0
241.0
82.0
136.0
762.0
221.0
66.0
1247.0
126.0
115.0
67.0
92.0
120.0
20.0
254.0
205.0
501.0
1301.0
33.0
509.0
119.0
187.0
47.0
319.0
252.0
376.0
57.0
304.0
531.0
273.0
76.0
254.0
81.0
284.0
29.0
350.0
166.0
782.0
1277.0
545.0
359.0
1109.0
275.0
152.0
815.0
5108.0
5781.0
123.0
166.0
315.0
51.0
28.0
191.0
211.0
189.0
529.0
355.0
79.0
66.0
26.0
123.0
32.0
20.0
176.0
847.0
53.0
119.0
61.0
46.0
157.0
147.0
75.0
152.0
142.0
793.0
35.0
20.0
26.0
30.0
8.0
76.0
252.0
106.0
69.0
91.0
56.0
38.0
88.0
145.0
46.0
27.0
56.0
154.0
168.0
106.0
82.0
130.0
45.0
62.0
1540.0
57.0
57.0
67.0
24.0
167.0
292.0
31.0
276.0
128.0
253.0
76.0
130.0
770.0
222.0
70.0
1218.0
126.0
115.0
69.0
93.0
116.0
19.0
255.0
197.0
519.0
1342.0
35.0
549.0
113.0
191.0
44.0
318.0
245.0
370.0
59.0
307.0
527.0
289.0
76.0
230.0
74.0
295.0
29.0
357.0
163.0
812.0
1374.0
576.0
356.0
1154.0
274.0
151.0
792.0
5103.0
5626.0
124.0
163.0
331.0
47.0
28.0
191.0
223.0
184.0
487.0
363.0
73.0
62.0
27.0
121.0
31.0
19.0
163.0
826.0
51.0
124.0
67.0
43.0
154.0
150.0
72.0
167.0
142.0
765.0
36.0
21.0
25.0
30.0
8.0
75.0
270.0
111.0
67.0
85.0
58.0
37.0
85.0
144.0
47.0
26.0
55.0
164.0
171.0
101.0
82.0
127.0
47.0
66.0
1604.0
56.0
57.0
69.0
24.0
159.0
285.0
31.0
265.0
126.0
245.0
79.0
140.0
793.0
213.0
68.0
1236.0
125.0
123.0
69.0
91.0
111.0
20.0
272.0
192.0
512.0
1218.0
35.0
538.0
112.0
185.0
48.0
331.0
262.0
368.0
57.0
318.0
537.0
291.0
74.0
231.0
76.0
297.0
27.0
375.0
165.0
802.0
1350.0
597.0
328.0
1182.0
289.0
159.0
864.0
5029.0
6002.0
125.0
173.0
333.0
47.0
29.0
192.0
225.0
177.0
488.0
362.0
76.0
66.0
25.0
123.0
32.0
19.0
167.0
862.0
52.0
131.0
64.0
46.0
151.0
144.0
73.0
168.0
146.0
739.0
37.0
19.0
25.0
32.0
8.0
70.0
265.0
105.0
70.0
90.0
58.0
38.0
86.0
151.0
46.0
26.0
58.0
156.0
168.0
108.0
80.0
136.0
48.0
65.0
1565.0
55.0
55.0
64.0
24.0
161.0
296.0
33.0
283.0
119.0
249.0
81.0
129.0
832.0
215.0
68.0
1202.0
125.0
124.0
72.0
93.0
119.0
19.0
270.0
197.0
519.0
1256.0
33.0
516.0
119.0
188.0
46.0
342.0
246.0
368.0
60.0
312.0
553.0
286.0
71.0
251.0
78.0
296.0
29.0
345.0
159.0
778.0
1301.0
563.0
346.0
1177.0
301.0
148.0
868.0
5356.0
6037.0
121.0
170.0
307.0
51.0
28.0
185.0
208.0
196.0
486.0
366.0
75.0
63.0
27.0
116.0
30.0
19.0
172.0
892.0
53.0
125.0
63.0
43.0
159.0
145.0
69.0
157.0
139.0
802.0
38.0
21.0
25.0
29.0
8.0
71.0
275.0
105.0
71.0
87.0
54.0
39.0
81.0
144.0
48.0
25.0
53.0
151.0
173.0
108.0
81.0
127.0
48.0
67.0
1517.0
58.0
56.0
66.0
24.0
163.0
280.0
31.0
273.0
130.0
240.0
78.0
135.0
803.0
208.0
66.0
1232.0
131.0
118.0
70.0
89.0
116.0
19.0
250.0
200.0
471.0
1311.0
35.0
545.0
120.0
182.0
48.0
317.0
268.0
364.0
58.0
301.0
551.0
288.0
75.0
236.0
77.0
283.0
28.0
375.0
168.0
811.0
1333.0
591.0
341.0
1177.0
288.0
146.0
804.0
5138.0
5508.0
121.0
167.0
307.0
47.0
29.0
183.0
205.0
186.0
506.0
341.0
77.0
65.0
25.0
117.0
32.0
19.0
179.0
866.0
49.0
129.0
64.0
43.0
160.0
149.0
73.0
168.0
142.0
731.0
37.0
20.0
25.0
31.0
8.0
74.0
274.0
109.0
74.0
88.0
56.0
40.0
81.0
141.0
45.0
26.0
57.0
156.0
166.0
106.0
79.0
133.0
48.0
61.0
1501.0
57.0
59.0
68.0
24.0
167.0
274.0
32.0
288.0
123.0
236.0
79.0
135.0
785.0
223.0
71.0
1196.0
129.0
127.0
71.0
89.0
112.0
20.0
258.0
188.0
504.0
1332.0
34.0
541.0
109.0
192.0
47.0
326.0
264.0
388.0
57.0
291.0
515.0
275.0
71.0
253.0
75.0
293.0
28.0
369.0
165.0
816.0
1340.0
588.0
343.0
1169.0
289.0
159.0
873.0
5009.0
6006.0
131.0
156.0
329.0
48.0
27.0
186.0
212.0
189.0
518.0
374.0
77.0
62.0
27.0
125.0
33.0
20.0
165.0
815.0
53.0
131.0
63.0
43.0
152.0
140.0
76.0
161.0
142.0
794.0
36.0
19.0
25.0
31.0
8.0
76.0
254.0
112.0
70.0
87.0
54.0
38.0
81.0
146.0
45.0
25.0
56.0
157.0
160.0
111.0
83.0
128.0
46.0
67.0
1600.0
56.0
59.0
66.0
24.0
151.0
273.0
32.0
274.0
117.0
255.0
81.0
140.0
817.0
203.0
66.0
1233.0
124.0
119.0
70.0
94.0
118.0
19.0
255.0
202.0
517.0
1266.0
35.0
542.0
119.0
193.0
46.0
327.0
244.0
401.0
61.0
320.0
515.0
276.0
71.0
241.0
76.0
274.0
28.0
365.0
166.0
809.0
1280.0
555.0
347.0
1193.0
273.0
153.0
833.0
5351.0
6020.0
119.0
166.0
318.0
49.0
27.0
180.0
217.0
183.0
532.0
374.0
78.0
62.0
26.0
121.0
32.0
20.0
178.0
852.0
52.0
126.0
64.0
43.0
157.0
152.0
71.0
159.0
144.0
782.0
36.0
21.0
24.0
30.0
8.0
74.0
255.0
113.0
73.0
83.0
56.0
40.0
83.0
146.0
46.0
26.0
55.0
163.0
163.0
111.0
84.0
136.0
48.0
66.0
1636.0
59.0
57.0
71.0
26.0
162.0
292.0
31.0
285.0
119.0
252.0
76.0
129.0
763.0
214.0
71.0
1183.0
123.0
127.0
73.0
88.0
121.0
20.0
254.0
207.0
516.0
1295.0
35.0
535.0
120.0
192.0
44.0
321.0
263.0
401.0
57.0
303.0
528.0
273.0
70.0
247.0
77.0
279.0
27.0
357.0
171.0
798.0
1273.0
575.0
328.0
1158.0
296.0
153.0
827.0
5495.0
5996.0
126.0
173.0
331.0
46.0
28.0
178.0
214.0
196.0
523.0
354.0
73.0
64.0
25.0
116.0
31.0
19.0
164.0
872.0
52.0
129.0
67.0
44.0
160.0
148.0
72.0
167.0
145.0
725.0
36.0
21.0
25.0
31.0
8.0
69.0
264.0
108.0
71.0
90.0
58.0
41.0
82.0
144.0
48.0
25.0
58.0
156.0
174.0
105.0
79.0
129.0
46.0
66.0
1531.0
54.0
59.0
69.0
24.0
152.0
298.0
30.0
272.0
123.0
250.0
77.0
138.0
790.0
214.0
66.0
1166.0
134.0
122.0
68.0
86.0
113.0
19.0
254.0
189.0
486.0
1282.0
36.0
505.0
111.0
175.0
46.0
326.0
246.0
379.0
56.0
307.0
535.0
276.0
73.0
251.0
75.0
292.0
28.0
358.0
166.0
770.0
1283.0
542.0
328.0
1130.0
281.0
150.0
794.0
5051.0
5796.0
128.0
159.0
316.0
47.0
28.0
190.0
205.0
184.0
485.0
345.0
76.0
61.0
25.0
126.0
33.0
19.0
174.0
846.0
49.0
124.0
62.0
43.0
158.0
151.0
74.0
162.0
150.0
802.0
38.0
21.0
26.0
29.0
8.0
71.0
273.0
103.0
70.0
84.0
55.0
41.0
87.0
151.0
49.0
25.0
56.0
156.0
166.0
103.0
80.0
130.0
47.0
67.0
1594.0
57.0
56.0
66.0
26.0
167.0
280.0
32.0
273.0
130.0
235.0
78.0
138.0
773.0
224.0
70.0
1199.0
123.0
126.0
67.0
93.0
114.0
20.0
262.0
203.0
159.0
153.0
176.0
145.0
483.0
135.0
147.0
155.0
157.0
142.0
170.0
166.0
158.0
172.0
148.0
134.0
141.0
132.0
448.0
142.0
167.0
139.0
146.0
176.0
161.0
145.0
149.0
494.0
173.0
160.0
169.0
149.0
175.0
153.0
137.0
177.0
152.0
141.0
156.0
153.0
173.0
158.0
138.0
115.0
132.0
379.0
148.0
163.0
428.0
148.0
156.0
155.0
135.0
157.0
133.0
143.0
161.0
172.0
428.0
165.0
146.0
167.0
170.0
172.0
167.0
174.0
172.0
154.0
169.0
164.0
155.0
132.0
139.0
135.0
141.0
146.0
441.0
168.0
167.0
131.0
146.0
160.0
162.0
149.0
131.0
165.0
467.0
152.0
388.0
171.0
425.0
442.0
471.0
372.0
488.0
412.0
392.0
429.0
448.0
132.0
161.0
173.0
136.0
175.0
154.0
151.0
172.0
169.0
171.0
177.0
174.0
166.0
436.0
158.0
168.0
142.0
173.0
156.0
152.0
162.0
137.0
174.0
146.0
136.0
130.0
140.0
382.0
142.0
176.0
170.0
158.0
168.0
139.0
134.0
176.0
475.0
147.0
161.0
142.0
131.0
165.0
167.0
176.0
133.0
156.0
138.0
151.0
161.0
139.0
150.0
172.0
119.0
142.0
471.0
141.0
142.0
410.0
166.0
140.0
162.0
169.0
158.0
154.0
147.0
144.0
160.0
428.0
165.0
152.0
153.0
153.0
171.0
154.0
134.0
166.0
137.0
140.0
175.0
162.0
169.0
143.0
163.0
133.0
169.0
366.0
164.0
149.0
157.0
133.0
158.0
158.0
172.0
154.0
160.0
464.0
139.0
387.0
162.0
454.0
412.0
460.0
488.0
409.0
397.0
434.0
448.0
475.0
151.0
169.0
157.0
134.0
132.0
153.0
132.0
152.0
147.0
181.0
193.0
176.0
171.0
486.0
140.0
146.0
164.0
158.0
160.0
136.0
174.0
152.0
145.0
138.0
161.0
139.0
158.0
421.0
150.0
166.0
134.0
141.0
143.0
176.0
133.0
160.0
492.0
173.0
171.0
144.0
175.0
148.0
141.0
133.0
149.0
143.0
143.0
175.0
177.0
150.0
148.0
165.0
148.0
130.0
376.0
131.0
133.0
468.0
175.0
140.0
144.0
134.0
171.0
148.0
131.0
154.0
146.0
442.0
136.0
149.0
164.0
132.0
153.0
162.0
144.0
152.0
150.0
171.0
173.0
146.0
170.0
131.0
142.0
112.0
149.0
465.0
151.0
161.0
132.0
152.0
131.0
172.0
131.0
147.0
161.0
384.0
163.0
408.0
156.0
425.0
402.0
409.0
461.0
367.0
369.0
473.0
383.0
458.0
155.0
167.0
135.0
164.0
140.0
176.0
156.0
151.0
143.0
200.0
153.0
167.0
149.0
477.0
155.0
142.0
141.0
138.0
163.0
159.0
144.0
151.0
154.0
170.0
171.0
163.0
176.0
471.0
143.0
155.0
151.0
175.0
131.0
147.0
142.0
155.0
392.0
147.0
173.0
164.0
137.0
145.0
137.0
145.0
165.0
149.0
153.0
165.0
155.0
169.0
144.0
177.0
117.0
165.0
373.0
147.0
146.0
474.0
170.0
135.0
170.0
159.0
168.0
166.0
150.0
134.0
149.0
400.0
156.0
160.0
168.0
150.0
174.0
132.0
140.0
140.0
170.0
134.0
152.0
137.0
174.0
140.0
135.0
136.0
147.0
487.0
159.0
156.0
161.0
151.0
158.0
160.0
166.0
176.0
138.0
387.0
166.0
432.0
164.0
433.0
483.0
434.0
473.0
366.0
389.0
459.0
377.0
425.0
134.0
151.0
135.0
162.0
137.0
165.0
161.0
163.0
147.0
183.0
171.0
169.0
160.0
420.0
157.0
135.0
170.0
154.0
139.0
156.0
135.0
137.0
173.0
165.0
148.0
132.0
138.0
470.0
159.0
167.0
157.0
175.0
170.0
150.0
151.0
166.0
378.0
141.0
165.0
152.0
131.0
164.0
165.0
144.0
147.0
172.0
167.0
133.0
137.0
177.0
162.0
149.0
146.0
147.0
449.0
142.0
170.0
389.0
131.0
165.0
145.0
137.0
160.0
147.0
173.0
146.0
149.0
370.0
146.0
170.0
163.0
168.0
145.0
137.0
133.0
166.0
160.0
174.0
137.0
168.0
144.0
174.0
176.0
129.0
140.0
399.0
173.0
134.0
151.0
134.0
173.0
148.0
144.0
147.0
132.0
375.0
171.0
458.0
134.0
395.0
404.0
489.0
364.0
413.0
446.0
365.0
437.0
435.0
143.0
160.0
133.0
145.0
175.0
159.0
146.0
145.0
156.0
194.0
176.0
173.0
171.0
454.0
142.0
169.0
173.0
143.0
160.0
138.0
156.0
141.0
144.0
131.0
174.0
133.0
156.0
415.0
135.0
170.0
132.0
151.0
163.0
174.0
162.0
136.0
391.0
170.0
151.0
166.0
171.0
139.0
135.0
130.0
172.0
170.0
158.0
155.0
137.0
135.0
165.0
136.0
128.0
158.0
478.0
175.0
171.0
460.0
133.0
157.0
140.0
152.0
140.0
159.0
136.0
154.0
146.0
401.0
175.0
176.0
162.0
139.0
138.0
154.0
149.0
132.0
162.0
134.0
136.0
146.0
137.0
144.0
158.0
151.0
172.0
432.0
136.0
151.0
131.0
151.0
156.0
134.0
174.0
172.0
133.0
429.0
138.0
465.0
133.0
388.0
407.0
467.0
444.0
477.0
477.0
363.0
459.0
374.0
141.0
158.0
133.0
142.0
154.0
147.0
168.0
131.0
173.0
183.0
166.0
155.0
174.0
437.0
164.0
146.0
149.0
140.0
148.0
163.0
135.0
161.0
169.0
156.0
136.0
145.0
148.0
452.0
137.0
144.0
171.0
152.0
170.0
136.0
130.0
152.0
472.0
172.0
160.0
169.0
142.0
130.0
161.0
174.0
135.0
138.0
145.0
132.0
135.0
155.0
130.0
173.0
125.0
158.0
375.0
143.0
139.0
482.0
135.0
133.0
152.0
140.0
150.0
161.0
149.0
171.0
151.0
385.0
174.0
150.0
155.0
136.0
172.0
172.0
155.0
169.0
153.0
133.0
157.0
177.0
153.0
169.0
146.0
145.0
168.0
420.0
135.0
147.0
167.0
174.0
143.0
177.0
173.0
164.0
136.0
401.0
170.0
408.0
132.0
429.0
422.0
407.0
421.0
452.0
432.0
466.0
372.0
473.0
173.0
158.0
160.0
131.0
136.0
174.0
164.0
131.0
148.0
168.0
174.0
169.0
132.0
482.0
139.0
163.0
157.0
166.0
146.0
172.0
160.0
146.0
138.0
153.0
136.0
164.0
143.0
392.0
170.0
166.0
177.0
173.0
147.0
156.0
174.0
174.0
410.0
147.0
170.0
172.0
145.0
154.0
135.0
160.0
149.0
140.0
148.0
168.0
130.0
142.0
150.0
175.0
113.0
171.0
388.0
170.0
141.0
411.0
144.0
148.0
133.0
143.0
173.0
141.0
155.0
138.0
156.0
403.0
156.0
142.0
136.0
156.0
154.0
154.0
151.0
155.0
174.0
135.0
172.0
133.0
158.0
173.0
136.0
141.0
158.0
488.0
175.0
132.0
131.0
158.0
154.0
155.0
141.0
136.0
166.0
379.0
136.0
486.0
167.0
436.0
437.0
401.0
390.0
457.0
379.0
468.0
375.0
494.0
167.0
158.0
170.0
145.0
131.0
142.0
130.0
139.0
158.0
186.0
161.0
132.0
134.0
395.0
135.0
165.0
165.0
143.0
139.0
175.0
146.0
156.0
146.0
164.0
136.0
157.0
140.0
443.0
168.0
164.0
157.0
138.0
160.0
148.0
166.0
150.0
439.0
148.0
170.0
173.0
146.0
167.0
166.0
144.0
166.0
153.0
168.0
163.0
158.0
168.0
174.0
132.0
121.0
168.0
481.0
148.0
142.0
439.0
143.0
173.0
139.0
154.0
163.0
163.0
176.0
161.0
130.0
383.0
160.0
130.0
133.0
131.0
162.0
138.0
151.0
163.0
157.0
167.0
147.0
155.0
175.0
171.0
143.0
134.0
134.0
429.0
151.0
160.0
162.0
176.0
173.0
159.0
144.0
134.0
175.0
461.0
161.0
388.0
136.0
374.0
373.0
398.0
375.0
365.0
401.0
389.0
484.0
409.0
159.0
168.0
169.0
168.0
149.0
152.0
152.0
152.0
174.0
173.0
193.0
175.0
141.0
448.0
150.0
176.0
172.0
134.0
172.0
165.0
140.0
132.0
147.0
153.0
158.0
162.0
167.0
465.0
141.0
171.0
148.0
158.0
177.0
144.0
137.0
147.0
435.0
153.0
131.0
147.0
167.0
174.0
158.0
131.0
141.0
152.0
143.0
148.0
176.0
160.0
158.0
151.0
124.0
159.0
487.0
144.0
141.0
368.0
172.0
148.0
140.0
164.0
175.0
170.0
136.0
131.0
147.0
405.0
139.0
157.0
143.0
151.0
143.0
154.0
153.0
169.0
174.0
147.0
157.0
143.0
134.0
144.0
130.0
141.0
134.0
423.0
156.0
175.0
162.0
145.0
146.0
134.0
136.0
163.0
131.0
437.0
144.0
445.0
137.0
475.0
486.0
486.0
446.0
416.0
469.0
487.0
459.0
411.0
172.0
131.0
148.0
134.0
167.0
133.0
148.0
158.0
160.0
166.0
195.0
147.0
166.0
440.0
166.0
139.0
145.0
135.0
164.0
134.0
176.0
158.0
141.0
139.0
151.0
149.0
136.0
401.0
137.0
164.0
133.0
162.0
148.0
132.0
139.0
134.0
366.0
136.0
162.0
176.0
148.0
162.0
149.0
163.0
167.0
172.0
169.0
173.0
135.0
149.0
143.0
159.0
119.0
135.0
453.0
153.0
177.0
400.0
164.0
152.0
167.0
164.0
176.0
163.0
171.0
158.0
145.0
401.0
157.0
174.0
131.0
165.0
151.0
146.0
173.0
152.0
175.0
139.0
162.0
148.0
136.0
144.0
148.0
112.0
132.0
363.0
150.0
166.0
164.0
137.0
166.0
154.0
143.0
138.0
135.0
386.0
144.0
427.0
142.0
422.0
419.0
480.0
491.0
427.0
381.0
446.0
476.0
404.0
168.0
141.0
147.0
152.0
168.0
150.0
165.0
169.0
130.0
187.0
186.0
165.0
136.0
490.0
147.0
133.0
164.0
159.0
164.0
158.0
157.0
131.0
140.0
171.0
138.0
153.0
134.0
437.0
143.0
162.0
143.0
173.0
159.0
154.0
136.0
165.0
445.0
151.0
146.0
135.0
149.0
167.0
130.0
168.0
154.0
167.0
168.0
170.0
137.0
162.0
177.0
133.0
151.0
174.0
404.0
147.0
152.0
374.0
141.0
173.0
161.0
142.0
133.0
173.0
167.0
135.0
131.0
403.0
163.0
171.0
173.0
149.0
168.0
158.0
150.0
174.0
142.0
166.0
176.0
152.0
173.0
136.0
156.0
121.0
153.0
390.0
140.0
135.0
146.0
169.0
130.0
175.0
151.0
160.0
151.0
480.0
140.0
448.0
133.0
469.0
375.0
489.0
406.0
436.0
411.0
424.0
380.0
434.0
146.0
133.0
167.0
147.0
136.0
162.0
168.0
138.0
146.0
157.0
175.0
159.0
164.0
437.0
137.0
158.0
155.0
158.0
145.0
135.0
166.0
137.0
170.0
142.0
139.0
159.0
130.0
454.0
145.0
174.0
140.0
149.0
165.0
166.0
152.0
162.0
363.0
174.0
145.0
144.0
142.0
174.0
157.0
160.0
166.0
166.0
131.0
176.0
130.0
139.0
163.0
159.0
139.0
131.0
475.0
175.0
141.0
413.0
145.0
134.0
146.0
158.0
132.0
157.0
166.0
163.0
136.0
398.0
146.0
142.0
145.0
145.0
176.0
135.0
136.0
175.0
142.0
149.0
170.0
156.0
155.0
168.0
134.0
151.0
173.0
482.0
171.0
151.0
156.0
140.0
130.0
134.0
177.0
132.0
161.0
407.0
155.0
419.0
134.0
422.0
481.0
467.0
369.0
369.0
446.0
490.0
431.0
420.0
134.0
172.0
142.0
170.0
167.0
172.0
174.0
144.0
158.0
183.0
174.0
147.0
136.0
429.0
158.0
133.0
132.0
165.0
136.0
177.0
145.0
136.0
140.0
132.0
166.0
138.0
135.0
416.0
135.0
160.0
160.0
171.0
156.0
176.0
162.0
153.0
465.0
133.0
176.0
134.0
150.0
168.0
133.0
147.0
173.0
173.0
166.0
139.0
175.0
174.0
131.0
172.0
113.0
153.0
431.0
141.0
170.0
449.0
130.0
142.0
154.0
131.0
144.0
171.0
172.0
158.0
163.0
493.0
146.0
171.0
163.0
137.0
132.0
151.0
133.0
177.0
141.0
145.0
165.0
153.0
143.0
154.0
168.0
122.0
156.0
450.0
145.0
150.0
139.0
169.0
150.0
148.0
156.0
164.0
158.0
470.0
156.0
481.0
151.0
464.0
436.0
458.0
462.0
432.0
436.0
383.0
421.0
456.0
143.0
163.0
168.0
160.0
131.0
132.0
140.0
137.0
137.0
156.0
201.0
142.0
152.0
443.0
164.0
145.0
174.0
168.0
143.0
162.0
163.0
131.0
135.0
176.0
131.0
169.0
142.0
409.0
165.0
147.0
161.0
160.0
148.0
132.0
158.0
174.0
377.0
155.0
161.0
144.0
176.0
151.0
159.0
148.0
142.0
139.0
141.0
143.0
166.0
172.0
140.0
133.0
136.0
133.0
395.0
151.0
152.0
379.0
147.0
169.0
161.0
140.0
173.0
156.0
157.0
142.0
156.0
389.0
164.0
148.0
163.0
134.0
146.0
158.0
161.0
152.0
158.0
172.0
171.0
134.0
131.0
174.0
166.0
150.0
176.0
370.0
139.0
157.0
174.0
134.0
154.0
133.0
173.0
148.0
154.0
472.0
168.0
374.0
145.0
447.0
464.0
415.0
408.0
420.0
388.0
423.0
387.0
376.0
145.0
130.0
142.0
135.0
171.0
138.0
140.0
166.0
154.0
190.0
182.0
141.0
146.0
460.0
173.0
131.0
137.0
133.0
148.0
141.0
156.0
176.0
137.0
167.0
141.0
154.0
156.0
449.0
154.0
170.0
168.0
158.0
152.0
170.0
149.0
133.0
375.0
130.0
138.0
136.0
137.0
148.0
151.0
164.0
170.0
154.0
176.0
151.0
148.0
173.0
149.0
176.0
115.0
132.0
407.0
150.0
162.0
468.0
158.0
150.0
164.0
153.0
131.0
131.0
161.0
157.0
173.0
365.0
156.0
176.0
173.0
174.0
157.0
138.0
135.0
156.0
142.0
136.0
161.0
162.0
153.0
166.0
167.0
129.0
173.0
487.0
156.0
149.0
153.0
149.0
151.0
162.0
135.0
172.0
160.0
370.0
158.0
368.0
153.0
395.0
433.0
441.0
481.0
369.0
437.0
428.0
390.0
433.0
149.0
156.0
172.0
162.0
156.0
167.0
157.0
141.0
140.0
194.0
171.0
163.0
151.0
415.0
142.0
153.0
137.0
140.0
133.0
170.0
146.0
170.0
146.0
137.0
138.0
142.0
134.0
419.0
151.0
141.0
137.0
153.0
158.0
172.0
131.0
168.0
395.0
139.0
175.0
133.0
138.0
175.0
152.0
138.0
132.0
162.0
162.0
176.0
132.0
139.0
172.0
131.0
145.0
135.0
433.0
138.0
172.0
388.0
150.0
171.0
154.0
157.0
163.0
144.0
175.0
143.0
137.0
477.0
146.0
143.0
165.0
158.0
154.0
142.0
146.0
156.0
173.0
172.0
144.0
141.0
132.0
134.0
136.0
131.0
140.0
422.0
151.0
163.0
164.0
146.0
136.0
130.0
145.0
171.0
137.0
465.0
173.0
466.0
158.0
482.0
363.0
387.0
458.0
417.0
464.0
435.0
420.0
407.0
140.0
148.0
134.0
140.0
168.0
154.0
164.0
149.0
145.0
200.0
159.0
176.0
170.0
399.0
141.0
137.0
140.0
159.0
176.0
154.0
157.0
145.0
143.0
138.0
143.0
176.0
135.0
475.0
166.0
167.0
160.0
161.0
133.0
130.0
166.0
163.0
489.0
149.0
174.0
134.0
177.0
160.0
167.0
175.0
169.0
133.0
172.0
142.0
164.0
146.0
176.0
170.0
116.0
157.0
377.0
176.0
151.0
417.0
173.0
130.0
176.0
174.0
165.0
141.0
174.0
136.0
138.0
371.0
146.0
174.0
164.0
171.0
156.0
142.0
135.0
144.0
139.0
143.0
171.0
167.0
171.0
150.0
173.0
143.0
137.0
478.0
151.0
162.0
152.0
173.0
147.0
157.0
132.0
167.0
167.0
398.0
134.0
427.0
167.0
409.0
427.0
405.0
383.0
372.0
386.0
406.0
459.0
391.0
163.0
165.0
169.0
161.0
163.0
136.0
168.0
169.0
142.0
160.0
179.0
155.0
145.0
426.0
145.0
164.0
130.0
131.0
153.0
146.0
173.0
133.0
130.0
132.0
133.0
172.0
169.0
471.0
144.0
150.0
156.0
148.0
171.0
157.0
172.0
133.0
443.0
153.0
145.0
175.0
142.0
165.0
157.0
156.0
155.0
155.0
160.0
136.0
171.0
174.0
160.0
144.0
128.0
133.0
446.0
134.0
139.0
469.0
145.0
132.0
134.0
133.0
144.0
170.0
141.0
133.0
172.0
433.0
165.0
134.0
139.0
153.0
164.0
151.0
166.0
154.0
151.0
172.0
162.0
164.0
173.0
152.0
155.0
120.0
153.0
468.0
141.0
162.0
175.0
136.0
152.0
147.0
163.0
157.0
165.0
490.0
174.0
432.0
172.0
448.0
426.0
380.0
460.0
367.0
403.0
404.0
380.0
473.0
165.0
160.0
157.0
164.0
135.0
133.0
147.0
142.0
156.0
183.0
186.0
142.0
163.0
450.0
173.0
173.0
171.0
131.0
142.0
143.0
174.0
142.0
156.0
134.0
165.0
141.0
133.0
404.0
137.0
157.0
139.0
150.0
163.0
131.0
165.0
152.0
443.0
159.0
157.0
157.0
164.0
154.0
137.0
147.0
154.0
168.0
150.0
148.0
138.0
136.0
137.0
148.0
135.0
150.0
433.0
153.0
153.0
419.0
160.0
138.0
148.0
155.0
145.0
161.0
169.0
150.0
141.0
407.0
131.0
144.0
147.0
142.0
146.0
164.0
139.0
158.0
157.0
155.0
145.0
167.0
153.0
134.0
135.0
150.0
173.0
493.0
171.0
148.0
132.0
174.0
160.0
150.0
149.0
158.0
137.0
390.0
132.0
385.0
139.0
455.0
488.0
432.0
367.0
391.0
409.0
480.0
441.0
422.0
160.0
144.0
172.0
153.0
151.0
158.0
155.0
154.0
135.0
