I_BRKGA_111_3_20_2_CESP
111 3 20 494.0
34809.5
32719.5
32824.5
35106.5
34699.5
31654.5
29862.5
33187.5
32927.5
34316.5
29598.5
29361.5
33594.5
34473.5
31140.5
35347.5
35707.5
32114.5
34726.5
32669.5
0.05907006034931118
0.04401983619134336
0.056841650626045556
0.04583081621419903
0.0536353150179229
0.04008770286174792
0.054929750964363484
0.04600578199935002
0.0598043469548252
0.04714592404220815
0.058619261236189546
0.04917979126496475
0.05528346861692951
0.04853562448198864
0.052460373925717875
0.04523469051722916
0.05335528540673778
0.04289197029204199
0.050486728363956915
0.03658162067292692
114.0
109.0
118.0
5105.0
35.0
2516.0
476.0
1276.0
34.0
530.0
110.0
191.0
46.0
330.0
260.0
366.0
60.0
313.0
524.0
285.0
75.0
251.0
82.0
296.0
29.0
368.0
157.0
801.0
1302.0
591.0
355.0
1091.0
282.0
151.0
866.0
5156.0
5933.0
120.0
157.0
314.0
47.0
27.0
178.0
218.0
196.0
509.0
365.0
76.0
62.0
27.0
120.0
31.0
19.0
162.0
898.0
51.0
131.0
65.0
44.0
154.0
145.0
69.0
165.0
151.0
745.0
36.0
20.0
26.0
31.0
8.0
73.0
277.0
112.0
73.0
89.0
59.0
37.0
87.0
142.0
48.0
25.0
53.0
151.0
170.0
107.0
87.0
137.0
48.0
64.0
1586.0
59.0
56.0
69.0
26.0
158.0
284.0
32.0
271.0
123.0
236.0
83.0
137.0
781.0
224.0
70.0
1180.0
122.0
126.0
73.0
94.0
112.0
19.0
271.0
197.0
484.0
1219.0
35.0
515.0
111.0
191.0
48.0
346.0
270.0
390.0
58.0
316.0
510.0
279.0
69.0
251.0
80.0
285.0
27.0
362.0
169.0
764.0
1342.0
555.0
328.0
1155.0
288.0
145.0
812.0
5120.0
5725.0
128.0
156.0
324.0
47.0
28.0
185.0
217.0
193.0
483.0
344.0
78.0
62.0
26.0
122.0
31.0
19.0
168.0
896.0
50.0
125.0
63.0
43.0
156.0
149.0
73.0
165.0
147.0
741.0
37.0
20.0
26.0
31.0
8.0
74.0
270.0
106.0
68.0
89.0
57.0
41.0
84.0
152.0
49.0
26.0
57.0
154.0
165.0
103.0
84.0
136.0
48.0
66.0
1531.0
56.0
56.0
67.0
26.0
159.0
285.0
31.0
277.0
126.0
255.0
82.0
134.0
786.0
213.0
71.0
1162.0
122.0
126.0
73.0
89.0
115.0
19.0
270.0
190.0
468.0
1246.0
36.0
559.0
115.0
180.0
46.0
319.0
269.0
375.0
56.0
297.0
556.0
286.0
71.0
246.0
78.0
287.0
28.0
344.0
161.0
761.0
1321.0
598.0
350.0
1139.0
295.0
153.0
822.0
5125.0
5721.0
127.0
158.0
315.0
49.0
27.0
175.0
224.0
184.0
506.0
339.0
74.0
62.0
27.0
118.0
30.0
20.0
163.0
904.0
51.0
126.0
63.0
43.0
165.0
146.0
73.0
153.0
139.0
761.0
35.0
21.0
26.0
29.0
8.0
70.0
256.0
103.0
69.0
91.0
55.0
40.0
85.0
153.0
45.0
27.0
54.0
154.0
169.0
108.0
85.0
126.0
45.0
67.0
1550.0
54.0
58.0
70.0
26.0
153.0
278.0
31.0
282.0
119.0
244.0
81.0
133.0
790.0
208.0
71.0
1288.0
131.0
119.0
69.0
88.0
120.0
19.0
272.0
187.0
517.0
1228.0
36.0
560.0
109.0
192.0
48.0
320.0
256.0
369.0
61.0
319.0
538.0
270.0
74.0
249.0
79.0
277.0
28.0
368.0
164.0
767.0
1306.0
571.0
335.0
1083.0
281.0
156.0
849.0
5156.0
5769.0
121.0
172.0
319.0
48.0
27.0
182.0
211.0
182.0
494.0
364.0
73.0
61.0
25.0
123.0
33.0
19.0
170.0
825.0
50.0
120.0
67.0
44.0
165.0
154.0
71.0
154.0
149.0
741.0
36.0
21.0
26.0
31.0
8.0
69.0
254.0
112.0
71.0
85.0
54.0
39.0
89.0
144.0
47.0
27.0
55.0
154.0
164.0
107.0
80.0
136.0
45.0
64.0
1661.0
56.0
55.0
69.0
24.0
167.0
295.0
31.0
280.0
126.0
246.0
83.0
138.0
803.0
223.0
65.0
1214.0
126.0
122.0
69.0
89.0
113.0
19.0
268.0
193.0
474.0
1340.0
34.0
519.0
116.0
177.0
45.0
344.0
255.0
375.0
57.0
301.0
528.0
292.0
73.0
250.0
82.0
293.0
29.0
375.0
162.0
766.0
1368.0
577.0
337.0
1146.0
285.0
156.0
819.0
5351.0
5719.0
126.0
165.0
330.0
51.0
29.0
177.0
221.0
194.0
491.0
363.0
76.0
63.0
27.0
119.0
32.0
18.0
172.0
904.0
50.0
130.0
64.0
45.0
166.0
149.0
70.0
157.0
153.0
769.0
37.0
21.0
26.0
31.0
8.0
70.0
258.0
112.0
67.0
85.0
58.0
41.0
89.0
150.0
49.0
25.0
57.0
161.0
160.0
101.0
84.0
138.0
46.0
65.0
1527.0
57.0
57.0
69.0
26.0
156.0
295.0
32.0
278.0
120.0
235.0
82.0
129.0
816.0
218.0
65.0
1169.0
128.0
124.0
73.0
86.0
114.0
20.0
270.0
189.0
501.0
1233.0
36.0
524.0
115.0
182.0
47.0
350.0
247.0
377.0
57.0
295.0
506.0
277.0
75.0
236.0
79.0
286.0
29.0
369.0
160.0
809.0
1273.0
586.0
334.0
1163.0
293.0
157.0
800.0
5358.0
5797.0
121.0
163.0
306.0
50.0
29.0
192.0
214.0
185.0
500.0
361.0
77.0
66.0
26.0
126.0
31.0
19.0
172.0
896.0
52.0
126.0
62.0
44.0
151.0
144.0
76.0
159.0
149.0
773.0
35.0
20.0
26.0
30.0
8.0
70.0
257.0
110.0
71.0
91.0
58.0
39.0
84.0
146.0
47.0
25.0
57.0
157.0
165.0
109.0
83.0
135.0
48.0
65.0
1646.0
57.0
58.0
68.0
25.0
162.0
285.0
32.0
274.0
121.0
242.0
80.0
139.0
783.0
203.0
67.0
1217.0
126.0
118.0
67.0
92.0
116.0
19.0
270.0
188.0
468.0
1346.0
35.0
547.0
116.0
181.0
48.0
330.0
257.0
364.0
56.0
315.0
523.0
278.0
70.0
231.0
74.0
278.0
29.0
375.0
162.0
829.0
1365.0
563.0
358.0
1127.0
298.0
145.0
793.0
5115.0
5532.0
130.0
166.0
323.0
49.0
28.0
175.0
226.0
183.0
512.0
363.0
74.0
63.0
26.0
122.0
32.0
18.0
165.0
837.0
49.0
121.0
62.0
46.0
159.0
145.0
70.0
154.0
149.0
733.0
38.0
20.0
25.0
29.0
8.0
69.0
253.0
113.0
69.0
89.0
58.0
39.0
85.0
141.0
49.0
25.0
53.0
157.0
172.0
108.0
80.0
136.0
48.0
67.0
1543.0
55.0
56.0
67.0
25.0
158.0
299.0
31.0
267.0
123.0
258.0
83.0
132.0
751.0
212.0
68.0
1240.0
127.0
117.0
73.0
93.0
112.0
19.0
264.0
195.0
507.0
1293.0
33.0
549.0
109.0
175.0
46.0
345.0
248.0
382.0
61.0
292.0
517.0
272.0
71.0
230.0
76.0
273.0
27.0
358.0
172.0
831.0
1318.0
552.0
358.0
1168.0
293.0
156.0
813.0
5301.0
5936.0
125.0
159.0
312.0
47.0
27.0
177.0
204.0
191.0
528.0
346.0
77.0
62.0
25.0
126.0
33.0
19.0
178.0
833.0
51.0
119.0
66.0
43.0
153.0
144.0
70.0
163.0
149.0
743.0
36.0
21.0
24.0
30.0
8.0
76.0
271.0
104.0
72.0
83.0
57.0
40.0
88.0
141.0
47.0
26.0
58.0
148.0
172.0
108.0
81.0
136.0
45.0
66.0
1559.0
58.0
58.0
71.0
26.0
166.0
282.0
31.0
280.0
123.0
244.0
82.0
138.0
766.0
214.0
65.0
1166.0
133.0
120.0
68.0
88.0
114.0
19.0
263.0
194.0
513.0
1237.0
33.0
511.0
111.0
182.0
46.0
320.0
250.0
397.0
59.0
297.0
508.0
275.0
71.0
250.0
78.0
273.0
27.0
367.0
169.0
820.0
1302.0
575.0
355.0
1184.0
277.0
145.0
870.0
5272.0
5858.0
119.0
159.0
320.0
48.0
28.0
177.0
213.0
185.0
492.0
350.0
78.0
63.0
25.0
116.0
31.0
20.0
164.0
874.0
50.0
129.0
67.0
44.0
158.0
144.0
73.0
152.0
145.0
736.0
36.0
19.0
25.0
31.0
8.0
71.0
271.0
105.0
72.0
84.0
59.0
39.0
85.0
141.0
48.0
27.0
56.0
159.0
169.0
107.0
83.0
133.0
45.0
67.0
1661.0
56.0
59.0
66.0
26.0
165.0
295.0
33.0
276.0
126.0
255.0
77.0
130.0
803.0
224.0
65.0
1162.0
121.0
123.0
69.0
92.0
117.0
19.0
265.0
201.0
494.0
1274.0
35.0
525.0
114.0
183.0
44.0
344.0
268.0
379.0
55.0
289.0
538.0
267.0
71.0
230.0
76.0
294.0
29.0
366.0
165.0
805.0
1336.0
566.0
337.0
1145.0
281.0
150.0
844.0
5282.0
5956.0
118.0
162.0
322.0
51.0
29.0
184.0
223.0
196.0
488.0
358.0
77.0
67.0
27.0
127.0
32.0
20.0
173.0
838.0
48.0
129.0
62.0
45.0
159.0
154.0
71.0
167.0
141.0
766.0
36.0
20.0
24.0
30.0
8.0
76.0
274.0
103.0
74.0
91.0
54.0
40.0
89.0
152.0
45.0
26.0
56.0
162.0
172.0
109.0
84.0
129.0
46.0
67.0
1623.0
58.0
57.0
71.0
24.0
157.0
286.0
33.0
271.0
128.0
239.0
79.0
134.0
803.0
211.0
68.0
1252.0
121.0
119.0
66.0
90.0
121.0
19.0
267.0
192.0
473.0
1293.0
35.0
546.0
119.0
184.0
46.0
339.0
262.0
373.0
59.0
305.0
545.0
280.0
74.0
230.0
82.0
276.0
28.0
339.0
158.0
779.0
1331.0
578.0
351.0
1093.0
280.0
152.0
863.0
5018.0
5482.0
129.0
160.0
334.0
48.0
28.0
177.0
209.0
182.0
520.0
348.0
74.0
66.0
25.0
126.0
32.0
19.0
166.0
827.0
49.0
128.0
67.0
46.0
154.0
155.0
71.0
167.0
149.0
724.0
36.0
21.0
25.0
30.0
8.0
72.0
250.0
105.0
74.0
87.0
58.0
40.0
87.0
149.0
46.0
27.0
58.0
150.0
174.0
103.0
85.0
130.0
48.0
62.0
1578.0
54.0
58.0
66.0
26.0
166.0
294.0
31.0
268.0
119.0
258.0
82.0
138.0
776.0
209.0
68.0
1164.0
122.0
127.0
71.0
90.0
119.0
19.0
268.0
207.0
504.0
1245.0
34.0
506.0
116.0
178.0
45.0
328.0
244.0
388.0
58.0
292.0
509.0
279.0
70.0
237.0
80.0
299.0
28.0
360.0
163.0
805.0
1318.0
599.0
327.0
1089.0
277.0
149.0
844.0
5519.0
5625.0
124.0
162.0
335.0
49.0
29.0
192.0
212.0
178.0
492.0
339.0
73.0
66.0
27.0
120.0
31.0
18.0
174.0
895.0
53.0
130.0
65.0
46.0
155.0
153.0
76.0
153.0
151.0
754.0
37.0
21.0
25.0
32.0
8.0
73.0
252.0
113.0
74.0
87.0
57.0
39.0
87.0
152.0
47.0
25.0
58.0
153.0
166.0
108.0
87.0
135.0
45.0
67.0
1541.0
55.0
58.0
65.0
25.0
159.0
293.0
32.0
280.0
118.0
258.0
82.0
131.0
762.0
207.0
69.0
1235.0
122.0
122.0
70.0
91.0
117.0
19.0
248.0
188.0
481.0
1277.0
33.0
555.0
110.0
175.0
47.0
342.0
269.0
362.0
59.0
309.0
529.0
295.0
70.0
234.0
81.0
275.0
29.0
346.0
171.0
821.0
1358.0
570.0
352.0
1131.0
277.0
158.0
869.0
5120.0
5512.0
122.0
166.0
314.0
47.0
27.0
194.0
205.0
196.0
506.0
372.0
74.0
65.0
26.0
127.0
33.0
20.0
178.0
868.0
49.0
131.0
61.0
46.0
153.0
142.0
76.0
154.0
141.0
801.0
35.0
20.0
26.0
31.0
8.0
73.0
266.0
112.0
72.0
88.0
56.0
39.0
82.0
147.0
46.0
26.0
58.0
164.0
166.0
107.0
84.0
129.0
46.0
66.0
1662.0
54.0
54.0
70.0
25.0
155.0
273.0
33.0
266.0
122.0
243.0
77.0
133.0
816.0
225.0
67.0
1242.0
125.0
118.0
73.0
92.0
121.0
19.0
255.0
191.0
468.0
1302.0
35.0
521.0
112.0
185.0
44.0
342.0
267.0
382.0
60.0
308.0
531.0
268.0
70.0
231.0
77.0
283.0
29.0
354.0
163.0
825.0
1378.0
557.0
334.0
1124.0
279.0
159.0
868.0
5062.0
5516.0
130.0
172.0
309.0
50.0
27.0
175.0
205.0
196.0
517.0
346.0
78.0
64.0
26.0
126.0
32.0
19.0
170.0
827.0
52.0
122.0
63.0
46.0
165.0
144.0
75.0
163.0
152.0
762.0
35.0
20.0
26.0
31.0
8.0
76.0
277.0
111.0
69.0
86.0
58.0
38.0
88.0
146.0
45.0
27.0
58.0
151.0
169.0
108.0
79.0
136.0
46.0
63.0
1545.0
58.0
54.0
71.0
26.0
156.0
293.0
32.0
270.0
125.0
257.0
80.0
135.0
762.0
206.0
67.0
1266.0
133.0
126.0
71.0
88.0
120.0
20.0
250.0
199.0
487.0
1295.0
35.0
558.0
120.0
175.0
44.0
327.0
249.0
400.0
61.0
313.0
527.0
290.0
74.0
253.0
79.0
288.0
28.0
352.0
164.0
772.0
1357.0
557.0
350.0
1108.0
280.0
147.0
876.0
5187.0
5482.0
131.0
163.0
322.0
48.0
28.0
175.0
226.0
181.0
487.0
348.0
76.0
64.0
25.0
122.0
33.0
20.0
167.0
825.0
52.0
128.0
65.0
46.0
152.0
154.0
75.0
160.0
140.0
740.0
38.0
21.0
24.0
32.0
8.0
72.0
251.0
106.0
72.0
85.0
58.0
37.0
89.0
147.0
48.0
27.0
53.0
152.0
167.0
102.0
81.0
135.0
44.0
64.0
1661.0
56.0
58.0
69.0
26.0
163.0
299.0
30.0
260.0
121.0
248.0
81.0
135.0
764.0
223.0
71.0
1276.0
131.0
123.0
70.0
91.0
119.0
19.0
246.0
201.0
519.0
1285.0
36.0
554.0
112.0
179.0
48.0
341.0
265.0
394.0
57.0
293.0
522.0
266.0
76.0
230.0
78.0
297.0
28.0
358.0
170.0
803.0
1337.0
591.0
331.0
1163.0
293.0
158.0
800.0
5086.0
5574.0
120.0
162.0
319.0
47.0
27.0
178.0
222.0
187.0
501.0
368.0
79.0
67.0
27.0
128.0
33.0
20.0
179.0
894.0
49.0
122.0
62.0
44.0
151.0
146.0
75.0
166.0
142.0
774.0
37.0
21.0
25.0
31.0
8.0
76.0
274.0
105.0
67.0
84.0
59.0
38.0
81.0
143.0
45.0
25.0
55.0
156.0
162.0
100.0
85.0
136.0
46.0
65.0
1585.0
58.0
56.0
69.0
25.0
158.0
294.0
32.0
283.0
119.0
254.0
76.0
138.0
756.0
223.0
67.0
1278.0
132.0
116.0
67.0
92.0
115.0
19.0
263.0
201.0
504.0
1298.0
35.0
509.0
118.0
185.0
48.0
321.0
269.0
395.0
59.0
316.0
531.0
275.0
70.0
246.0
76.0
274.0
29.0
361.0
162.0
827.0
1321.0
584.0
355.0
1129.0
292.0
144.0
860.0
5196.0
5509.0
130.0
173.0
326.0
50.0
27.0
192.0
223.0
191.0
499.0
375.0
74.0
63.0
25.0
126.0
31.0
20.0
179.0
888.0
50.0
123.0
66.0
43.0
164.0
141.0
73.0
157.0
147.0
757.0
38.0
21.0
26.0
31.0
8.0
75.0
263.0
104.0
73.0
88.0
56.0
38.0
83.0
148.0
47.0
27.0
56.0
163.0
173.0
101.0
80.0
139.0
45.0
67.0
1519.0
54.0
57.0
70.0
26.0
157.0
289.0
31.0
265.0
127.0
247.0
82.0
130.0
801.0
212.0
71.0
1223.0
124.0
122.0
71.0
87.0
118.0
19.0
247.0
204.0
499.0
1264.0
34.0
536.0
114.0
184.0
44.0
329.0
245.0
363.0
61.0
314.0
552.0
269.0
74.0
240.0
77.0
294.0
27.0
340.0
162.0
811.0
1316.0
600.0
355.0
1197.0
283.0
151.0
794.0
5267.0
5951.0
127.0
169.0
330.0
51.0
27.0
178.0
226.0
184.0
519.0
364.0
78.0
63.0
25.0
122.0
31.0
20.0
170.0
879.0
52.0
130.0
66.0
46.0
164.0
154.0
74.0
156.0
141.0
777.0
37.0
20.0
25.0
32.0
8.0
76.0
268.0
105.0
72.0
85.0
54.0
40.0
86.0
154.0
46.0
25.0
53.0
154.0
166.0
110.0
87.0
130.0
44.0
62.0
1575.0
57.0
58.0
68.0
26.0
151.0
279.0
32.0
286.0
130.0
258.0
77.0
137.0
819.0
216.0
69.0
1187.0
127.0
120.0
72.0
85.0
122.0
20.0
267.0
205.0
505.0
1317.0
34.0
512.0
119.0
187.0
47.0
331.0
256.0
380.0
59.0
293.0
534.0
287.0
69.0
231.0
80.0
274.0
29.0
356.0
164.0
834.0
1364.0
543.0
353.0
1152.0
286.0
156.0
864.0
5476.0
5732.0
130.0
164.0
324.0
50.0
28.0
189.0
206.0
190.0
523.0
347.0
78.0
67.0
25.0
128.0
32.0
18.0
175.0
887.0
53.0
131.0
63.0
43.0
157.0
145.0
74.0
153.0
148.0
787.0
36.0
20.0
26.0
30.0
8.0
75.0
273.0
108.0
71.0
90.0
57.0
41.0
88.0
142.0
46.0
25.0
54.0
160.0
171.0
106.0
83.0
132.0
47.0
63.0
1530.0
58.0
59.0
68.0
25.0
153.0
299.0
32.0
275.0
130.0
241.0
77.0
135.0
779.0
219.0
71.0
1185.0
124.0
121.0
71.0
87.0
113.0
20.0
250.0
206.0
496.0
1240.0
36.0
551.0
109.0
177.0
47.0
334.0
244.0
363.0
59.0
310.0
551.0
287.0
73.0
250.0
81.0
285.0
28.0
368.0
172.0
776.0
1327.0
578.0
351.0
1191.0
274.0
145.0
808.0
5100.0
5591.0
131.0
167.0
321.0
46.0
29.0
181.0
226.0
192.0
484.0
346.0
77.0
61.0
26.0
116.0
32.0
20.0
168.0
895.0
50.0
121.0
65.0
46.0
167.0
154.0
74.0
160.0
145.0
750.0
35.0
21.0
24.0
32.0
8.0
73.0
257.0
104.0
72.0
84.0
58.0
40.0
87.0
154.0
45.0
26.0
56.0
150.0
169.0
110.0
86.0
136.0
44.0
64.0
1609.0
59.0
59.0
65.0
24.0
151.0
294.0
32.0
286.0
120.0
255.0
83.0
133.0
758.0
219.0
69.0
1209.0
126.0
125.0
68.0
92.0
119.0
20.0
249.0
199.0
199.0
203.0
132.0
144.0
485.0
177.0
163.0
170.0
146.0
170.0
138.0
164.0
159.0
155.0
174.0
159.0
139.0
149.0
400.0
166.0
146.0
170.0
138.0
163.0
161.0
172.0
142.0
394.0
165.0
150.0
150.0
159.0
173.0
168.0
144.0
148.0
144.0
156.0
163.0
149.0
159.0
163.0
174.0
115.0
142.0
373.0
140.0
163.0
473.0
147.0
131.0
149.0
133.0
172.0
165.0
145.0
162.0
143.0
382.0
165.0
172.0
168.0
158.0
159.0
143.0
159.0
168.0
141.0
157.0
147.0
167.0
154.0
147.0
140.0
116.0
169.0
454.0
163.0
168.0
145.0
147.0
143.0
145.0
156.0
133.0
156.0
437.0
137.0
365.0
138.0
468.0
445.0
405.0
415.0
489.0
377.0
427.0
432.0
467.0
158.0
174.0
154.0
157.0
138.0
131.0
170.0
164.0
142.0
173.0
171.0
135.0
168.0
377.0
146.0
143.0
171.0
161.0
160.0
166.0
140.0
137.0
130.0
175.0
170.0
134.0
134.0
437.0
149.0
161.0
144.0
151.0
175.0
142.0
159.0
152.0
468.0
134.0
166.0
151.0
175.0
146.0
131.0
153.0
167.0
173.0
151.0
148.0
160.0
165.0
161.0
160.0
139.0
153.0
389.0
152.0
148.0
465.0
137.0
166.0
166.0
145.0
159.0
167.0
138.0
175.0
136.0
408.0
159.0
173.0
138.0
154.0
134.0
140.0
144.0
133.0
154.0
175.0
165.0
148.0
133.0
162.0
139.0
130.0
140.0
407.0
148.0
139.0
152.0
150.0
153.0
139.0
171.0
146.0
158.0
434.0
165.0
477.0
171.0
442.0
377.0
452.0
459.0
446.0
471.0
494.0
437.0
453.0
146.0
166.0
170.0
141.0
166.0
142.0
145.0
149.0
149.0
193.0
200.0
172.0
134.0
428.0
135.0
159.0
135.0
167.0
134.0
135.0
140.0
139.0
145.0
177.0
146.0
143.0
177.0
475.0
168.0
130.0
156.0
166.0
138.0
177.0
150.0
176.0
386.0
159.0
132.0
157.0
140.0
149.0
131.0
137.0
148.0
163.0
157.0
171.0
135.0
175.0
136.0
150.0
140.0
149.0
372.0
157.0
153.0
393.0
169.0
154.0
155.0
169.0
163.0
143.0
164.0
152.0
156.0
454.0
171.0
130.0
161.0
164.0
145.0
161.0
168.0
143.0
132.0
174.0
144.0
166.0
136.0
135.0
147.0
147.0
137.0
381.0
140.0
158.0
135.0
158.0
165.0
136.0
164.0
140.0
157.0
441.0
132.0
488.0
131.0
404.0
366.0
482.0
386.0
399.0
436.0
399.0
487.0
393.0
162.0
141.0
133.0
174.0
146.0
155.0
150.0
140.0
169.0
158.0
198.0
148.0
161.0
479.0
149.0
146.0
166.0
173.0
141.0
148.0
171.0
138.0
172.0
158.0
171.0
165.0
166.0
393.0
145.0
150.0
155.0
153.0
143.0
158.0
147.0
171.0
416.0
148.0
147.0
151.0
165.0
176.0
141.0
144.0
170.0
172.0
173.0
163.0
133.0
160.0
163.0
159.0
114.0
161.0
468.0
133.0
177.0
487.0
134.0
131.0
176.0
157.0
147.0
130.0
158.0
175.0
170.0
451.0
165.0
154.0
176.0
166.0
175.0
145.0
157.0
159.0
130.0
164.0
145.0
165.0
156.0
131.0
146.0
125.0
130.0
450.0
147.0
168.0
170.0
163.0
167.0
151.0
141.0
149.0
146.0
371.0
155.0
367.0
160.0
374.0
368.0
434.0
410.0
423.0
378.0
431.0
369.0
414.0
158.0
160.0
130.0
165.0
131.0
148.0
139.0
160.0
130.0
156.0
191.0
153.0
134.0
365.0
167.0
158.0
159.0
163.0
173.0
140.0
159.0
144.0
171.0
145.0
157.0
160.0
139.0
462.0
166.0
160.0
152.0
150.0
156.0
172.0
132.0
166.0
432.0
167.0
155.0
159.0
162.0
145.0
161.0
138.0
177.0
154.0
170.0
163.0
168.0
141.0
148.0
137.0
123.0
170.0
364.0
131.0
161.0
420.0
137.0
168.0
166.0
145.0
156.0
137.0
160.0
166.0
162.0
414.0
168.0
170.0
137.0
138.0
150.0
142.0
148.0
145.0
172.0
146.0
167.0
135.0
133.0
166.0
153.0
139.0
151.0
400.0
142.0
135.0
134.0
130.0
150.0
157.0
166.0
166.0
149.0
434.0
177.0
419.0
159.0
470.0
454.0
450.0
465.0
491.0
459.0
379.0
448.0
442.0
156.0
140.0
134.0
138.0
162.0
167.0
158.0
157.0
165.0
190.0
154.0
165.0
151.0
459.0
175.0
163.0
154.0
157.0
173.0
130.0
147.0
167.0
157.0
159.0
156.0
164.0
156.0
414.0
161.0
149.0
141.0
170.0
159.0
134.0
135.0
133.0
401.0
159.0
145.0
151.0
131.0
152.0
143.0
139.0
159.0
137.0
130.0
150.0
146.0
161.0
134.0
144.0
140.0
150.0
442.0
164.0
158.0
474.0
146.0
146.0
141.0
164.0
149.0
130.0
173.0
145.0
161.0
474.0
148.0
137.0
165.0
166.0
168.0
143.0
173.0
166.0
136.0
176.0
150.0
156.0
155.0
137.0
157.0
130.0
146.0
441.0
152.0
145.0
148.0
131.0
142.0
141.0
170.0
167.0
143.0
481.0
131.0
407.0
143.0
393.0
450.0
477.0
489.0
449.0
432.0
487.0
398.0
455.0
155.0
173.0
138.0
143.0
164.0
148.0
174.0
159.0
162.0
206.0
161.0
165.0
140.0
412.0
175.0
171.0
159.0
144.0
140.0
144.0
155.0
165.0
163.0
157.0
150.0
162.0
148.0
475.0
135.0
146.0
151.0
133.0
173.0
158.0
160.0
135.0
407.0
160.0
139.0
132.0
144.0
161.0
138.0
145.0
151.0
131.0
133.0
145.0
171.0
170.0
142.0
165.0
133.0
133.0
402.0
164.0
177.0
475.0
142.0
158.0
144.0
148.0
165.0
163.0
139.0
154.0
136.0
473.0
176.0
139.0
136.0
176.0
159.0
134.0
130.0
151.0
131.0
133.0
161.0
172.0
155.0
165.0
155.0
130.0
176.0
471.0
148.0
130.0
137.0
174.0
175.0
156.0
132.0
165.0
133.0
374.0
158.0
477.0
137.0
410.0
469.0
392.0
460.0
425.0
378.0
480.0
437.0
401.0
167.0
147.0
157.0
177.0
151.0
134.0
158.0
142.0
136.0
166.0
192.0
131.0
153.0
449.0
149.0
164.0
175.0
176.0
146.0
142.0
131.0
155.0
177.0
159.0
130.0
157.0
159.0
420.0
171.0
169.0
152.0
170.0
175.0
157.0
172.0
130.0
486.0
153.0
176.0
152.0
173.0
146.0
170.0
161.0
171.0
166.0
159.0
143.0
162.0
144.0
171.0
164.0
132.0
173.0
488.0
156.0
137.0
473.0
148.0
151.0
170.0
163.0
157.0
168.0
152.0
175.0
144.0
399.0
132.0
137.0
150.0
167.0
149.0
163.0
156.0
174.0
166.0
134.0
173.0
158.0
146.0
155.0
169.0
126.0
154.0
484.0
170.0
172.0
159.0
136.0
133.0
162.0
149.0
141.0
147.0
415.0
151.0
404.0
153.0
488.0
375.0
444.0
420.0
400.0
377.0
425.0
395.0
479.0
166.0
141.0
151.0
133.0
170.0
175.0
156.0
144.0
152.0
195.0
176.0
140.0
175.0
371.0
156.0
168.0
162.0
130.0
142.0
147.0
154.0
175.0
159.0
173.0
175.0
167.0
156.0
390.0
154.0
141.0
147.0
155.0
171.0
163.0
157.0
177.0
425.0
145.0
133.0
174.0
135.0
177.0
164.0
163.0
148.0
160.0
175.0
174.0
174.0
145.0
137.0
170.0
126.0
155.0
450.0
164.0
156.0
468.0
173.0
175.0
149.0
171.0
166.0
168.0
175.0
160.0
143.0
438.0
134.0
161.0
150.0
162.0
172.0
143.0
152.0
137.0
135.0
137.0
176.0
151.0
131.0
139.0
162.0
124.0
174.0
485.0
169.0
148.0
140.0
172.0
154.0
174.0
143.0
156.0
138.0
407.0
140.0
469.0
155.0
463.0
449.0
395.0
378.0
487.0
415.0
418.0
438.0
476.0
168.0
135.0
151.0
131.0
166.0
135.0
167.0
150.0
132.0
166.0
207.0
152.0
135.0
407.0
161.0
153.0
167.0
157.0
157.0
151.0
152.0
153.0
167.0
137.0
160.0
151.0
152.0
373.0
164.0
139.0
149.0
152.0
173.0
133.0
158.0
148.0
413.0
136.0
130.0
175.0
162.0
161.0
133.0
170.0
161.0
149.0
151.0
171.0
133.0
143.0
157.0
134.0
139.0
150.0
395.0
174.0
148.0
456.0
135.0
141.0
173.0
142.0
144.0
174.0
138.0
161.0
155.0
409.0
171.0
158.0
171.0
163.0
148.0
145.0
151.0
160.0
172.0
137.0
134.0
176.0
143.0
132.0
170.0
138.0
141.0
443.0
150.0
166.0
154.0
147.0
143.0
142.0
148.0
134.0
174.0
424.0
175.0
417.0
160.0
450.0
423.0
389.0
419.0
418.0
457.0
399.0
411.0
383.0
173.0
150.0
144.0
152.0
171.0
131.0
157.0
174.0
154.0
171.0
178.0
163.0
147.0
451.0
145.0
160.0
143.0
172.0
165.0
144.0
162.0
161.0
173.0
173.0
173.0
166.0
154.0
453.0
160.0
148.0
147.0
167.0
143.0
166.0
168.0
152.0
373.0
139.0
166.0
133.0
135.0
177.0
155.0
132.0
148.0
156.0
133.0
148.0
172.0
151.0
143.0
166.0
120.0
152.0
433.0
151.0
134.0
398.0
142.0
168.0
175.0
138.0
160.0
173.0
149.0
140.0
160.0
452.0
143.0
141.0
165.0
146.0
149.0
132.0
143.0
146.0
155.0
161.0
139.0
174.0
135.0
135.0
163.0
114.0
145.0
439.0
133.0
143.0
140.0
159.0
149.0
165.0
159.0
170.0
152.0
462.0
176.0
405.0
160.0
374.0
417.0
413.0
431.0
389.0
473.0
482.0
391.0
394.0
163.0
138.0
162.0
135.0
167.0
158.0
134.0
142.0
177.0
164.0
153.0
176.0
145.0
451.0
169.0
132.0
143.0
134.0
161.0
148.0
146.0
132.0
165.0
177.0
150.0
147.0
138.0
374.0
150.0
169.0
135.0
147.0
134.0
166.0
141.0
172.0
377.0
131.0
173.0
136.0
175.0
135.0
139.0
158.0
164.0
134.0
169.0
161.0
157.0
130.0
171.0
155.0
150.0
157.0
435.0
173.0
160.0
406.0
144.0
148.0
133.0
169.0
149.0
142.0
160.0
152.0
159.0
431.0
135.0
164.0
150.0
135.0
175.0
144.0
134.0
157.0
144.0
141.0
158.0
177.0
158.0
132.0
135.0
135.0
162.0
411.0
157.0
150.0
137.0
165.0
148.0
144.0
133.0
160.0
160.0
406.0
150.0
443.0
136.0
391.0
492.0
385.0
369.0
384.0
400.0
378.0
400.0
444.0
133.0
137.0
158.0
160.0
141.0
172.0
133.0
147.0
149.0
202.0
194.0
135.0
141.0
394.0
143.0
166.0
149.0
155.0
170.0
161.0
132.0
163.0
176.0
139.0
154.0
172.0
168.0
459.0
134.0
132.0
174.0
160.0
148.0
146.0
130.0
149.0
456.0
146.0
156.0
139.0
140.0
165.0
168.0
153.0
167.0
160.0
154.0
150.0
142.0
142.0
174.0
130.0
117.0
146.0
452.0
155.0
152.0
413.0
163.0
158.0
171.0
160.0
133.0
161.0
156.0
166.0
135.0
389.0
168.0
145.0
173.0
162.0
174.0
144.0
160.0
170.0
164.0
164.0
163.0
148.0
146.0
175.0
136.0
138.0
156.0
388.0
153.0
136.0
134.0
130.0
139.0
168.0
167.0
150.0
133.0
451.0
133.0
461.0
161.0
483.0
421.0
446.0
417.0
448.0
429.0
472.0
466.0
392.0
145.0
141.0
134.0
142.0
145.0
135.0
147.0
145.0
132.0
193.0
197.0
154.0
147.0
480.0
152.0
159.0
137.0
171.0
131.0
159.0
136.0
170.0
146.0
146.0
175.0
176.0
161.0
376.0
146.0
145.0
166.0
143.0
166.0
168.0
166.0
131.0
397.0
146.0
160.0
134.0
152.0
146.0
156.0
168.0
156.0
170.0
176.0
145.0
165.0
137.0
140.0
140.0
152.0
167.0
382.0
133.0
158.0
470.0
176.0
133.0
171.0
149.0
156.0
139.0
146.0
163.0
140.0
486.0
176.0
150.0
156.0
143.0
142.0
132.0
158.0
162.0
154.0
143.0
168.0
141.0
146.0
140.0
149.0
151.0
149.0
407.0
168.0
150.0
170.0
143.0
173.0
154.0
166.0
141.0
173.0
444.0
134.0
489.0
161.0
414.0
426.0
381.0
440.0
419.0
475.0
437.0
384.0
385.0
135.0
134.0
132.0
154.0
130.0
157.0
148.0
175.0
130.0
166.0
162.0
144.0
173.0
378.0
152.0
142.0
152.0
149.0
171.0
154.0
131.0
134.0
152.0
172.0
147.0
137.0
155.0
375.0
132.0
135.0
140.0
159.0
164.0
155.0
139.0
138.0
437.0
141.0
140.0
169.0
162.0
136.0
159.0
139.0
134.0
154.0
162.0
174.0
156.0
170.0
132.0
134.0
135.0
133.0
442.0
175.0
140.0
366.0
176.0
169.0
152.0
146.0
174.0
158.0
154.0
140.0
161.0
480.0
176.0
163.0
168.0
159.0
133.0
149.0
153.0
175.0
137.0
134.0
174.0
167.0
139.0
167.0
136.0
141.0
135.0
406.0
175.0
174.0
132.0
177.0
158.0
134.0
173.0
144.0
130.0
468.0
173.0
487.0
131.0
489.0
463.0
454.0
386.0
468.0
478.0
385.0
423.0
469.0
167.0
164.0
147.0
161.0
150.0
157.0
143.0
173.0
138.0
179.0
198.0
132.0
159.0
488.0
161.0
134.0
169.0
141.0
136.0
174.0
131.0
159.0
156.0
139.0
149.0
141.0
176.0
366.0
145.0
133.0
174.0
140.0
130.0
155.0
145.0
171.0
461.0
163.0
153.0
131.0
177.0
147.0
143.0
139.0
176.0
146.0
147.0
165.0
158.0
157.0
148.0
162.0
112.0
139.0
439.0
171.0
165.0
425.0
169.0
137.0
157.0
144.0
155.0
168.0
155.0
165.0
164.0
382.0
146.0
154.0
130.0
148.0
172.0
173.0
156.0
170.0
164.0
133.0
143.0
159.0
136.0
169.0
161.0
132.0
153.0
434.0
172.0
155.0
149.0
157.0
163.0
133.0
134.0
152.0
149.0
395.0
138.0
441.0
153.0
426.0
447.0
411.0
462.0
366.0
447.0
366.0
432.0
374.0
155.0
148.0
166.0
163.0
133.0
150.0
176.0
161.0
177.0
172.0
161.0
176.0
138.0
455.0
149.0
162.0
133.0
151.0
161.0
137.0
145.0
141.0
172.0
134.0
157.0
145.0
165.0
461.0
172.0
155.0
131.0
146.0
152.0
169.0
146.0
152.0
406.0
164.0
130.0
132.0
143.0
134.0
145.0
138.0
150.0
168.0
174.0
165.0
169.0
147.0
170.0
131.0
123.0
163.0
376.0
142.0
136.0
385.0
150.0
172.0
159.0
133.0
144.0
150.0
153.0
132.0
134.0
457.0
152.0
171.0
151.0
136.0
170.0
169.0
176.0
134.0
154.0
160.0
174.0
168.0
142.0
152.0
140.0
118.0
164.0
455.0
150.0
147.0
160.0
143.0
140.0
145.0
150.0
176.0
151.0
410.0
166.0
473.0
135.0
416.0
377.0
449.0
411.0
470.0
397.0
391.0
478.0
457.0
141.0
159.0
177.0
135.0
138.0
130.0
143.0
154.0
130.0
186.0
196.0
158.0
143.0
435.0
164.0
145.0
134.0
139.0
165.0
145.0
134.0
174.0
172.0
163.0
142.0
154.0
162.0
415.0
159.0
148.0
139.0
169.0
137.0
164.0
138.0
153.0
459.0
140.0
136.0
158.0
163.0
146.0
138.0
133.0
148.0
143.0
146.0
151.0
169.0
140.0
135.0
156.0
126.0
130.0
458.0
166.0
170.0
408.0
153.0
152.0
172.0
167.0
132.0
131.0
131.0
150.0
147.0
406.0
172.0
136.0
169.0
152.0
173.0
145.0
177.0
156.0
174.0
134.0
154.0
154.0
168.0
176.0
152.0
121.0
172.0
423.0
133.0
164.0
131.0
153.0
158.0
166.0
148.0
137.0
172.0
437.0
142.0
442.0
162.0
408.0
458.0
434.0
481.0
438.0
458.0
399.0
424.0
430.0
173.0
170.0
141.0
151.0
155.0
165.0
140.0
151.0
174.0
177.0
156.0
157.0
161.0
440.0
168.0
136.0
135.0
151.0
169.0
142.0
142.0
147.0
170.0
160.0
174.0
174.0
160.0
445.0
158.0
140.0
133.0
173.0
164.0
154.0
149.0
140.0
385.0
130.0
157.0
176.0
174.0
165.0
170.0
130.0
160.0
154.0
146.0
151.0
141.0
162.0
135.0
150.0
147.0
133.0
454.0
153.0
137.0
402.0
158.0
158.0
165.0
145.0
175.0
140.0
160.0
134.0
141.0
455.0
133.0
150.0
131.0
146.0
135.0
156.0
174.0
151.0
148.0
141.0
146.0
150.0
151.0
169.0
156.0
143.0
167.0
384.0
152.0
145.0
150.0
136.0
174.0
157.0
158.0
172.0
142.0
386.0
134.0
440.0
162.0
449.0
377.0
457.0
456.0
444.0
451.0
445.0
460.0
480.0
138.0
168.0
136.0
161.0
146.0
168.0
170.0
145.0
173.0
158.0
168.0
160.0
157.0
402.0
171.0
159.0
137.0
138.0
161.0
171.0
140.0
167.0
168.0
157.0
134.0
156.0
168.0
415.0
148.0
174.0
171.0
165.0
158.0
138.0
166.0
149.0
485.0
144.0
133.0
142.0
168.0
143.0
154.0
169.0
159.0
174.0
131.0
167.0
151.0
145.0
161.0
155.0
120.0
142.0
399.0
159.0
139.0
430.0
177.0
160.0
173.0
165.0
157.0
171.0
173.0
138.0
145.0
438.0
172.0
165.0
130.0
174.0
135.0
171.0
140.0
137.0
139.0
148.0
173.0
175.0
171.0
144.0
132.0
130.0
161.0
397.0
161.0
152.0
145.0
172.0
168.0
159.0
139.0
149.0
140.0
413.0
156.0
412.0
148.0
439.0
380.0
387.0
447.0
449.0
477.0
471.0
432.0
446.0
175.0
131.0
143.0
163.0
161.0
165.0
142.0
173.0
134.0
