I_BRKGA_52_2_50_6_CESP
52 2 50 494.0
33195.5
31471.5
30428.5
32872.5
32956.5
34177.5
36093.5
34137.5
33585.5
30008.5
29923.5
30811.5
30700.5
32387.5
32589.5
29249.5
32589.5
29423.5
31097.5
30667.5
29870.5
33987.5
28937.5
33026.5
32049.5
33018.5
35323.5
31891.5
29404.5
33800.5
31089.5
33937.5
30327.5
35984.5
35884.5
32631.5
32613.5
33727.5
35020.5
34918.5
29037.5
35833.5
31459.5
29457.5
32551.5
29098.5
31633.5
35067.5
34975.5
35476.5
0.022822252293940224
0.01706081906568195
0.020755387005424647
0.019790481903842312
0.020563822860921996
0.017095928637496913
0.02015768719935723
0.016741800716018763
0.0203518673220967
0.018142031320114906
0.020728060751416928
0.019721727474279797
0.02093193721938315
0.019332954855262142
0.022691148368186476
0.017235221895858712
0.020286471235793267
0.017099806266446752
0.02285828802595054
0.017466655857829312
0.023975299806408036
0.01897577186270193
0.021585742545801714
0.01785157926767514
0.02112984070137415
0.016316165824329248
0.020594687357573586
0.016060255560784307
0.022080598221442885
0.01626173096439721
0.02152514950558115
0.017000267255528126
0.021163988185829746
0.0188005375267935
0.02072499650375714
0.017410334333474175
0.02294591474849969
0.016186171670934855
0.020528980794461863
0.01645733326677657
0.02191593165663363
0.017247245962132247
0.021161750635083843
0.019463347935738094
0.02264722813547273
0.018275611596415896
0.0204026434945153
0.01647942648023024
0.021484084034247227
0.04151303389010308
126.0
126.0
7678.0
62.0
765.0
1426.0
150.0
753.0
379.0
283.0
475.0
648.0
1063.0
431.0
76.0
335.0
548.0
287.0
146.0
501.0
187.0
367.0
113.0
402.0
207.0
851.0
1502.0
605.0
373.0
1234.0
450.0
318.0
946.0
5070.0
5728.0
175.0
220.0
1891.0
102.0
86.0
250.0
235.0
350.0
798.0
397.0
341.0
189.0
266.0
200.0
169.0
851.0
388.0
906.0
1227.0
761.0
1426.0
153.0
758.0
374.0
274.0
456.0
669.0
1044.0
436.0
80.0
328.0
543.0
282.0
144.0
502.0
195.0
359.0
117.0
406.0
205.0
858.0
1514.0
619.0
374.0
1200.0
456.0
324.0
912.0
5533.0
6054.0
166.0
223.0
1972.0
106.0
85.0
258.0
233.0
350.0
806.0
384.0
353.0
191.0
279.0
197.0
161.0
838.0
379.0
948.0
1319.0
726.0
1408.0
152.0
761.0
381.0
271.0
454.0
667.0
973.0
416.0
82.0
321.0
558.0
292.0
148.0
504.0
185.0
343.0
117.0
420.0
203.0
870.0
1503.0
591.0
368.0
1182.0
444.0
321.0
953.0
5089.0
5741.0
165.0
231.0
1934.0
105.0
84.0
248.0
242.0
338.0
790.0
388.0
345.0
181.0
260.0
200.0
164.0
771.0
381.0
903.0
1336.0
747.0
1466.0
148.0
802.0
386.0
266.0
462.0
677.0
1024.0
436.0
81.0
316.0
554.0
300.0
145.0
487.0
189.0
351.0
113.0
423.0
203.0
896.0
1459.0
630.0
378.0
1214.0
450.0
311.0
902.0
5094.0
5852.0
175.0
236.0
1906.0
106.0
84.0
260.0
243.0
346.0
804.0
385.0
347.0
187.0
267.0
199.0
168.0
800.0
398.0
947.0
1217.0
732.0
1493.0
146.0
799.0
381.0
276.0
472.0
668.0
1056.0
408.0
78.0
321.0
551.0
285.0
147.0
520.0
189.0
342.0
118.0
433.0
203.0
862.0
1510.0
620.0
358.0
1250.0
455.0
331.0
927.0
5604.0
5809.0
164.0
230.0
1883.0
103.0
83.0
263.0
230.0
353.0
814.0
396.0
357.0
187.0
261.0
199.0
163.0
833.0
398.0
958.0
1315.0
751.0
1449.0
144.0
795.0
382.0
282.0
477.0
684.0
1041.0
419.0
80.0
331.0
582.0
293.0
146.0
492.0
186.0
359.0
112.0
431.0
199.0
878.0
1445.0
590.0
369.0
1211.0
449.0
312.0
910.0
5358.0
5575.0
172.0
223.0
1818.0
106.0
85.0
254.0
246.0
337.0
806.0
400.0
334.0
193.0
268.0
205.0
161.0
788.0
385.0
939.0
1338.0
773.0
1494.0
144.0
786.0
380.0
271.0
457.0
685.0
1043.0
439.0
80.0
339.0
580.0
274.0
142.0
502.0
180.0
372.0
117.0
424.0
212.0
933.0
1507.0
594.0
363.0
1184.0
451.0
330.0
928.0
5294.0
5973.0
175.0
237.0
1964.0
104.0
85.0
254.0
229.0
349.0
784.0
397.0
363.0
192.0
265.0
194.0
172.0
798.0
377.0
940.0
1216.0
764.0
1405.0
151.0
796.0
365.0
265.0
443.0
669.0
1052.0
408.0
77.0
346.0
543.0
290.0
149.0
494.0
187.0
365.0
117.0
408.0
196.0
856.0
1514.0
604.0
388.0
1200.0
426.0
318.0
957.0
5256.0
5687.0
171.0
222.0
1972.0
105.0
84.0
256.0
236.0
347.0
806.0
399.0
359.0
184.0
273.0
205.0
166.0
785.0
385.0
944.0
1260.0
728.0
1517.0
151.0
764.0
379.0
270.0
453.0
674.0
1006.0
400.0
78.0
317.0
539.0
295.0
147.0
496.0
178.0
345.0
114.0
416.0
205.0
923.0
1522.0
601.0
376.0
1160.0
441.0
321.0
929.0
5058.0
5625.0
174.0
225.0
1871.0
109.0
86.0
256.0
231.0
351.0
782.0
404.0
357.0
182.0
262.0
193.0
171.0
842.0
373.0
934.0
1311.0
752.0
1450.0
150.0
782.0
381.0
270.0
457.0
665.0
975.0
403.0
80.0
329.0
586.0
302.0
148.0
503.0
190.0
372.0
117.0
423.0
209.0
899.0
1510.0
618.0
388.0
1180.0
431.0
325.0
905.0
5207.0
5997.0
177.0
236.0
1989.0
109.0
85.0
254.0
240.0
343.0
775.0
379.0
354.0
181.0
262.0
198.0
172.0
829.0
370.0
964.0
1331.0
735.0
1476.0
146.0
777.0
385.0
271.0
451.0
680.0
1037.0
427.0
80.0
341.0
569.0
290.0
148.0
506.0
181.0
367.0
119.0
410.0
205.0
866.0
1540.0
638.0
372.0
1255.0
421.0
319.0
949.0
5584.0
5821.0
169.0
227.0
1850.0
102.0
83.0
262.0
234.0
350.0
810.0
408.0
348.0
187.0
264.0
196.0
165.0
801.0
394.0
972.0
1318.0
766.0
1457.0
148.0
761.0
380.0
274.0
447.0
698.0
1051.0
424.0
78.0
328.0
545.0
275.0
144.0
502.0
185.0
351.0
110.0
409.0
198.0
921.0
1417.0
616.0
362.0
1145.0
449.0
317.0
964.0
5323.0
6018.0
170.0
230.0
1817.0
103.0
83.0
242.0
240.0
350.0
760.0
395.0
349.0
186.0
282.0
206.0
169.0
823.0
385.0
918.0
1291.0
749.0
1477.0
146.0
798.0
391.0
279.0
467.0
691.0
1008.0
400.0
78.0
335.0
544.0
292.0
142.0
521.0
185.0
356.0
115.0
401.0
196.0
909.0
1422.0
644.0
378.0
1244.0
434.0
304.0
932.0
5263.0
5749.0
169.0
232.0
1819.0
106.0
84.0
252.0
248.0
348.0
815.0
396.0
358.0
186.0
262.0
201.0
169.0
826.0
380.0
897.0
1298.0
743.0
1426.0
152.0
786.0
385.0
272.0
476.0
659.0
997.0
433.0
80.0
322.0
584.0
287.0
141.0
486.0
182.0
357.0
113.0
401.0
203.0
902.0
1458.0
603.0
366.0
1149.0
436.0
308.0
899.0
5438.0
6097.0
167.0
234.0
1888.0
102.0
84.0
252.0
248.0
346.0
790.0
390.0
358.0
186.0
276.0
201.0
164.0
834.0
383.0
951.0
1222.0
725.0
1434.0
146.0
812.0
379.0
275.0
473.0
652.0
975.0
418.0
76.0
317.0
579.0
292.0
143.0
514.0
182.0
360.0
115.0
400.0
204.0
870.0
1490.0
623.0
363.0
1167.0
453.0
318.0
936.0
5283.0
5576.0
168.0
237.0
1876.0
109.0
87.0
246.0
246.0
338.0
762.0
375.0
347.0
197.0
264.0
198.0
163.0
780.0
374.0
953.0
1221.0
714.0
1493.0
145.0
787.0
379.0
272.0
483.0
685.0
1007.0
401.0
79.0
324.0
580.0
297.0
150.0
511.0
187.0
359.0
111.0
402.0
199.0
867.0
1539.0
619.0
375.0
1171.0
453.0
315.0
973.0
5515.0
6169.0
168.0
231.0
1843.0
104.0
87.0
259.0
250.0
343.0
790.0
395.0
340.0
185.0
279.0
194.0
161.0
772.0
387.0
938.0
1256.0
741.0
1456.0
151.0
782.0
376.0
275.0
458.0
677.0
1004.0
397.0
79.0
336.0
586.0
295.0
145.0
496.0
184.0
345.0
112.0
397.0
199.0
897.0
1522.0
617.0
355.0
1172.0
436.0
315.0
947.0
5062.0
5610.0
166.0
234.0
1876.0
108.0
83.0
249.0
242.0
353.0
801.0
373.0
353.0
195.0
278.0
200.0
160.0
815.0
369.0
934.0
1239.0
750.0
1431.0
146.0
766.0
380.0
287.0
479.0
680.0
1024.0
403.0
81.0
337.0
544.0
286.0
147.0
508.0
183.0
349.0
113.0
428.0
210.0
866.0
1532.0
614.0
360.0
1231.0
435.0
316.0
942.0
5177.0
5675.0
165.0
221.0
1840.0
104.0
88.0
245.0
236.0
336.0
825.0
382.0
359.0
194.0
278.0
203.0
170.0
818.0
381.0
927.0
1222.0
739.0
1415.0
146.0
800.0
383.0
283.0
469.0
680.0
1066.0
412.0
76.0
344.0
575.0
287.0
150.0
504.0
183.0
360.0
118.0
419.0
206.0
892.0
1472.0
591.0
386.0
1213.0
436.0
309.0
928.0
5465.0
5982.0
170.0
228.0
1856.0
108.0
88.0
254.0
245.0
345.0
793.0
405.0
347.0
182.0
267.0
198.0
170.0
843.0
386.0
900.0
1277.0
742.0
1510.0
153.0
761.0
383.0
280.0
473.0
689.0
982.0
433.0
80.0
341.0
575.0
299.0
145.0
505.0
185.0
350.0
112.0
432.0
212.0
920.0
1406.0
593.0
363.0
1198.0
450.0
315.0
983.0
5291.0
6133.0
170.0
227.0
1904.0
105.0
86.0
250.0
233.0
348.0
758.0
403.0
352.0
192.0
266.0
200.0
165.0
800.0
392.0
967.0
1258.0
762.0
1511.0
148.0
760.0
387.0
278.0
481.0
659.0
1053.0
413.0
79.0
343.0
535.0
282.0
143.0
500.0
188.0
348.0
120.0
409.0
209.0
893.0
1539.0
596.0
366.0
1147.0
436.0
307.0
935.0
5100.0
5722.0
176.0
234.0
1907.0
105.0
86.0
254.0
240.0
347.0
801.0
380.0
336.0
186.0
279.0
205.0
168.0
769.0
396.0
893.0
1256.0
767.0
1477.0
154.0
750.0
386.0
268.0
474.0
672.0
996.0
402.0
80.0
324.0
579.0
296.0
143.0
494.0
192.0
364.0
116.0
430.0
210.0
932.0
1497.0
589.0
363.0
1217.0
442.0
305.0
894.0
5261.0
5726.0
175.0
224.0
1928.0
106.0
85.0
256.0
239.0
352.0
802.0
380.0
338.0
187.0
270.0
200.0
165.0
828.0
387.0
959.0
1278.0
764.0
1497.0
142.0
760.0
378.0
268.0
472.0
678.0
1032.0
421.0
79.0
321.0
581.0
276.0
151.0
508.0
183.0
348.0
115.0
413.0
199.0
883.0
1443.0
628.0
379.0
1163.0
455.0
323.0
973.0
5531.0
5727.0
169.0
236.0
1853.0
102.0
85.0
253.0
244.0
336.0
791.0
404.0
363.0
191.0
281.0
205.0
170.0
806.0
369.0
953.0
1217.0
764.0
1431.0
148.0
778.0
371.0
280.0
454.0
678.0
1004.0
416.0
81.0
341.0
570.0
288.0
144.0
484.0
186.0
344.0
118.0
410.0
213.0
894.0
1405.0
619.0
382.0
1243.0
447.0
324.0
946.0
5261.0
5606.0
174.0
238.0
1941.0
109.0
82.0
264.0
235.0
341.0
819.0
384.0
349.0
184.0
273.0
201.0
171.0
792.0
369.0
960.0
1320.0
725.0
1408.0
150.0
788.0
393.0
280.0
473.0
666.0
1000.0
415.0
81.0
315.0
575.0
282.0
145.0
497.0
186.0
347.0
116.0
412.0
200.0
852.0
1433.0
643.0
383.0
1172.0
456.0
321.0
956.0
5083.0
5952.0
170.0
238.0
1978.0
108.0
86.0
244.0
241.0
357.0
759.0
405.0
359.0
191.0
277.0
210.0
162.0
773.0
379.0
947.0
1334.0
738.0
1405.0
148.0
801.0
380.0
273.0
443.0
683.0
1028.0
397.0
82.0
317.0
560.0
300.0
141.0
520.0
186.0
361.0
117.0
418.0
198.0
893.0
1411.0
636.0
373.0
1160.0
428.0
306.0
941.0
5208.0
5825.0
177.0
228.0
1830.0
107.0
84.0
256.0
245.0
344.0
772.0
403.0
353.0
190.0
275.0
204.0
164.0
775.0
380.0
880.0
1230.0
726.0
1417.0
148.0
809.0
381.0
273.0
463.0
681.0
1005.0
433.0
76.0
346.0
582.0
298.0
150.0
497.0
184.0
356.0
115.0
414.0
209.0
869.0
1486.0
623.0
356.0
1252.0
440.0
325.0
940.0
5494.0
5762.0
167.0
229.0
1894.0
104.0
85.0
249.0
251.0
358.0
800.0
377.0
358.0
186.0
268.0
204.0
172.0
825.0
394.0
895.0
1297.0
739.0
1456.0
148.0
754.0
369.0
281.0
460.0
679.0
990.0
428.0
76.0
318.0
567.0
277.0
142.0
509.0
184.0
361.0
110.0
405.0
203.0
908.0
1458.0
620.0
386.0
1222.0
458.0
316.0
961.0
5348.0
5696.0
173.0
231.0
1838.0
106.0
83.0
251.0
249.0
342.0
773.0
389.0
350.0
190.0
283.0
194.0
162.0
847.0
399.0
973.0
1258.0
749.0
1510.0
150.0
753.0
396.0
263.0
468.0
671.0
1037.0
422.0
76.0
336.0
580.0
302.0
148.0
493.0
179.0
354.0
118.0
420.0
198.0
918.0
1510.0
614.0
384.0
1146.0
442.0
321.0
948.0
5526.0
5691.0
177.0
226.0
1859.0
107.0
81.0
246.0
245.0
329.0
789.0
376.0
355.0
180.0
282.0
194.0
165.0
836.0
378.0
969.0
1274.0
746.0
1524.0
142.0
793.0
376.0
283.0
453.0
675.0
1015.0
421.0
78.0
315.0
563.0
291.0
146.0
496.0
191.0
364.0
111.0
433.0
196.0
904.0
1526.0
622.0
383.0
1155.0
463.0
308.0
963.0
5321.0
5863.0
167.0
223.0
1831.0
101.0
86.0
246.0
238.0
347.0
799.0
376.0
343.0
186.0
261.0
198.0
172.0
771.0
375.0
882.0
1212.0
744.0
1520.0
148.0
754.0
379.0
270.0
484.0
663.0
1004.0
432.0
80.0
318.0
587.0
298.0
148.0
510.0
186.0
350.0
119.0
408.0
208.0
898.0
1399.0
642.0
388.0
1204.0
433.0
325.0
899.0
5093.0
5900.0
166.0
238.0
1897.0
105.0
81.0
255.0
250.0
346.0
777.0
390.0
339.0
188.0
277.0
206.0
164.0
783.0
376.0
896.0
1223.0
731.0
1474.0
145.0
777.0
387.0
285.0
469.0
653.0
1039.0
417.0
81.0
333.0
589.0
292.0
141.0
517.0
185.0
357.0
111.0
410.0
200.0
857.0
1475.0
601.0
365.0
1171.0
449.0
310.0
960.0
5286.0
5806.0
173.0
234.0
1962.0
105.0
84.0
250.0
245.0
353.0
774.0
382.0
364.0
191.0
267.0
193.0
161.0
816.0
374.0
926.0
1268.0
731.0
1473.0
152.0
774.0
372.0
268.0
463.0
697.0
1048.0
436.0
77.0
345.0
537.0
292.0
143.0
491.0
178.0
365.0
111.0
403.0
196.0
862.0
1510.0
632.0
368.0
1188.0
440.0
313.0
944.0
5315.0
5934.0
177.0
239.0
1939.0
107.0
84.0
241.0
236.0
345.0
770.0
387.0
347.0
189.0
272.0
208.0
172.0
800.0
393.0
885.0
1226.0
745.0
1442.0
148.0
800.0
376.0
283.0
475.0
673.0
1004.0
411.0
81.0
316.0
589.0
289.0
151.0
518.0
182.0
372.0
115.0
417.0
207.0
907.0
1471.0
635.0
374.0
1249.0
435.0
315.0
926.0
5600.0
6034.0
175.0
222.0
1918.0
106.0
84.0
254.0
237.0
350.0
776.0
376.0
353.0
192.0
267.0
200.0
160.0
845.0
392.0
921.0
1242.0
741.0
1487.0
146.0
777.0
391.0
275.0
466.0
659.0
1044.0
423.0
79.0
340.0
566.0
300.0
145.0
506.0
189.0
348.0
119.0
425.0
211.0
866.0
1410.0
600.0
364.0
1180.0
434.0
312.0
918.0
5213.0
5916.0
168.0
234.0
1939.0
109.0
86.0
244.0
245.0
346.0
785.0
396.0
359.0
184.0
285.0
200.0
168.0
801.0
387.0
968.0
1229.0
736.0
1451.0
148.0
781.0
375.0
285.0
465.0
654.0
983.0
409.0
82.0
321.0
576.0
288.0
150.0
520.0
179.0
363.0
116.0
402.0
201.0
870.0
1516.0
598.0
356.0
1227.0
447.0
317.0
936.0
5259.0
5649.0
178.0
226.0
1847.0
104.0
88.0
252.0
247.0
351.0
808.0
373.0
360.0
194.0
270.0
206.0
164.0
838.0
382.0
919.0
1240.0
749.0
1415.0
149.0
806.0
374.0
282.0
479.0
661.0
984.0
439.0
78.0
345.0
589.0
286.0
149.0
507.0
185.0
353.0
118.0
426.0
209.0
863.0
1443.0
628.0
373.0
1160.0
458.0
318.0
959.0
5393.0
5579.0
175.0
233.0
1926.0
104.0
83.0
256.0
247.0
344.0
764.0
389.0
363.0
195.0
280.0
194.0
164.0
777.0
373.0
902.0
1310.0
733.0
1485.0
148.0
779.0
373.0
278.0
482.0
668.0
985.0
399.0
79.0
322.0
575.0
292.0
142.0
526.0
188.0
341.0
118.0
427.0
206.0
896.0
1398.0
604.0
379.0
1158.0
437.0
332.0
954.0
5405.0
5920.0
170.0
230.0
1859.0
101.0
88.0
246.0
240.0
362.0
789.0
406.0
360.0
180.0
276.0
203.0
165.0
833.0
382.0
937.0
1303.0
769.0
1493.0
144.0
800.0
389.0
268.0
468.0
686.0
1063.0
433.0
81.0
345.0
577.0
295.0
147.0
483.0
191.0
345.0
114.0
397.0
207.0
926.0
1427.0
627.0
364.0
1184.0
431.0
316.0
918.0
5056.0
5952.0
172.0
224.0
1852.0
105.0
85.0
250.0
243.0
350.0
787.0
377.0
341.0
183.0
269.0
196.0
163.0
832.0
380.0
934.0
1328.0
768.0
1529.0
146.0
804.0
372.0
268.0
457.0
667.0
995.0
410.0
80.0
325.0
566.0
297.0
146.0
509.0
184.0
354.0
111.0
430.0
200.0
887.0
1514.0
620.0
386.0
1208.0
424.0
308.0
970.0
5076.0
6110.0
166.0
232.0
1836.0
107.0
84.0
245.0
239.0
342.0
816.0
398.0
352.0
186.0
275.0
197.0
169.0
831.0
374.0
884.0
1268.0
719.0
1419.0
149.0
784.0
379.0
283.0
444.0
667.0
1045.0
429.0
79.0
341.0
580.0
297.0
148.0
505.0
191.0
357.0
117.0
417.0
199.0
867.0
1447.0
597.0
383.0
1199.0
436.0
316.0
909.0
5448.0
5658.0
175.0
233.0
1867.0
108.0
88.0
259.0
230.0
340.0
801.0
406.0
338.0
191.0
267.0
204.0
163.0
823.0
396.0
936.0
1340.0
755.0
1443.0
146.0
809.0
384.0
281.0
466.0
679.0
1050.0
403.0
81.0
332.0
588.0
302.0
149.0
496.0
191.0
361.0
116.0
420.0
199.0
914.0
1489.0
598.0
384.0
1219.0
435.0
321.0
953.0
5342.0
5975.0
173.0
232.0
1834.0
105.0
82.0
257.0
238.0
340.0
780.0
383.0
345.0
187.0
271.0
206.0
171.0
777.0
382.0
903.0
1254.0
754.0
1433.0
148.0
789.0
372.0
281.0
469.0
665.0
1015.0
422.0
77.0
338.0
583.0
278.0
149.0
505.0
184.0
345.0
119.0
416.0
203.0
922.0
1423.0
628.0
355.0
1246.0
446.0
325.0
911.0
5524.0
6131.0
172.0
237.0
1840.0
106.0
83.0
258.0
237.0
345.0
819.0
375.0
350.0
187.0
280.0
205.0
165.0
794.0
391.0
939.0
1291.0
730.0
1521.0
152.0
778.0
381.0
280.0
480.0
674.0
983.0
417.0
79.0
328.0
568.0
301.0
140.0
521.0
194.0
367.0
111.0
399.0
198.0
929.0
1420.0
606.0
388.0
1206.0
463.0
309.0
931.0
5604.0
6018.0
172.0
228.0
1970.0
107.0
87.0
257.0
239.0
334.0
785.0
377.0
337.0
186.0
270.0
205.0
167.0
829.0
375.0
963.0
1287.0
729.0
1538.0
147.0
780.0
390.0
264.0
456.0
685.0
974.0
402.0
81.0
336.0
567.0
301.0
142.0
510.0
180.0
366.0
112.0
421.0
205.0
878.0
1491.0
590.0
359.0
1161.0
448.0
306.0
903.0
5142.0
5898.0
175.0
224.0
1878.0
106.0
86.0
251.0
238.0
344.0
795.0
371.0
338.0
189.0
265.0
204.0
160.0
770.0
391.0
961.0
1253.0
777.0
1479.0
147.0
779.0
367.0
269.0
459.0
660.0
1019.0
424.0
81.0
319.0
536.0
296.0
143.0
510.0
183.0
353.0
112.0
428.0
198.0
846.0
1504.0
613.0
357.0
1199.0
447.0
317.0
973.0
5557.0
5714.0
172.0
221.0
1949.0
109.0
81.0
261.0
239.0
342.0
770.0
374.0
337.0
194.0
264.0
208.0
172.0
792.0
384.0
938.0
1226.0
741.0
1443.0
150.0
794.0
379.0
282.0
458.0
691.0
983.0
403.0
77.0
324.0
552.0
296.0
147.0
490.0
184.0
362.0
114.0
399.0
209.0
870.0
1427.0
630.0
363.0
1143.0
441.0
320.0
952.0
5524.0
6156.0
166.0
226.0
1925.0
104.0
82.0
255.0
242.0
335.0
794.0
379.0
362.0
197.0
286.0
204.0
163.0
792.0
384.0
921.0
1254.0
736.0
1508.0
151.0
772.0
386.0
279.0
470.0
664.0
1016.0
410.0
79.0
325.0
559.0
297.0
144.0
508.0
184.0
368.0
118.0
406.0
195.0
855.0
1519.0
628.0
380.0
1180.0
455.0
315.0
942.0
5420.0
5820.0
173.0
236.0
1917.0
109.0
84.0
249.0
230.0
352.0
791.0
379.0
341.0
191.0
278.0
198.0
168.0
845.0
388.0
938.0
1262.0
732.0
1418.0
150.0
761.0
378.0
285.0
458.0
674.0
1045.0
404.0
79.0
323.0
568.0
284.0
148.0
520.0
189.0
353.0
115.0
419.0
206.0
912.0
1472.0
647.0
381.0
1215.0
431.0
317.0
930.0
5499.0
5579.0
172.0
236.0
1966.0
110.0
86.0
251.0
230.0
344.0
789.0
387.0
362.0
181.0
275.0
206.0
171.0
776.0
391.0
911.0
1288.0
747.0
1449.0
148.0
785.0
382.0
278.0
470.0
674.0
1006.0
408.0
77.0
327.0
563.0
298.0
144.0
514.0
186.0
374.0
115.0
417.0
196.0
910.0
1407.0
642.0
363.0
1171.0
437.0
309.0
925.0
5173.0
6107.0
164.0
229.0
1865.0
105.0
83.0
246.0
232.0
338.0
790.0
404.0
361.0
186.0
277.0
211.0
166.0
840.0
377.0
932.0
1329.0
165.0
150.0
152.0
154.0
226.0
152.0
154.0
149.0
307.0
160.0
164.0
165.0
144.0
169.0
161.0
140.0
162.0
144.0
294.0
144.0
156.0
149.0
142.0
150.0
145.0
166.0
312.0
261.0
158.0
172.0
136.0
161.0
168.0
164.0
170.0
160.0
312.0
174.0
331.0
150.0
260.0
319.0
276.0
254.0
266.0
420.0
318.0
326.0
448.0
151.0
162.0
166.0
160.0
138.0
222.0
162.0
156.0
165.0
272.0
172.0
150.0
157.0
149.0
140.0
140.0
140.0
156.0
150.0
282.0
134.0
153.0
160.0
170.0
174.0
160.0
139.0
324.0
268.0
168.0
174.0
136.0
170.0
138.0
149.0
146.0
171.0
332.0
163.0
303.0
144.0
288.0
308.0
287.0
274.0
291.0
405.0
315.0
296.0
406.0
160.0
158.0
169.0
164.0
141.0
228.0
156.0
159.0
148.0
295.0
158.0
150.0
168.0
153.0
166.0
145.0
144.0
154.0
158.0
297.0
172.0
154.0
144.0
160.0
138.0
146.0
154.0
304.0
302.0
152.0
156.0
150.0
142.0
170.0
168.0
172.0
175.0
264.0
168.0
270.0
148.0
274.0
266.0
258.0
283.0
308.0
426.0
272.0
281.0
486.0
153.0
150.0
168.0
148.0
144.0
214.0
162.0
168.0
154.0
304.0
136.0
151.0
157.0
136.0
147.0
158.0
164.0
158.0
156.0
296.0
166.0
140.0
142.0
156.0
154.0
136.0
152.0
327.0
300.0
160.0
156.0
158.0
139.0
146.0
150.0
150.0
141.0
276.0
162.0
286.0
151.0
274.0
300.0
314.0
269.0
286.0
417.0
304.0
288.0
474.0
147.0
172.0
162.0
146.0
152.0
216.0
168.0
143.0
148.0
294.0
138.0
148.0
152.0
149.0
164.0
150.0
146.0
160.0
161.0
272.0
166.0
158.0
155.0
164.0
142.0
138.0
158.0
288.0
294.0
154.0
174.0
168.0
145.0
150.0
151.0
136.0
145.0
266.0
148.0
288.0
160.0
312.0
317.0
268.0
294.0
282.0
404.0
276.0
247.0
382.0
174.0
154.0
148.0
150.0
162.0
240.0
150.0
166.0
162.0
286.0
140.0
175.0
155.0
156.0
168.0
162.0
149.0
143.0
158.0
306.0
140.0
159.0
144.0
144.0
152.0
153.0
140.0
278.0
292.0
145.0
156.0
138.0
140.0
156.0
173.0
141.0
165.0
258.0
152.0
297.0
172.0
304.0
278.0
308.0
284.0
288.0
394.0
262.0
304.0
444.0
144.0
168.0
164.0
140.0
147.0
210.0
140.0
150.0
139.0
279.0
150.0
148.0
140.0
143.0
163.0
138.0
144.0
144.0
154.0
270.0
176.0
171.0
158.0
166.0
168.0
138.0
161.0
303.0
256.0
140.0
151.0
154.0
152.0
140.0
154.0
146.0
160.0
304.0
156.0
314.0
152.0
248.0
282.0
301.0
284.0
286.0
374.0
298.0
302.0
406.0
164.0
150.0
154.0
152.0
162.0
239.0
165.0
170.0
153.0
271.0
147.0
144.0
158.0
158.0
158.0
172.0
158.0
162.0
160.0
298.0
146.0
162.0
160.0
146.0
144.0
152.0
162.0
278.0
263.0
156.0
148.0
151.0
160.0
142.0
160.0
157.0
155.0
282.0
147.0
316.0
159.0
274.0
310.0
301.0
320.0
263.0
394.0
324.0
273.0
447.0
156.0
146.0
140.0
154.0
152.0
230.0
162.0
152.0
154.0
274.0
173.0
154.0
162.0
159.0
134.0
162.0
146.0
140.0
160.0
320.0
155.0
164.0
141.0
154.0
163.0
143.0
142.0
298.0
304.0
158.0
170.0
166.0
145.0
144.0
155.0
138.0
152.0
324.0
133.0
276.0
148.0
316.0
311.0
256.0
247.0
264.0
438.0
314.0
322.0
372.0
152.0
158.0
153.0
164.0
161.0
206.0
162.0
154.0
156.0
287.0
149.0
136.0
143.0
150.0
148.0
142.0
134.0
148.0
139.0
278.0
164.0
166.0
154.0
150.0
161.0
136.0
151.0
322.0
294.0
157.0
134.0
165.0
156.0
157.0
156.0
150.0
161.0
260.0
140.0
269.0
152.0
302.0
324.0
296.0
260.0
276.0
482.0
258.0
281.0
416.0
140.0
155.0
171.0
158.0
144.0
202.0
140.0
148.0
142.0
324.0
160.0
147.0
158.0
162.0
149.0
165.0
162.0
150.0
158.0
290.0
148.0
146.0
162.0
143.0
158.0
138.0
157.0
264.0
266.0
160.0
161.0
144.0
171.0
161.0
160.0
156.0
174.0
288.0
142.0
250.0
148.0
322.0
308.0
280.0
285.0
330.0
420.0
294.0
285.0
410.0
166.0
171.0
165.0
163.0
153.0
232.0
148.0
148.0
153.0
266.0
154.0
147.0
148.0
150.0
174.0
146.0
141.0
166.0
158.0
270.0
155.0
166.0
152.0
150.0
140.0
146.0
158.0
318.0
302.0
152.0
144.0
148.0
149.0
140.0
164.0
141.0
158.0
272.0
136.0
275.0
150.0
325.0
317.0
310.0
264.0
298.0
444.0
282.0
312.0
469.0
154.0
165.0
167.0
155.0
164.0
204.0
146.0
138.0
154.0
296.0
152.0
150.0
160.0
154.0
150.0
172.0
149.0
163.0
151.0
272.0
156.0
160.0
141.0
136.0
148.0
147.0
146.0
295.0
296.0
144.0
151.0
158.0
153.0
144.0
154.0
158.0
169.0
298.0
160.0
312.0
154.0
302.0
306.0
282.0
304.0
315.0
414.0
271.0
277.0
411.0
160.0
168.0
154.0
148.0
154.0
234.0
156.0
157.0
160.0
278.0
158.0
146.0
168.0
154.0
150.0
165.0
136.0
160.0
150.0
248.0
166.0
145.0
159.0
148.0
148.0
154.0
155.0
296.0
318.0
136.0
152.0
152.0
139.0
157.0
160.0
141.0
160.0
284.0
166.0
300.0
144.0
258.0
300.0
309.0
286.0
308.0
478.0
296.0
264.0
460.0
136.0
170.0
142.0
158.0
170.0
223.0
148.0
161.0
149.0
294.0
160.0
176.0
156.0
150.0
146.0
136.0
152.0
135.0
150.0
316.0
172.0
154.0
145.0
161.0
153.0
148.0
156.0
267.0
304.0
140.0
157.0
154.0
158.0
162.0
158.0
144.0
163.0
322.0
153.0
286.0
172.0
264.0
262.0
274.0
304.0
332.0
434.0
286.0
299.0
464.0
158.0
170.0
156.0
154.0
141.0
216.0
164.0
157.0
148.0
320.0
143.0
146.0
140.0
163.0
164.0
164.0
160.0
155.0
156.0
270.0
153.0
150.0
154.0
151.0
161.0
130.0
146.0
274.0
308.0
148.0
148.0
160.0
158.0
146.0
154.0
172.0
169.0
291.0
152.0
310.0
168.0
327.0
258.0
266.0
244.0
257.0
440.0
253.0
307.0
419.0
156.0
171.0
154.0
160.0
144.0
246.0
139.0
153.0
145.0
274.0
161.0
134.0
168.0
150.0
154.0
141.0
141.0
164.0
165.0
286.0
154.0
160.0
149.0
160.0
159.0
142.0
154.0
297.0
252.0
143.0
163.0
167.0
146.0
159.0
147.0
150.0
164.0
306.0
158.0
296.0
152.0
272.0
324.0
282.0
293.0
318.0
416.0
304.0
317.0
416.0
143.0
166.0
174.0
146.0
166.0
241.0
158.0
148.0
140.0
298.0
140.0
146.0
138.0
154.0
156.0
142.0
158.0
152.0
154.0
252.0
166.0
155.0
142.0
162.0
156.0
138.0
154.0
306.0
300.0
145.0
149.0
162.0
155.0
140.0
142.0
144.0
152.0
315.0
153.0
279.0
138.0
302.0
266.0
302.0
304.0
273.0
412.0
260.0
315.0
474.0
134.0
149.0
156.0
147.0
152.0
234.0
146.0
148.0
161.0
304.0
146.0
155.0
156.0
152.0
152.0
162.0
172.0
166.0
148.0
310.0
170.0
169.0
155.0
160.0
166.0
134.0
155.0
278.0
286.0
172.0
150.0
162.0
160.0
164.0
146.0
166.0
158.0
287.0
146.0
285.0
168.0
301.0
304.0
318.0
268.0
272.0
412.0
272.0
315.0
419.0
153.0
170.0
162.0
142.0
161.0
209.0
162.0
142.0
167.0
307.0
154.0
138.0
159.0
148.0
166.0
146.0
166.0
165.0
134.0
304.0
138.0
155.0
138.0
160.0
158.0
160.0
138.0
274.0
274.0
142.0
158.0
164.0
154.0
143.0
144.0
150.0
142.0
324.0
163.0
288.0
162.0
326.0
295.0
298.0
267.0
308.0
409.0
308.0
315.0
420.0
149.0
150.0
164.0
154.0
152.0
220.0
152.0
154.0
160.0
303.0
158.0
158.0
150.0
169.0
150.0
147.0
161.0
154.0
148.0
274.0
166.0
155.0
146.0
163.0
162.0
144.0
170.0
293.0
284.0
172.0
164.0
163.0
154.0
160.0
153.0
172.0
162.0
298.0
150.0
326.0
158.0
256.0
256.0
288.0
260.0
263.0
458.0
262.0
296.0
415.0
163.0
151.0
152.0
156.0
142.0
219.0
150.0
163.0
158.0
270.0
158.0
134.0
136.0
149.0
162.0
136.0
143.0
162.0
139.0
274.0
148.0
162.0
141.0
166.0
163.0
162.0
153.0
323.0
264.0
159.0
144.0
156.0
152.0
158.0
148.0
148.0
141.0
318.0
171.0
263.0
144.0
282.0
327.0
274.0
275.0
320.0
418.0
294.0
304.0
426.0
159.0
150.0
163.0
145.0
160.0
240.0
166.0
140.0
162.0
252.0
134.0
158.0
165.0
140.0
158.0
148.0
146.0
172.0
155.0
262.0
172.0
156.0
156.0
154.0
138.0
140.0
152.0
268.0
304.0
158.0
143.0
145.0
148.0
174.0
139.0
174.0
154.0
282.0
150.0
287.0
144.0
296.0
298.0
301.0
270.0
272.0
433.0
308.0
296.0
402.0
169.0
167.0
140.0
162.0
170.0
224.0
145.0
148.0
152.0
277.0
136.0
146.0
164.0
165.0
135.0
150.0
146.0
160.0
146.0
292.0
161.0
156.0
165.0
138.0
166.0
132.0
154.0
270.0
299.0
158.0
148.0
155.0
170.0
151.0
159.0
131.0
160.0
298.0
168.0
252.0
149.0
264.0
269.0
302.0
299.0
316.0
442.0
294.0
286.0
447.0
160.0
146.0
146.0
144.0
156.0
209.0
164.0
152.0
138.0
264.0
159.0
137.0
162.0
154.0
158.0
146.0
154.0
148.0
148.0
291.0
154.0
156.0
154.0
152.0
147.0
138.0
158.0
286.0
284.0
146.0
142.0
148.0
171.0
158.0
158.0
163.0
168.0
327.0
156.0
308.0
144.0
310.0
318.0
320.0
290.0
279.0
400.0
262.0
303.0
426.0
160.0
151.0
164.0
170.0
159.0
221.0
135.0
148.0
158.0
276.0
152.0
150.0
150.0
156.0
149.0
148.0
150.0
143.0
162.0
282.0
156.0
172.0
146.0
154.0
149.0
153.0
142.0
281.0
268.0
152.0
148.0
148.0
138.0
153.0
162.0
144.0
151.0
312.0
162.0
327.0
155.0
290.0
274.0
294.0
272.0
296.0
464.0
308.0
314.0
387.0
150.0
165.0
167.0
153.0
148.0
223.0
156.0
156.0
150.0
324.0
155.0
154.0
164.0
150.0
159.0
160.0
166.0
147.0
144.0
271.0
158.0
154.0
164.0
162.0
144.0
152.0
168.0
282.0
278.0
160.0
141.0
148.0
154.0
143.0
162.0
162.0
169.0
322.0
168.0
278.0
168.0
277.0
320.0
269.0
280.0
255.0
456.0
300.0
313.0
446.0
151.0
150.0
148.0
168.0
142.0
213.0
138.0
166.0
151.0
308.0
155.0
147.0
161.0
153.0
152.0
167.0
160.0
146.0
153.0
311.0
137.0
138.0
138.0
160.0
141.0
140.0
144.0
296.0
277.0
166.0
155.0
149.0
174.0
138.0
168.0
146.0
162.0
295.0
138.0
262.0
156.0
320.0
266.0
276.0
308.0
304.0
432.0
297.0
283.0
428.0
144.0
174.0
155.0
152.0
160.0
224.0
150.0
157.0
150.0
280.0
144.0
150.0
171.0
151.0
159.0
154.0
176.0
170.0
149.0
261.0
156.0
142.0
168.0
144.0
168.0
144.0
166.0
306.0
286.0
162.0
154.0
156.0
157.0
148.0
156.0
145.0
174.0
321.0
158.0
316.0
143.0
266.0
276.0
297.0
262.0
266.0
421.0
274.0
298.0
438.0
159.0
162.0
150.0
142.0
158.0
232.0
151.0
143.0
150.0
250.0
162.0
154.0
142.0
147.0
140.0
138.0
169.0
144.0
158.0
278.0
157.0
138.0
150.0
149.0
172.0
140.0
146.0
262.0
322.0
166.0
158.0
164.0
154.0
144.0
160.0
162.0
134.0
324.0
140.0
274.0
156.0
331.0
288.0
268.0
300.0
278.0
428.0
276.0
276.0
445.0
140.0
162.0
149.0
136.0
154.0
221.0
158.0
150.0
152.0
299.0
154.0
157.0
160.0
144.0
152.0
150.0
157.0
148.0
168.0
325.0
152.0
166.0
156.0
144.0
172.0
137.0
164.0
306.0
270.0
153.0
149.0
168.0
151.0
155.0
160.0
158.0
144.0
277.0
152.0
303.0
138.0
276.0
264.0
266.0
288.0
279.0
414.0
322.0
324.0
433.0
145.0
152.0
156.0
152.0
165.0
236.0
158.0
163.0
147.0
316.0
164.0
154.0
158.0
157.0
137.0
148.0
160.0
140.0
172.0
316.0
152.0
168.0
169.0
152.0
158.0
130.0
163.0
315.0
286.0
162.0
152.0
166.0
134.0
151.0
160.0
144.0
167.0
284.0
144.0
292.0
148.0
256.0
318.0
316.0
290.0
322.0
442.0
308.0
274.0
452.0
156.0
158.0
177.0
145.0
147.0
239.0
152.0
151.0
148.0
292.0
138.0
158.0
149.0
156.0
142.0
146.0
149.0
154.0
154.0
292.0
156.0
152.0
157.0
136.0
132.0
160.0
140.0
314.0
256.0
166.0
166.0
170.0
162.0
158.0
146.0
153.0
148.0
293.0
168.0
296.0
134.0
325.0
268.0
268.0
311.0
312.0
407.0
296.0
321.0
422.0
151.0
160.0
161.0
156.0
148.0
236.0
162.0
142.0
164.0
263.0
140.0
167.0
142.0
165.0
146.0
168.0
172.0
156.0
150.0
276.0
140.0
152.0
154.0
151.0
148.0
146.0
155.0
294.0
271.0
153.0
145.0
136.0
150.0
166.0
172.0
156.0
136.0
292.0
141.0
282.0
160.0
322.0
311.0
301.0
254.0
310.0
422.0
276.0
282.0
401.0
168.0
176.0
146.0
163.0
142.0
200.0
154.0
157.0
152.0
296.0
150.0
132.0
159.0
166.0
151.0
160.0
164.0
161.0
158.0
304.0
164.0
158.0
134.0
146.0
164.0
143.0
163.0
314.0
312.0
147.0
134.0
150.0
164.0
152.0
144.0
134.0
158.0
268.0
170.0
276.0
158.0
270.0
276.0
270.0
250.0
316.0
476.0
292.0
284.0
440.0
148.0
168.0
172.0
158.0
154.0
230.0
156.0
154.0
136.0
268.0
154.0
152.0
150.0
146.0
154.0
150.0
145.0
150.0
167.0
298.0
166.0
145.0
145.0
155.0
152.0
153.0
164.0
268.0
279.0
156.0
144.0
158.0
163.0
150.0
162.0
170.0
158.0
266.0
142.0
296.0
159.0
272.0
302.0
286.0
306.0
276.0
376.0
294.0
286.0
477.0
160.0
155.0
155.0
162.0
148.0
214.0
156.0
141.0
149.0
264.0
150.0
165.0
152.0
153.0
156.0
150.0
153.0
153.0
161.0
328.0
166.0
164.0
166.0
153.0
145.0
158.0
162.0
324.0
313.0
152.0
162.0
148.0
158.0
158.0
153.0
144.0
140.0
282.0
140.0
289.0
150.0
316.0
294.0
296.0
288.0
276.0
422.0
312.0
294.0
450.0
153.0
149.0
154.0
167.0
152.0
204.0
148.0
158.0
166.0
296.0
163.0
160.0
148.0
148.0
151.0
152.0
144.0
150.0
158.0
286.0
135.0
156.0
158.0
151.0
140.0
148.0
161.0
319.0
298.0
166.0
162.0
140.0
144.0
162.0
168.0
159.0
158.0
286.0
150.0
310.0
152.0
277.0
282.0
291.0
300.0
267.0
482.0
305.0
284.0
486.0
148.0
156.0
174.0
157.0
142.0
222.0
155.0
152.0
158.0
310.0
146.0
141.0
147.0
172.0
151.0
168.0
151.0
154.0
154.0
306.0
140.0
160.0
154.0
155.0
162.0
128.0
170.0
282.0
274.0
156.0
166.0
160.0
154.0
154.0
137.0
158.0
149.0
298.0
164.0
326.0
148.0
289.0
297.0
319.0
304.0
304.0
414.0
266.0
286.0
418.0
146.0
180.0
160.0
147.0
152.0
232.0
151.0
160.0
134.0
311.0
146.0
172.0
162.0
147.0
162.0
169.0
148.0
140.0
160.0
288.0
166.0
155.0
138.0
142.0
143.0
146.0
158.0
270.0
262.0
158.0
158.0
156.0
156.0
143.0
144.0
140.0
171.0
324.0
168.0
324.0
150.0
288.0
273.0
249.0
276.0
280.0
412.0
258.0
289.0
400.0
156.0
143.0
150.0
161.0
172.0
216.0
170.0
147.0
160.0
287.0
166.0
144.0
166.0
154.0
156.0
140.0
141.0
154.0
158.0
305.0
140.0
158.0
136.0
134.0
136.0
147.0
139.0
312.0
300.0
156.0
154.0
174.0
165.0
168.0
145.0
164.0
158.0
283.0
144.0
274.0
166.0
278.0
270.0
297.0
268.0
268.0
420.0
310.0
290.0
440.0
163.0
155.0
170.0
164.0
158.0
218.0
148.0
152.0
144.0
317.0
164.0
162.0
145.0
166.0
152.0
152.0
161.0
162.0
166.0
280.0
155.0
150.0
136.0
149.0
167.0
154.0
150.0
330.0
311.0
159.0
142.0
161.0
142.0
148.0
142.0
158.0
138.0
278.0
142.0
306.0
142.0
316.0
312.0
259.0
298.0
286.0
487.0
290.0
298.0
455.0
160.0
161.0
172.0
144.0
160.0
229.0
144.0
156.0
163.0
334.0
154.0
154.0
154.0
146.0
152.0
146.0
169.0
153.0
166.0
312.0
165.0
142.0
172.0
154.0
168.0
144.0
167.0
325.0
264.0
148.0
144.0
167.0
152.0
162.0
136.0
142.0
154.0
288.0
137.0
333.0
138.0
308.0
272.0
319.0
240.0
309.0
454.0
298.0
262.0
410.0
145.0
146.0
162.0
145.0
156.0
218.0
152.0
144.0
154.0
300.0
149.0
156.0
139.0
153.0
166.0
152.0
156.0
149.0
153.0
315.0
148.0
171.0
166.0
130.0
140.0
152.0
140.0
302.0
308.0
170.0
150.0
157.0
160.0
142.0
169.0
138.0
150.0
290.0
162.0
323.0
160.0
258.0
276.0
251.0
254.0
304.0
412.0
282.0
258.0
426.0
142.0
167.0
156.0
164.0
158.0
229.0
152.0
164.0
137.0
311.0
164.0
154.0
174.0
158.0
151.0
156.0
162.0
170.0
162.0
300.0
160.0
166.0
156.0
142.0
154.0
134.0
166.0
268.0
318.0
142.0
143.0
154.0
153.0
151.0
155.0
144.0
142.0
249.0
152.0
270.0
134.0
309.0
292.0
309.0
300.0
263.0
461.0
324.0
280.0
399.0
148.0
166.0
150.0
149.0
164.0
221.0
137.0
148.0
152.0
274.0
158.0
156.0
154.0
141.0
146.0
151.0
156.0
142.0
148.0
292.0
144.0
160.0
143.0
164.0
154.0
145.0
142.0
298.0
262.0
145.0
149.0
155.0
137.0
166.0
148.0
164.0
140.0
313.0
145.0
329.0
156.0
285.0
316.0
252.0
294.0
320.0
440.0
304.0
264.0
436.0
160.0
170.0
144.0
148.0
161.0
249.0
145.0
163.0
160.0
308.0
162.0
156.0
144.0
148.0
144.0
150.0
136.0
172.0
154.0
259.0
134.0
170.0
172.0
174.0
157.0
139.0
158.0
278.0
298.0
160.0
152.0
141.0
142.0
168.0
132.0
140.0
156.0
284.0
156.0
298.0
152.0
284.0
290.0
256.0
289.0
279.0
380.0
265.0
312.0
429.0
170.0
152.0
158.0
164.0
154.0
212.0
150.0
152.0
172.0
293.0
144.0
159.0
159.0
168.0
146.0
154.0
166.0
142.0
146.0
304.0
174.0
154.0
150.0
160.0
156.0
142.0
163.0
289.0
269.0
164.0
156.0
174.0
141.0
148.0
148.0
146.0
157.0
292.0
176.0
300.0
144.0
257.0
275.0
314.0
313.0
268.0
424.0
312.0
308.0
413.0
150.0
168.0
168.0
156.0
156.0
204.0
150.0
154.0
168.0
332.0
164.0
148.0
144.0
152.0
152.0
152.0
142.0
144.0
152.0
285.0
153.0
138.0
146.0
151.0
140.0
138.0
164.0
282.0
266.0
155.0
150.0
158.0
147.0
139.0
154.0
156.0
134.0
270.0
137.0
298.0
154.0
304.0
300.0
258.0
304.0
330.0
421.0
321.0
287.0
444.0
144.0
145.0
165.0
166.0
152.0
220.0
143.0
150.0
146.0
298.0
146.0
160.0
154.0
140.0
145.0
155.0
139.0
155.0
142.0
307.0
147.0
142.0
156.0
160.0
150.0
144.0
162.0
262.0
263.0
144.0
134.0
142.0
146.0
172.0
142.0
155.0
144.0
311.0
147.0
296.0
156.0
264.0
276.0
311.0
292.0
314.0
463.0
290.0
306.0
424.0
172.0
