I_BRKGA_111_3_30_7_CESP
111 3 30 495.0
32246.5
30774.5
35072.5
33736.5
32495.5
30222.5
34642.5
36104.5
29410.5
30582.5
32539.5
31013.5
31243.5
34411.5
35381.5
35618.5
29399.5
29978.5
30571.5
29914.5
29651.5
33386.5
32430.5
32042.5
31227.5
31360.5
35954.5
30117.5
33144.5
30815.5
0.03941326285934415
0.03210383490015701
0.03959887640308578
0.027594047479574925
0.03838396634568654
0.02757414438544889
0.03974854808599903
0.02988509524134792
0.03883446035304255
0.029258571859591163
0.03937467405665537
0.03254176258103621
0.03762530494238635
0.0302642456605509
0.033664814259687106
0.03068564721618397
0.03369509630622693
0.03319255931685855
0.0388578348594668
0.027877562547944896
0.03436485694784772
0.0310235967146405
0.036502224148394366
0.02978724847029237
0.033477656749780045
0.027107859429681202
0.03675026405162182
0.02731126536781245
0.03679196476528433
0.02670875369436998
115.0
127.0
121.0
5105.0
35.0
2516.0
510.0
1223.0
36.0
547.0
118.0
187.0
48.0
332.0
264.0
369.0
59.0
317.0
549.0
272.0
74.0
252.0
75.0
291.0
29.0
370.0
161.0
787.0
1334.0
544.0
350.0
1194.0
278.0
158.0
803.0
5191.0
5822.0
124.0
162.0
327.0
50.0
29.0
182.0
225.0
195.0
483.0
351.0
77.0
64.0
27.0
116.0
32.0
19.0
162.0
851.0
52.0
126.0
65.0
42.0
158.0
141.0
75.0
163.0
143.0
733.0
35.0
21.0
26.0
32.0
8.0
70.0
276.0
107.0
67.0
89.0
59.0
39.0
82.0
150.0
46.0
26.0
55.0
153.0
160.0
111.0
82.0
131.0
47.0
62.0
1650.0
59.0
55.0
65.0
24.0
157.0
299.0
31.0
279.0
130.0
242.0
81.0
128.0
787.0
211.0
69.0
1168.0
126.0
116.0
72.0
90.0
120.0
18.0
246.0
205.0
488.0
1307.0
35.0
559.0
117.0
193.0
45.0
330.0
268.0
383.0
60.0
314.0
515.0
283.0
69.0
230.0
82.0
300.0
28.0
373.0
167.0
828.0
1348.0
591.0
334.0
1155.0
289.0
159.0
848.0
5241.0
5498.0
123.0
167.0
334.0
49.0
28.0
189.0
209.0
195.0
520.0
360.0
79.0
66.0
26.0
126.0
32.0
19.0
176.0
830.0
50.0
120.0
61.0
42.0
159.0
151.0
72.0
161.0
141.0
785.0
37.0
21.0
26.0
30.0
8.0
76.0
257.0
106.0
72.0
84.0
56.0
41.0
81.0
146.0
49.0
25.0
57.0
150.0
171.0
106.0
79.0
135.0
45.0
64.0
1660.0
55.0
56.0
70.0
26.0
161.0
292.0
31.0
277.0
129.0
254.0
82.0
134.0
785.0
224.0
71.0
1263.0
121.0
126.0
68.0
88.0
115.0
20.0
250.0
188.0
514.0
1326.0
33.0
545.0
111.0
182.0
47.0
323.0
266.0
386.0
55.0
291.0
540.0
272.0
73.0
242.0
75.0
291.0
29.0
355.0
160.0
776.0
1295.0
588.0
337.0
1160.0
274.0
150.0
830.0
5417.0
5888.0
123.0
167.0
322.0
47.0
29.0
194.0
216.0
180.0
532.0
344.0
75.0
64.0
26.0
119.0
32.0
19.0
172.0
814.0
48.0
120.0
67.0
43.0
164.0
154.0
70.0
163.0
149.0
759.0
36.0
21.0
25.0
32.0
8.0
70.0
266.0
108.0
73.0
86.0
59.0
38.0
82.0
149.0
48.0
27.0
53.0
158.0
175.0
104.0
83.0
129.0
48.0
66.0
1615.0
54.0
54.0
66.0
25.0
159.0
272.0
32.0
267.0
118.0
253.0
79.0
130.0
823.0
215.0
69.0
1234.0
131.0
115.0
73.0
94.0
119.0
20.0
259.0
200.0
517.0
1287.0
34.0
530.0
118.0
174.0
48.0
335.0
256.0
385.0
57.0
320.0
529.0
279.0
70.0
241.0
81.0
283.0
28.0
355.0
171.0
792.0
1364.0
551.0
338.0
1189.0
299.0
151.0
831.0
5182.0
5482.0
122.0
166.0
303.0
49.0
29.0
182.0
223.0
178.0
493.0
360.0
78.0
63.0
25.0
119.0
31.0
20.0
177.0
894.0
53.0
120.0
64.0
43.0
161.0
149.0
74.0
161.0
147.0
758.0
38.0
20.0
24.0
31.0
8.0
72.0
264.0
113.0
74.0
87.0
55.0
41.0
88.0
145.0
48.0
25.0
58.0
158.0
174.0
109.0
84.0
126.0
44.0
62.0
1528.0
56.0
58.0
67.0
26.0
160.0
274.0
31.0
280.0
127.0
238.0
83.0
140.0
752.0
216.0
67.0
1253.0
123.0
123.0
68.0
87.0
117.0
20.0
261.0
205.0
510.0
1258.0
34.0
538.0
109.0
193.0
47.0
333.0
264.0
377.0
58.0
320.0
526.0
270.0
74.0
237.0
75.0
284.0
27.0
346.0
158.0
807.0
1265.0
586.0
350.0
1090.0
294.0
158.0
803.0
5068.0
5853.0
125.0
169.0
331.0
50.0
29.0
185.0
221.0
192.0
514.0
347.0
76.0
63.0
27.0
128.0
33.0
19.0
163.0
867.0
49.0
124.0
66.0
44.0
163.0
148.0
74.0
153.0
152.0
743.0
38.0
21.0
26.0
31.0
8.0
72.0
272.0
110.0
67.0
85.0
54.0
38.0
88.0
140.0
49.0
25.0
56.0
164.0
170.0
101.0
81.0
133.0
44.0
67.0
1630.0
54.0
59.0
67.0
25.0
165.0
290.0
32.0
268.0
127.0
260.0
75.0
138.0
829.0
221.0
68.0
1207.0
128.0
119.0
71.0
94.0
122.0
19.0
263.0
194.0
487.0
1229.0
33.0
513.0
119.0
174.0
46.0
349.0
246.0
371.0
56.0
315.0
530.0
286.0
74.0
239.0
79.0
278.0
29.0
338.0
160.0
823.0
1346.0
548.0
346.0
1148.0
277.0
149.0
825.0
5467.0
5990.0
120.0
165.0
313.0
48.0
27.0
188.0
213.0
192.0
485.0
350.0
72.0
65.0
25.0
119.0
30.0
19.0
166.0
819.0
52.0
127.0
65.0
45.0
157.0
154.0
76.0
156.0
139.0
784.0
37.0
21.0
24.0
30.0
8.0
74.0
259.0
110.0
73.0
83.0
56.0
41.0
82.0
151.0
48.0
27.0
57.0
154.0
160.0
107.0
82.0
134.0
45.0
65.0
1614.0
55.0
57.0
71.0
26.0
158.0
298.0
32.0
269.0
121.0
249.0
78.0
131.0
753.0
210.0
69.0
1269.0
132.0
125.0
71.0
93.0
114.0
20.0
265.0
189.0
482.0
1334.0
36.0
543.0
117.0
182.0
44.0
325.0
269.0
368.0
57.0
301.0
560.0
283.0
72.0
231.0
82.0
295.0
28.0
348.0
158.0
831.0
1340.0
572.0
339.0
1116.0
291.0
151.0
863.0
5057.0
5751.0
128.0
169.0
332.0
51.0
27.0
193.0
215.0
195.0
519.0
361.0
79.0
65.0
26.0
117.0
32.0
20.0
162.0
833.0
52.0
124.0
62.0
46.0
152.0
154.0
72.0
157.0
150.0
769.0
36.0
20.0
24.0
31.0
8.0
73.0
273.0
110.0
74.0
86.0
56.0
38.0
89.0
154.0
47.0
26.0
56.0
162.0
162.0
100.0
84.0
133.0
44.0
67.0
1521.0
58.0
56.0
65.0
26.0
160.0
292.0
32.0
276.0
118.0
258.0
78.0
133.0
768.0
220.0
69.0
1221.0
133.0
121.0
72.0
93.0
112.0
19.0
271.0
193.0
470.0
1322.0
35.0
532.0
117.0
188.0
45.0
337.0
257.0
367.0
59.0
300.0
545.0
277.0
73.0
240.0
82.0
291.0
28.0
340.0
173.0
786.0
1361.0
545.0
343.0
1104.0
288.0
148.0
835.0
5491.0
5568.0
129.0
156.0
327.0
48.0
27.0
183.0
212.0
177.0
484.0
373.0
75.0
64.0
26.0
118.0
30.0
19.0
168.0
819.0
52.0
124.0
67.0
43.0
167.0
155.0
76.0
155.0
139.0
795.0
37.0
21.0
26.0
30.0
8.0
71.0
277.0
113.0
70.0
85.0
56.0
40.0
82.0
144.0
45.0
26.0
58.0
161.0
164.0
102.0
79.0
132.0
46.0
61.0
1613.0
59.0
57.0
69.0
26.0
154.0
272.0
31.0
283.0
128.0
253.0
83.0
134.0
806.0
210.0
68.0
1251.0
125.0
120.0
71.0
94.0
111.0
19.0
271.0
190.0
495.0
1304.0
35.0
536.0
109.0
191.0
46.0
324.0
250.0
364.0
57.0
299.0
507.0
294.0
75.0
254.0
82.0
300.0
29.0
355.0
165.0
805.0
1299.0
567.0
352.0
1144.0
282.0
148.0
857.0
5353.0
5961.0
121.0
164.0
307.0
49.0
29.0
188.0
216.0
192.0
495.0
366.0
76.0
64.0
27.0
126.0
32.0
20.0
168.0
855.0
49.0
127.0
64.0
46.0
164.0
149.0
74.0
152.0
147.0
800.0
37.0
21.0
26.0
31.0
8.0
71.0
257.0
105.0
74.0
85.0
59.0
40.0
85.0
141.0
49.0
26.0
56.0
161.0
168.0
106.0
85.0
136.0
47.0
62.0
1622.0
57.0
58.0
66.0
26.0
160.0
297.0
32.0
270.0
129.0
257.0
78.0
133.0
807.0
223.0
66.0
1176.0
131.0
127.0
70.0
92.0
116.0
19.0
269.0
202.0
483.0
1224.0
36.0
552.0
114.0
180.0
45.0
325.0
270.0
375.0
57.0
300.0
522.0
294.0
73.0
249.0
78.0
288.0
28.0
370.0
160.0
819.0
1376.0
559.0
338.0
1183.0
295.0
152.0
869.0
5177.0
5767.0
126.0
162.0
315.0
51.0
28.0
188.0
226.0
193.0
511.0
374.0
73.0
63.0
27.0
124.0
31.0
20.0
168.0
822.0
51.0
121.0
63.0
46.0
157.0
143.0
71.0
164.0
152.0
744.0
35.0
20.0
24.0
30.0
8.0
73.0
255.0
105.0
70.0
84.0
56.0
38.0
83.0
153.0
48.0
26.0
53.0
152.0
173.0
102.0
85.0
127.0
47.0
63.0
1645.0
55.0
54.0
71.0
24.0
165.0
282.0
31.0
283.0
120.0
239.0
79.0
135.0
816.0
216.0
65.0
1266.0
123.0
120.0
67.0
90.0
119.0
19.0
266.0
187.0
505.0
1308.0
33.0
537.0
117.0
175.0
46.0
319.0
250.0
368.0
61.0
305.0
529.0
267.0
76.0
238.0
79.0
298.0
28.0
374.0
160.0
793.0
1316.0
561.0
351.0
1170.0
289.0
155.0
856.0
5175.0
5978.0
125.0
165.0
324.0
47.0
29.0
184.0
223.0
191.0
523.0
359.0
75.0
61.0
26.0
128.0
31.0
20.0
164.0
854.0
48.0
131.0
64.0
45.0
157.0
143.0
76.0
164.0
152.0
770.0
36.0
20.0
26.0
32.0
8.0
74.0
277.0
110.0
71.0
86.0
56.0
39.0
83.0
148.0
47.0
25.0
54.0
154.0
159.0
105.0
83.0
139.0
47.0
67.0
1664.0
59.0
57.0
65.0
26.0
152.0
274.0
32.0
268.0
127.0
257.0
77.0
136.0
780.0
218.0
69.0
1286.0
128.0
120.0
71.0
87.0
116.0
19.0
266.0
198.0
511.0
1261.0
35.0
560.0
120.0
192.0
46.0
342.0
245.0
390.0
61.0
318.0
548.0
289.0
75.0
238.0
80.0
273.0
27.0
354.0
160.0
801.0
1383.0
557.0
351.0
1112.0
300.0
153.0
835.0
5024.0
5695.0
125.0
168.0
304.0
50.0
28.0
189.0
218.0
192.0
516.0
349.0
73.0
67.0
25.0
118.0
32.0
19.0
170.0
883.0
51.0
119.0
65.0
44.0
158.0
155.0
73.0
157.0
141.0
760.0
36.0
20.0
25.0
31.0
8.0
69.0
250.0
108.0
69.0
90.0
55.0
38.0
86.0
140.0
47.0
26.0
58.0
158.0
173.0
106.0
83.0
130.0
47.0
66.0
1537.0
56.0
54.0
70.0
26.0
158.0
299.0
33.0
282.0
119.0
252.0
79.0
138.0
788.0
209.0
69.0
1273.0
121.0
124.0
70.0
92.0
116.0
20.0
251.0
189.0
472.0
1349.0
36.0
536.0
108.0
175.0
45.0
320.0
254.0
380.0
61.0
293.0
512.0
283.0
74.0
238.0
74.0
287.0
28.0
369.0
158.0
763.0
1281.0
577.0
359.0
1185.0
278.0
154.0
815.0
5314.0
5854.0
128.0
162.0
317.0
51.0
28.0
177.0
216.0
191.0
527.0
346.0
72.0
65.0
26.0
121.0
31.0
20.0
166.0
847.0
51.0
125.0
67.0
43.0
155.0
148.0
71.0
161.0
148.0
755.0
37.0
21.0
25.0
32.0
8.0
72.0
255.0
110.0
70.0
87.0
58.0
41.0
87.0
151.0
46.0
25.0
56.0
151.0
170.0
105.0
81.0
127.0
46.0
63.0
1523.0
55.0
59.0
66.0
26.0
164.0
289.0
33.0
269.0
128.0
250.0
78.0
134.0
772.0
206.0
66.0
1235.0
127.0
124.0
67.0
87.0
118.0
20.0
265.0
192.0
508.0
1315.0
35.0
531.0
116.0
183.0
45.0
327.0
262.0
396.0
56.0
294.0
522.0
293.0
70.0
239.0
82.0
302.0
27.0
349.0
157.0
762.0
1348.0
594.0
335.0
1129.0
280.0
155.0
797.0
5381.0
5734.0
121.0
172.0
310.0
47.0
27.0
190.0
214.0
179.0
511.0
350.0
78.0
62.0
27.0
116.0
33.0
20.0
167.0
894.0
53.0
125.0
63.0
44.0
152.0
152.0
70.0
155.0
150.0
737.0
38.0
21.0
24.0
30.0
8.0
71.0
263.0
108.0
73.0
85.0
55.0
41.0
89.0
152.0
45.0
26.0
56.0
156.0
175.0
102.0
82.0
127.0
48.0
65.0
1608.0
56.0
54.0
66.0
24.0
155.0
278.0
31.0
270.0
122.0
244.0
76.0
135.0
817.0
215.0
69.0
1278.0
121.0
126.0
68.0
90.0
122.0
18.0
267.0
190.0
511.0
1266.0
35.0
519.0
112.0
177.0
44.0
348.0
261.0
397.0
58.0
291.0
549.0
267.0
72.0
253.0
79.0
298.0
29.0
359.0
167.0
797.0
1284.0
559.0
332.0
1091.0
272.0
145.0
837.0
5118.0
5769.0
130.0
166.0
333.0
48.0
29.0
176.0
210.0
188.0
513.0
355.0
73.0
64.0
26.0
122.0
31.0
20.0
167.0
817.0
48.0
123.0
66.0
44.0
160.0
144.0
72.0
159.0
143.0
726.0
37.0
21.0
24.0
31.0
8.0
71.0
275.0
109.0
68.0
83.0
56.0
40.0
85.0
140.0
47.0
27.0
58.0
150.0
174.0
102.0
87.0
132.0
46.0
65.0
1601.0
57.0
58.0
71.0
25.0
164.0
274.0
33.0
275.0
125.0
258.0
80.0
130.0
790.0
220.0
66.0
1243.0
126.0
115.0
73.0
92.0
114.0
20.0
253.0
201.0
470.0
1244.0
33.0
531.0
111.0
184.0
45.0
346.0
265.0
396.0
59.0
297.0
516.0
281.0
72.0
234.0
80.0
298.0
28.0
375.0
161.0
833.0
1316.0
583.0
348.0
1191.0
276.0
145.0
827.0
5224.0
5613.0
131.0
164.0
328.0
51.0
29.0
185.0
208.0
182.0
513.0
375.0
77.0
67.0
27.0
120.0
30.0
19.0
173.0
832.0
52.0
126.0
67.0
43.0
155.0
155.0
76.0
159.0
152.0
758.0
37.0
21.0
26.0
30.0
8.0
75.0
258.0
109.0
68.0
87.0
58.0
40.0
87.0
147.0
48.0
26.0
54.0
154.0
164.0
109.0
84.0
136.0
45.0
67.0
1532.0
56.0
58.0
66.0
24.0
162.0
290.0
32.0
270.0
124.0
249.0
83.0
129.0
810.0
225.0
67.0
1280.0
121.0
125.0
72.0
87.0
111.0
20.0
250.0
200.0
512.0
1243.0
34.0
507.0
116.0
175.0
46.0
326.0
256.0
366.0
56.0
315.0
543.0
277.0
69.0
233.0
80.0
302.0
28.0
356.0
169.0
815.0
1259.0
581.0
331.0
1169.0
282.0
148.0
839.0
5473.0
5849.0
127.0
164.0
334.0
51.0
27.0
182.0
221.0
194.0
519.0
343.0
76.0
63.0
26.0
122.0
32.0
18.0
172.0
901.0
49.0
121.0
64.0
43.0
151.0
149.0
70.0
155.0
151.0
793.0
37.0
21.0
25.0
32.0
8.0
74.0
269.0
111.0
67.0
88.0
59.0
40.0
87.0
150.0
48.0
27.0
57.0
153.0
159.0
111.0
82.0
138.0
45.0
61.0
1564.0
58.0
54.0
67.0
26.0
162.0
286.0
33.0
286.0
118.0
259.0
81.0
130.0
818.0
217.0
65.0
1211.0
122.0
125.0
72.0
88.0
119.0
19.0
251.0
204.0
495.0
1280.0
36.0
541.0
114.0
191.0
48.0
325.0
261.0
369.0
61.0
307.0
534.0
267.0
71.0
229.0
78.0
279.0
28.0
343.0
163.0
784.0
1332.0
561.0
358.0
1188.0
273.0
154.0
789.0
5128.0
5597.0
130.0
162.0
306.0
48.0
28.0
178.0
226.0
189.0
516.0
372.0
77.0
61.0
27.0
121.0
31.0
19.0
164.0
833.0
53.0
131.0
67.0
43.0
165.0
143.0
72.0
164.0
140.0
787.0
36.0
20.0
26.0
30.0
8.0
74.0
275.0
110.0
69.0
86.0
54.0
40.0
88.0
146.0
49.0
26.0
55.0
154.0
158.0
102.0
81.0
132.0
44.0
62.0
1525.0
57.0
56.0
65.0
24.0
160.0
297.0
33.0
271.0
127.0
258.0
80.0
140.0
810.0
224.0
68.0
1220.0
133.0
118.0
69.0
92.0
122.0
19.0
259.0
188.0
482.0
1337.0
35.0
518.0
111.0
183.0
48.0
333.0
263.0
374.0
56.0
306.0
526.0
293.0
71.0
238.0
78.0
292.0
27.0
349.0
157.0
801.0
1371.0
579.0
342.0
1122.0
299.0
157.0
820.0
5352.0
5936.0
123.0
158.0
331.0
47.0
28.0
181.0
222.0
186.0
508.0
340.0
74.0
62.0
27.0
127.0
33.0
19.0
171.0
860.0
50.0
128.0
62.0
43.0
158.0
143.0
70.0
166.0
144.0
780.0
38.0
21.0
26.0
31.0
8.0
73.0
274.0
103.0
69.0
88.0
54.0
40.0
86.0
142.0
49.0
27.0
53.0
154.0
164.0
104.0
87.0
127.0
44.0
64.0
1543.0
56.0
57.0
66.0
26.0
163.0
292.0
33.0
266.0
125.0
255.0
78.0
130.0
780.0
206.0
70.0
1259.0
126.0
121.0
73.0
91.0
121.0
20.0
271.0
200.0
497.0
1257.0
34.0
530.0
111.0
184.0
46.0
335.0
256.0
393.0
61.0
291.0
519.0
282.0
70.0
246.0
78.0
300.0
27.0
353.0
173.0
794.0
1383.0
564.0
356.0
1138.0
279.0
156.0
860.0
5325.0
5658.0
119.0
160.0
308.0
49.0
29.0
186.0
216.0
194.0
486.0
359.0
75.0
66.0
27.0
125.0
33.0
20.0
163.0
901.0
52.0
128.0
62.0
45.0
152.0
147.0
71.0
163.0
143.0
798.0
35.0
20.0
24.0
30.0
8.0
70.0
265.0
104.0
72.0
84.0
57.0
40.0
86.0
154.0
48.0
27.0
58.0
161.0
172.0
102.0
87.0
136.0
47.0
61.0
1616.0
55.0
58.0
70.0
24.0
158.0
285.0
33.0
278.0
119.0
255.0
77.0
139.0
808.0
223.0
71.0
1255.0
123.0
126.0
68.0
90.0
121.0
19.0
254.0
203.0
501.0
1273.0
35.0
546.0
116.0
187.0
46.0
342.0
254.0
381.0
59.0
319.0
545.0
280.0
76.0
254.0
79.0
302.0
27.0
361.0
171.0
802.0
1284.0
594.0
353.0
1103.0
282.0
150.0
799.0
5448.0
5598.0
129.0
164.0
311.0
51.0
29.0
183.0
214.0
187.0
495.0
343.0
76.0
61.0
26.0
119.0
31.0
19.0
167.0
866.0
52.0
122.0
64.0
45.0
166.0
141.0
71.0
165.0
139.0
772.0
36.0
19.0
24.0
29.0
8.0
73.0
250.0
113.0
73.0
86.0
55.0
39.0
86.0
146.0
48.0
25.0
54.0
159.0
165.0
111.0
84.0
129.0
48.0
64.0
1537.0
58.0
55.0
69.0
25.0
164.0
277.0
32.0
279.0
119.0
258.0
82.0
136.0
811.0
222.0
68.0
1260.0
126.0
124.0
70.0
93.0
115.0
19.0
251.0
201.0
473.0
1309.0
34.0
524.0
109.0
179.0
45.0
323.0
263.0
370.0
56.0
289.0
527.0
282.0
74.0
235.0
82.0
300.0
28.0
344.0
166.0
796.0
1292.0
593.0
343.0
1178.0
293.0
156.0
829.0
5190.0
5955.0
119.0
161.0
327.0
48.0
27.0
175.0
221.0
195.0
484.0
356.0
79.0
64.0
25.0
121.0
33.0
19.0
174.0
815.0
50.0
128.0
66.0
44.0
159.0
145.0
69.0
160.0
142.0
732.0
37.0
21.0
24.0
31.0
8.0
76.0
254.0
113.0
72.0
85.0
54.0
41.0
89.0
139.0
48.0
26.0
53.0
158.0
160.0
108.0
82.0
128.0
45.0
65.0
1577.0
58.0
59.0
70.0
24.0
157.0
292.0
33.0
278.0
119.0
241.0
80.0
133.0
830.0
225.0
65.0
1239.0
132.0
122.0
68.0
91.0
118.0
19.0
253.0
202.0
474.0
1277.0
34.0
525.0
118.0
185.0
45.0
336.0
250.0
363.0
59.0
300.0
533.0
275.0
75.0
242.0
78.0
273.0
29.0
342.0
171.0
827.0
1298.0
589.0
346.0
1084.0
289.0
157.0
821.0
5383.0
5900.0
128.0
170.0
326.0
50.0
29.0
182.0
207.0
190.0
522.0
367.0
72.0
67.0
26.0
122.0
32.0
19.0
172.0
835.0
49.0
118.0
66.0
45.0
151.0
154.0
75.0
163.0
145.0
763.0
37.0
20.0
24.0
30.0
8.0
73.0
274.0
103.0
68.0
85.0
58.0
41.0
86.0
148.0
46.0
26.0
57.0
152.0
169.0
104.0
83.0
129.0
46.0
67.0
1600.0
59.0
55.0
66.0
25.0
165.0
285.0
31.0
285.0
127.0
257.0
77.0
132.0
770.0
218.0
71.0
1236.0
129.0
125.0
72.0
91.0
119.0
19.0
255.0
204.0
489.0
1259.0
35.0
543.0
116.0
192.0
45.0
323.0
246.0
391.0
60.0
313.0
549.0
266.0
76.0
249.0
78.0
283.0
28.0
363.0
167.0
800.0
1334.0
550.0
329.0
1185.0
281.0
154.0
848.0
4998.0
5892.0
123.0
164.0
320.0
49.0
28.0
192.0
215.0
190.0
506.0
359.0
72.0
66.0
26.0
128.0
33.0
18.0
163.0
834.0
53.0
120.0
63.0
46.0
163.0
149.0
69.0
159.0
151.0
737.0
35.0
20.0
26.0
30.0
8.0
71.0
271.0
103.0
74.0
84.0
56.0
40.0
86.0
145.0
45.0
25.0
53.0
158.0
168.0
105.0
85.0
136.0
46.0
62.0
1599.0
58.0
56.0
71.0
26.0
163.0
274.0
32.0
276.0
119.0
258.0
80.0
136.0
827.0
219.0
70.0
1183.0
131.0
122.0
70.0
89.0
111.0
19.0
257.0
202.0
479.0
1294.0
35.0
528.0
112.0
174.0
45.0
351.0
264.0
394.0
56.0
304.0
542.0
277.0
74.0
237.0
74.0
302.0
28.0
348.0
168.0
779.0
1375.0
592.0
359.0
1126.0
281.0
154.0
820.0
5246.0
5988.0
125.0
167.0
311.0
49.0
29.0
188.0
224.0
180.0
490.0
356.0
76.0
66.0
27.0
124.0
31.0
19.0
169.0
817.0
51.0
121.0
67.0
44.0
161.0
145.0
72.0
161.0
149.0
780.0
35.0
21.0
26.0
30.0
8.0
73.0
262.0
109.0
73.0
89.0
56.0
40.0
88.0
143.0
45.0
27.0
55.0
155.0
170.0
106.0
83.0
136.0
44.0
64.0
1569.0
58.0
54.0
67.0
24.0
161.0
276.0
30.0
266.0
124.0
234.0
78.0
136.0
804.0
219.0
69.0
1273.0
125.0
121.0
69.0
87.0
119.0
20.0
264.0
207.0
470.0
1342.0
35.0
522.0
118.0
182.0
45.0
328.0
261.0
396.0
56.0
318.0
551.0
289.0
72.0
253.0
82.0
297.0
27.0
351.0
171.0
797.0
1270.0
554.0
334.0
1153.0
274.0
146.0
867.0
5245.0
5702.0
121.0
162.0
331.0
51.0
29.0
191.0
226.0
191.0
490.0
343.0
77.0
66.0
26.0
122.0
32.0
19.0
169.0
886.0
49.0
129.0
66.0
44.0
156.0
147.0
70.0
161.0
144.0
746.0
37.0
21.0
26.0
31.0
8.0
69.0
271.0
113.0
72.0
84.0
54.0
40.0
87.0
144.0
49.0
27.0
56.0
155.0
172.0
109.0
80.0
134.0
47.0
63.0
1633.0
55.0
57.0
69.0
25.0
166.0
288.0
33.0
279.0
129.0
251.0
79.0
136.0
775.0
218.0
68.0
1191.0
131.0
116.0
67.0
86.0
122.0
20.0
248.0
202.0
495.0
1233.0
34.0
557.0
120.0
180.0
47.0
331.0
256.0
373.0
58.0
301.0
560.0
289.0
71.0
233.0
81.0
281.0
29.0
351.0
167.0
796.0
1347.0
544.0
349.0
1191.0
277.0
151.0
805.0
5116.0
5658.0
127.0
170.0
330.0
48.0
29.0
193.0
222.0
185.0
525.0
340.0
74.0
63.0
26.0
119.0
31.0
20.0
173.0
836.0
52.0
125.0
63.0
44.0
151.0
148.0
69.0
167.0
141.0
760.0
38.0
21.0
26.0
30.0
8.0
75.0
266.0
108.0
71.0
84.0
56.0
41.0
88.0
148.0
46.0
27.0
57.0
148.0
164.0
108.0
86.0
139.0
44.0
64.0
1577.0
57.0
59.0
66.0
24.0
163.0
281.0
33.0
284.0
129.0
247.0
81.0
139.0
831.0
224.0
64.0
1267.0
131.0
121.0
67.0
86.0
120.0
19.0
264.0
202.0
513.0
1351.0
36.0
552.0
118.0
185.0
46.0
324.0
263.0
383.0
55.0
305.0
540.0
278.0
76.0
242.0
77.0
287.0
28.0
350.0
167.0
808.0
1351.0
580.0
343.0
1195.0
288.0
147.0
824.0
5470.0
6000.0
131.0
169.0
330.0
51.0
28.0
178.0
212.0
184.0
531.0
360.0
79.0
62.0
26.0
124.0
32.0
20.0
177.0
828.0
49.0
131.0
67.0
44.0
157.0
142.0
70.0
154.0
144.0
740.0
37.0
21.0
26.0
32.0
8.0
73.0
258.0
105.0
72.0
83.0
58.0
41.0
82.0
152.0
48.0
26.0
55.0
149.0
166.0
111.0
80.0
135.0
46.0
66.0
1637.0
54.0
54.0
69.0
26.0
154.0
273.0
32.0
280.0
124.0
240.0
77.0
130.0
824.0
210.0
67.0
1189.0
132.0
116.0
71.0
91.0
113.0
19.0
260.0
195.0
469.0
1234.0
35.0
513.0
116.0
190.0
44.0
349.0
260.0
375.0
61.0
298.0
522.0
292.0
76.0
245.0
79.0
299.0
29.0
343.0
160.0
775.0
1383.0
594.0
350.0
1139.0
276.0
145.0
811.0
5047.0
5753.0
131.0
164.0
318.0
46.0
27.0
186.0
210.0
187.0
518.0
359.0
79.0
63.0
27.0
122.0
33.0
19.0
166.0
872.0
49.0
131.0
67.0
42.0
153.0
150.0
76.0
162.0
152.0
746.0
35.0
21.0
26.0
30.0
8.0
74.0
274.0
108.0
68.0
91.0
54.0
39.0
85.0
152.0
45.0
27.0
57.0
156.0
174.0
111.0
80.0
130.0
47.0
65.0
1601.0
55.0
56.0
71.0
26.0
160.0
281.0
33.0
266.0
126.0
259.0
81.0
134.0
810.0
222.0
71.0
1214.0
128.0
119.0
73.0
93.0
113.0
19.0
251.0
205.0
469.0
1250.0
34.0
549.0
118.0
177.0
45.0
331.0
260.0
395.0
55.0
311.0
536.0
277.0
73.0
230.0
82.0
293.0
27.0
347.0
160.0
762.0
1329.0
588.0
352.0
1105.0
287.0
146.0
829.0
5070.0
5630.0
131.0
159.0
309.0
48.0
28.0
189.0
217.0
191.0
509.0
352.0
77.0
63.0
27.0
127.0
30.0
19.0
174.0
821.0
50.0
125.0
65.0
46.0
161.0
148.0
72.0
162.0
140.0
760.0
35.0
21.0
26.0
29.0
8.0
70.0
270.0
104.0
68.0
83.0
57.0
39.0
81.0
147.0
46.0
25.0
56.0
163.0
171.0
106.0
82.0
129.0
46.0
64.0
1659.0
55.0
57.0
71.0
24.0
160.0
272.0
32.0
286.0
120.0
257.0
80.0
127.0
808.0
222.0
67.0
1186.0
133.0
125.0
73.0
90.0
112.0
19.0
254.0
204.0
197.0
156.0
177.0
148.0
489.0
137.0
155.0
147.0
175.0
137.0
147.0
133.0
133.0
168.0
138.0
168.0
137.0
164.0
385.0
177.0
168.0
167.0
142.0
139.0
143.0
138.0
176.0
442.0
144.0
164.0
176.0
173.0
138.0
151.0
144.0
148.0
132.0
175.0
158.0
131.0
140.0
158.0
173.0
145.0
147.0
464.0
166.0
163.0
468.0
165.0
172.0
155.0
163.0
175.0
153.0
145.0
167.0
154.0
370.0
151.0
152.0
153.0
132.0
163.0
164.0
130.0
137.0
141.0
167.0
159.0
161.0
171.0
137.0
138.0
123.0
152.0
428.0
176.0
163.0
173.0
158.0
158.0
136.0
148.0
141.0
130.0
384.0
157.0
467.0
131.0
433.0
406.0
478.0
440.0
420.0
457.0
417.0
489.0
465.0
153.0
168.0
176.0
140.0
156.0
137.0
135.0
138.0
163.0
193.0
194.0
173.0
177.0
396.0
133.0
153.0
146.0
145.0
145.0
138.0
148.0
149.0
158.0
157.0
143.0
141.0
140.0
466.0
158.0
138.0
142.0
170.0
132.0
140.0
132.0
168.0
443.0
158.0
160.0
177.0
172.0
143.0
145.0
134.0
133.0
153.0
176.0
155.0
140.0
141.0
167.0
172.0
139.0
170.0
411.0
158.0
168.0
397.0
163.0
177.0
151.0
132.0
139.0
156.0
153.0
155.0
161.0
484.0
169.0
130.0
147.0
171.0
153.0
144.0
141.0
159.0
157.0
135.0
164.0
166.0
144.0
167.0
142.0
119.0
154.0
415.0
137.0
140.0
144.0
157.0
132.0
140.0
147.0
137.0
175.0
437.0
166.0
469.0
174.0
368.0
482.0
489.0
493.0
457.0
455.0
485.0
368.0
446.0
159.0
135.0
170.0
168.0
130.0
140.0
142.0
151.0
160.0
178.0
154.0
146.0
157.0
470.0
151.0
172.0
172.0
167.0
135.0
135.0
159.0
156.0
170.0
164.0
174.0
139.0
161.0
393.0
172.0
146.0
165.0
136.0
161.0
156.0
158.0
142.0
407.0
147.0
146.0
160.0
171.0
160.0
175.0
142.0
152.0
162.0
169.0
167.0
164.0
145.0
135.0
175.0
117.0
170.0
458.0
159.0
173.0
448.0
159.0
175.0
139.0
165.0
146.0
173.0
174.0
163.0
145.0
473.0
148.0
156.0
164.0
145.0
167.0
162.0
134.0
155.0
144.0
175.0
149.0
177.0
132.0
150.0
173.0
134.0
147.0
410.0
166.0
150.0
147.0
150.0
163.0
144.0
131.0
152.0
148.0
452.0
130.0
373.0
137.0
414.0
491.0
463.0
465.0
450.0
384.0
436.0
429.0
383.0
151.0
152.0
137.0
132.0
140.0
176.0
152.0
172.0
165.0
171.0
187.0
132.0
164.0
477.0
170.0
155.0
159.0
172.0
150.0
176.0
147.0
148.0
152.0
173.0
132.0
156.0
156.0
429.0
156.0
154.0
162.0
152.0
171.0
140.0
149.0
168.0
390.0
131.0
138.0
164.0
160.0
163.0
174.0
155.0
131.0
159.0
161.0
173.0
154.0
159.0
161.0
144.0
146.0
161.0
419.0
157.0
145.0
386.0
145.0
147.0
167.0
133.0
175.0
145.0
158.0
146.0
145.0
452.0
137.0
131.0
157.0
149.0
175.0
177.0
166.0
136.0
143.0
158.0
172.0
157.0
137.0
147.0
149.0
117.0
144.0
385.0
152.0
166.0
164.0
155.0
138.0
152.0
154.0
133.0
138.0
494.0
147.0
390.0
153.0
423.0
481.0
456.0
456.0
375.0
441.0
430.0
395.0
402.0
137.0
132.0
133.0
164.0
147.0
134.0
159.0
173.0
176.0
186.0
205.0
136.0
131.0
397.0
149.0
169.0
166.0
161.0
135.0
143.0
130.0
146.0
148.0
153.0
155.0
136.0
166.0
453.0
130.0
141.0
133.0
169.0
149.0
157.0
171.0
154.0
488.0
177.0
150.0
137.0
137.0
176.0
155.0
157.0
142.0
164.0
139.0
139.0
149.0
149.0
134.0
155.0
115.0
159.0
490.0
160.0
173.0
462.0
158.0
171.0
165.0
174.0
176.0
164.0
150.0
139.0
171.0
387.0
135.0
154.0
164.0
146.0
159.0
162.0
168.0
145.0
146.0
135.0
130.0
137.0
165.0
143.0
151.0
136.0
149.0
375.0
136.0
148.0
138.0
152.0
139.0
136.0
174.0
138.0
147.0
416.0
168.0
408.0
170.0
372.0
375.0
420.0
443.0
377.0
399.0
441.0
475.0
484.0
156.0
147.0
142.0
136.0
131.0
162.0
135.0
131.0
153.0
164.0
170.0
164.0
144.0
445.0
142.0
171.0
172.0
146.0
165.0
157.0
170.0
171.0
152.0
157.0
161.0
170.0
176.0
389.0
157.0
131.0
160.0
144.0
133.0
145.0
165.0
151.0
494.0
153.0
134.0
173.0
141.0
166.0
131.0
148.0
160.0
177.0
165.0
145.0
158.0
161.0
145.0
147.0
115.0
138.0
465.0
143.0
159.0
389.0
131.0
153.0
134.0
166.0
164.0
169.0
156.0
159.0
138.0
398.0
148.0
132.0
134.0
131.0
143.0
172.0
143.0
162.0
149.0
173.0
147.0
162.0
140.0
144.0
153.0
124.0
170.0
379.0
162.0
175.0
148.0
147.0
167.0
131.0
135.0
137.0
159.0
392.0
159.0
481.0
168.0
463.0
423.0
398.0
480.0
478.0
449.0
386.0
402.0
449.0
141.0
140.0
137.0
131.0
161.0
143.0
149.0
149.0
165.0
161.0
182.0
154.0
153.0
446.0
164.0
135.0
131.0
134.0
151.0
165.0
146.0
160.0
169.0
131.0
157.0
160.0
131.0
444.0
144.0
159.0
170.0
133.0
166.0
147.0
173.0
152.0
382.0
158.0
154.0
138.0
141.0
143.0
162.0
139.0
135.0
164.0
136.0
141.0
131.0
131.0
150.0
135.0
148.0
147.0
495.0
139.0
162.0
389.0
143.0
140.0
154.0
162.0
173.0
152.0
133.0
146.0
172.0
380.0
160.0
142.0
131.0
156.0
136.0
136.0
173.0
149.0
160.0
172.0
166.0
139.0
154.0
133.0
148.0
134.0
177.0
431.0
137.0
148.0
170.0
161.0
135.0
149.0
159.0
148.0
138.0
379.0
141.0
477.0
138.0
385.0
428.0
395.0
430.0
381.0
385.0
488.0
376.0
490.0
136.0
172.0
148.0
133.0
160.0
176.0
145.0
174.0
151.0
188.0
193.0
167.0
169.0
412.0
148.0
164.0
147.0
141.0
156.0
139.0
174.0
140.0
144.0
167.0
171.0
158.0
148.0
365.0
154.0
163.0
160.0
174.0
174.0
131.0
138.0
144.0
486.0
137.0
174.0
158.0
163.0
145.0
144.0
165.0
157.0
147.0
163.0
157.0
154.0
147.0
163.0
160.0
148.0
152.0
456.0
146.0
147.0
421.0
152.0
174.0
141.0
131.0
177.0
166.0
137.0
138.0
149.0
452.0
165.0
165.0
135.0
158.0
147.0
139.0
132.0
160.0
165.0
148.0
132.0
142.0
149.0
150.0
158.0
125.0
151.0
407.0
149.0
144.0
152.0
177.0
155.0
141.0
177.0
143.0
144.0
406.0
140.0
474.0
173.0
413.0
465.0
444.0
432.0
443.0
460.0
373.0
415.0
369.0
143.0
175.0
143.0
173.0
150.0
165.0
132.0
133.0
134.0
172.0
172.0
142.0
137.0
443.0
167.0
130.0
149.0
160.0
168.0
172.0
146.0
139.0
158.0
132.0
161.0
151.0
135.0
490.0
145.0
172.0
154.0
166.0
172.0
147.0
163.0
163.0
441.0
146.0
140.0
155.0
176.0
169.0
134.0
135.0
149.0
169.0
149.0
175.0
159.0
132.0
152.0
138.0
120.0
133.0
494.0
164.0
152.0
453.0
159.0
165.0
149.0
166.0
166.0
165.0
158.0
164.0
155.0
453.0
131.0
171.0
136.0
151.0
151.0
171.0
141.0
171.0
161.0
148.0
137.0
156.0
175.0
142.0
150.0
128.0
145.0
491.0
167.0
131.0
140.0
160.0
138.0
167.0
156.0
133.0
147.0
391.0
145.0
493.0
153.0
363.0
436.0
458.0
395.0
431.0
441.0
428.0
367.0
479.0
152.0
142.0
167.0
134.0
144.0
173.0
158.0
146.0
160.0
163.0
171.0
131.0
152.0
425.0
165.0
160.0
136.0
146.0
168.0
163.0
145.0
175.0
144.0
166.0
138.0
134.0
130.0
426.0
167.0
155.0
169.0
166.0
174.0
160.0
161.0
156.0
451.0
156.0
136.0
142.0
135.0
167.0
142.0
148.0
166.0
142.0
165.0
165.0
170.0
154.0
150.0
132.0
143.0
149.0
390.0
138.0
159.0
479.0
144.0
137.0
139.0
166.0
161.0
152.0
143.0
133.0
143.0
474.0
167.0
159.0
131.0
131.0
138.0
159.0
172.0
146.0
141.0
176.0
151.0
145.0
146.0
164.0
176.0
127.0
146.0
493.0
157.0
156.0
172.0
172.0
131.0
151.0
143.0
175.0
168.0
400.0
148.0
414.0
165.0
452.0
443.0
432.0
443.0
380.0
396.0
407.0
472.0
458.0
136.0
159.0
164.0
153.0
159.0
155.0
135.0
143.0
159.0
171.0
170.0
145.0
168.0
457.0
161.0
149.0
149.0
166.0
141.0
172.0
142.0
168.0
147.0
161.0
167.0
161.0
133.0
455.0
148.0
154.0
155.0
132.0
143.0
135.0
146.0
142.0
445.0
167.0
173.0
162.0
164.0
136.0
155.0
131.0
151.0
170.0
165.0
141.0
144.0
173.0
139.0
148.0
139.0
174.0
384.0
147.0
143.0
419.0
176.0
155.0
162.0
157.0
166.0
153.0
162.0
152.0
160.0
437.0
167.0
169.0
151.0
175.0
168.0
131.0
174.0
154.0
169.0
163.0
149.0
147.0
159.0
138.0
166.0
124.0
160.0
461.0
148.0
141.0
169.0
143.0
172.0
137.0
170.0
173.0
138.0
488.0
132.0
456.0
131.0
407.0
436.0
410.0
403.0
491.0
447.0
464.0
428.0
457.0
143.0
158.0
174.0
150.0
153.0
148.0
145.0
164.0
173.0
193.0
156.0
166.0
155.0
465.0
167.0
167.0
167.0
170.0
168.0
132.0
143.0
174.0
153.0
152.0
172.0
158.0
133.0
373.0
130.0
139.0
171.0
174.0
134.0
172.0
144.0
143.0
493.0
151.0
134.0
137.0
155.0
169.0
155.0
152.0
146.0
156.0
160.0
153.0
132.0
163.0
161.0
139.0
113.0
150.0
387.0
173.0
170.0
393.0
175.0
137.0
149.0
143.0
176.0
162.0
130.0
173.0
159.0
379.0
164.0
150.0
164.0
162.0
149.0
153.0
174.0
170.0
160.0
148.0
176.0
131.0
149.0
169.0
139.0
135.0
144.0
438.0
171.0
160.0
131.0
153.0
139.0
161.0
151.0
137.0
156.0
473.0
164.0
492.0
169.0
422.0
415.0
439.0
468.0
489.0
466.0
460.0
471.0
432.0
162.0
142.0
146.0
134.0
150.0
158.0
169.0
143.0
167.0
204.0
182.0
164.0
140.0
385.0
165.0
159.0
152.0
135.0
161.0
157.0
152.0
157.0
131.0
135.0
140.0
144.0
145.0
395.0
169.0
136.0
158.0
141.0
141.0
146.0
172.0
138.0
477.0
154.0
158.0
139.0
159.0
143.0
172.0
149.0
170.0
160.0
161.0
164.0
130.0
162.0
136.0
153.0
133.0
139.0
392.0
145.0
154.0
398.0
144.0
151.0
136.0
171.0
137.0
169.0
131.0
130.0
173.0
455.0
147.0
136.0
154.0
136.0
165.0
162.0
170.0
177.0
155.0
172.0
164.0
141.0
149.0
161.0
145.0
135.0
163.0
430.0
160.0
166.0
145.0
148.0
142.0
137.0
140.0
165.0
142.0
408.0
145.0
490.0
145.0
491.0
477.0
393.0
392.0
471.0
443.0
418.0
385.0
369.0
158.0
158.0
173.0
141.0
141.0
135.0
148.0
142.0
177.0
171.0
177.0
153.0
167.0
477.0
167.0
157.0
135.0
144.0
142.0
131.0
152.0
138.0
141.0
144.0
139.0
163.0
153.0
490.0
153.0
135.0
172.0
145.0
160.0
134.0
176.0
148.0
487.0
149.0
177.0
151.0
175.0
164.0
137.0
134.0
166.0
140.0
131.0
165.0
171.0
162.0
151.0
146.0
125.0
173.0
425.0
175.0
158.0
450.0
164.0
142.0
139.0
163.0
173.0
167.0
133.0
150.0
175.0
390.0
143.0
144.0
166.0
155.0
145.0
171.0
138.0
159.0
147.0
146.0
141.0
150.0
134.0
170.0
165.0
112.0
176.0
477.0
134.0
141.0
140.0
153.0
155.0
150.0
154.0
154.0
154.0
461.0
156.0
417.0
163.0
485.0
485.0
477.0
472.0
426.0
442.0
403.0
422.0
456.0
152.0
153.0
146.0
137.0
150.0
153.0
133.0
134.0
132.0
156.0
203.0
152.0
162.0
473.0
140.0
140.0
167.0
142.0
170.0
166.0
161.0
159.0
151.0
159.0
174.0
159.0
148.0
464.0
150.0
167.0
169.0
155.0
140.0
146.0
150.0
143.0
392.0
133.0
132.0
174.0
150.0
131.0
136.0
135.0
160.0
158.0
148.0
153.0
147.0
134.0
157.0
167.0
124.0
151.0
396.0
140.0
146.0
430.0
137.0
154.0
143.0
149.0
164.0
170.0
159.0
131.0
142.0
371.0
171.0
172.0
147.0
142.0
160.0
159.0
163.0
162.0
140.0
134.0
146.0
140.0
143.0
159.0
142.0
114.0
145.0
381.0
160.0
152.0
160.0
175.0
130.0
152.0
172.0
161.0
155.0
378.0
131.0
383.0
172.0
442.0
431.0
382.0
425.0
384.0
433.0
404.0
494.0
477.0
160.0
173.0
166.0
154.0
158.0
175.0
130.0
145.0
177.0
196.0
154.0
134.0
144.0
482.0
151.0
130.0
169.0
145.0
145.0
148.0
162.0
169.0
135.0
174.0
152.0
171.0
175.0
389.0
161.0
130.0
142.0
155.0
162.0
135.0
138.0
162.0
377.0
164.0
174.0
162.0
156.0
149.0
147.0
163.0
149.0
166.0
135.0
139.0
130.0
161.0
138.0
151.0
122.0
163.0
364.0
132.0
167.0
370.0
137.0
146.0
174.0
140.0
139.0
165.0
145.0
136.0
149.0
394.0
165.0
135.0
165.0
164.0
167.0
174.0
156.0
172.0
132.0
158.0
147.0
172.0
141.0
147.0
170.0
144.0
147.0
365.0
154.0
171.0
169.0
159.0
165.0
132.0
133.0
175.0
150.0
467.0
134.0
485.0
142.0
484.0
390.0
481.0
392.0
435.0
426.0
403.0
371.0
401.0
176.0
176.0
167.0
158.0
165.0
157.0
144.0
162.0
136.0
185.0
203.0
149.0
163.0
422.0
136.0
144.0
136.0
175.0
137.0
142.0
166.0
171.0
175.0
165.0
148.0
152.0
167.0
463.0
176.0
149.0
150.0
153.0
177.0
138.0
164.0
162.0
457.0
176.0
137.0
136.0
160.0
172.0
148.0
162.0
171.0
153.0
133.0
161.0
137.0
152.0
153.0
131.0
145.0
172.0
453.0
133.0
131.0
476.0
131.0
155.0
165.0
139.0
168.0
139.0
160.0
133.0
168.0
406.0
168.0
166.0
143.0
133.0
158.0
131.0
155.0
164.0
162.0
163.0
140.0
140.0
155.0
155.0
140.0
124.0
176.0
428.0
135.0
154.0
134.0
168.0
138.0
160.0
170.0
161.0
149.0
386.0
160.0
395.0
154.0
430.0
451.0
454.0
402.0
384.0
461.0
476.0
483.0
467.0
171.0
135.0
158.0
161.0
160.0
169.0
136.0
160.0
165.0
192.0
204.0
136.0
153.0
462.0
165.0
150.0
157.0
171.0
140.0
147.0
148.0
131.0
160.0
136.0
155.0
136.0
136.0
366.0
150.0
173.0
157.0
138.0
132.0
172.0
137.0
148.0
413.0
166.0
161.0
177.0
173.0
142.0
152.0
146.0
151.0
170.0
176.0
176.0
169.0
134.0
145.0
167.0
137.0
151.0
480.0
176.0
163.0
376.0
156.0
138.0
137.0
155.0
157.0
148.0
147.0
144.0
145.0
414.0
160.0
156.0
150.0
166.0
137.0
151.0
131.0
131.0
134.0
134.0
148.0
176.0
167.0
159.0
157.0
141.0
168.0
413.0
147.0
167.0
131.0
141.0
160.0
133.0
135.0
167.0
156.0
378.0
172.0
470.0
153.0
418.0
477.0
388.0
451.0
470.0
428.0
397.0
448.0
425.0
131.0
139.0
145.0
171.0
147.0
133.0
134.0
160.0
165.0
178.0
161.0
142.0
158.0
483.0
150.0
136.0
160.0
159.0
139.0
144.0
142.0
133.0
159.0
174.0
158.0
153.0
172.0
420.0
169.0
150.0
151.0
153.0
167.0
168.0
151.0
169.0
463.0
138.0
164.0
141.0
135.0
139.0
167.0
136.0
133.0
138.0
145.0
168.0
171.0
169.0
167.0
135.0
117.0
176.0
448.0
138.0
131.0
381.0
145.0
154.0
155.0
148.0
142.0
150.0
151.0
146.0
146.0
470.0
130.0
176.0
164.0
155.0
174.0
174.0
167.0
136.0
146.0
172.0
162.0
158.0
138.0
131.0
168.0
112.0
167.0
451.0
138.0
137.0
149.0
164.0
152.0
150.0
175.0
147.0
136.0
386.0
133.0
390.0
175.0
438.0
422.0
460.0
380.0
473.0
386.0
363.0
402.0
375.0
134.0
161.0
147.0
130.0
165.0
170.0
147.0
170.0
155.0
185.0
201.0
164.0
166.0
459.0
160.0
137.0
171.0
149.0
170.0
139.0
144.0
163.0
141.0
164.0
146.0
134.0
148.0
467.0
141.0
158.0
151.0
173.0
137.0
173.0
142.0
165.0
371.0
167.0
167.0
166.0
151.0
155.0
134.0
159.0
143.0
159.0
153.0
145.0
137.0
146.0
154.0
156.0
147.0
132.0
433.0
164.0
147.0
488.0
170.0
150.0
153.0
174.0
131.0
159.0
142.0
175.0
167.0
435.0
153.0
146.0
136.0
143.0
161.0
158.0
145.0
149.0
173.0
170.0
156.0
136.0
140.0
172.0
176.0
112.0
139.0
434.0
141.0
175.0
134.0
161.0
145.0
139.0
169.0
139.0
174.0
418.0
149.0
487.0
148.0
413.0
468.0
368.0
463.0
413.0
376.0
405.0
464.0
447.0
170.0
170.0
164.0
155.0
156.0
163.0
154.0
177.0
166.0
177.0
168.0
164.0
158.0
487.0
156.0
174.0
138.0
158.0
165.0
163.0
152.0
175.0
140.0
148.0
161.0
151.0
167.0
425.0
172.0
160.0
173.0
167.0
137.0
136.0
171.0
136.0
398.0
144.0
138.0
159.0
167.0
134.0
160.0
145.0
176.0
175.0
170.0
130.0
132.0
151.0
140.0
134.0
139.0
130.0
426.0
174.0
138.0
384.0
163.0
151.0
175.0
173.0
177.0
144.0
137.0
144.0
145.0
400.0
161.0
138.0
154.0
165.0
163.0
173.0
171.0
176.0
169.0
144.0
154.0
142.0
131.0
136.0
170.0
129.0
141.0
376.0
134.0
161.0
153.0
174.0
167.0
163.0
151.0
132.0
154.0
452.0
133.0
367.0
148.0
378.0
450.0
476.0
485.0
363.0
453.0
420.0
458.0
366.0
169.0
135.0
150.0
132.0
146.0
137.0
150.0
172.0
165.0
165.0
162.0
151.0
141.0
443.0
168.0
139.0
152.0
149.0
171.0
150.0
156.0
138.0
172.0
157.0
152.0
170.0
147.0
477.0
139.0
147.0
155.0
167.0
142.0
132.0
158.0
145.0
415.0
139.0
153.0
173.0
169.0
151.0
156.0
156.0
134.0
141.0
148.0
150.0
147.0
173.0
167.0
136.0
117.0
165.0
459.0
149.0
176.0
454.0
164.0
158.0
155.0
157.0
171.0
164.0
155.0
145.0
158.0
440.0
144.0
136.0
172.0
146.0
157.0
170.0
147.0
156.0
143.0
131.0
160.0
155.0
152.0
133.0
172.0
133.0
169.0
489.0
149.0
141.0
149.0
133.0
150.0
146.0
144.0
137.0
130.0
413.0
164.0
458.0
142.0
363.0
408.0
364.0
414.0
408.0
387.0
448.0
426.0
420.0
140.0
150.0
159.0
142.0
154.0
130.0
142.0
152.0
161.0
166.0
181.0
157.0
165.0
459.0
130.0
138.0
177.0
149.0
152.0
153.0
133.0
162.0
130.0
147.0
160.0
139.0
133.0
433.0
147.0
137.0
136.0
156.0
171.0
138.0
176.0
132.0
380.0
151.0
172.0
174.0
138.0
147.0
144.0
172.0
146.0
158.0
155.0
132.0
154.0
176.0
156.0
175.0
135.0
142.0
440.0
139.0
155.0
399.0
176.0
175.0
175.0
172.0
151.0
165.0
151.0
142.0
145.0
365.0
155.0
168.0
145.0
139.0
173.0
145.0
141.0
156.0
151.0
165.0
140.0
171.0
164.0
165.0
174.0
146.0
152.0
396.0
149.0
162.0
140.0
139.0
158.0
135.0
151.0
155.0
170.0
405.0
169.0
493.0
173.0
367.0
479.0
393.0
369.0
454.0
375.0
421.0
419.0
490.0
159.0
153.0
175.0
159.0
173.0
176.0
132.0
157.0
167.0
159.0
166.0
166.0
141.0
394.0
147.0
130.0
153.0
130.0
167.0
134.0
136.0
133.0
135.0
163.0
174.0
155.0
139.0
381.0
177.0
152.0
144.0
155.0
152.0
146.0
166.0
140.0
413.0
142.0
166.0
165.0
171.0
134.0
161.0
141.0
132.0
131.0
143.0
141.0
149.0
152.0
133.0
148.0
120.0
156.0
477.0
151.0
154.0
410.0
172.0
156.0
156.0
152.0
130.0
163.0
130.0
137.0
152.0
451.0
177.0
160.0
169.0
145.0
171.0
138.0
156.0
160.0
150.0
161.0
144.0
172.0
167.0
148.0
155.0
116.0
144.0
483.0
148.0
152.0
132.0
134.0
175.0
144.0
172.0
176.0
131.0
366.0
140.0
494.0
132.0
372.0
449.0
437.0
424.0
436.0
415.0
386.0
456.0
406.0
140.0
158.0
133.0
162.0
177.0
154.0
156.0
170.0
148.0
157.0
180.0
173.0
135.0
492.0
145.0
134.0
170.0
177.0
163.0
137.0
162.0
145.0
145.0
160.0
170.0
174.0
169.0
379.0
173.0
166.0
146.0
159.0
160.0
169.0
140.0
176.0
446.0
130.0
153.0
162.0
169.0
152.0
146.0
163.0
177.0
135.0
158.0
176.0
153.0
176.0
162.0
171.0
152.0
175.0
418.0
163.0
140.0
382.0
158.0
133.0
146.0
153.0
159.0
162.0
130.0
169.0
134.0
463.0
138.0
146.0
146.0
152.0
174.0
175.0
167.0
166.0
136.0
151.0
157.0
154.0
162.0
172.0
158.0
118.0
146.0
375.0
143.0
168.0
132.0
136.0
152.0
172.0
157.0
165.0
136.0
444.0
134.0
438.0
138.0
459.0
417.0
419.0
384.0
456.0
406.0
368.0
364.0
483.0
166.0
173.0
170.0
161.0
156.0
143.0
150.0
138.0
132.0
172.0
165.0
163.0
167.0
415.0
164.0
155.0
130.0
174.0
156.0
154.0
168.0
161.0
160.0
144.0
133.0
161.0
162.0
445.0
162.0
164.0
130.0
176.0
145.0
146.0
141.0
172.0
378.0
141.0
138.0
147.0
134.0
171.0
154.0
148.0
160.0
177.0
165.0
151.0
134.0
147.0
130.0
151.0
136.0
140.0
486.0
161.0
143.0
472.0
166.0
140.0
136.0
159.0
136.0
168.0
135.0
156.0
148.0
380.0
164.0
154.0
145.0
148.0
158.0
138.0
168.0
134.0
132.0
159.0
155.0
159.0
168.0
149.0
166.0
134.0
136.0
372.0
140.0
165.0
133.0
144.0
131.0
143.0
167.0
131.0
162.0
399.0
164.0
418.0
142.0
486.0
448.0
422.0
409.0
396.0
423.0
415.0
459.0
414.0
141.0
159.0
140.0
156.0
142.0
148.0
160.0
130.0
160.0
188.0
204.0
146.0
131.0
485.0
143.0
149.0
146.0
169.0
144.0
144.0
160.0
168.0
162.0
148.0
156.0
134.0
146.0
396.0
167.0
138.0
150.0
139.0
164.0
130.0
160.0
149.0
386.0
164.0
159.0
132.0
160.0
133.0
148.0
133.0
163.0
138.0
134.0
133.0
158.0
163.0
161.0
176.0
141.0
162.0
485.0
138.0
135.0
387.0
151.0
133.0
151.0
166.0
134.0
165.0
173.0
154.0
173.0
481.0
152.0
176.0
146.0
134.0
145.0
140.0
140.0
149.0
139.0
133.0
147.0
156.0
171.0
175.0
171.0
131.0
167.0
381.0
136.0
161.0
151.0
139.0
150.0
167.0
163.0
131.0
149.0
460.0
155.0
447.0
168.0
420.0
453.0
460.0
443.0
454.0
382.0
454.0
491.0
464.0
163.0
144.0
167.0
138.0
164.0
164.0
133.0
137.0
133.0
172.0
203.0
170.0
164.0
413.0
140.0
173.0
155.0
150.0
140.0
141.0
142.0
159.0
152.0
134.0
160.0
168.0
177.0
438.0
147.0
171.0
157.0
154.0
177.0
138.0
151.0
133.0
407.0
172.0
176.0
156.0
168.0
164.0
172.0
151.0
162.0
166.0
148.0
147.0
149.0
137.0
175.0
169.0
120.0
154.0
465.0
161.0
173.0
387.0
143.0
162.0
156.0
176.0
174.0
175.0
130.0
164.0
144.0
420.0
134.0
140.0
146.0
154.0
166.0
169.0
140.0
173.0
136.0
141.0
167.0
160.0
158.0
135.0
140.0
132.0
149.0
393.0
130.0
162.0
146.0
132.0
134.0
141.0
137.0
131.0
149.0
416.0
145.0
458.0
163.0
422.0
380.0
395.0
439.0
365.0
463.0
425.0
369.0
426.0
153.0
155.0
174.0
160.0
171.0
172.0
145.0
172.0
152.0
182.0
170.0
152.0
156.0
469.0
146.0
164.0
174.0
176.0
147.0
141.0
165.0
161.0
176.0
146.0
169.0
151.0
139.0
421.0
138.0
165.0
138.0
136.0
145.0
142.0
164.0
174.0
489.0
173.0
165.0
133.0
176.0
134.0
142.0
137.0
159.0
140.0
166.0
174.0
161.0
161.0
166.0
171.0
144.0
169.0
489.0
147.0
149.0
391.0
149.0
151.0
154.0
177.0
153.0
165.0
172.0
176.0
165.0
437.0
133.0
148.0
164.0
167.0
134.0
153.0
144.0
163.0
147.0
144.0
154.0
131.0
153.0
169.0
157.0
146.0
143.0
407.0
151.0
174.0
147.0
170.0
158.0
132.0
175.0
173.0
154.0
492.0
161.0
389.0
131.0
399.0
418.0
403.0
469.0
405.0
373.0
400.0
418.0
485.0
136.0
149.0
162.0
153.0
156.0
142.0
149.0
167.0
164.0
160.0
198.0
156.0
133.0
452.0
175.0
161.0
168.0
158.0
176.0
151.0
170.0
149.0
148.0
149.0
169.0
158.0
146.0
453.0
168.0
132.0
157.0
157.0
137.0
144.0
164.0
142.0
433.0
160.0
130.0
153.0
134.0
135.0
156.0
173.0
145.0
177.0
171.0
135.0
136.0
150.0
144.0
160.0
150.0
134.0
373.0
176.0
139.0
367.0
177.0
154.0
146.0
146.0
142.0
145.0
137.0
136.0
137.0
452.0
134.0
168.0
165.0
130.0
135.0
175.0
160.0
172.0
168.0
137.0
157.0
160.0
138.0
145.0
136.0
113.0
140.0
473.0
144.0
165.0
131.0
146.0
145.0
137.0
149.0
169.0
133.0
467.0
169.0
423.0
174.0
440.0
432.0
437.0
398.0
431.0
484.0
417.0
406.0
443.0
161.0
158.0
158.0
131.0
177.0
155.0
173.0
134.0
144.0
