I_BRKGA_110_2_40_10_CESP
110 2 40 495.0
34072.5
30518.5
28897.5
29556.5
29581.5
31581.5
31027.5
30967.5
29052.5
32904.5
31881.5
29145.5
30943.5
34205.5
31010.5
29857.5
33645.5
30212.5
32172.5
29554.5
33393.5
35718.5
29751.5
33905.5
33164.5
29690.5
31824.5
32721.5
35214.5
34676.5
35492.5
30862.5
33889.5
34443.5
32889.5
32896.5
35806.5
33681.5
34729.5
32338.5
0.029513960401157703
0.02363445395089312
0.029023174052254214
0.023087559942488678
0.02625851476169964
0.02277726057480383
0.02539092626079603
0.02281315117830184
0.02564876269992688
0.02050968637739813
0.028656539572035178
0.02383516979941719
0.02870448942249091
0.02129782592733924
0.029911173109400148
0.021370178878621204
0.028017966686008675
0.02499559966233309
0.029922916251773856
0.02221155731156747
0.026417732755247163
0.02443449651864822
0.028409224639078454
0.020249920215284604
0.025986990156234978
0.022953612440546507
0.027422596340569965
0.020208293437797363
0.029759775216786823
0.020673541973386788
0.027366486763142392
0.021791598701186438
0.029282303625227685
0.02007061189650739
0.027600843133921416
0.02249980592278679
0.028497411426460045
0.020504623438997355
0.02594527247961394
0.022343992097868526
108.0
122.0
7663.0
71.0
513.0
1310.0
35.0
547.0
117.0
193.0
45.0
330.0
247.0
389.0
60.0
292.0
528.0
290.0
71.0
249.0
79.0
280.0
29.0
351.0
163.0
799.0
1363.0
591.0
327.0
1079.0
287.0
144.0
840.0
5022.0
5507.0
130.0
160.0
325.0
48.0
27.0
188.0
220.0
181.0
525.0
341.0
72.0
63.0
26.0
125.0
31.0
20.0
174.0
814.0
49.0
123.0
66.0
45.0
159.0
142.0
71.0
153.0
144.0
737.0
35.0
20.0
26.0
30.0
8.0
76.0
273.0
105.0
70.0
86.0
54.0
39.0
82.0
139.0
47.0
26.0
53.0
161.0
164.0
106.0
80.0
136.0
45.0
63.0
1628.0
56.0
56.0
70.0
26.0
154.0
273.0
30.0
260.0
119.0
257.0
78.0
140.0
781.0
225.0
68.0
1206.0
122.0
125.0
69.0
90.0
112.0
19.0
271.0
206.0
473.0
1291.0
33.0
516.0
117.0
177.0
48.0
328.0
256.0
390.0
59.0
313.0
511.0
267.0
70.0
231.0
79.0
292.0
28.0
346.0
166.0
831.0
1293.0
596.0
328.0
1109.0
281.0
145.0
822.0
5174.0
5886.0
129.0
167.0
320.0
46.0
29.0
188.0
211.0
180.0
489.0
357.0
72.0
65.0
26.0
120.0
30.0
19.0
167.0
887.0
51.0
123.0
63.0
43.0
157.0
148.0
71.0
160.0
142.0
740.0
36.0
20.0
25.0
32.0
8.0
76.0
261.0
105.0
70.0
89.0
58.0
40.0
87.0
142.0
46.0
26.0
53.0
161.0
171.0
110.0
86.0
136.0
47.0
66.0
1656.0
56.0
55.0
69.0
26.0
157.0
270.0
31.0
266.0
124.0
237.0
80.0
132.0
787.0
213.0
69.0
1161.0
123.0
116.0
67.0
90.0
119.0
20.0
249.0
194.0
499.0
1253.0
34.0
521.0
115.0
183.0
46.0
331.0
251.0
393.0
57.0
304.0
515.0
279.0
73.0
238.0
74.0
299.0
28.0
341.0
171.0
781.0
1332.0
582.0
347.0
1105.0
272.0
153.0
858.0
5311.0
5765.0
121.0
171.0
335.0
49.0
27.0
177.0
220.0
189.0
516.0
338.0
76.0
63.0
25.0
124.0
32.0
19.0
173.0
872.0
51.0
126.0
65.0
43.0
165.0
145.0
71.0
154.0
153.0
747.0
37.0
20.0
26.0
30.0
8.0
72.0
261.0
103.0
72.0
82.0
59.0
38.0
89.0
145.0
47.0
26.0
58.0
157.0
168.0
109.0
80.0
136.0
48.0
64.0
1519.0
58.0
56.0
69.0
24.0
164.0
295.0
30.0
271.0
125.0
245.0
77.0
138.0
821.0
223.0
70.0
1226.0
124.0
125.0
70.0
90.0
121.0
19.0
248.0
187.0
494.0
1278.0
35.0
551.0
111.0
180.0
46.0
335.0
247.0
366.0
59.0
305.0
549.0
272.0
72.0
245.0
78.0
286.0
29.0
352.0
169.0
806.0
1266.0
601.0
357.0
1098.0
272.0
152.0
875.0
5269.0
5885.0
128.0
171.0
335.0
49.0
28.0
179.0
213.0
187.0
489.0
362.0
76.0
64.0
27.0
123.0
32.0
19.0
177.0
902.0
52.0
124.0
67.0
42.0
162.0
141.0
70.0
168.0
146.0
754.0
37.0
20.0
24.0
31.0
8.0
71.0
250.0
105.0
72.0
89.0
57.0
40.0
87.0
143.0
46.0
26.0
56.0
156.0
167.0
107.0
82.0
130.0
44.0
65.0
1602.0
57.0
54.0
70.0
24.0
159.0
276.0
33.0
271.0
128.0
237.0
75.0
129.0
795.0
224.0
69.0
1188.0
131.0
123.0
71.0
92.0
118.0
19.0
262.0
189.0
502.0
1318.0
36.0
528.0
119.0
185.0
46.0
330.0
264.0
370.0
61.0
312.0
545.0
288.0
70.0
250.0
76.0
272.0
27.0
352.0
166.0
837.0
1261.0
555.0
353.0
1126.0
290.0
155.0
858.0
5445.0
5921.0
129.0
169.0
325.0
48.0
29.0
191.0
216.0
182.0
531.0
357.0
77.0
64.0
25.0
120.0
30.0
19.0
170.0
831.0
53.0
123.0
66.0
46.0
166.0
149.0
76.0
159.0
149.0
799.0
37.0
21.0
26.0
32.0
8.0
74.0
276.0
105.0
73.0
84.0
58.0
38.0
85.0
153.0
46.0
26.0
57.0
151.0
173.0
101.0
83.0
133.0
47.0
66.0
1564.0
58.0
56.0
66.0
26.0
164.0
296.0
31.0
261.0
123.0
244.0
81.0
130.0
783.0
220.0
65.0
1259.0
123.0
118.0
70.0
88.0
113.0
20.0
261.0
207.0
507.0
1314.0
33.0
530.0
119.0
184.0
45.0
337.0
257.0
373.0
59.0
306.0
543.0
268.0
73.0
237.0
75.0
297.0
29.0
368.0
170.0
768.0
1285.0
559.0
339.0
1188.0
282.0
157.0
824.0
5355.0
6007.0
119.0
163.0
322.0
48.0
28.0
188.0
217.0
185.0
524.0
362.0
74.0
66.0
27.0
124.0
31.0
20.0
162.0
864.0
52.0
122.0
61.0
44.0
151.0
143.0
71.0
154.0
147.0
775.0
35.0
21.0
24.0
31.0
8.0
75.0
275.0
113.0
72.0
91.0
56.0
39.0
85.0
148.0
47.0
27.0
57.0
160.0
175.0
103.0
81.0
134.0
47.0
67.0
1528.0
54.0
59.0
68.0
26.0
165.0
277.0
33.0
262.0
129.0
254.0
82.0
133.0
830.0
204.0
68.0
1270.0
134.0
126.0
71.0
92.0
116.0
18.0
260.0
195.0
473.0
1219.0
34.0
549.0
110.0
187.0
48.0
351.0
268.0
401.0
60.0
302.0
519.0
285.0
75.0
244.0
75.0
276.0
27.0
342.0
168.0
794.0
1331.0
599.0
333.0
1177.0
286.0
144.0
850.0
5498.0
6010.0
121.0
159.0
310.0
50.0
28.0
176.0
217.0
183.0
516.0
340.0
72.0
67.0
26.0
123.0
31.0
19.0
179.0
887.0
52.0
119.0
61.0
45.0
164.0
144.0
76.0
164.0
153.0
770.0
35.0
19.0
25.0
30.0
8.0
69.0
262.0
105.0
71.0
90.0
56.0
41.0
83.0
144.0
46.0
26.0
58.0
164.0
164.0
102.0
81.0
133.0
47.0
62.0
1533.0
55.0
58.0
68.0
24.0
160.0
284.0
32.0
280.0
120.0
241.0
81.0
131.0
783.0
205.0
70.0
1218.0
127.0
118.0
72.0
86.0
112.0
20.0
246.0
195.0
500.0
1246.0
36.0
518.0
115.0
175.0
48.0
346.0
267.0
394.0
59.0
289.0
506.0
269.0
70.0
238.0
80.0
289.0
27.0
366.0
162.0
774.0
1302.0
542.0
361.0
1079.0
287.0
153.0
812.0
4995.0
5593.0
130.0
162.0
316.0
47.0
27.0
182.0
209.0
187.0
518.0
350.0
77.0
66.0
27.0
124.0
32.0
19.0
167.0
875.0
53.0
129.0
62.0
43.0
161.0
149.0
76.0
162.0
142.0
745.0
35.0
20.0
25.0
31.0
8.0
72.0
262.0
104.0
73.0
86.0
57.0
40.0
83.0
142.0
47.0
25.0
57.0
149.0
168.0
107.0
87.0
131.0
47.0
65.0
1510.0
54.0
58.0
66.0
24.0
157.0
299.0
32.0
285.0
124.0
240.0
82.0
129.0
772.0
208.0
64.0
1202.0
134.0
123.0
73.0
88.0
119.0
19.0
248.0
198.0
496.0
1290.0
33.0
508.0
115.0
181.0
44.0
319.0
244.0
375.0
58.0
318.0
546.0
278.0
70.0
239.0
80.0
276.0
27.0
347.0
165.0
767.0
1330.0
566.0
330.0
1086.0
286.0
154.0
848.0
5256.0
5857.0
119.0
173.0
321.0
50.0
27.0
183.0
212.0
192.0
523.0
353.0
79.0
62.0
27.0
124.0
33.0
19.0
174.0
904.0
50.0
118.0
65.0
44.0
153.0
143.0
76.0
154.0
140.0
798.0
38.0
19.0
25.0
32.0
8.0
73.0
268.0
112.0
69.0
84.0
56.0
38.0
87.0
153.0
46.0
27.0
53.0
149.0
171.0
104.0
84.0
131.0
45.0
64.0
1559.0
59.0
57.0
70.0
24.0
161.0
281.0
31.0
275.0
128.0
239.0
76.0
137.0
814.0
209.0
65.0
1204.0
129.0
119.0
68.0
91.0
115.0
20.0
256.0
195.0
468.0
1226.0
35.0
559.0
120.0
189.0
46.0
330.0
248.0
364.0
56.0
311.0
507.0
267.0
71.0
237.0
81.0
300.0
27.0
339.0
169.0
793.0
1304.0
570.0
340.0
1140.0
278.0
156.0
830.0
5266.0
5632.0
122.0
157.0
316.0
47.0
27.0
188.0
219.0
181.0
526.0
364.0
78.0
62.0
25.0
124.0
30.0
19.0
169.0
852.0
53.0
120.0
67.0
44.0
165.0
153.0
73.0
158.0
140.0
794.0
36.0
20.0
26.0
32.0
8.0
71.0
269.0
107.0
67.0
91.0
57.0
38.0
83.0
151.0
49.0
26.0
54.0
149.0
164.0
108.0
85.0
132.0
44.0
65.0
1537.0
56.0
58.0
65.0
25.0
158.0
283.0
32.0
282.0
129.0
237.0
76.0
138.0
766.0
217.0
65.0
1233.0
127.0
119.0
73.0
86.0
115.0
20.0
262.0
190.0
495.0
1265.0
36.0
521.0
118.0
193.0
45.0
322.0
245.0
381.0
57.0
289.0
546.0
294.0
76.0
242.0
80.0
276.0
29.0
344.0
157.0
830.0
1308.0
588.0
338.0
1151.0
290.0
149.0
797.0
5088.0
5590.0
126.0
157.0
308.0
47.0
28.0
180.0
206.0
194.0
531.0
347.0
74.0
64.0
27.0
128.0
33.0
18.0
179.0
887.0
48.0
129.0
62.0
43.0
167.0
149.0
71.0
157.0
149.0
737.0
38.0
21.0
26.0
31.0
8.0
74.0
268.0
106.0
73.0
86.0
57.0
41.0
88.0
145.0
46.0
27.0
57.0
149.0
163.0
108.0
83.0
136.0
44.0
65.0
1646.0
56.0
56.0
66.0
25.0
151.0
276.0
33.0
274.0
130.0
244.0
80.0
129.0
752.0
205.0
70.0
1223.0
126.0
125.0
73.0
92.0
118.0
20.0
257.0
193.0
500.0
1287.0
34.0
531.0
117.0
190.0
44.0
337.0
266.0
401.0
61.0
306.0
534.0
267.0
74.0
240.0
79.0
295.0
29.0
364.0
159.0
763.0
1381.0
558.0
344.0
1132.0
283.0
157.0
829.0
5095.0
5701.0
129.0
160.0
313.0
47.0
27.0
176.0
218.0
181.0
515.0
374.0
79.0
65.0
26.0
117.0
33.0
18.0
174.0
880.0
51.0
129.0
62.0
44.0
167.0
150.0
73.0
152.0
140.0
768.0
37.0
20.0
24.0
31.0
8.0
76.0
254.0
106.0
69.0
86.0
57.0
39.0
83.0
141.0
47.0
25.0
57.0
150.0
162.0
110.0
85.0
128.0
45.0
63.0
1609.0
54.0
56.0
68.0
25.0
156.0
299.0
32.0
287.0
130.0
246.0
82.0
136.0
819.0
217.0
66.0
1258.0
123.0
118.0
66.0
89.0
114.0
20.0
252.0
195.0
505.0
1241.0
34.0
550.0
118.0
188.0
47.0
324.0
244.0
362.0
61.0
297.0
509.0
293.0
70.0
250.0
79.0
293.0
29.0
342.0
163.0
808.0
1257.0
601.0
344.0
1103.0
300.0
147.0
803.0
5133.0
5879.0
119.0
169.0
305.0
48.0
27.0
179.0
222.0
194.0
524.0
338.0
75.0
64.0
25.0
124.0
33.0
19.0
168.0
886.0
53.0
123.0
65.0
45.0
158.0
148.0
75.0
165.0
141.0
769.0
35.0
20.0
25.0
30.0
8.0
71.0
254.0
106.0
74.0
83.0
57.0
38.0
87.0
153.0
49.0
25.0
54.0
156.0
172.0
111.0
84.0
136.0
44.0
65.0
1565.0
58.0
57.0
70.0
25.0
166.0
294.0
30.0
269.0
120.0
251.0
79.0
135.0
821.0
221.0
70.0
1190.0
125.0
124.0
67.0
91.0
119.0
20.0
248.0
192.0
511.0
1324.0
36.0
521.0
116.0
186.0
46.0
347.0
259.0
379.0
58.0
297.0
539.0
266.0
75.0
233.0
75.0
301.0
28.0
372.0
166.0
833.0
1355.0
593.0
339.0
1140.0
290.0
148.0
829.0
5172.0
5913.0
122.0
172.0
317.0
49.0
28.0
179.0
208.0
189.0
533.0
361.0
72.0
63.0
26.0
121.0
31.0
20.0
166.0
873.0
52.0
124.0
64.0
44.0
162.0
149.0
73.0
161.0
150.0
740.0
37.0
21.0
24.0
31.0
8.0
71.0
264.0
108.0
69.0
83.0
56.0
41.0
83.0
143.0
49.0
25.0
53.0
156.0
163.0
102.0
83.0
134.0
45.0
67.0
1663.0
55.0
58.0
71.0
26.0
154.0
299.0
30.0
273.0
123.0
256.0
79.0
133.0
757.0
210.0
69.0
1188.0
125.0
118.0
67.0
89.0
118.0
20.0
266.0
200.0
479.0
1264.0
36.0
556.0
109.0
190.0
46.0
345.0
259.0
379.0
57.0
319.0
518.0
266.0
76.0
230.0
75.0
288.0
29.0
363.0
159.0
830.0
1291.0
546.0
363.0
1137.0
280.0
151.0
820.0
5316.0
5775.0
129.0
161.0
324.0
48.0
28.0
193.0
210.0
195.0
515.0
354.0
73.0
67.0
25.0
128.0
33.0
19.0
164.0
900.0
52.0
126.0
66.0
44.0
166.0
143.0
73.0
155.0
138.0
782.0
38.0
20.0
26.0
30.0
8.0
70.0
275.0
103.0
71.0
82.0
57.0
40.0
85.0
147.0
48.0
26.0
56.0
164.0
173.0
106.0
86.0
127.0
45.0
62.0
1567.0
58.0
59.0
65.0
25.0
164.0
284.0
30.0
281.0
129.0
258.0
81.0
131.0
829.0
223.0
66.0
1190.0
130.0
121.0
71.0
87.0
114.0
19.0
271.0
200.0
507.0
1270.0
35.0
548.0
113.0
180.0
46.0
330.0
262.0
382.0
56.0
314.0
514.0
290.0
72.0
253.0
80.0
277.0
27.0
342.0
164.0
820.0
1280.0
589.0
342.0
1183.0
281.0
151.0
842.0
5360.0
5712.0
125.0
166.0
331.0
50.0
28.0
188.0
207.0
185.0
506.0
364.0
75.0
65.0
26.0
116.0
31.0
20.0
166.0
859.0
51.0
120.0
63.0
45.0
166.0
149.0
71.0
153.0
139.0
744.0
36.0
20.0
25.0
32.0
8.0
71.0
273.0
107.0
71.0
86.0
57.0
39.0
88.0
153.0
46.0
27.0
58.0
152.0
163.0
103.0
82.0
129.0
47.0
67.0
1623.0
55.0
54.0
69.0
26.0
154.0
280.0
32.0
277.0
127.0
246.0
82.0
140.0
766.0
223.0
65.0
1260.0
129.0
118.0
70.0
87.0
114.0
19.0
268.0
194.0
486.0
1339.0
34.0
553.0
111.0
193.0
44.0
342.0
253.0
387.0
61.0
305.0
510.0
290.0
74.0
242.0
77.0
291.0
27.0
355.0
163.0
821.0
1263.0
597.0
331.0
1108.0
274.0
149.0
823.0
5329.0
5712.0
129.0
169.0
327.0
50.0
28.0
187.0
212.0
183.0
496.0
343.0
78.0
66.0
27.0
122.0
31.0
20.0
173.0
858.0
52.0
120.0
65.0
43.0
155.0
146.0
73.0
157.0
140.0
745.0
36.0
19.0
25.0
32.0
8.0
70.0
276.0
107.0
68.0
88.0
54.0
38.0
89.0
145.0
45.0
26.0
53.0
153.0
162.0
110.0
79.0
138.0
48.0
65.0
1640.0
55.0
55.0
68.0
24.0
166.0
280.0
31.0
281.0
121.0
244.0
82.0
137.0
787.0
219.0
65.0
1251.0
130.0
119.0
73.0
94.0
111.0
19.0
265.0
197.0
493.0
1272.0
35.0
525.0
112.0
189.0
47.0
317.0
247.0
373.0
56.0
304.0
530.0
278.0
76.0
246.0
82.0
289.0
29.0
366.0
169.0
783.0
1352.0
577.0
357.0
1122.0
298.0
159.0
792.0
5268.0
5863.0
126.0
170.0
321.0
50.0
27.0
179.0
226.0
187.0
525.0
344.0
74.0
67.0
25.0
122.0
31.0
19.0
172.0
859.0
51.0
126.0
66.0
45.0
157.0
151.0
74.0
154.0
149.0
762.0
38.0
21.0
24.0
31.0
8.0
73.0
264.0
105.0
70.0
83.0
59.0
41.0
89.0
139.0
49.0
25.0
56.0
151.0
164.0
106.0
80.0
127.0
47.0
63.0
1611.0
57.0
57.0
69.0
24.0
159.0
291.0
31.0
267.0
126.0
237.0
80.0
140.0
793.0
213.0
71.0
1208.0
128.0
125.0
70.0
88.0
122.0
20.0
254.0
191.0
517.0
1277.0
34.0
549.0
109.0
193.0
47.0
340.0
246.0
376.0
57.0
312.0
544.0
282.0
70.0
250.0
81.0
279.0
28.0
364.0
162.0
840.0
1305.0
562.0
351.0
1195.0
279.0
154.0
874.0
5443.0
5689.0
131.0
166.0
312.0
49.0
29.0
185.0
221.0
179.0
499.0
375.0
76.0
66.0
27.0
126.0
32.0
19.0
170.0
874.0
49.0
122.0
65.0
46.0
158.0
145.0
73.0
158.0
144.0
738.0
36.0
20.0
25.0
29.0
8.0
74.0
254.0
105.0
69.0
88.0
56.0
38.0
89.0
153.0
48.0
25.0
57.0
152.0
175.0
102.0
84.0
135.0
45.0
66.0
1587.0
56.0
56.0
65.0
26.0
158.0
286.0
31.0
263.0
124.0
253.0
81.0
135.0
795.0
207.0
65.0
1238.0
122.0
124.0
71.0
94.0
113.0
18.0
268.0
192.0
488.0
1252.0
35.0
531.0
116.0
177.0
45.0
324.0
269.0
384.0
58.0
295.0
521.0
269.0
69.0
253.0
81.0
275.0
28.0
344.0
160.0
813.0
1306.0
556.0
363.0
1166.0
280.0
157.0
857.0
5494.0
5479.0
124.0
165.0
311.0
48.0
28.0
194.0
208.0
185.0
484.0
361.0
76.0
65.0
25.0
124.0
33.0
20.0
172.0
836.0
53.0
127.0
63.0
46.0
151.0
155.0
76.0
159.0
142.0
757.0
38.0
21.0
25.0
32.0
8.0
72.0
252.0
111.0
72.0
84.0
57.0
41.0
89.0
148.0
48.0
27.0
53.0
152.0
167.0
106.0
87.0
132.0
44.0
64.0
1606.0
58.0
57.0
68.0
26.0
162.0
279.0
32.0
262.0
127.0
237.0
81.0
141.0
777.0
214.0
69.0
1176.0
131.0
118.0
73.0
94.0
121.0
20.0
251.0
205.0
468.0
1244.0
33.0
557.0
111.0
183.0
47.0
342.0
245.0
382.0
59.0
302.0
529.0
272.0
69.0
245.0
75.0
289.0
28.0
347.0
167.0
779.0
1387.0
571.0
360.0
1091.0
301.0
147.0
796.0
5085.0
5594.0
124.0
162.0
317.0
47.0
27.0
183.0
216.0
193.0
482.0
361.0
73.0
63.0
26.0
117.0
33.0
20.0
165.0
843.0
52.0
130.0
65.0
44.0
151.0
143.0
72.0
160.0
146.0
764.0
36.0
20.0
25.0
32.0
8.0
70.0
252.0
110.0
71.0
88.0
56.0
38.0
88.0
148.0
46.0
27.0
54.0
154.0
173.0
104.0
79.0
127.0
48.0
65.0
1651.0
54.0
55.0
70.0
26.0
162.0
282.0
32.0
286.0
125.0
239.0
81.0
141.0
814.0
220.0
67.0
1171.0
125.0
125.0
71.0
89.0
116.0
20.0
272.0
194.0
506.0
1277.0
33.0
530.0
115.0
185.0
45.0
326.0
270.0
365.0
60.0
298.0
535.0
286.0
73.0
242.0
75.0
289.0
28.0
371.0
163.0
763.0
1313.0
547.0
330.0
1112.0
299.0
157.0
849.0
5409.0
5861.0
124.0
170.0
336.0
48.0
29.0
186.0
205.0
185.0
493.0
369.0
75.0
66.0
26.0
119.0
31.0
19.0
164.0
871.0
50.0
128.0
66.0
42.0
163.0
152.0
70.0
165.0
146.0
777.0
37.0
20.0
26.0
30.0
8.0
74.0
269.0
105.0
73.0
90.0
55.0
41.0
85.0
147.0
49.0
27.0
56.0
157.0
175.0
111.0
82.0
134.0
45.0
63.0
1610.0
57.0
55.0
67.0
24.0
155.0
291.0
32.0
269.0
122.0
242.0
82.0
134.0
831.0
220.0
71.0
1241.0
128.0
122.0
72.0
91.0
120.0
19.0
257.0
188.0
500.0
1323.0
36.0
543.0
116.0
178.0
46.0
339.0
269.0
392.0
59.0
309.0
506.0
291.0
70.0
250.0
80.0
296.0
28.0
348.0
160.0
820.0
1373.0
581.0
332.0
1141.0
295.0
154.0
794.0
4995.0
5550.0
129.0
172.0
308.0
51.0
29.0
184.0
211.0
191.0
528.0
354.0
77.0
61.0
26.0
118.0
33.0
19.0
172.0
862.0
53.0
124.0
64.0
43.0
162.0
140.0
71.0
153.0
151.0
790.0
35.0
21.0
25.0
32.0
8.0
75.0
270.0
104.0
70.0
88.0
58.0
38.0
84.0
143.0
47.0
26.0
55.0
150.0
172.0
108.0
87.0
126.0
48.0
64.0
1627.0
55.0
57.0
67.0
25.0
163.0
294.0
33.0
288.0
124.0
252.0
82.0
132.0
790.0
220.0
71.0
1274.0
125.0
119.0
72.0
91.0
114.0
20.0
261.0
190.0
482.0
1316.0
33.0
513.0
119.0
188.0
47.0
326.0
256.0
389.0
59.0
301.0
509.0
280.0
70.0
249.0
78.0
287.0
27.0
350.0
170.0
787.0
1387.0
581.0
330.0
1142.0
294.0
152.0
801.0
5469.0
5762.0
123.0
172.0
311.0
51.0
27.0
184.0
206.0
183.0
527.0
371.0
75.0
63.0
25.0
122.0
33.0
19.0
164.0
876.0
50.0
125.0
64.0
46.0
163.0
154.0
69.0
165.0
142.0
795.0
35.0
20.0
24.0
30.0
8.0
69.0
254.0
108.0
71.0
83.0
56.0
41.0
83.0
153.0
45.0
27.0
57.0
156.0
172.0
103.0
79.0
129.0
46.0
61.0
1587.0
58.0
58.0
70.0
24.0
156.0
274.0
32.0
260.0
129.0
259.0
80.0
136.0
829.0
219.0
67.0
1251.0
125.0
119.0
72.0
92.0
119.0
19.0
255.0
197.0
499.0
1245.0
33.0
507.0
116.0
179.0
46.0
318.0
269.0
388.0
57.0
314.0
507.0
270.0
76.0
254.0
77.0
298.0
28.0
355.0
161.0
836.0
1362.0
566.0
339.0
1162.0
282.0
153.0
804.0
5500.0
5969.0
120.0
158.0
312.0
47.0
28.0
184.0
214.0
177.0
500.0
341.0
73.0
65.0
25.0
118.0
32.0
19.0
163.0
902.0
53.0
126.0
61.0
45.0
161.0
153.0
76.0
154.0
141.0
726.0
36.0
21.0
26.0
30.0
8.0
75.0
260.0
110.0
73.0
85.0
54.0
41.0
89.0
147.0
49.0
26.0
57.0
149.0
163.0
104.0
83.0
134.0
46.0
64.0
1519.0
55.0
54.0
66.0
25.0
167.0
273.0
33.0
283.0
122.0
238.0
79.0
137.0
823.0
209.0
65.0
1285.0
122.0
124.0
70.0
94.0
122.0
19.0
263.0
205.0
478.0
1268.0
35.0
535.0
110.0
183.0
45.0
338.0
269.0
364.0
55.0
320.0
511.0
279.0
71.0
243.0
82.0
289.0
29.0
365.0
163.0
816.0
1315.0
584.0
346.0
1118.0
291.0
158.0
864.0
4972.0
5870.0
131.0
157.0
304.0
49.0
27.0
185.0
219.0
183.0
521.0
340.0
73.0
62.0
25.0
128.0
30.0
19.0
166.0
883.0
50.0
124.0
65.0
44.0
153.0
147.0
73.0
158.0
140.0
783.0
37.0
21.0
26.0
30.0
8.0
73.0
251.0
110.0
72.0
85.0
55.0
41.0
84.0
153.0
49.0
27.0
56.0
156.0
161.0
108.0
82.0
132.0
47.0
65.0
1582.0
58.0
58.0
70.0
25.0
157.0
283.0
32.0
267.0
126.0
250.0
76.0
139.0
783.0
225.0
70.0
1211.0
133.0
123.0
69.0
87.0
118.0
20.0
250.0
204.0
477.0
1303.0
35.0
551.0
112.0
185.0
46.0
330.0
260.0
368.0
60.0
318.0
516.0
272.0
74.0
236.0
75.0
282.0
28.0
373.0
159.0
804.0
1264.0
600.0
350.0
1101.0
289.0
147.0
798.0
5048.0
5834.0
127.0
171.0
336.0
51.0
29.0
184.0
214.0
192.0
498.0
346.0
79.0
66.0
25.0
127.0
30.0
20.0
166.0
852.0
51.0
127.0
62.0
45.0
163.0
149.0
72.0
156.0
142.0
789.0
38.0
21.0
26.0
31.0
8.0
72.0
276.0
108.0
68.0
83.0
54.0
40.0
86.0
139.0
48.0
27.0
54.0
148.0
173.0
111.0
86.0
130.0
48.0
66.0
1512.0
55.0
56.0
67.0
26.0
156.0
286.0
33.0
266.0
130.0
260.0
82.0
132.0
775.0
218.0
65.0
1175.0
123.0
120.0
72.0
88.0
112.0
20.0
254.0
196.0
471.0
1313.0
36.0
507.0
109.0
184.0
44.0
320.0
254.0
372.0
61.0
289.0
507.0
275.0
75.0
242.0
79.0
299.0
29.0
358.0
173.0
838.0
1329.0
555.0
357.0
1196.0
277.0
147.0
816.0
5450.0
5923.0
131.0
167.0
321.0
48.0
29.0
180.0
213.0
184.0
515.0
346.0
73.0
62.0
25.0
116.0
33.0
19.0
166.0
881.0
53.0
120.0
66.0
42.0
158.0
144.0
73.0
164.0
153.0
751.0
36.0
21.0
24.0
29.0
8.0
76.0
252.0
112.0
71.0
83.0
57.0
39.0
83.0
146.0
47.0
25.0
58.0
151.0
160.0
108.0
84.0
133.0
45.0
65.0
1602.0
56.0
55.0
69.0
24.0
157.0
276.0
32.0
263.0
119.0
235.0
76.0
137.0
794.0
210.0
65.0
1219.0
129.0
123.0
70.0
87.0
117.0
20.0
272.0
200.0
490.0
1258.0
34.0
526.0
112.0
188.0
46.0
346.0
265.0
393.0
60.0
318.0
518.0
278.0
71.0
249.0
82.0
276.0
27.0
364.0
164.0
829.0
1360.0
555.0
352.0
1162.0
291.0
153.0
854.0
5355.0
5512.0
126.0
164.0
330.0
48.0
29.0
184.0
220.0
190.0
493.0
369.0
75.0
66.0
27.0
118.0
32.0
19.0
171.0
893.0
50.0
122.0
62.0
45.0
164.0
145.0
70.0
152.0
149.0
765.0
36.0
21.0
25.0
29.0
8.0
72.0
254.0
105.0
71.0
86.0
56.0
41.0
81.0
147.0
48.0
27.0
55.0
159.0
174.0
109.0
86.0
127.0
46.0
67.0
1505.0
58.0
57.0
71.0
26.0
160.0
271.0
32.0
267.0
122.0
238.0
76.0
135.0
764.0
208.0
66.0
1255.0
124.0
121.0
69.0
90.0
113.0
19.0
262.0
205.0
470.0
1329.0
34.0
550.0
111.0
192.0
44.0
342.0
252.0
399.0
56.0
292.0
532.0
282.0
70.0
240.0
80.0
301.0
29.0
340.0
161.0
790.0
1348.0
585.0
344.0
1169.0
288.0
152.0
829.0
5069.0
5618.0
121.0
170.0
322.0
51.0
28.0
185.0
220.0
195.0
496.0
375.0
73.0
63.0
26.0
128.0
33.0
19.0
163.0
863.0
50.0
127.0
62.0
44.0
165.0
144.0
69.0
152.0
153.0
789.0
37.0
20.0
25.0
30.0
8.0
69.0
269.0
102.0
72.0
86.0
59.0
40.0
86.0
149.0
47.0
25.0
58.0
164.0
163.0
104.0
84.0
129.0
44.0
65.0
1525.0
55.0
54.0
66.0
26.0
164.0
298.0
32.0
282.0
121.0
235.0
77.0
138.0
783.0
212.0
65.0
1284.0
133.0
126.0
72.0
93.0
112.0
19.0
267.0
202.0
511.0
1245.0
34.0
560.0
116.0
190.0
48.0
317.0
251.0
363.0
60.0
295.0
533.0
290.0
72.0
251.0
76.0
282.0
27.0
363.0
169.0
835.0
1262.0
580.0
330.0
1138.0
300.0
153.0
792.0
5219.0
5983.0
124.0
163.0
308.0
50.0
27.0
186.0
212.0
184.0
499.0
369.0
72.0
66.0
25.0
121.0
31.0
20.0
178.0
900.0
48.0
127.0
64.0
42.0
157.0
153.0
75.0
159.0
145.0
784.0
36.0
20.0
26.0
31.0
8.0
73.0
269.0
104.0
71.0
83.0
57.0
39.0
83.0
139.0
48.0
26.0
53.0
154.0
175.0
103.0
83.0
139.0
44.0
63.0
1607.0
54.0
57.0
67.0
26.0
158.0
290.0
33.0
271.0
124.0
251.0
83.0
141.0
751.0
215.0
71.0
1247.0
130.0
116.0
68.0
92.0
121.0
20.0
246.0
191.0
474.0
1305.0
36.0
545.0
117.0
183.0
44.0
349.0
252.0
372.0
61.0
315.0
505.0
277.0
75.0
245.0
81.0
281.0
29.0
357.0
159.0
839.0
1379.0
565.0
347.0
1135.0
297.0
146.0
871.0
5317.0
5989.0
129.0
167.0
324.0
51.0
29.0
176.0
209.0
179.0
493.0
356.0
77.0
65.0
26.0
126.0
32.0
20.0
168.0
868.0
49.0
121.0
61.0
46.0
164.0
142.0
72.0
154.0
142.0
755.0
35.0
20.0
25.0
32.0
8.0
72.0
274.0
111.0
71.0
85.0
59.0
40.0
89.0
148.0
49.0
25.0
56.0
159.0
175.0
110.0
87.0
135.0
48.0
65.0
1593.0
55.0
55.0
66.0
26.0
165.0
288.0
33.0
285.0
130.0
239.0
83.0
135.0
802.0
212.0
68.0
1230.0
130.0
123.0
69.0
90.0
117.0
19.0
248.0
201.0
494.0
1217.0
34.0
543.0
112.0
193.0
48.0
333.0
254.0
382.0
61.0
290.0
512.0
277.0
74.0
233.0
76.0
297.0
28.0
349.0
167.0
803.0
1385.0
542.0
344.0
1138.0
283.0
151.0
800.0
5356.0
5958.0
126.0
157.0
310.0
47.0
28.0
194.0
214.0
195.0
513.0
341.0
76.0
65.0
26.0
127.0
31.0
19.0
173.0
886.0
51.0
126.0
64.0
46.0
151.0
153.0
76.0
163.0
149.0
747.0
37.0
20.0
24.0
32.0
8.0
74.0
254.0
113.0
69.0
84.0
54.0
39.0
85.0
151.0
46.0
25.0
53.0
158.0
169.0
109.0
84.0
127.0
47.0
61.0
1541.0
59.0
58.0
69.0
26.0
161.0
278.0
31.0
269.0
119.0
246.0
83.0
135.0
773.0
212.0
71.0
1190.0
121.0
125.0
73.0
93.0
114.0
19.0
262.0
207.0
508.0
1218.0
36.0
528.0
117.0
184.0
44.0
334.0
254.0
387.0
56.0
308.0
559.0
287.0
74.0
241.0
80.0
272.0
29.0
356.0
167.0
838.0
1333.0
577.0
337.0
1139.0
290.0
154.0
838.0
5369.0
5532.0
121.0
156.0
336.0
50.0
28.0
183.0
211.0
195.0
486.0
373.0
79.0
63.0
26.0
120.0
30.0
20.0
175.0
879.0
51.0
119.0
63.0
46.0
156.0
145.0
75.0
168.0
152.0
761.0
36.0
20.0
24.0
31.0
8.0
74.0
257.0
108.0
69.0
89.0
58.0
38.0
81.0
141.0
47.0
25.0
54.0
151.0
175.0
110.0
83.0
129.0
47.0
61.0
1603.0
56.0
55.0
69.0
24.0
154.0
284.0
33.0
277.0
120.0
254.0
78.0
135.0
796.0
224.0
65.0
1252.0
121.0
125.0
66.0
93.0
116.0
20.0
259.0
192.0
496.0
1300.0
36.0
555.0
118.0
179.0
47.0
324.0
261.0
373.0
60.0
301.0
506.0
289.0
74.0
254.0
75.0
275.0
28.0
373.0
172.0
830.0
1293.0
551.0
354.0
1146.0
278.0
157.0
830.0
5226.0
5679.0
124.0
170.0
316.0
51.0
27.0
180.0
207.0
193.0
515.0
340.0
79.0
63.0
25.0
116.0
33.0
20.0
172.0
837.0
49.0
129.0
64.0
46.0
162.0
148.0
72.0
166.0
138.0
781.0
36.0
21.0
26.0
31.0
8.0
73.0
263.0
103.0
69.0
85.0
59.0
40.0
83.0
143.0
45.0
27.0
55.0
155.0
166.0
101.0
81.0
126.0
48.0
63.0
1502.0
59.0
57.0
69.0
26.0
152.0
297.0
33.0
272.0
119.0
241.0
80.0
128.0
761.0
224.0
68.0
1176.0
128.0
118.0
72.0
93.0
118.0
20.0
258.0
199.0
491.0
1241.0
36.0
559.0
114.0
175.0
48.0
324.0
264.0
366.0
59.0
314.0
508.0
275.0
76.0
229.0
77.0
293.0
27.0
358.0
170.0
779.0
1291.0
554.0
360.0
1168.0
293.0
148.0
830.0
5427.0
5853.0
126.0
164.0
335.0
48.0
29.0
179.0
209.0
180.0
515.0
360.0
77.0
63.0
26.0
127.0
32.0
20.0
171.0
896.0
49.0
121.0
67.0
43.0
155.0
153.0
76.0
152.0
149.0
742.0
37.0
20.0
26.0
32.0
8.0
73.0
257.0
112.0
71.0
86.0
56.0
38.0
86.0
154.0
48.0
27.0
55.0
150.0
160.0
111.0
82.0
135.0
47.0
65.0
1518.0
56.0
59.0
70.0
25.0
156.0
293.0
31.0
278.0
126.0
242.0
76.0
137.0
774.0
211.0
67.0
1257.0
126.0
125.0
71.0
91.0
116.0
19.0
267.0
194.0
475.0
1229.0
36.0
535.0
109.0
189.0
45.0
343.0
248.0
400.0
60.0
302.0
520.0
273.0
72.0
245.0
80.0
302.0
28.0
356.0
171.0
815.0
1389.0
558.0
333.0
1143.0
289.0
152.0
816.0
5347.0
5595.0
124.0
165.0
308.0
49.0
28.0
188.0
217.0
195.0
490.0
355.0
78.0
66.0
27.0
116.0
30.0
19.0
170.0
875.0
52.0
128.0
67.0
43.0
164.0
147.0
71.0
163.0
147.0
757.0
35.0
20.0
26.0
32.0
8.0
71.0
265.0
112.0
70.0
83.0
58.0
38.0
87.0
149.0
47.0
27.0
56.0
151.0
163.0
110.0
86.0
138.0
47.0
67.0
1597.0
58.0
55.0
69.0
25.0
158.0
287.0
33.0
284.0
120.0
256.0
81.0
133.0
759.0
211.0
66.0
1257.0
130.0
120.0
70.0
86.0
118.0
20.0
268.0
205.0
493.0
1270.0
34.0
536.0
117.0
183.0
44.0
342.0
263.0
378.0
58.0
295.0
506.0
276.0
75.0
246.0
80.0
287.0
27.0
351.0
168.0
833.0
1329.0
564.0
346.0
1089.0
283.0
154.0
818.0
5482.0
6019.0
123.0
172.0
320.0
47.0
27.0
189.0
221.0
196.0
485.0
362.0
78.0
62.0
25.0
119.0
33.0
19.0
163.0
860.0
52.0
119.0
63.0
46.0
164.0
153.0
74.0
168.0
147.0
753.0
38.0
21.0
26.0
30.0
8.0
69.0
269.0
105.0
70.0
86.0
59.0
41.0
87.0
153.0
46.0
27.0
55.0
160.0
164.0
104.0
81.0
132.0
46.0
67.0
1606.0
55.0
58.0
70.0
25.0
159.0
278.0
31.0
282.0
126.0
249.0
76.0
129.0
762.0
206.0
67.0
1255.0
121.0
115.0
73.0
91.0
122.0
19.0
252.0
189.0
504.0
1238.0
35.0
548.0
109.0
179.0
47.0
333.0
245.0
398.0
58.0
305.0
532.0
282.0
69.0
246.0
76.0
274.0
28.0
339.0
171.0
811.0
1340.0
560.0
330.0
1137.0
283.0
156.0
804.0
5476.0
5668.0
120.0
170.0
318.0
51.0
27.0
193.0
211.0
193.0
524.0
365.0
74.0
65.0
27.0
117.0
33.0
20.0
164.0
891.0
49.0
121.0
67.0
46.0
161.0
143.0
70.0
160.0
139.0
750.0
37.0
20.0
26.0
32.0
8.0
76.0
269.0
111.0
69.0
91.0
57.0
40.0
88.0
154.0
46.0
27.0
54.0
149.0
165.0
106.0
86.0
130.0
47.0
66.0
1570.0
54.0
58.0
67.0
26.0
155.0
278.0
33.0
262.0
129.0
241.0
77.0
128.0
817.0
207.0
70.0
1200.0
130.0
116.0
68.0
88.0
116.0
20.0
267.0
198.0
470.0
1332.0
33.0
557.0
109.0
189.0
46.0
336.0
261.0
399.0
56.0
316.0
557.0
284.0
70.0
233.0
75.0
287.0
27.0
346.0
158.0
784.0
1378.0
599.0
336.0
1178.0
293.0
155.0
819.0
5302.0
5835.0
127.0
158.0
306.0
49.0
29.0
179.0
213.0
190.0
505.0
361.0
77.0
66.0
25.0
128.0
33.0
20.0
162.0
847.0
52.0
120.0
61.0
46.0
161.0
152.0
72.0
156.0
139.0
743.0
37.0
20.0
24.0
30.0
8.0
76.0
259.0
106.0
71.0
85.0
58.0
38.0
83.0
141.0
47.0
25.0
57.0
164.0
162.0
103.0
81.0
137.0
45.0
66.0
1502.0
57.0
57.0
65.0
26.0
159.0
280.0
30.0
283.0
129.0
260.0
78.0
141.0
831.0
211.0
66.0
1178.0
134.0
126.0
73.0
91.0
116.0
20.0
250.0
204.0
198.0
204.0
149.0
136.0
369.0
163.0
163.0
158.0
173.0
161.0
158.0
162.0
155.0
158.0
131.0
163.0
132.0
143.0
439.0
148.0
160.0
155.0
132.0
170.0
139.0
163.0
154.0
443.0
143.0
168.0
155.0
159.0
154.0
137.0
137.0
155.0
158.0
138.0
156.0
134.0
165.0
163.0
164.0
132.0
133.0
363.0
147.0
133.0
398.0
141.0
173.0
174.0
161.0
137.0
153.0
167.0
151.0
144.0
371.0
136.0
156.0
172.0
141.0
130.0
167.0
143.0
145.0
164.0
169.0
152.0
161.0
164.0
150.0
147.0
125.0
168.0
473.0
159.0
174.0
137.0
145.0
176.0
161.0
173.0
148.0
173.0
374.0
153.0
464.0
171.0
451.0
440.0
453.0
369.0
395.0
456.0
455.0
475.0
428.0
162.0
138.0
162.0
136.0
146.0
142.0
130.0
136.0
157.0
203.0
182.0
139.0
142.0
392.0
158.0
158.0
167.0
136.0
131.0
169.0
144.0
156.0
155.0
157.0
161.0
134.0
170.0
418.0
132.0
175.0
150.0
167.0
150.0
136.0
150.0
148.0
418.0
152.0
146.0
172.0
146.0
145.0
142.0
173.0
148.0
136.0
174.0
142.0
140.0
174.0
173.0
130.0
130.0
160.0
419.0
140.0
174.0
442.0
134.0
174.0
148.0
175.0
130.0
132.0
151.0
154.0
150.0
368.0
159.0
142.0
173.0
161.0
169.0
131.0
141.0
138.0
173.0
153.0
133.0
168.0
160.0
155.0
171.0
119.0
162.0
403.0
150.0
137.0
145.0
158.0
142.0
142.0
163.0
171.0
159.0
469.0
141.0
398.0
175.0
382.0
404.0
466.0
455.0
442.0
412.0
363.0
412.0
411.0
177.0
172.0
172.0
136.0
165.0
151.0
156.0
146.0
161.0
172.0
179.0
140.0
165.0
480.0
132.0
141.0
133.0
157.0
172.0
144.0
171.0
162.0
147.0
132.0
136.0
141.0
158.0
389.0
153.0
140.0
156.0
143.0
142.0
143.0
157.0
171.0
375.0
174.0
153.0
165.0
155.0
137.0
145.0
154.0
153.0
172.0
176.0
134.0
138.0
167.0
151.0
157.0
130.0
144.0
455.0
155.0
150.0
476.0
177.0
137.0
150.0
163.0
142.0
134.0
136.0
172.0
137.0
421.0
156.0
133.0
158.0
136.0
158.0
157.0
171.0
148.0
171.0
155.0
167.0
152.0
173.0
130.0
158.0
129.0
167.0
364.0
140.0
167.0
175.0
176.0
141.0
153.0
162.0
159.0
175.0
417.0
158.0
398.0
133.0
371.0
482.0
472.0
465.0
449.0
444.0
382.0
466.0
433.0
163.0
147.0
135.0
152.0
171.0
159.0
166.0
154.0
165.0
154.0
197.0
149.0
140.0
366.0
140.0
156.0
156.0
138.0
166.0
144.0
154.0
147.0
158.0
168.0
144.0
176.0
147.0
488.0
154.0
176.0
133.0
176.0
170.0
158.0
174.0
159.0
483.0
171.0
133.0
146.0
174.0
131.0
161.0
156.0
136.0
158.0
172.0
134.0
158.0
166.0
172.0
145.0
122.0
155.0
435.0
159.0
173.0
395.0
166.0
137.0
168.0
170.0
155.0
136.0
166.0
133.0
133.0
363.0
158.0
176.0
168.0
143.0
136.0
132.0
164.0
171.0
155.0
150.0
168.0
139.0
142.0
176.0
141.0
135.0
145.0
433.0
161.0
146.0
143.0
143.0
170.0
172.0
141.0
142.0
145.0
470.0
177.0
403.0
170.0
396.0
475.0
364.0
367.0
450.0
481.0
437.0
397.0
433.0
159.0
153.0
159.0
150.0
145.0
157.0
170.0
163.0
161.0
185.0
161.0
165.0
132.0
456.0
160.0
151.0
139.0
150.0
153.0
145.0
163.0
159.0
153.0
155.0
148.0
135.0
133.0
458.0
130.0
158.0
146.0
145.0
160.0
176.0
160.0
166.0
433.0
157.0
155.0
174.0
147.0
152.0
146.0
158.0
145.0
136.0
162.0
158.0
145.0
142.0
154.0
147.0
123.0
130.0
454.0
160.0
143.0
414.0
132.0
164.0
134.0
160.0
150.0
159.0
142.0
148.0
149.0
455.0
177.0
144.0
144.0
135.0
137.0
149.0
132.0
159.0
147.0
140.0
162.0
168.0
131.0
156.0
168.0
120.0
167.0
402.0
140.0
130.0
155.0
130.0
150.0
172.0
133.0
164.0
171.0
419.0
140.0
422.0
134.0
398.0
474.0
403.0
364.0
464.0
486.0
391.0
395.0
439.0
174.0
162.0
133.0
139.0
176.0
169.0
143.0
160.0
154.0
160.0
172.0
163.0
156.0
390.0
154.0
156.0
166.0
155.0
153.0
152.0
169.0
144.0
138.0
130.0
162.0
156.0
166.0
370.0
142.0
145.0
153.0
146.0
130.0
143.0
147.0
155.0
456.0
153.0
168.0
177.0
153.0
177.0
151.0
154.0
163.0
145.0
132.0
133.0
149.0
141.0
176.0
137.0
128.0
147.0
483.0
134.0
136.0
410.0
156.0
171.0
172.0
165.0
154.0
167.0
138.0
130.0
173.0
409.0
133.0
169.0
171.0
141.0
134.0
142.0
153.0
176.0
169.0
168.0
160.0
174.0
135.0
166.0
159.0
135.0
177.0
434.0
169.0
143.0
150.0
148.0
164.0
171.0
149.0
138.0
166.0
364.0
140.0
481.0
142.0
483.0
468.0
369.0
495.0
488.0
429.0
390.0
441.0
407.0
167.0
146.0
149.0
165.0
152.0
161.0
161.0
162.0
163.0
157.0
170.0
175.0
169.0
467.0
155.0
152.0
160.0
176.0
172.0
138.0
163.0
141.0
164.0
142.0
134.0
142.0
145.0
412.0
142.0
133.0
155.0
161.0
177.0
165.0
150.0
144.0
370.0
136.0
173.0
137.0
147.0
166.0
138.0
141.0
143.0
137.0
163.0
170.0
139.0
139.0
144.0
162.0
127.0
155.0
367.0
143.0
132.0
440.0
135.0
151.0
167.0
132.0
144.0
170.0
176.0
134.0
146.0
441.0
130.0
140.0
144.0
155.0
131.0
167.0
131.0
172.0
169.0
155.0
170.0
135.0
133.0
163.0
162.0
117.0
169.0
430.0
162.0
161.0
142.0
136.0
144.0
169.0
173.0
146.0
159.0
447.0
169.0
457.0
166.0
474.0
425.0
447.0
409.0
392.0
426.0
481.0
492.0
425.0
142.0
156.0
139.0
138.0
137.0
133.0
155.0
148.0
173.0
163.0
184.0
177.0
146.0
366.0
132.0
174.0
152.0
141.0
153.0
160.0
167.0
141.0
175.0
155.0
139.0
175.0
164.0
426.0
166.0
149.0
135.0
143.0
154.0
148.0
173.0
170.0
454.0
163.0
164.0
155.0
149.0
173.0
155.0
166.0
151.0
153.0
140.0
176.0
164.0
132.0
164.0
148.0
144.0
160.0
400.0
152.0
131.0
433.0
166.0
155.0
165.0
138.0
176.0
150.0
145.0
165.0
166.0
481.0
173.0
171.0
130.0
132.0
149.0
145.0
169.0
150.0
166.0
170.0
174.0
175.0
176.0
138.0
148.0
127.0
176.0
387.0
165.0
163.0
153.0
159.0
132.0
156.0
160.0
164.0
137.0
474.0
164.0
365.0
158.0
368.0
429.0
452.0
429.0
456.0
486.0
431.0
457.0
411.0
136.0
154.0
136.0
166.0
133.0
139.0
153.0
134.0
140.0
184.0
179.0
165.0
143.0
404.0
171.0
162.0
154.0
138.0
169.0
146.0
153.0
139.0
174.0
177.0
136.0
137.0
144.0
449.0
153.0
173.0
174.0
177.0
155.0
133.0
133.0
136.0
484.0
168.0
149.0
175.0
161.0
174.0
151.0
150.0
166.0
162.0
169.0
133.0
170.0
145.0
139.0
160.0
143.0
175.0
410.0
154.0
132.0
394.0
177.0
151.0
153.0
151.0
143.0
165.0
156.0
145.0
170.0
460.0
132.0
174.0
150.0
154.0
139.0
168.0
163.0
131.0
158.0
165.0
144.0
175.0
132.0
163.0
136.0
125.0
161.0
458.0
141.0
146.0
154.0
170.0
136.0
134.0
174.0
150.0
135.0
377.0
132.0
401.0
175.0
387.0
380.0
457.0
399.0
408.0
381.0
394.0
385.0
394.0
139.0
150.0
131.0
159.0
177.0
157.0
160.0
132.0
155.0
186.0
158.0
150.0
150.0
486.0
168.0
130.0
167.0
165.0
172.0
163.0
156.0
140.0
168.0
132.0
154.0
156.0
163.0
379.0
158.0
166.0
132.0
144.0
141.0
166.0
157.0
152.0
432.0
175.0
151.0
145.0
166.0
156.0
141.0
164.0
167.0
149.0
139.0
139.0
159.0
167.0
165.0
141.0
147.0
160.0
401.0
173.0
163.0
380.0
174.0
163.0
135.0
153.0
146.0
173.0
145.0
168.0
174.0
372.0
133.0
161.0
151.0
167.0
140.0
141.0
142.0
149.0
142.0
142.0
134.0
135.0
134.0
155.0
172.0
136.0
160.0
422.0
140.0
148.0
177.0
151.0
144.0
131.0
135.0
134.0
153.0
406.0
145.0
450.0
132.0
379.0
368.0
412.0
401.0
375.0
459.0
397.0
432.0
467.0
164.0
157.0
146.0
167.0
154.0
152.0
145.0
171.0
165.0
199.0
206.0
139.0
173.0
477.0
160.0
145.0
154.0
167.0
164.0
148.0
133.0
156.0
142.0
157.0
153.0
158.0
174.0
490.0
161.0
130.0
167.0
150.0
164.0
159.0
156.0
173.0
403.0
169.0
140.0
144.0
176.0
148.0
174.0
134.0
168.0
136.0
174.0
176.0
138.0
155.0
167.0
156.0
143.0
171.0
493.0
156.0
157.0
462.0
134.0
141.0
149.0
168.0
160.0
135.0
136.0
162.0
152.0
454.0
161.0
149.0
155.0
152.0
154.0
135.0
135.0
130.0
145.0
148.0
169.0
162.0
156.0
172.0
146.0
147.0
161.0
381.0
134.0
154.0
136.0
138.0
172.0
174.0
132.0
172.0
135.0
482.0
155.0
408.0
155.0
371.0
485.0
459.0
425.0
389.0
422.0
421.0
433.0
366.0
175.0
140.0
135.0
147.0
133.0
136.0
156.0
136.0
149.0
158.0
183.0
139.0
134.0
382.0
143.0
141.0
162.0
153.0
138.0
138.0
172.0
147.0
153.0
159.0
142.0
131.0
135.0
443.0
143.0
143.0
175.0
150.0
160.0
164.0
143.0
146.0
464.0
142.0
158.0
166.0
164.0
166.0
172.0
159.0
139.0
176.0
158.0
153.0
135.0
167.0
141.0
159.0
150.0
165.0
477.0
162.0
132.0
399.0
171.0
139.0
156.0
133.0
142.0
162.0
139.0
153.0
133.0
395.0
168.0
132.0
139.0
175.0
171.0
147.0
167.0
140.0
149.0
175.0
137.0
145.0
146.0
130.0
164.0
124.0
171.0
462.0
153.0
144.0
157.0
142.0
130.0
168.0
142.0
164.0
131.0
439.0
172.0
442.0
176.0
374.0
492.0
365.0
386.0
447.0
389.0
416.0
432.0
471.0
149.0
150.0
164.0
160.0
133.0
150.0
158.0
165.0
164.0
207.0
153.0
144.0
148.0
431.0
142.0
164.0
152.0
166.0
133.0
136.0
177.0
166.0
168.0
145.0
141.0
157.0
176.0
439.0
162.0
167.0
158.0
160.0
142.0
170.0
131.0
160.0
393.0
149.0
171.0
169.0
131.0
148.0
154.0
148.0
176.0
154.0
141.0
160.0
169.0
146.0
177.0
163.0
123.0
144.0
385.0
168.0
143.0
490.0
136.0
145.0
149.0
165.0
139.0
147.0
168.0
166.0
148.0
476.0
157.0
150.0
139.0
173.0
141.0
141.0
176.0
176.0
141.0
153.0
135.0
166.0
132.0
137.0
160.0
112.0
156.0
373.0
133.0
173.0
177.0
144.0
173.0
145.0
139.0
171.0
167.0
387.0
145.0
474.0
137.0
384.0
379.0
378.0
397.0
478.0
407.0
397.0
466.0
429.0
176.0
163.0
130.0
164.0
155.0
159.0
164.0
137.0
141.0
192.0
174.0
155.0
132.0
442.0
167.0
171.0
131.0
140.0
156.0
167.0
174.0
176.0
140.0
170.0
167.0
143.0
153.0
374.0
145.0
157.0
146.0
139.0
153.0
141.0
157.0
167.0
467.0
168.0
144.0
158.0
168.0
154.0
149.0
133.0
151.0
172.0
175.0
139.0
159.0
143.0
132.0
148.0
119.0
140.0
450.0
161.0
168.0
484.0
152.0
154.0
168.0
166.0
155.0
142.0
136.0
141.0
158.0
453.0
134.0
157.0
144.0
144.0
150.0
150.0
149.0
153.0
130.0
135.0
170.0
152.0
131.0
131.0
158.0
145.0
161.0
481.0
139.0
165.0
146.0
144.0
154.0
162.0
150.0
175.0
142.0
478.0
163.0
465.0
149.0
470.0
478.0
422.0
377.0
451.0
414.0
399.0
375.0
414.0
170.0
141.0
165.0
172.0
132.0
175.0
174.0
155.0
146.0
184.0
192.0
166.0
177.0
490.0
137.0
164.0
153.0
165.0
132.0
140.0
135.0
130.0
153.0
137.0
148.0
168.0
130.0
447.0
165.0
157.0
141.0
177.0
134.0
144.0
142.0
160.0
471.0
134.0
163.0
158.0
145.0
137.0
169.0
174.0
145.0
165.0
164.0
151.0
152.0
145.0
152.0
151.0
149.0
136.0
492.0
148.0
136.0
469.0
168.0
162.0
163.0
164.0
137.0
139.0
138.0
150.0
169.0
480.0
147.0
133.0
174.0
164.0
140.0
170.0
148.0
175.0
149.0
167.0
173.0
147.0
153.0
152.0
165.0
147.0
165.0
419.0
141.0
168.0
152.0
152.0
143.0
167.0
144.0
173.0
140.0
437.0
157.0
464.0
146.0
492.0
377.0
375.0
448.0
414.0
454.0
391.0
366.0
386.0
146.0
161.0
139.0
159.0
174.0
156.0
142.0
167.0
173.0
170.0
170.0
155.0
134.0
451.0
169.0
158.0
170.0
144.0
148.0
150.0
139.0
162.0
157.0
144.0
147.0
131.0
146.0
465.0
135.0
141.0
162.0
155.0
167.0
143.0
150.0
138.0
487.0
160.0
134.0
163.0
173.0
147.0
156.0
147.0
156.0
141.0
168.0
148.0
152.0
171.0
170.0
170.0
112.0
162.0
463.0
149.0
175.0
419.0
157.0
170.0
173.0
144.0
137.0
158.0
152.0
131.0
149.0
463.0
172.0
150.0
154.0
141.0
176.0
146.0
134.0
172.0
171.0
173.0
144.0
132.0
161.0
158.0
147.0
139.0
153.0
423.0
136.0
177.0
161.0
154.0
149.0
145.0
142.0
142.0
157.0
446.0
166.0
456.0
145.0
478.0
366.0
411.0
439.0
386.0
439.0
389.0
405.0
431.0
130.0
148.0
151.0
139.0
168.0
150.0
176.0
159.0
141.0
205.0
176.0
177.0
168.0
396.0
132.0
169.0
156.0
151.0
131.0
158.0
139.0
160.0
148.0
171.0
172.0
161.0
160.0
438.0
131.0
138.0
157.0
154.0
147.0
149.0
133.0
138.0
458.0
144.0
149.0
139.0
150.0
146.0
152.0
155.0
165.0
149.0
141.0
166.0
170.0
165.0
177.0
141.0
111.0
162.0
400.0
176.0
175.0
394.0
169.0
162.0
171.0
168.0
153.0
131.0
148.0
164.0
141.0
371.0
136.0
139.0
161.0
170.0
149.0
136.0
161.0
131.0
150.0
153.0
175.0
154.0
158.0
156.0
173.0
151.0
158.0
391.0
163.0
145.0
132.0
172.0
162.0
133.0
157.0
171.0
163.0
373.0
132.0
381.0
162.0
461.0
403.0
391.0
436.0
479.0
383.0
381.0
421.0
389.0
173.0
171.0
168.0
143.0
175.0
170.0
166.0
137.0
136.0
164.0
205.0
176.0
176.0
394.0
155.0
157.0
176.0
155.0
139.0
161.0
148.0
158.0
150.0
173.0
152.0
152.0
140.0
442.0
173.0
154.0
130.0
132.0
175.0
166.0
159.0
145.0
424.0
141.0
154.0
169.0
135.0
144.0
149.0
174.0
130.0
165.0
139.0
150.0
167.0
146.0
131.0
164.0
114.0
136.0
405.0
136.0
151.0
400.0
161.0
142.0
159.0
168.0
161.0
177.0
148.0
143.0
177.0
468.0
155.0
176.0
164.0
131.0
167.0
162.0
131.0
140.0
148.0
167.0
149.0
139.0
139.0
142.0
162.0
120.0
171.0
487.0
153.0
167.0
133.0
134.0
142.0
137.0
153.0
130.0
149.0
465.0
170.0
424.0
165.0
489.0
491.0
492.0
493.0
444.0
462.0
403.0
365.0
476.0
175.0
162.0
147.0
171.0
146.0
160.0
164.0
136.0
142.0
176.0
204.0
141.0
171.0
435.0
145.0
156.0
155.0
154.0
156.0
158.0
138.0
143.0
156.0
132.0
154.0
172.0
157.0
413.0
154.0
168.0
139.0
175.0
156.0
164.0
143.0
169.0
484.0
145.0
145.0
154.0
172.0
141.0
132.0
166.0
151.0
155.0
159.0
171.0
136.0
141.0
136.0
135.0
151.0
164.0
414.0
149.0
146.0
370.0
173.0
134.0
175.0
155.0
160.0
163.0
160.0
138.0
172.0
494.0
158.0
162.0
161.0
154.0
136.0
139.0
136.0
158.0
133.0
138.0
171.0
157.0
151.0
157.0
151.0
130.0
138.0
463.0
136.0
154.0
162.0
160.0
133.0
154.0
173.0
162.0
137.0
413.0
168.0
409.0
131.0
459.0
451.0
438.0
447.0
414.0
448.0
429.0
488.0
367.0
143.0
172.0
148.0
144.0
135.0
153.0
162.0
142.0
154.0
176.0
153.0
174.0
141.0
434.0
147.0
149.0
161.0
138.0
169.0
151.0
145.0
158.0
133.0
174.0
153.0
151.0
143.0
440.0
170.0
159.0
141.0
146.0
142.0
151.0
151.0
169.0
450.0
154.0
148.0
162.0
135.0
169.0
141.0
152.0
168.0
156.0
169.0
158.0
153.0
167.0
157.0
155.0
136.0
148.0
442.0
134.0
132.0
407.0
143.0
164.0
154.0
146.0
141.0
172.0
154.0
173.0
174.0
381.0
133.0
166.0
176.0
154.0
176.0
138.0
151.0
133.0
164.0
145.0
169.0
177.0
141.0
139.0
162.0
131.0
169.0
396.0
167.0
142.0
155.0
173.0
160.0
160.0
140.0
173.0
141.0
380.0
146.0
465.0
171.0
423.0
400.0
366.0
405.0
378.0
440.0
472.0
401.0
489.0
154.0
146.0
151.0
159.0
167.0
175.0
140.0
147.0
148.0
205.0
155.0
135.0
167.0
423.0
132.0
149.0
177.0
172.0
136.0
162.0
146.0
173.0
172.0
141.0
168.0
164.0
140.0
427.0
144.0
145.0
174.0
159.0
143.0
134.0
140.0
160.0
442.0
156.0
166.0
157.0
153.0
147.0
153.0
177.0
172.0
130.0
154.0
149.0
164.0
147.0
170.0
143.0
111.0
162.0
470.0
142.0
139.0
491.0
176.0
145.0
132.0
148.0
157.0
168.0
146.0
175.0
152.0
419.0
144.0
149.0
167.0
165.0
160.0
160.0
152.0
173.0
161.0
142.0
170.0
146.0
168.0
170.0
132.0
147.0
137.0
476.0
137.0
157.0
156.0
161.0
173.0
175.0
164.0
177.0
133.0
447.0
167.0
406.0
174.0
429.0
377.0
493.0
392.0
484.0
389.0
377.0
383.0
444.0
142.0
162.0
141.0
141.0
156.0
148.0
153.0
160.0
158.0
196.0
188.0
161.0
134.0
418.0
173.0
155.0
167.0
147.0
144.0
158.0
169.0
160.0
146.0
162.0
153.0
164.0
130.0
422.0
173.0
151.0
131.0
158.0
159.0
155.0
165.0
153.0
470.0
153.0
161.0
130.0
157.0
145.0
169.0
144.0
163.0
161.0
173.0
173.0
168.0
130.0
170.0
154.0
134.0
146.0
471.0
131.0
157.0
380.0
160.0
135.0
149.0
157.0
148.0
135.0
131.0
171.0
169.0
484.0
153.0
145.0
142.0
162.0
143.0
171.0
153.0
165.0
151.0
158.0
154.0
166.0
175.0
168.0
152.0
139.0
145.0
494.0
155.0
173.0
168.0
168.0
160.0
135.0
166.0
169.0
175.0
392.0
162.0
444.0
173.0
468.0
367.0
441.0
461.0
454.0
420.0
425.0
405.0
453.0
132.0
147.0
149.0
157.0
155.0
176.0
160.0
170.0
145.0
166.0
160.0
131.0
146.0
427.0
136.0
136.0
133.0
168.0
146.0
171.0
136.0
155.0
172.0
169.0
131.0
161.0
173.0
420.0
170.0
167.0
143.0
143.0
154.0
174.0
176.0
162.0
435.0
135.0
133.0
141.0
136.0
173.0
148.0
152.0
163.0
131.0
148.0
144.0
170.0
159.0
157.0
168.0
149.0
144.0
450.0
143.0
162.0
434.0
146.0
161.0
169.0
137.0
144.0
138.0
157.0
139.0
170.0
407.0
139.0
141.0
140.0
156.0
140.0
175.0
159.0
161.0
139.0
150.0
146.0
146.0
163.0
165.0
164.0
143.0
134.0
437.0
162.0
170.0
145.0
174.0
176.0
155.0
172.0
156.0
162.0
444.0
146.0
494.0
146.0
453.0
419.0
470.0
482.0
381.0
426.0
437.0
396.0
429.0
156.0
130.0
132.0
152.0
167.0
137.0
143.0
147.0
159.0
201.0
178.0
173.0
133.0
397.0
161.0
163.0
133.0
166.0
162.0
147.0
161.0
138.0
133.0
170.0
151.0
169.0
164.0
471.0
167.0
137.0
149.0
147.0
148.0
140.0
148.0
155.0
410.0
143.0
170.0
138.0
134.0
172.0
135.0
148.0
139.0
163.0
160.0
140.0
162.0
142.0
133.0
169.0
143.0
158.0
420.0
172.0
144.0
462.0
162.0
134.0
154.0
151.0
148.0
133.0
166.0
169.0
148.0
492.0
143.0
136.0
155.0
168.0
134.0
137.0
172.0
167.0
166.0
140.0
135.0
162.0
163.0
147.0
160.0
112.0
171.0
376.0
139.0
174.0
145.0
158.0
162.0
134.0
131.0
149.0
137.0
490.0
163.0
483.0
174.0
481.0
445.0
395.0
438.0
476.0
474.0
416.0
458.0
407.0
135.0
158.0
166.0
142.0
144.0
137.0
162.0
157.0
152.0
189.0
204.0
136.0
164.0
493.0
131.0
157.0
144.0
148.0
177.0
177.0
163.0
172.0
138.0
133.0
134.0
165.0
169.0
368.0
164.0
149.0
163.0
173.0
150.0
151.0
143.0
159.0
422.0
159.0
158.0
175.0
136.0
146.0
161.0
162.0
136.0
135.0
130.0
133.0
145.0
131.0
173.0
160.0
124.0
154.0
379.0
130.0
160.0
412.0
146.0
135.0
165.0
132.0
161.0
138.0
141.0
144.0
174.0
371.0
150.0
157.0
149.0
140.0
169.0
147.0
144.0
173.0
135.0
169.0
148.0
168.0
166.0
151.0
142.0
111.0
162.0
492.0
138.0
174.0
176.0
156.0
167.0
175.0
134.0
148.0
163.0
420.0
174.0
437.0
130.0
433.0
406.0
468.0
396.0
397.0
445.0
369.0
397.0
405.0
160.0
161.0
176.0
167.0
151.0
136.0
139.0
170.0
176.0
201.0
187.0
170.0
134.0
408.0
137.0
160.0
164.0
162.0
164.0
170.0
146.0
157.0
151.0
159.0
158.0
177.0
175.0
459.0
133.0
177.0
172.0
154.0
164.0
169.0
136.0
169.0
471.0
133.0
142.0
159.0
131.0
142.0
139.0
157.0
165.0
157.0
134.0
147.0
169.0
148.0
173.0
149.0
122.0
162.0
400.0
158.0
156.0
471.0
156.0
135.0
170.0
176.0
134.0
146.0
171.0
144.0
144.0
431.0
159.0
163.0
174.0
150.0
169.0
163.0
159.0
167.0
137.0
167.0
158.0
159.0
147.0
140.0
146.0
148.0
174.0
390.0
142.0
152.0
176.0
176.0
168.0
165.0
139.0
133.0
167.0
480.0
162.0
465.0
154.0
413.0
397.0
491.0
372.0
388.0
368.0
395.0
370.0
494.0
143.0
143.0
152.0
134.0
160.0
137.0
151.0
131.0
160.0
181.0
168.0
131.0
157.0
388.0
164.0
170.0
156.0
158.0
155.0
152.0
143.0
168.0
130.0
167.0
153.0
150.0
155.0
435.0
156.0
156.0
166.0
159.0
158.0
140.0
169.0
165.0
470.0
154.0
158.0
146.0
137.0
132.0
131.0
168.0
155.0
142.0
137.0
156.0
130.0
142.0
176.0
163.0
150.0
164.0
450.0
132.0
167.0
386.0
162.0
175.0
177.0
169.0
155.0
131.0
151.0
156.0
164.0
476.0
149.0
175.0
157.0
148.0
148.0
145.0
150.0
137.0
132.0
132.0
140.0
175.0
169.0
132.0
148.0
134.0
159.0
459.0
157.0
150.0
133.0
173.0
171.0
163.0
143.0
172.0
143.0
430.0
164.0
381.0
157.0
373.0
473.0
427.0
384.0
454.0
468.0
494.0
382.0
405.0
172.0
159.0
175.0
134.0
133.0
150.0
140.0
145.0
147.0
204.0
184.0
138.0
132.0
363.0
131.0
174.0
136.0
142.0
152.0
149.0
140.0
163.0
165.0
149.0
131.0
155.0
161.0
460.0
130.0
172.0
142.0
148.0
171.0
137.0
167.0
132.0
365.0
138.0
160.0
164.0
177.0
146.0
168.0
156.0
170.0
153.0
139.0
163.0
159.0
132.0
169.0
132.0
125.0
174.0
377.0
141.0
168.0
491.0
148.0
132.0
145.0
131.0
161.0
147.0
152.0
132.0
176.0
485.0
166.0
159.0
134.0
171.0
157.0
174.0
138.0
171.0
157.0
134.0
131.0
130.0
161.0
137.0
162.0
145.0
155.0
424.0
153.0
148.0
156.0
136.0
141.0
142.0
140.0
159.0
159.0
392.0
139.0
480.0
147.0
484.0
463.0
426.0
458.0
405.0
483.0
450.0
486.0
432.0
163.0
145.0
144.0
166.0
160.0
138.0
160.0
139.0
170.0
204.0
169.0
140.0
163.0
475.0
141.0
130.0
172.0
138.0
145.0
171.0
147.0
156.0
163.0
144.0
143.0
132.0
131.0
381.0
136.0
154.0
140.0
131.0
168.0
148.0
153.0
172.0
472.0
154.0
131.0
167.0
151.0
130.0
130.0
152.0
138.0
153.0
176.0
138.0
169.0
150.0
151.0
141.0
126.0
140.0
397.0
154.0
177.0
382.0
144.0
171.0
139.0
152.0
156.0
177.0
173.0
147.0
145.0
410.0
175.0
147.0
150.0
146.0
137.0
150.0
159.0
155.0
133.0
175.0
144.0
163.0
143.0
153.0
159.0
123.0
150.0
408.0
147.0
135.0
154.0
137.0
142.0
161.0
149.0
160.0
148.0
397.0
136.0
380.0
141.0
383.0
467.0
457.0
404.0
466.0
493.0
490.0
410.0
397.0
134.0
168.0
161.0
166.0
170.0
167.0
175.0
134.0
175.0
195.0
204.0
172.0
174.0
368.0
150.0
136.0
130.0
141.0
160.0
171.0
138.0
150.0
174.0
147.0
158.0
153.0
150.0
396.0
163.0
157.0
132.0
137.0
135.0
138.0
168.0
165.0
489.0
135.0
160.0
165.0
140.0
163.0
176.0
171.0
142.0
152.0
170.0
160.0
160.0
158.0
140.0
132.0
146.0
171.0
489.0
138.0
163.0
424.0
150.0
137.0
142.0
146.0
165.0
144.0
161.0
170.0
140.0
401.0
151.0
164.0
152.0
156.0
167.0
166.0
138.0
145.0
134.0
164.0
150.0
133.0
172.0
142.0
156.0
126.0
159.0
370.0
138.0
174.0
132.0
147.0
147.0
135.0
152.0
155.0
138.0
425.0
157.0
404.0
161.0
406.0
371.0
396.0
401.0
483.0
371.0
367.0
405.0
465.0
132.0
167.0
161.0
132.0
172.0
172.0
137.0
158.0
137.0
179.0
171.0
138.0
163.0
478.0
140.0
136.0
149.0
159.0
147.0
135.0
147.0
167.0
163.0
134.0
177.0
169.0
158.0
423.0
171.0
132.0
176.0
136.0
144.0
149.0
176.0
170.0
460.0
153.0
133.0
173.0
167.0
161.0
158.0
159.0
147.0
161.0
152.0
153.0
130.0
145.0
136.0
149.0
147.0
140.0
406.0
137.0
148.0
379.0
134.0
132.0
175.0
171.0
173.0
160.0
138.0
132.0
149.0
431.0
135.0
141.0
153.0
170.0
137.0
135.0
131.0
141.0
173.0
149.0
156.0
172.0
158.0
162.0
157.0
120.0
165.0
409.0
145.0
152.0
175.0
143.0
135.0
165.0
154.0
134.0
160.0
482.0
159.0
364.0
132.0
474.0
466.0
453.0
401.0
403.0
443.0
417.0
386.0
397.0
177.0
171.0
153.0
148.0
149.0
176.0
161.0
143.0
176.0
193.0
205.0
149.0
148.0
367.0
142.0
176.0
162.0
171.0
131.0
175.0
166.0
148.0
159.0
150.0
135.0
160.0
152.0
443.0
171.0
140.0
157.0
141.0
150.0
172.0
145.0
152.0
371.0
171.0
165.0
132.0
152.0
165.0
148.0
167.0
130.0
165.0
174.0
150.0
138.0
176.0
163.0
144.0
129.0
136.0
490.0
162.0
159.0
405.0
165.0
155.0
152.0
145.0
145.0
132.0
172.0
149.0
164.0
379.0
141.0
148.0
133.0
172.0
152.0
161.0
144.0
171.0
139.0
146.0
166.0
137.0
163.0
167.0
163.0
146.0
164.0
375.0
159.0
170.0
154.0
144.0
136.0
148.0
143.0
159.0
154.0
485.0
144.0
432.0
150.0
469.0
369.0
487.0
404.0
364.0
399.0
448.0
411.0
422.0
130.0
152.0
142.0
158.0
157.0
148.0
175.0
136.0
151.0
154.0
171.0
136.0
139.0
445.0
146.0
173.0
136.0
138.0
171.0
154.0
153.0
154.0
172.0
154.0
162.0
148.0
138.0
433.0
156.0
168.0
167.0
168.0
158.0
151.0
140.0
158.0
393.0
154.0
166.0
135.0
165.0
161.0
158.0
158.0
168.0
164.0
151.0
152.0
141.0
146.0
142.0
172.0
136.0
172.0
460.0
166.0
170.0
373.0
169.0
153.0
132.0
141.0
170.0
169.0
173.0
144.0
150.0
423.0
163.0
161.0
151.0
148.0
158.0
162.0
136.0
142.0
167.0
156.0
146.0
177.0
168.0
159.0
138.0
134.0
164.0
409.0
144.0
163.0
149.0
167.0
152.0
173.0
177.0
131.0
151.0
494.0
132.0
473.0
176.0
485.0
389.0
370.0
465.0
383.0
405.0
464.0
429.0
380.0
146.0
157.0
144.0
176.0
155.0
168.0
143.0
154.0
146.0
203.0
162.0
134.0
168.0
481.0
171.0
169.0
165.0
141.0
157.0
148.0
173.0
159.0
176.0
143.0
162.0
164.0
155.0
391.0
136.0
162.0
158.0
142.0
133.0
168.0
151.0
159.0
376.0
130.0
176.0
145.0
175.0
172.0
165.0
144.0
162.0
144.0
173.0
142.0
139.0
133.0
174.0
166.0
139.0
130.0
366.0
145.0
143.0
432.0
132.0
133.0
163.0
142.0
138.0
163.0
146.0
170.0
149.0
460.0
169.0
162.0
172.0
133.0
154.0
173.0
161.0
149.0
145.0
152.0
135.0
144.0
151.0
166.0
148.0
134.0
146.0
401.0
162.0
150.0
174.0
136.0
165.0
171.0
159.0
148.0
146.0
441.0
131.0
478.0
162.0
481.0
367.0
444.0
424.0
417.0
369.0
495.0
427.0
394.0
142.0
155.0
135.0
138.0
138.0
165.0
156.0
174.0
142.0
183.0
158.0
157.0
170.0
383.0
160.0
156.0
176.0
137.0
140.0
140.0
169.0
164.0
147.0
148.0
165.0
177.0
149.0
446.0
135.0
156.0
135.0
144.0
166.0
141.0
144.0
139.0
403.0
155.0
144.0
168.0
161.0
170.0
152.0
146.0
134.0
133.0
173.0
167.0
172.0
166.0
144.0
174.0
112.0
173.0
429.0
141.0
132.0
421.0
144.0
161.0
147.0
150.0
147.0
173.0
150.0
133.0
140.0
470.0
153.0
170.0
143.0
172.0
141.0
135.0
160.0
132.0
132.0
145.0
149.0
131.0
177.0
161.0
134.0
124.0
164.0
450.0
163.0
145.0
167.0
131.0
134.0
136.0
134.0
172.0
152.0
386.0
160.0
383.0
141.0
456.0
444.0
450.0
421.0
452.0
437.0
402.0
429.0
441.0
130.0
145.0
138.0
155.0
132.0
153.0
161.0
135.0
164.0
202.0
191.0
144.0
130.0
404.0
157.0
145.0
164.0
165.0
161.0
133.0
134.0
149.0
174.0
165.0
147.0
137.0
160.0
432.0
165.0
146.0
164.0
163.0
163.0
152.0
175.0
153.0
415.0
138.0
133.0
146.0
167.0
145.0
168.0
164.0
151.0
148.0
134.0
144.0
147.0
145.0
161.0
149.0
128.0
155.0
468.0
132.0
165.0
472.0
133.0
161.0
170.0
141.0
134.0
167.0
166.0
143.0
169.0
476.0
155.0
174.0
130.0
142.0
142.0
152.0
154.0
131.0
137.0
171.0
170.0
173.0
149.0
152.0
140.0
148.0
158.0
364.0
157.0
130.0
159.0
151.0
170.0
141.0
156.0
131.0
138.0
372.0
148.0
394.0
159.0
443.0
443.0
400.0
396.0
414.0
445.0
449.0
488.0
435.0
131.0
177.0
158.0
166.0
172.0
159.0
160.0
140.0
159.0
161.0
205.0
146.0
138.0
385.0
157.0
145.0
154.0
169.0
166.0
159.0
163.0
176.0
154.0
159.0
130.0
136.0
140.0
445.0
177.0
133.0
153.0
159.0
140.0
157.0
134.0
146.0
388.0
172.0
146.0
176.0
173.0
140.0
177.0
134.0
159.0
153.0
166.0
176.0
134.0
174.0
153.0
144.0
128.0
144.0
433.0
165.0
170.0
458.0
155.0
139.0
162.0
169.0
143.0
155.0
168.0
133.0
161.0
490.0
154.0
175.0
148.0
166.0
171.0
141.0
164.0
163.0
153.0
145.0
153.0
141.0
164.0
166.0
143.0
148.0
145.0
375.0
134.0
169.0
154.0
167.0
153.0
164.0
163.0
172.0
160.0
439.0
142.0
448.0
164.0
474.0
409.0
395.0
484.0
396.0
425.0
403.0
444.0
493.0
148.0
131.0
170.0
140.0
154.0
174.0
173.0
134.0
169.0
179.0
183.0
169.0
138.0
419.0
161.0
142.0
144.0
141.0
168.0
137.0
176.0
137.0
145.0
136.0
135.0
169.0
170.0
376.0
165.0
149.0
139.0
140.0
148.0
150.0
154.0
131.0
464.0
143.0
155.0
154.0
150.0
170.0
163.0
163.0
145.0
144.0
146.0
144.0
154.0
168.0
144.0
161.0
145.0
137.0
450.0
175.0
158.0
441.0
142.0
134.0
145.0
155.0
152.0
134.0
156.0
169.0
140.0
484.0
156.0
174.0
143.0
166.0
146.0
166.0
145.0
154.0
145.0
154.0
138.0
167.0
160.0
156.0
153.0
139.0
160.0
368.0
157.0
149.0
156.0
136.0
130.0
136.0
174.0
163.0
155.0
479.0
159.0
376.0
148.0
399.0
382.0
394.0
452.0
422.0
492.0
382.0
455.0
431.0
176.0
166.0
159.0
141.0
171.0
153.0
139.0
173.0
169.0
205.0
163.0
159.0
137.0
480.0
140.0
143.0
177.0
131.0
135.0
145.0
145.0
160.0
158.0
159.0
161.0
172.0
141.0
389.0
152.0
139.0
140.0
133.0
174.0
143.0
152.0
162.0
458.0
162.0
136.0
139.0
168.0
172.0
146.0
164.0
160.0
135.0
170.0
165.0
135.0
161.0
130.0
164.0
116.0
152.0
374.0
161.0
154.0
490.0
177.0
165.0
141.0
153.0
166.0
166.0
147.0
173.0
152.0
457.0
159.0
146.0
152.0
160.0
158.0
163.0
136.0
131.0
163.0
174.0
138.0
176.0
158.0
172.0
163.0
112.0
154.0
389.0
147.0
146.0
175.0
170.0
132.0
172.0
150.0
175.0
148.0
418.0
148.0
386.0
164.0
436.0
417.0
465.0
416.0
431.0
413.0
382.0
426.0
476.0
137.0
148.0
147.0
160.0
131.0
138.0
172.0
162.0
169.0
159.0
189.0
170.0
161.0
416.0
131.0
156.0
159.0
176.0
166.0
134.0
161.0
140.0
148.0
133.0
173.0
153.0
159.0
418.0
174.0
172.0
161.0
166.0
148.0
149.0
130.0
164.0
463.0
136.0
175.0
175.0
155.0
141.0
155.0
160.0
139.0
172.0
163.0
171.0
137.0
147.0
165.0
136.0
146.0
172.0
493.0
166.0
150.0
389.0
172.0
140.0
141.0
156.0
168.0
150.0
173.0
174.0
157.0
428.0
151.0
159.0
157.0
162.0
171.0
139.0
145.0
155.0
158.0
132.0
152.0
135.0
168.0
147.0
172.0
121.0
143.0
466.0
138.0
170.0
144.0
169.0
155.0
136.0
176.0
166.0
152.0
464.0
172.0
477.0
134.0
433.0
448.0
456.0
387.0
423.0
415.0
425.0
460.0
446.0
169.0
135.0
172.0
168.0
143.0
168.0
176.0
149.0
144.0
