I_BRKGA_52_2_10_2_CESP
52 2 10 494.0
34437.5
35669.5
34902.5
29456.5
34460.5
32023.5
32613.5
34419.5
30695.5
29881.5
0.10445425788413905
0.09952901975999455
0.11470733000041437
0.08119970409301665
0.11136509895596579
0.08361884989221176
0.11952079413729991
0.0978545003132186
0.10942583200234805
0.07832461296139126
125.0
121.0
7678.0
62.0
729.0
1450.0
144.0
752.0
370.0
268.0
486.0
660.0
1031.0
430.0
77.0
342.0
538.0
290.0
145.0
513.0
181.0
340.0
113.0
409.0
195.0
885.0
1441.0
645.0
388.0
1240.0
436.0
320.0
985.0
5343.0
5992.0
169.0
235.0
1872.0
105.0
83.0
257.0
249.0
338.0
785.0
377.0
342.0
196.0
277.0
201.0
166.0
832.0
379.0
884.0
1222.0
760.0
1437.0
147.0
765.0
378.0
273.0
471.0
662.0
1000.0
422.0
77.0
334.0
566.0
301.0
143.0
515.0
184.0
364.0
115.0
408.0
211.0
872.0
1482.0
644.0
381.0
1244.0
449.0
315.0
980.0
5142.0
5827.0
177.0
229.0
1912.0
106.0
86.0
242.0
237.0
359.0
790.0
399.0
355.0
192.0
277.0
195.0
169.0
774.0
398.0
928.0
1294.0
741.0
1434.0
147.0
795.0
376.0
280.0
447.0
677.0
1030.0
422.0
78.0
320.0
568.0
292.0
147.0
521.0
176.0
371.0
118.0
398.0
195.0
907.0
1481.0
621.0
374.0
1195.0
452.0
315.0
977.0
5528.0
6126.0
166.0
235.0
1915.0
104.0
83.0
251.0
248.0
346.0
762.0
390.0
355.0
182.0
260.0
206.0
163.0
819.0
382.0
965.0
1338.0
739.0
1501.0
149.0
772.0
386.0
283.0
461.0
664.0
1006.0
435.0
78.0
326.0
576.0
289.0
147.0
527.0
188.0
375.0
115.0
404.0
200.0
911.0
1396.0
604.0
357.0
1162.0
438.0
316.0
938.0
5302.0
6051.0
178.0
227.0
1860.0
104.0
83.0
257.0
229.0
343.0
760.0
384.0
361.0
191.0
270.0
201.0
162.0
779.0
381.0
970.0
1245.0
743.0
1412.0
153.0
798.0
384.0
274.0
457.0
687.0
1064.0
422.0
79.0
329.0
546.0
300.0
151.0
490.0
191.0
346.0
111.0
428.0
199.0
859.0
1447.0
649.0
364.0
1188.0
448.0
313.0
922.0
5591.0
5622.0
164.0
232.0
1884.0
106.0
81.0
260.0
232.0
337.0
787.0
368.0
345.0
180.0
275.0
198.0
170.0
817.0
376.0
899.0
1292.0
758.0
1521.0
150.0
768.0
370.0
263.0
449.0
686.0
981.0
439.0
80.0
326.0
555.0
297.0
142.0
505.0
182.0
370.0
115.0
409.0
205.0
920.0
1523.0
599.0
374.0
1244.0
465.0
316.0
903.0
5203.0
6102.0
176.0
221.0
1959.0
107.0
83.0
258.0
248.0
341.0
770.0
380.0
359.0
189.0
274.0
210.0
167.0
800.0
383.0
950.0
1284.0
743.0
1427.0
146.0
792.0
375.0
281.0
462.0
661.0
1050.0
406.0
81.0
319.0
555.0
289.0
140.0
501.0
179.0
351.0
112.0
403.0
201.0
888.0
1472.0
614.0
374.0
1187.0
447.0
332.0
928.0
5406.0
5748.0
167.0
232.0
1875.0
103.0
82.0
240.0
235.0
355.0
808.0
402.0
360.0
181.0
280.0
205.0
164.0
809.0
385.0
953.0
1318.0
748.0
1440.0
153.0
769.0
368.0
265.0
462.0
676.0
1011.0
433.0
81.0
335.0
587.0
287.0
142.0
488.0
188.0
367.0
112.0
413.0
200.0
845.0
1470.0
591.0
355.0
1170.0
457.0
314.0
928.0
5153.0
6141.0
175.0
228.0
1981.0
109.0
86.0
257.0
246.0
348.0
777.0
388.0
359.0
188.0
287.0
206.0
169.0
799.0
381.0
972.0
1213.0
724.0
1401.0
143.0
800.0
382.0
281.0
454.0
695.0
1022.0
436.0
80.0
338.0
574.0
302.0
143.0
514.0
193.0
357.0
114.0
406.0
205.0
880.0
1491.0
635.0
386.0
1147.0
423.0
317.0
953.0
5218.0
5899.0
169.0
229.0
1885.0
108.0
83.0
239.0
235.0
332.0
804.0
394.0
351.0
182.0
269.0
205.0
161.0
796.0
386.0
918.0
1219.0
752.0
1420.0
150.0
759.0
385.0
281.0
469.0
688.0
1022.0
409.0
78.0
344.0
583.0
296.0
146.0
518.0
187.0
351.0
111.0
412.0
204.0
860.0
1539.0
597.0
366.0
1135.0
439.0
318.0
932.0
5160.0
5925.0
165.0
226.0
1838.0
106.0
85.0
249.0
235.0
335.0
796.0
375.0
343.0
192.0
261.0
196.0
163.0
851.0
382.0
903.0
1277.0
152.0
158.0
145.0
148.0
218.0
142.0
160.0
152.0
275.0
159.0
162.0
151.0
147.0
150.0
162.0
138.0
142.0
148.0
284.0
153.0
142.0
136.0
168.0
148.0
158.0
155.0
260.0
298.0
160.0
152.0
161.0
168.0
146.0
164.0
154.0
161.0
306.0
152.0
266.0
152.0
306.0
281.0
267.0
308.0
280.0
441.0
274.0
303.0
444.0
150.0
166.0
150.0
168.0
162.0
223.0
142.0
172.0
156.0
300.0
168.0
158.0
156.0
168.0
148.0
142.0
160.0
166.0
168.0
312.0
148.0
156.0
150.0
155.0
142.0
138.0
174.0
311.0
288.0
160.0
142.0
151.0
154.0
162.0
146.0
150.0
158.0
277.0
159.0
286.0
137.0
314.0
264.0
325.0
277.0
280.0
384.0
320.0
274.0
408.0
166.0
169.0
160.0
154.0
166.0
212.0
144.0
159.0
150.0
276.0
143.0
154.0
150.0
158.0
153.0
146.0
153.0
168.0
170.0
300.0
146.0
165.0
155.0
143.0
140.0
140.0
172.0
264.0
302.0
150.0
156.0
172.0
148.0
157.0
164.0
157.0
162.0
278.0
168.0
306.0
146.0
284.0
302.0
290.0
286.0
252.0
400.0
293.0
272.0
413.0
162.0
161.0
160.0
145.0
141.0
221.0
144.0
158.0
156.0
322.0
164.0
154.0
156.0
134.0
156.0
155.0
160.0
138.0
158.0
254.0
166.0
156.0
152.0
148.0
156.0
134.0
150.0
272.0
281.0
156.0
174.0
156.0
151.0
170.0
166.0
149.0
148.0
252.0
132.0
292.0
168.0
272.0
294.0
330.0
296.0
264.0
424.0
290.0
322.0
466.0
152.0
156.0
154.0
166.0
162.0
225.0
160.0
156.0
154.0
295.0
146.0
138.0
134.0
156.0
160.0
141.0
140.0
148.0
156.0
270.0
164.0
174.0
154.0
145.0
167.0
146.0
146.0
325.0
303.0
163.0
158.0
146.0
162.0
166.0
154.0
137.0
160.0
296.0
154.0
284.0
147.0
316.0
299.0
280.0
280.0
316.0
405.0
302.0
307.0
443.0
170.0
160.0
156.0
149.0
162.0
228.0
152.0
156.0
139.0
285.0
158.0
166.0
144.0
142.0
138.0
158.0
132.0
146.0
138.0
253.0
162.0
160.0
143.0
162.0
154.0
128.0
156.0
288.0
264.0
154.0
134.0
148.0
157.0
162.0
155.0
151.0
134.0
266.0
136.0
274.0
153.0
327.0
315.0
299.0
280.0
271.0
400.0
312.0
296.0
391.0
156.0
140.0
156.0
150.0
143.0
238.0
153.0
146.0
167.0
274.0
154.0
171.0
148.0
172.0
159.0
156.0
140.0
164.0
146.0
323.0
158.0
132.0
144.0
159.0
156.0
151.0
169.0
320.0
290.0
150.0
136.0
132.0
158.0
162.0
155.0
150.0
159.0
293.0
154.0
310.0
170.0
324.0
284.0
316.0
274.0
268.0
457.0
318.0
273.0
438.0
144.0
144.0
170.0
156.0
156.0
235.0
150.0
158.0
165.0
286.0
154.0
167.0
152.0
158.0
146.0
149.0
168.0
146.0
156.0
274.0
169.0
154.0
138.0
156.0
148.0
164.0
152.0
305.0
308.0
156.0
150.0
164.0
149.0
142.0
167.0
144.0
157.0
284.0
136.0
290.0
151.0
286.0
323.0
318.0
263.0
294.0
472.0
308.0
308.0
402.0
166.0
175.0
147.0
146.0
136.0
198.0
166.0
168.0
166.0
260.0
152.0
152.0
148.0
167.0
152.0
154.0
146.0
158.0
164.0
299.0
157.0
139.0
154.0
144.0
154.0
144.0
148.0
306.0
307.0
171.0
158.0
166.0
137.0
142.0
142.0
146.0
144.0
289.0
148.0
275.0
137.0
316.0
314.0
296.0
256.0
313.0
442.0
310.0
298.0
428.0
164.0
150.0
166.0
154.0
140.0
226.0
151.0
164.0
140.0
311.0
156.0
141.0
142.0
154.0
140.0
152.0
148.0
156.0
153.0
313.0
142.0
160.0
150.0
168.0
148.0
127.0
142.0
295.0
274.0
167.0
170.0
164.0
143.0
154.0
155.0
153.0
148.0
284.0
160.0
312.0
154.0
315.0
262.0
282.0
312.0
268.0
426.0
316.0
308.0
410.0
150.0
