I_BRKGA_52_2_30_9_CESP
52 2 30 494.0
34331.5
34328.5
35063.5
30864.5
32542.5
34725.5
30938.5
34382.5
33869.5
32266.5
35291.5
31911.5
31311.5
29318.5
29845.5
31397.5
34800.5
30146.5
34193.5
35573.5
31796.5
31924.5
35387.5
34137.5
29905.5
31868.5
32781.5
31656.5
29373.5
31764.5
0.03531670146132487
0.03283226893813694
0.03848701553318934
0.030730674131874323
0.033800991444270206
0.03249308722268055
0.034433309598190624
0.027148074569411446
0.034660810344240435
0.03037106890641342
0.03787742112795282
0.027790868795081455
0.03408430110630326
0.032880356769003576
0.03606040206084797
0.030915568823209075
0.039002161839829554
0.03040238246615119
0.03791773937934837
0.02802765876798731
0.03797756279152295
0.031074743918129817
0.03463635432309497
0.028230721461442072
0.038700378464709174
0.027412769335978568
0.034436459815316935
0.0333240023354322
0.03422949299532084
0.03474465127360549
118.0
119.0
7678.0
62.0
763.0
1529.0
146.0
759.0
384.0
271.0
455.0
663.0
1013.0
415.0
76.0
336.0
567.0
286.0
147.0
511.0
187.0
348.0
120.0
403.0
208.0
867.0
1418.0
597.0
362.0
1204.0
426.0
329.0
964.0
5576.0
5943.0
168.0
224.0
1968.0
101.0
85.0
254.0
245.0
341.0
799.0
398.0
366.0
185.0
280.0
198.0
165.0
800.0
384.0
926.0
1326.0
738.0
1532.0
153.0
798.0
371.0
278.0
474.0
687.0
996.0
404.0
79.0
332.0
544.0
293.0
150.0
492.0
193.0
353.0
114.0
425.0
203.0
859.0
1456.0
611.0
385.0
1162.0
430.0
314.0
948.0
5108.0
6046.0
168.0
235.0
1972.0
105.0
82.0
246.0
245.0
339.0
779.0
375.0
333.0
186.0
276.0
197.0
166.0
809.0
372.0
940.0
1311.0
779.0
1448.0
144.0
797.0
389.0
272.0
459.0
684.0
1049.0
401.0
78.0
325.0
557.0
291.0
144.0
501.0
188.0
359.0
117.0
417.0
204.0
906.0
1506.0
619.0
372.0
1218.0
460.0
317.0
962.0
5116.0
5892.0
167.0
223.0
1967.0
105.0
82.0
262.0
243.0
333.0
810.0
373.0
360.0
191.0
263.0
203.0
173.0
810.0
404.0
944.0
1248.0
736.0
1425.0
145.0
766.0
393.0
271.0
455.0
697.0
992.0
404.0
80.0
323.0
540.0
279.0
150.0
500.0
188.0
358.0
110.0
402.0
209.0
885.0
1462.0
591.0
388.0
1163.0
435.0
306.0
949.0
5268.0
5996.0
173.0
240.0
1956.0
107.0
82.0
249.0
231.0
349.0
782.0
390.0
360.0
192.0
270.0
205.0
161.0
849.0
375.0
932.0
1326.0
737.0
1447.0
152.0
775.0
386.0
275.0
476.0
676.0
1049.0
408.0
77.0
321.0
562.0
291.0
149.0
502.0
192.0
358.0
111.0
412.0
195.0
875.0
1531.0
649.0
386.0
1210.0
450.0
321.0
903.0
5551.0
5799.0
177.0
231.0
1947.0
104.0
87.0
246.0
241.0
342.0
807.0
399.0
342.0
191.0
266.0
200.0
168.0
784.0
372.0
892.0
1322.0
767.0
1436.0
146.0
758.0
373.0
280.0
462.0
664.0
1056.0
409.0
79.0
332.0
570.0
302.0
146.0
514.0
188.0
346.0
114.0
396.0
197.0
857.0
1490.0
606.0
372.0
1238.0
465.0
322.0
907.0
5207.0
5771.0
170.0
223.0
1923.0
106.0
85.0
252.0
234.0
331.0
782.0
395.0
334.0
191.0
281.0
205.0
172.0
846.0
398.0
955.0
1314.0
741.0
1506.0
149.0
745.0
381.0
268.0
465.0
675.0
1043.0
438.0
77.0
325.0
554.0
301.0
144.0
502.0
189.0
364.0
114.0
402.0
205.0
891.0
1540.0
630.0
386.0
1170.0
439.0
329.0
911.0
5493.0
5568.0
166.0
236.0
1933.0
105.0
83.0
248.0
240.0
343.0
807.0
391.0
360.0
184.0
276.0
204.0
165.0
804.0
377.0
958.0
1271.0
770.0
1433.0
151.0
810.0
369.0
272.0
467.0
702.0
986.0
433.0
79.0
345.0
557.0
281.0
144.0
503.0
189.0
362.0
118.0
430.0
204.0
919.0
1402.0
611.0
357.0
1232.0
451.0
320.0
956.0
5110.0
5862.0
176.0
236.0
1952.0
107.0
81.0
259.0
245.0
342.0
783.0
390.0
363.0
194.0
264.0
200.0
167.0
852.0
389.0
945.0
1273.0
729.0
1420.0
150.0
781.0
372.0
284.0
468.0
678.0
1016.0
411.0
81.0
324.0
577.0
296.0
141.0
504.0
182.0
358.0
116.0
413.0
203.0
870.0
1418.0
600.0
368.0
1189.0
440.0
324.0
926.0
5462.0
5778.0
170.0
232.0
1919.0
108.0
88.0
252.0
237.0
336.0
767.0
405.0
342.0
190.0
277.0
200.0
170.0
849.0
390.0
930.0
1243.0
753.0
1524.0
150.0
773.0
383.0
278.0
463.0
696.0
1011.0
411.0
81.0
317.0
549.0
303.0
147.0
499.0
181.0
344.0
113.0
397.0
209.0
886.0
1539.0
593.0
353.0
1221.0
440.0
331.0
931.0
5086.0
5586.0
165.0
237.0
1959.0
106.0
85.0
261.0
249.0
345.0
760.0
394.0
347.0
189.0
275.0
201.0
171.0
853.0
388.0
945.0
1330.0
751.0
1519.0
144.0
770.0
385.0
273.0
454.0
698.0
1065.0
419.0
77.0
343.0
556.0
279.0
140.0
512.0
185.0
368.0
114.0
422.0
202.0
867.0
1495.0
612.0
363.0
1206.0
433.0
323.0
920.0
5437.0
5985.0
167.0
233.0
1861.0
102.0
83.0
248.0
245.0
340.0
766.0
371.0
363.0
191.0
286.0
203.0
172.0
826.0
377.0
907.0
1253.0
760.0
1445.0
152.0
776.0
384.0
280.0
474.0
662.0
1060.0
420.0
78.0
330.0
587.0
289.0
143.0
504.0
184.0
369.0
120.0
394.0
205.0
885.0
1447.0
615.0
384.0
1214.0
446.0
327.0
950.0
5092.0
5822.0
165.0
230.0
1968.0
104.0
86.0
251.0
230.0
340.0
781.0
371.0
336.0
185.0
267.0
200.0
173.0
776.0
386.0
913.0
1215.0
734.0
1426.0
149.0
763.0
372.0
282.0
477.0
685.0
1045.0
408.0
77.0
320.0
572.0
285.0
148.0
517.0
183.0
356.0
117.0
422.0
205.0
900.0
1478.0
591.0
360.0
1148.0
443.0
313.0
973.0
5215.0
5656.0
171.0
226.0
1832.0
109.0
86.0
245.0
235.0
344.0
804.0
383.0
347.0
193.0
261.0
202.0
164.0
827.0
366.0
883.0
1275.0
753.0
1431.0
153.0
770.0
382.0
276.0
477.0
675.0
1009.0
437.0
81.0
331.0
570.0
288.0
149.0
509.0
185.0
349.0
114.0
411.0
199.0
919.0
1509.0
592.0
384.0
1210.0
438.0
326.0
933.0
5351.0
6001.0
173.0
230.0
1865.0
106.0
87.0
243.0
228.0
358.0
803.0
373.0
350.0
193.0
279.0
200.0
158.0
772.0
394.0
917.0
1324.0
729.0
1436.0
148.0
801.0
377.0
276.0
464.0
683.0
1020.0
404.0
81.0
323.0
571.0
278.0
146.0
506.0
186.0
359.0
117.0
431.0
201.0
915.0
1428.0
600.0
389.0
1172.0
447.0
314.0
904.0
5557.0
5728.0
167.0
223.0
1945.0
101.0
85.0
250.0
239.0
340.0
781.0
375.0
359.0
186.0
274.0
202.0
166.0
816.0
384.0
954.0
1247.0
756.0
1488.0
152.0
771.0
382.0
278.0
463.0
679.0
981.0
404.0
78.0
317.0
551.0
292.0
143.0
493.0
191.0
368.0
116.0
429.0
198.0
866.0
1441.0
609.0
378.0
1220.0
436.0
316.0
893.0
5137.0
5713.0
167.0
228.0
1898.0
105.0
84.0
250.0
248.0
348.0
768.0
395.0
362.0
189.0
278.0
197.0
160.0
838.0
376.0
957.0
1256.0
749.0
1467.0
148.0
784.0
380.0
285.0
451.0
659.0
1047.0
423.0
80.0
333.0
554.0
293.0
147.0
492.0
185.0
358.0
115.0
409.0
199.0
865.0
1485.0
623.0
387.0
1179.0
435.0
313.0
970.0
5468.0
5722.0
170.0
226.0
1847.0
107.0
86.0
254.0
244.0
351.0
763.0
405.0
346.0
186.0
270.0
205.0
167.0
788.0
385.0
880.0
1307.0
772.0
1453.0
152.0
806.0
386.0
272.0
466.0
683.0
1025.0
423.0
77.0
325.0
566.0
288.0
150.0
522.0
183.0
352.0
114.0
417.0
208.0
850.0
1442.0
606.0
382.0
1165.0
448.0
331.0
902.0
5333.0
5878.0
171.0
219.0
1996.0
105.0
83.0
249.0
241.0
347.0
797.0
408.0
343.0
189.0
269.0
195.0
161.0
798.0
394.0
957.0
1233.0
733.0
1446.0
148.0
774.0
390.0
270.0
455.0
668.0
1063.0
407.0
81.0
317.0
576.0
283.0
142.0
505.0
182.0
363.0
119.0
412.0
210.0
867.0
1525.0
641.0
367.0
1178.0
425.0
322.0
949.0
5227.0
5655.0
165.0
220.0
1831.0
103.0
83.0
258.0
237.0
351.0
763.0
404.0
356.0
195.0
277.0
202.0
166.0
779.0
393.0
948.0
1310.0
743.0
1508.0
148.0
761.0
377.0
271.0
468.0
667.0
1063.0
418.0
82.0
344.0
555.0
282.0
150.0
511.0
184.0
345.0
114.0
393.0
207.0
908.0
1541.0
606.0
355.0
1147.0
440.0
311.0
966.0
5569.0
5654.0
174.0
226.0
1930.0
107.0
84.0
242.0
247.0
335.0
794.0
390.0
348.0
188.0
267.0
202.0
170.0
777.0
389.0
928.0
1227.0
763.0
1418.0
152.0
765.0
375.0
267.0
459.0
696.0
1046.0
405.0
80.0
325.0
573.0
303.0
139.0
492.0
182.0
371.0
117.0
400.0
203.0
890.0
1506.0
607.0
368.0
1158.0
437.0
318.0
942.0
5572.0
5861.0
176.0
222.0
1824.0
106.0
85.0
256.0
245.0
348.0
784.0
394.0
343.0
196.0
269.0
201.0
168.0
833.0
386.0
936.0
1235.0
758.0
1420.0
143.0
773.0
382.0
278.0
465.0
660.0
1007.0
396.0
79.0
323.0
579.0
285.0
143.0
516.0
184.0
364.0
118.0
430.0
211.0
853.0
1425.0
622.0
361.0
1186.0
445.0
314.0
929.0
5081.0
6034.0
170.0
222.0
1866.0
105.0
83.0
246.0
241.0
351.0
785.0
376.0
341.0
183.0
278.0
198.0
173.0
795.0
390.0
924.0
1318.0
763.0
1505.0
146.0
771.0
382.0
268.0
474.0
689.0
1006.0
424.0
81.0
344.0
585.0
287.0
144.0
505.0
186.0
365.0
120.0
426.0
204.0
883.0
1466.0
647.0
373.0
1192.0
441.0
327.0
962.0
5474.0
5673.0
170.0
234.0
1841.0
109.0
84.0
244.0
237.0
345.0
826.0
376.0
349.0
182.0
264.0
203.0
170.0
832.0
378.0
892.0
1325.0
759.0
1497.0
150.0
760.0
373.0
284.0
456.0
668.0
1054.0
417.0
80.0
344.0
579.0
283.0
145.0
531.0
193.0
356.0
113.0
396.0
196.0
860.0
1467.0
607.0
371.0
1181.0
431.0
324.0
980.0
5364.0
6166.0
171.0
228.0
1853.0
106.0
84.0
253.0
248.0
358.0
787.0
398.0
346.0
187.0
283.0
206.0
168.0
851.0
388.0
897.0
1315.0
736.0
1489.0
150.0
805.0
372.0
274.0
456.0
672.0
1044.0
413.0
80.0
319.0
557.0
298.0
147.0
507.0
190.0
363.0
116.0
413.0
202.0
893.0
1459.0
595.0
368.0
1198.0
427.0
318.0
949.0
5429.0
5992.0
168.0
233.0
1967.0
108.0
85.0
245.0
234.0
349.0
816.0
394.0
359.0
187.0
282.0
199.0
172.0
794.0
388.0
901.0
1273.0
731.0
1441.0
151.0
785.0
383.0
279.0
468.0
700.0
996.0
412.0
75.0
316.0
567.0
276.0
143.0
497.0
181.0
354.0
116.0
422.0
208.0
922.0
1465.0
625.0
386.0
1186.0
458.0
316.0
922.0
5441.0
5839.0
175.0
230.0
1910.0
105.0
84.0
260.0
233.0
352.0
797.0
381.0
335.0
192.0
261.0
206.0
167.0
800.0
377.0
907.0
1284.0
721.0
1466.0
149.0
799.0
387.0
274.0
447.0
668.0
996.0
408.0
78.0
325.0
585.0
289.0
142.0
503.0
177.0
352.0
116.0
399.0
209.0
848.0
1419.0
596.0
387.0
1155.0
438.0
322.0
927.0
5456.0
5878.0
168.0
222.0
1968.0
101.0
88.0
257.0
247.0
340.0
786.0
405.0
354.0
197.0
263.0
207.0
161.0
839.0
388.0
921.0
1289.0
742.0
1461.0
149.0
775.0
392.0
274.0
461.0
655.0
973.0
420.0
81.0
339.0
541.0
277.0
140.0
507.0
192.0
365.0
113.0
403.0
205.0
877.0
1434.0
613.0
386.0
1154.0
434.0
327.0
895.0
5581.0
6036.0
176.0
224.0
1849.0
108.0
85.0
255.0
230.0
346.0
789.0
370.0
339.0
193.0
269.0
194.0
162.0
781.0
370.0
931.0
1308.0
725.0
1511.0
143.0
799.0
376.0
272.0
450.0
678.0
1026.0
403.0
78.0
333.0
561.0
282.0
147.0
501.0
189.0
345.0
115.0
420.0
211.0
914.0
1501.0
610.0
382.0
1187.0
437.0
315.0
933.0
5356.0
6067.0
174.0
231.0
1975.0
104.0
82.0
252.0
250.0
344.0
798.0
395.0
344.0
185.0
266.0
205.0
173.0
816.0
384.0
901.0
1283.0
717.0
1486.0
152.0
762.0
388.0
284.0
464.0
661.0
1053.0
409.0
80.0
327.0
567.0
290.0
144.0
500.0
191.0
366.0
120.0
393.0
210.0
864.0
1494.0
622.0
357.0
1179.0
449.0
314.0
943.0
5363.0
6004.0
170.0
227.0
1849.0
104.0
84.0
259.0
250.0
361.0
799.0
400.0
345.0
182.0
267.0
203.0
170.0
805.0
376.0
945.0
1317.0
154.0
170.0
159.0
153.0
227.0
161.0
162.0
161.0
252.0
143.0
166.0
146.0
152.0
157.0
149.0
152.0
158.0
166.0
308.0
158.0
164.0
141.0
149.0
150.0
160.0
158.0
280.0
271.0
163.0
154.0
150.0
140.0
160.0
166.0
168.0
150.0
258.0
169.0
289.0
144.0
276.0
328.0
300.0
309.0
273.0
430.0
316.0
268.0
433.0
158.0
163.0
166.0
152.0
159.0
208.0
143.0
147.0
144.0
322.0
151.0
165.0
166.0
171.0
162.0
158.0
172.0
152.0
142.0
271.0
149.0
148.0
163.0
152.0
136.0
150.0
155.0
288.0
288.0
150.0
143.0
158.0
152.0
162.0
146.0
164.0
162.0
290.0
150.0
264.0
144.0
311.0
293.0
262.0
299.0
260.0
418.0
298.0
268.0
442.0
165.0
168.0
174.0
156.0
162.0
231.0
153.0
144.0
156.0
274.0
168.0
144.0
150.0
140.0
149.0
161.0
172.0
152.0
152.0
266.0
156.0
158.0
156.0
149.0
146.0
138.0
160.0
282.0
312.0
158.0
151.0
140.0
158.0
144.0
151.0
138.0
137.0
297.0
154.0
328.0
167.0
319.0
333.0
298.0
285.0
328.0
456.0
265.0
296.0
457.0
170.0
173.0
160.0
154.0
138.0
242.0
168.0
146.0
146.0
314.0
155.0
151.0
170.0
162.0
148.0
154.0
152.0
164.0
150.0
310.0
147.0
162.0
138.0
150.0
150.0
141.0
136.0
280.0
257.0
152.0
142.0
150.0
132.0
172.0
154.0
166.0
144.0
310.0
162.0
284.0
166.0
328.0
312.0
292.0
288.0
282.0
412.0
289.0
303.0
406.0
148.0
152.0
168.0
150.0
156.0
222.0
166.0
156.0
160.0
318.0
144.0
136.0
154.0
165.0
148.0
176.0
158.0
150.0
152.0
307.0
152.0
140.0
159.0
154.0
154.0
149.0
165.0
294.0
284.0
151.0
148.0
160.0
162.0
164.0
150.0
166.0
148.0
301.0
147.0
265.0
158.0
285.0
284.0
280.0
251.0
321.0
420.0
288.0
292.0
436.0
147.0
158.0
166.0
154.0
150.0
217.0
158.0
157.0
156.0
313.0
158.0
164.0
143.0
148.0
161.0
145.0
150.0
165.0
145.0
306.0
144.0
166.0
150.0
151.0
158.0
140.0
151.0
262.0
286.0
142.0
140.0
174.0
152.0
156.0
150.0
144.0
144.0
258.0
158.0
274.0
160.0
270.0
268.0
286.0
260.0
252.0
398.0
308.0
280.0
381.0
158.0
154.0
162.0
152.0
156.0
245.0
139.0
160.0
160.0
288.0
144.0
160.0
151.0
139.0
152.0
134.0
156.0
142.0
150.0
302.0
144.0
150.0
151.0
142.0
169.0
154.0
149.0
262.0
317.0
139.0
160.0
160.0
154.0
147.0
144.0
154.0
151.0
272.0
169.0
263.0
156.0
276.0
283.0
294.0
312.0
326.0
404.0
285.0
264.0
398.0
165.0
172.0
148.0
156.0
150.0
238.0
146.0
152.0
152.0
268.0
139.0
154.0
152.0
162.0
138.0
153.0
164.0
142.0
156.0
292.0
164.0
158.0
150.0
155.0
164.0
127.0
140.0
304.0
283.0
140.0
162.0
138.0
163.0
140.0
168.0
144.0
152.0
300.0
158.0
302.0
156.0
260.0
276.0
316.0
264.0
312.0
466.0
272.0
276.0
412.0
167.0
158.0
163.0
162.0
162.0
210.0
153.0
164.0
146.0
294.0
172.0
164.0
160.0
153.0
142.0
160.0
160.0
145.0
153.0
298.0
140.0
167.0
150.0
156.0
137.0
142.0
154.0
292.0
265.0
164.0
150.0
132.0
152.0
142.0
152.0
152.0
136.0
263.0
166.0
280.0
166.0
325.0
304.0
258.0
272.0
284.0
433.0
270.0
282.0
446.0
164.0
152.0
170.0
144.0
160.0
232.0
153.0
151.0
152.0
310.0
152.0
164.0
148.0
144.0
150.0
168.0
150.0
159.0
153.0
293.0
158.0
167.0
150.0
144.0
144.0
129.0
157.0
256.0
306.0
162.0
159.0
172.0
150.0
148.0
152.0
150.0
164.0
294.0
158.0
260.0
156.0
283.0
258.0
270.0
267.0
298.0
377.0
303.0
272.0
488.0
136.0
140.0
152.0
160.0
164.0
222.0
154.0
150.0
168.0
311.0
164.0
164.0
165.0
147.0
138.0
160.0
150.0
153.0
166.0
288.0
140.0
142.0
147.0
144.0
135.0
145.0
158.0
301.0
303.0
144.0
176.0
146.0
155.0
160.0
148.0
147.0
166.0
299.0
142.0
270.0
160.0
314.0
292.0
281.0
306.0
290.0
402.0
305.0
290.0
428.0
148.0
147.0
162.0
137.0
140.0
229.0
158.0
164.0
163.0
290.0
156.0
140.0
149.0
160.0
134.0
160.0
150.0
159.0
166.0
288.0
144.0
161.0
152.0
140.0
140.0
131.0
170.0
266.0
316.0
162.0
153.0
154.0
140.0
151.0
152.0
150.0
131.0
277.0
152.0
290.0
153.0
284.0
312.0
270.0
284.0
308.0
384.0
302.0
290.0
434.0
164.0
162.0
169.0
154.0
155.0
215.0
166.0
154.0
152.0
290.0
148.0
149.0
169.0
154.0
149.0
164.0
140.0
146.0
164.0
316.0
166.0
141.0
151.0
148.0
163.0
141.0
138.0
291.0
264.0
141.0
162.0
145.0
150.0
156.0
158.0
142.0
155.0
252.0
148.0
278.0
164.0
296.0
256.0
295.0
308.0
308.0
401.0
315.0
292.0
478.0
171.0
168.0
158.0
162.0
134.0
230.0
168.0
156.0
170.0
318.0
153.0
149.0
161.0
165.0
154.0
154.0
169.0
150.0
141.0
287.0
158.0
140.0
154.0
150.0
148.0
130.0
159.0
290.0
294.0
156.0
159.0
150.0
148.0
162.0
142.0
152.0
150.0
291.0
144.0
252.0
170.0
288.0
276.0
322.0
286.0
271.0
402.0
276.0
304.0
402.0
151.0
174.0
156.0
133.0
145.0
216.0
156.0
148.0
166.0
298.0
150.0
160.0
134.0
150.0
164.0
144.0
156.0
160.0
142.0
256.0
153.0
145.0
164.0
152.0
146.0
134.0
166.0
261.0
280.0
150.0
158.0
153.0
156.0
146.0
150.0
142.0
157.0
326.0
150.0
274.0
154.0
293.0
268.0
308.0
312.0
292.0
412.0
276.0
267.0
461.0
150.0
170.0
157.0
164.0
161.0
214.0
160.0
154.0
146.0
301.0
152.0
172.0
158.0
143.0
146.0
152.0
144.0
140.0
159.0
256.0
151.0
156.0
148.0
150.0
146.0
142.0
172.0
276.0
318.0
164.0
156.0
146.0
154.0
164.0
173.0
144.0
150.0
272.0
138.0
306.0
168.0
272.0
329.0
282.0
261.0
257.0
410.0
314.0
260.0
458.0
142.0
146.0
157.0
165.0
155.0
224.0
168.0
151.0
168.0
324.0
164.0
160.0
162.0
161.0
161.0
158.0
150.0
147.0
164.0
266.0
138.0
136.0
175.0
158.0
153.0
144.0
164.0
304.0
302.0
140.0
158.0
166.0
148.0
156.0
148.0
152.0
158.0
311.0
174.0
313.0
152.0
264.0
288.0
309.0
254.0
264.0
368.0
294.0
295.0
408.0
150.0
140.0
151.0
148.0
144.0
232.0
151.0
142.0
144.0
291.0
159.0
158.0
150.0
171.0
156.0
133.0
156.0
162.0
139.0
262.0
164.0
156.0
134.0
152.0
154.0
136.0
158.0
286.0
318.0
170.0
147.0
132.0
148.0
160.0
144.0
144.0
160.0
270.0
162.0
320.0
157.0
284.0
314.0
306.0
268.0
284.0
473.0
272.0
280.0
449.0
146.0
166.0
152.0
155.0
157.0
224.0
162.0
148.0
159.0
301.0
157.0
152.0
158.0
160.0
164.0
149.0
152.0
156.0
152.0
306.0
148.0
168.0
173.0
134.0
148.0
136.0
136.0
293.0
298.0
148.0
136.0
149.0
148.0
157.0
164.0
149.0
150.0
328.0
151.0
270.0
144.0
276.0
285.0
300.0
281.0
278.0
426.0
299.0
329.0
400.0
148.0
160.0
178.0
160.0
172.0
247.0
138.0
162.0
152.0
258.0
144.0
166.0
164.0
156.0
151.0
166.0
151.0
161.0
167.0
284.0
161.0
156.0
164.0
162.0
156.0
149.0
158.0
270.0
307.0
174.0
148.0
153.0
154.0
160.0
142.0
162.0
148.0
308.0
168.0
279.0
160.0
316.0
282.0
280.0
314.0
316.0
403.0
292.0
291.0
418.0
142.0
153.0
164.0
154.0
151.0
211.0
166.0
168.0
160.0
314.0
166.0
152.0
133.0
154.0
156.0
158.0
160.0
150.0
150.0
313.0
143.0
165.0
160.0
154.0
169.0
138.0
152.0
296.0
332.0
163.0
165.0
158.0
154.0
166.0
164.0
143.0
173.0
286.0
151.0
290.0
166.0
302.0
316.0
278.0
306.0
266.0
476.0
260.0
266.0
431.0
152.0
152.0
171.0
136.0
145.0
220.0
158.0
154.0
166.0
254.0
162.0
162.0
160.0
163.0
151.0
154.0
156.0
148.0
150.0
302.0
136.0
168.0
148.0
156.0
164.0
128.0
153.0
260.0
285.0
142.0
146.0
148.0
148.0
152.0
134.0
144.0
146.0
266.0
144.0
279.0
165.0
265.0
288.0
315.0
297.0
314.0
414.0
275.0
295.0
442.0
134.0
160.0
160.0
150.0
152.0
226.0
155.0
149.0
144.0
311.0
170.0
159.0
138.0
142.0
170.0
148.0
155.0
160.0
166.0
271.0
165.0
160.0
158.0
140.0
172.0
139.0
145.0
296.0
290.0
157.0
172.0
151.0
155.0
174.0
137.0
154.0
156.0
291.0
166.0
296.0
154.0
278.0
268.0
300.0
271.0
316.0
409.0
272.0
305.0
469.0
158.0
147.0
151.0
152.0
166.0
220.0
144.0
150.0
168.0
292.0
164.0
161.0
158.0
154.0
154.0
134.0
141.0
158.0
161.0
258.0
150.0
172.0
160.0
155.0
141.0
149.0
162.0
308.0
280.0
162.0
154.0
164.0
156.0
149.0
158.0
132.0
151.0
292.0
164.0
278.0
142.0
265.0
316.0
309.0
256.0
292.0
450.0
266.0
257.0
416.0
144.0
160.0
172.0
150.0
162.0
218.0
167.0
148.0
154.0
282.0
140.0
152.0
165.0
148.0
152.0
148.0
151.0
154.0
170.0
297.0
168.0
158.0
152.0
166.0
156.0
152.0
136.0
279.0
274.0
151.0
160.0
137.0
169.0
147.0
149.0
158.0
150.0
259.0
162.0
302.0
155.0
326.0
254.0
313.0
293.0
306.0
460.0
266.0
266.0
417.0
153.0
162.0
162.0
163.0
170.0
248.0
154.0
149.0
163.0
308.0
150.0
146.0
158.0
138.0
150.0
139.0
157.0
150.0
162.0
266.0
148.0
174.0
169.0
152.0
144.0
152.0
152.0
311.0
271.0
150.0
165.0
156.0
151.0
146.0
148.0
140.0
155.0
271.0
170.0
312.0
144.0
279.0
296.0
292.0
322.0
292.0
424.0
250.0
302.0
451.0
148.0
148.0
144.0
158.0
164.0
227.0
155.0
168.0
154.0
264.0
164.0
165.0
162.0
160.0
148.0
152.0
158.0
136.0
136.0
294.0
154.0
149.0
152.0
150.0
150.0
127.0
160.0
254.0
320.0
163.0
152.0
172.0
154.0
142.0
171.0
152.0
160.0
296.0
152.0
298.0
160.0
304.0
291.0
264.0
278.0
294.0
406.0
290.0
260.0
400.0
146.0
147.0
154.0
170.0
168.0
215.0
158.0
164.0
165.0
294.0
156.0
138.0
156.0
147.0
152.0
140.0
156.0
152.0
152.0
308.0
150.0
166.0
166.0
165.0
140.0
152.0
174.0
282.0
281.0
156.0
154.0
154.0
160.0
158.0
153.0
165.0
172.0
319.0
162.0
326.0
138.0
276.0
308.0
286.0
312.0
279.0
452.0
292.0
298.0
434.0
157.0
168.0
143.0
144.0
152.0
228.0
166.0
144.0
160.0
296.0
152.0
152.0
158.0
158.0
154.0
159.0
173.0
170.0
142.0
292.0
146.0
173.0
159.0
132.0
154.0
153.0
153.0
260.0
265.0
144.0
150.0
155.0
150.0
140.0
174.0
152.0
164.0
272.0
156.0
280.0
153.0
324.0
248.0
320.0
310.0
296.0
427.0
268.0
254.0
436.0
152.0
167.0
169.0
142.0
159.0
236.0
154.0
154.0
154.0
256.0
167.0
156.0
142.0
174.0
135.0
150.0
148.0
156.0
164.0
259.0
152.0
152.0
138.0
143.0
152.0
147.0
152.0
292.0
291.0
158.0
166.0
152.0
146.0
166.0
152.0
162.0
138.0
292.0
158.0
280.0
141.0
269.0
279.0
294.0
269.0
258.0
422.0
276.0
282.0
462.0
148.0
