I_BRKGA_111_3_10_2_CESP
111 3 10 494.0
34437.5
35669.5
34902.5
29456.5
34460.5
32023.5
32613.5
34419.5
30695.5
29881.5
0.10445425788413905
0.09952901975999455
0.11470733000041437
0.08119970409301665
0.11136509895596579
0.08361884989221176
0.11952079413729991
0.0978545003132186
0.10942583200234805
0.07832461296139126
123.0
114.0
118.0
5105.0
35.0
2516.0
475.0
1267.0
33.0
511.0
115.0
180.0
47.0
329.0
252.0
394.0
57.0
317.0
508.0
282.0
75.0
248.0
77.0
273.0
29.0
352.0
156.0
799.0
1301.0
599.0
362.0
1186.0
287.0
152.0
874.0
5256.0
5863.0
125.0
172.0
331.0
49.0
28.0
192.0
225.0
177.0
506.0
344.0
73.0
67.0
25.0
123.0
31.0
20.0
172.0
819.0
50.0
124.0
63.0
43.0
155.0
140.0
70.0
167.0
143.0
779.0
36.0
20.0
25.0
30.0
8.0
70.0
265.0
104.0
67.0
84.0
57.0
39.0
86.0
140.0
46.0
26.0
54.0
149.0
168.0
111.0
87.0
129.0
44.0
63.0
1541.0
56.0
55.0
65.0
24.0
161.0
279.0
33.0
269.0
129.0
252.0
78.0
135.0
812.0
207.0
65.0
1172.0
130.0
120.0
68.0
86.0
115.0
18.0
272.0
188.0
503.0
1259.0
33.0
517.0
119.0
182.0
48.0
325.0
252.0
387.0
57.0
309.0
535.0
293.0
72.0
248.0
77.0
293.0
28.0
352.0
173.0
789.0
1328.0
599.0
354.0
1190.0
292.0
155.0
873.0
5061.0
5697.0
131.0
164.0
328.0
50.0
29.0
176.0
213.0
194.0
503.0
368.0
74.0
62.0
25.0
119.0
31.0
20.0
173.0
860.0
52.0
131.0
63.0
42.0
156.0
144.0
72.0
160.0
141.0
748.0
35.0
20.0
25.0
31.0
8.0
71.0
267.0
107.0
71.0
87.0
56.0
38.0
83.0
154.0
45.0
27.0
54.0
157.0
160.0
107.0
81.0
130.0
46.0
65.0
1584.0
56.0
57.0
66.0
24.0
165.0
287.0
31.0
281.0
130.0
252.0
76.0
138.0
754.0
225.0
68.0
1242.0
126.0
115.0
72.0
92.0
115.0
19.0
263.0
196.0
495.0
1250.0
36.0
546.0
115.0
186.0
45.0
331.0
250.0
387.0
58.0
294.0
538.0
284.0
76.0
253.0
74.0
302.0
27.0
344.0
157.0
824.0
1335.0
573.0
349.0
1140.0
297.0
153.0
874.0
5449.0
5997.0
120.0
173.0
312.0
48.0
29.0
186.0
223.0
183.0
490.0
357.0
76.0
62.0
25.0
125.0
31.0
20.0
168.0
894.0
53.0
123.0
66.0
45.0
159.0
140.0
74.0
153.0
147.0
780.0
35.0
20.0
26.0
30.0
8.0
71.0
268.0
102.0
69.0
91.0
54.0
38.0
83.0
146.0
48.0
25.0
55.0
155.0
162.0
103.0
79.0
129.0
46.0
62.0
1603.0
56.0
54.0
65.0
25.0
163.0
272.0
33.0
279.0
120.0
235.0
81.0
132.0
799.0
214.0
71.0
1285.0
123.0
118.0
66.0
90.0
121.0
20.0
249.0
199.0
483.0
1311.0
33.0
518.0
112.0
189.0
45.0
332.0
262.0
400.0
57.0
300.0
545.0
281.0
72.0
250.0
81.0
301.0
27.0
347.0
160.0
830.0
1255.0
558.0
331.0
1106.0
287.0
146.0
831.0
5220.0
5919.0
131.0
164.0
331.0
48.0
27.0
187.0
204.0
177.0
489.0
352.0
76.0
61.0
25.0
122.0
33.0
20.0
168.0
902.0
53.0
124.0
64.0
45.0
162.0
155.0
74.0
153.0
140.0
744.0
35.0
21.0
26.0
31.0
8.0
75.0
277.0
107.0
74.0
88.0
57.0
40.0
81.0
141.0
46.0
26.0
56.0
151.0
170.0
107.0
82.0
132.0
47.0
63.0
1529.0
56.0
56.0
70.0
25.0
166.0
271.0
32.0
285.0
130.0
245.0
79.0
129.0
759.0
213.0
68.0
1192.0
132.0
126.0
71.0
92.0
119.0
20.0
263.0
192.0
490.0
1230.0
35.0
550.0
117.0
182.0
44.0
346.0
270.0
384.0
58.0
303.0
515.0
292.0
75.0
237.0
79.0
275.0
27.0
370.0
159.0
776.0
1306.0
601.0
339.0
1130.0
294.0
150.0
819.0
5510.0
5486.0
119.0
171.0
333.0
48.0
27.0
189.0
207.0
180.0
498.0
338.0
75.0
63.0
27.0
122.0
33.0
20.0
164.0
828.0
51.0
119.0
67.0
46.0
156.0
145.0
73.0
166.0
142.0
794.0
38.0
21.0
26.0
31.0
8.0
76.0
253.0
112.0
71.0
84.0
58.0
40.0
83.0
141.0
48.0
25.0
58.0
154.0
163.0
103.0
81.0
136.0
45.0
61.0
1551.0
58.0
54.0
71.0
25.0
157.0
289.0
30.0
270.0
117.0
248.0
76.0
137.0
797.0
212.0
71.0
1241.0
134.0
115.0
72.0
92.0
122.0
19.0
247.0
199.0
495.0
1336.0
33.0
526.0
109.0
174.0
47.0
345.0
252.0
401.0
59.0
302.0
524.0
289.0
73.0
237.0
77.0
297.0
29.0
351.0
167.0
831.0
1369.0
554.0
349.0
1190.0
301.0
147.0
799.0
5118.0
5971.0
130.0
159.0
335.0
49.0
27.0
189.0
224.0
188.0
497.0
350.0
72.0
64.0
27.0
127.0
32.0
20.0
162.0
884.0
48.0
129.0
61.0
45.0
156.0
145.0
70.0
155.0
148.0
729.0
38.0
21.0
24.0
31.0
8.0
69.0
268.0
105.0
73.0
86.0
58.0
38.0
89.0
154.0
45.0
25.0
54.0
164.0
169.0
104.0
85.0
131.0
46.0
62.0
1624.0
58.0
56.0
69.0
24.0
153.0
273.0
30.0
287.0
125.0
247.0
83.0
135.0
780.0
221.0
66.0
1236.0
134.0
124.0
72.0
86.0
116.0
19.0
247.0
193.0
498.0
1243.0
36.0
541.0
115.0
193.0
46.0
324.0
268.0
369.0
61.0
295.0
524.0
281.0
70.0
244.0
75.0
278.0
28.0
349.0
163.0
801.0
1324.0
567.0
348.0
1133.0
299.0
157.0
820.0
5320.0
5622.0
121.0
171.0
321.0
47.0
27.0
175.0
209.0
192.0
534.0
370.0
75.0
62.0
26.0
122.0
31.0
20.0
165.0
883.0
49.0
120.0
65.0
43.0
163.0
147.0
69.0
152.0
139.0
782.0
37.0
20.0
24.0
31.0
8.0
70.0
257.0
104.0
73.0
84.0
54.0
38.0
87.0
148.0
47.0
26.0
54.0
148.0
175.0
108.0
86.0
126.0
46.0
61.0
1554.0
56.0
55.0
65.0
26.0
163.0
274.0
32.0
285.0
119.0
254.0
83.0
133.0
789.0
220.0
70.0
1269.0
125.0
119.0
67.0
88.0
113.0
19.0
264.0
198.0
494.0
1256.0
35.0
530.0
114.0
176.0
47.0
329.0
258.0
395.0
61.0
310.0
557.0
279.0
70.0
230.0
82.0
294.0
28.0
356.0
159.0
762.0
1327.0
545.0
330.0
1114.0
297.0
156.0
818.0
5070.0
6006.0
128.0
167.0
317.0
50.0
27.0
192.0
221.0
191.0
499.0
358.0
75.0
65.0
27.0
126.0
32.0
20.0
173.0
902.0
53.0
131.0
64.0
45.0
153.0
142.0
70.0
164.0
151.0
753.0
38.0
20.0
25.0
30.0
8.0
72.0
258.0
106.0
73.0
84.0
57.0
41.0
83.0
143.0
46.0
25.0
56.0
160.0
158.0
110.0
83.0
135.0
47.0
61.0
1664.0
59.0
59.0
65.0
25.0
157.0
278.0
30.0
284.0
123.0
260.0
80.0
137.0
779.0
208.0
70.0
1160.0
123.0
120.0
73.0
86.0
112.0
19.0
251.0
196.0
483.0
1223.0
34.0
551.0
114.0
188.0
47.0
342.0
256.0
399.0
60.0
312.0
543.0
294.0
70.0
251.0
82.0
289.0
28.0
352.0
167.0
795.0
1345.0
590.0
359.0
1092.0
274.0
152.0
853.0
5134.0
5762.0
125.0
168.0
309.0
49.0
28.0
175.0
209.0
179.0
517.0
362.0
76.0
64.0
27.0
124.0
33.0
19.0
163.0
852.0
49.0
120.0
62.0
42.0
163.0
154.0
74.0
161.0
148.0
766.0
37.0
20.0
26.0
31.0
8.0
73.0
263.0
111.0
68.0
86.0
54.0
38.0
85.0
146.0
45.0
27.0
55.0
149.0
165.0
100.0
84.0
137.0
44.0
61.0
1576.0
59.0
55.0
64.0
26.0
153.0
287.0
32.0
275.0
118.0
242.0
81.0
128.0
777.0
223.0
66.0
1170.0
121.0
116.0
67.0
86.0
114.0
19.0
246.0
205.0
491.0
1232.0
33.0
514.0
114.0
192.0
46.0
345.0
265.0
372.0
57.0
320.0
553.0
288.0
73.0
250.0
81.0
283.0
27.0
354.0
164.0
776.0
1388.0
552.0
339.0
1081.0
275.0
153.0
827.0
5077.0
5799.0
121.0
163.0
304.0
47.0
28.0
178.0
211.0
182.0
498.0
344.0
73.0
67.0
25.0
118.0
33.0
20.0
170.0
838.0
52.0
127.0
63.0
44.0
157.0
151.0
69.0
157.0
152.0
757.0
37.0
21.0
24.0
30.0
8.0
73.0
268.0
106.0
68.0
84.0
58.0
40.0
84.0
151.0
45.0
27.0
54.0
164.0
165.0
105.0
83.0
126.0
44.0
63.0
1534.0
59.0
57.0
71.0
24.0
153.0
298.0
31.0
270.0
125.0
236.0
78.0
130.0
831.0
212.0
65.0
1225.0
134.0
125.0
73.0
88.0
120.0
20.0
266.0
191.0
174.0
200.0
133.0
135.0
390.0
154.0
157.0
144.0
157.0
143.0
156.0
138.0
144.0
154.0
177.0
137.0
144.0
133.0
424.0
154.0
140.0
140.0
173.0
163.0
167.0
150.0
134.0
425.0
161.0
133.0
146.0
162.0
135.0
160.0
142.0
154.0
163.0
132.0
152.0
166.0
157.0
175.0
147.0
136.0
152.0
393.0
174.0
150.0
399.0
140.0
154.0
140.0
159.0
135.0
153.0
149.0
131.0
166.0
393.0
175.0
169.0
164.0
150.0
146.0
146.0
138.0
141.0
162.0
144.0
152.0
145.0
131.0
162.0
132.0
148.0
160.0
385.0
170.0
159.0
171.0
176.0
175.0
156.0
167.0
167.0
168.0
450.0
172.0
380.0
139.0
454.0
387.0
387.0
480.0
408.0
489.0
374.0
456.0
490.0
160.0
139.0
145.0
144.0
161.0
165.0
132.0
175.0
148.0
201.0
183.0
166.0
142.0
402.0
137.0
174.0
131.0
155.0
176.0
173.0
146.0
165.0
152.0
142.0
152.0
176.0
173.0
484.0
159.0
156.0
163.0
167.0
140.0
157.0
173.0
146.0
403.0
155.0
131.0
171.0
155.0
150.0
145.0
151.0
165.0
132.0
170.0
159.0
131.0
140.0
134.0
167.0
136.0
138.0
367.0
150.0
137.0
413.0
171.0
159.0
141.0
150.0
166.0
169.0
131.0
172.0
145.0
446.0
160.0
142.0
165.0
171.0
144.0
142.0
169.0
157.0
163.0
139.0
137.0
155.0
137.0
143.0
145.0
119.0
174.0
476.0
172.0
164.0
154.0
131.0
154.0
173.0
147.0
148.0
152.0
422.0
148.0
414.0
143.0
489.0
395.0
483.0
418.0
422.0
400.0
490.0
412.0
403.0
161.0
151.0
138.0
177.0
171.0
160.0
150.0
172.0
175.0
192.0
179.0
140.0
163.0
408.0
139.0
162.0
141.0
151.0
149.0
156.0
138.0
153.0
132.0
136.0
156.0
163.0
163.0
468.0
149.0
161.0
167.0
148.0
138.0
154.0
171.0
136.0
458.0
131.0
161.0
170.0
157.0
156.0
160.0
170.0
162.0
174.0
164.0
162.0
153.0
149.0
175.0
134.0
142.0
135.0
412.0
149.0
162.0
421.0
156.0
141.0
169.0
145.0
147.0
157.0
168.0
156.0
132.0
401.0
137.0
152.0
162.0
162.0
174.0
156.0
150.0
172.0
177.0
131.0
142.0
169.0
143.0
138.0
142.0
127.0
173.0
392.0
146.0
169.0
151.0
175.0
138.0
158.0
169.0
144.0
161.0
382.0
173.0
449.0
139.0
419.0
428.0
446.0
431.0
370.0
388.0
437.0
382.0
405.0
169.0
172.0
145.0
166.0
176.0
143.0
135.0
159.0
165.0
157.0
169.0
166.0
137.0
428.0
172.0
158.0
162.0
159.0
157.0
137.0
163.0
136.0
147.0
153.0
169.0
143.0
146.0
367.0
156.0
157.0
136.0
141.0
171.0
140.0
158.0
134.0
398.0
141.0
172.0
138.0
155.0
167.0
167.0
137.0
157.0
137.0
132.0
145.0
161.0
152.0
133.0
172.0
112.0
130.0
389.0
173.0
171.0
451.0
154.0
158.0
135.0
135.0
165.0
144.0
137.0
155.0
171.0
485.0
172.0
172.0
150.0
131.0
164.0
157.0
150.0
132.0
171.0
141.0
176.0
155.0
169.0
156.0
140.0
127.0
142.0
411.0
164.0
172.0
176.0
173.0
147.0
173.0
166.0
161.0
140.0
366.0
131.0
439.0
175.0
393.0
454.0
489.0
481.0
397.0
460.0
407.0
473.0
480.0
151.0
164.0
169.0
140.0
131.0
156.0
133.0
159.0
147.0
197.0
167.0
172.0
173.0
424.0
142.0
171.0
137.0
131.0
158.0
146.0
132.0
166.0
156.0
141.0
149.0
143.0
168.0
408.0
174.0
172.0
152.0
133.0
169.0
160.0
153.0
168.0
465.0
151.0
152.0
136.0
160.0
169.0
152.0
132.0
171.0
150.0
146.0
150.0
153.0
165.0
160.0
172.0
148.0
157.0
392.0
168.0
159.0
404.0
169.0
160.0
156.0
154.0
162.0
139.0
163.0
149.0
157.0
459.0
135.0
131.0
136.0
145.0
164.0
141.0
130.0
154.0
144.0
132.0
153.0
175.0
156.0
157.0
165.0
131.0
140.0
482.0
141.0
175.0
164.0
157.0
164.0
163.0
155.0
142.0
150.0
442.0
162.0
417.0
141.0
466.0
438.0
389.0
413.0
475.0
418.0
436.0
455.0
482.0
172.0
133.0
145.0
168.0
157.0
168.0
167.0
152.0
161.0
183.0
180.0
135.0
163.0
487.0
142.0
168.0
152.0
150.0
146.0
161.0
142.0
140.0
133.0
153.0
133.0
152.0
138.0
369.0
161.0
149.0
141.0
163.0
148.0
138.0
175.0
155.0
371.0
162.0
135.0
138.0
159.0
157.0
152.0
160.0
137.0
137.0
134.0
143.0
155.0
173.0
156.0
142.0
142.0
135.0
374.0
158.0
167.0
404.0
175.0
148.0
150.0
174.0
141.0
162.0
157.0
146.0
130.0
420.0
169.0
170.0
146.0
144.0
143.0
164.0
131.0
139.0
137.0
137.0
164.0
171.0
145.0
161.0
160.0
118.0
138.0
420.0
158.0
146.0
134.0
157.0
155.0
167.0
158.0
142.0
132.0
394.0
137.0
406.0
151.0
481.0
474.0
456.0
419.0
407.0
426.0
466.0
424.0
378.0
136.0
154.0
146.0
144.0
171.0
132.0
153.0
154.0
137.0
154.0
156.0
131.0
152.0
483.0
134.0
136.0
172.0
168.0
162.0
173.0
160.0
177.0
157.0
168.0
134.0
172.0
149.0
484.0
155.0
134.0
143.0
170.0
168.0
171.0
166.0
154.0
415.0
143.0
140.0
133.0
168.0
160.0
136.0
143.0
149.0
136.0
176.0
157.0
166.0
165.0
165.0
163.0
122.0
165.0
471.0
177.0
155.0
442.0
147.0
144.0
144.0
170.0
136.0
149.0
135.0
145.0
147.0
379.0
147.0
169.0
135.0
166.0
161.0
144.0
146.0
157.0
143.0
162.0
162.0
131.0
146.0
148.0
145.0
131.0
172.0
486.0
166.0
156.0
132.0
132.0
148.0
165.0
174.0
157.0
169.0
450.0
133.0
463.0
173.0
483.0
403.0
469.0
425.0
370.0
443.0
458.0
391.0
433.0
142.0
130.0
163.0
151.0
142.0
161.0
172.0
153.0
174.0
169.0
207.0
148.0
140.0
472.0
149.0
171.0
171.0
152.0
133.0
170.0
162.0
149.0
156.0
135.0
165.0
149.0
159.0
401.0
165.0
166.0
135.0
150.0
143.0
175.0
152.0
150.0
447.0
147.0
139.0
157.0
144.0
146.0
174.0
151.0
149.0
148.0
135.0
138.0
164.0
171.0
153.0
174.0
148.0
134.0
451.0
172.0
135.0
395.0
161.0
138.0
146.0
168.0
132.0
153.0
172.0
138.0
144.0
420.0
175.0
164.0
142.0
168.0
137.0
163.0
172.0
143.0
152.0
148.0
173.0
143.0
140.0
161.0
153.0
152.0
152.0
460.0
168.0
164.0
160.0
171.0
154.0
139.0
160.0
136.0
165.0
421.0
137.0
442.0
138.0
401.0
493.0
462.0
378.0
454.0
494.0
445.0
481.0
410.0
170.0
135.0
165.0
155.0
177.0
158.0
140.0
163.0
172.0
195.0
183.0
168.0
142.0
373.0
167.0
173.0
173.0
146.0
149.0
166.0
158.0
164.0
168.0
157.0
160.0
159.0
172.0
456.0
151.0
145.0
156.0
154.0
144.0
170.0
135.0
140.0
449.0
169.0
147.0
162.0
141.0
153.0
152.0
152.0
155.0
146.0
159.0
154.0
140.0
169.0
164.0
139.0
114.0
136.0
420.0
131.0
173.0
370.0
158.0
160.0
142.0
148.0
134.0
145.0
175.0
147.0
169.0
373.0
156.0
139.0
137.0
170.0
137.0
151.0
132.0
157.0
156.0
142.0
163.0
133.0
151.0
133.0
164.0
117.0
161.0
473.0
165.0
173.0
170.0
170.0
133.0
131.0
133.0
141.0
132.0
432.0
137.0
396.0
134.0
462.0
465.0
453.0
398.0
490.0
463.0
490.0
422.0
487.0
170.0
172.0
132.0
135.0
135.0
136.0
161.0
175.0
161.0
189.0
196.0
155.0
144.0
380.0
172.0
156.0
152.0
151.0
151.0
151.0
145.0
148.0
141.0
132.0
130.0
172.0
160.0
483.0
152.0
148.0
159.0
163.0
142.0
140.0
130.0
172.0
405.0
176.0
176.0
157.0
148.0
166.0
175.0
153.0
130.0
172.0
144.0
151.0
170.0
143.0
153.0
149.0
151.0
141.0
469.0
153.0
150.0
406.0
153.0
139.0
175.0
159.0
133.0
167.0
172.0
155.0
138.0
471.0
160.0
131.0
140.0
161.0
138.0
172.0
165.0
141.0
146.0
143.0
131.0
172.0
140.0
173.0
155.0
114.0
153.0
418.0
142.0
158.0
163.0
171.0
138.0
141.0
135.0
153.0
167.0
397.0
177.0
474.0
138.0
487.0
371.0
415.0
473.0
396.0
383.0
480.0
467.0
413.0
147.0
136.0
145.0
150.0
143.0
177.0
130.0
172.0
136.0
