I_BRKGA_52_2_20_3_CESP
52 2 20 494.0
34107.5
31969.5
35762.5
33760.5
33768.5
34714.5
33799.5
33030.5
32886.5
31234.5
33837.5
31482.5
31435.5
33548.5
31998.5
32870.5
33975.5
34903.5
31670.5
34887.5
0.05324074516999715
0.040271859258751264
0.0529098893209138
0.041152566383065504
0.05494359032235118
0.042082807207305575
0.05743149879814405
0.04518122149923026
0.05042277980757401
0.04843928709281748
0.05685742735355291
0.0486334432725093
0.05111073973840207
0.04797152724710443
0.05028564929433126
0.04552518094464164
0.05057375719279188
0.04337055602536371
0.050700030693655
0.06889544337749764
110.0
126.0
7678.0
62.0
753.0
1446.0
143.0
766.0
387.0
276.0
469.0
672.0
973.0
426.0
80.0
330.0
568.0
276.0
147.0
525.0
192.0
352.0
118.0
408.0
207.0
928.0
1463.0
627.0
374.0
1224.0
436.0
327.0
943.0
5112.0
5892.0
165.0
230.0
1937.0
107.0
83.0
249.0
228.0
350.0
764.0
403.0
359.0
183.0
281.0
210.0
169.0
802.0
377.0
893.0
1297.0
748.0
1479.0
149.0
792.0
374.0
277.0
472.0
655.0
1065.0
417.0
79.0
322.0
577.0
299.0
148.0
512.0
189.0
356.0
117.0
403.0
211.0
897.0
1451.0
606.0
358.0
1189.0
438.0
303.0
911.0
5284.0
5862.0
170.0
235.0
1913.0
104.0
82.0
242.0
233.0
350.0
799.0
375.0
346.0
193.0
284.0
204.0
169.0
798.0
387.0
907.0
1318.0
762.0
1414.0
148.0
767.0
377.0
281.0
466.0
667.0
1043.0
405.0
82.0
342.0
537.0
302.0
149.0
503.0
182.0
363.0
117.0
409.0
200.0
908.0
1534.0
636.0
382.0
1216.0
444.0
310.0
957.0
5523.0
6154.0
178.0
233.0
1934.0
102.0
86.0
248.0
237.0
343.0
801.0
374.0
344.0
179.0
272.0
209.0
161.0
818.0
387.0
918.0
1329.0
730.0
1506.0
150.0
802.0
370.0
281.0
472.0
668.0
1021.0
419.0
79.0
320.0
565.0
297.0
149.0
500.0
187.0
372.0
114.0
396.0
209.0
896.0
1446.0
591.0
390.0
1199.0
452.0
333.0
972.0
5535.0
5689.0
170.0
228.0
1905.0
103.0
84.0
242.0
251.0
345.0
781.0
406.0
345.0
190.0
283.0
194.0
161.0
772.0
376.0
926.0
1275.0
758.0
1530.0
150.0
745.0
388.0
275.0
464.0
703.0
987.0
430.0
81.0
326.0
589.0
299.0
140.0
495.0
179.0
361.0
113.0
424.0
196.0
910.0
1518.0
630.0
388.0
1177.0
436.0
311.0
903.0
5559.0
5968.0
165.0
228.0
1971.0
107.0
87.0
247.0
239.0
343.0
770.0
372.0
336.0
181.0
286.0
194.0
159.0
809.0
381.0
936.0
1336.0
727.0
1516.0
146.0
784.0
383.0
280.0
453.0
700.0
1017.0
423.0
77.0
320.0
567.0
276.0
143.0
518.0
192.0
367.0
120.0
430.0
199.0
897.0
1480.0
600.0
382.0
1221.0
451.0
328.0
961.0
5525.0
6095.0
169.0
227.0
1955.0
105.0
86.0
248.0
229.0
344.0
816.0
381.0
364.0
195.0
274.0
200.0
167.0
809.0
379.0
934.0
1289.0
763.0
1469.0
150.0
777.0
375.0
265.0
460.0
699.0
1000.0
406.0
79.0
332.0
547.0
286.0
146.0
493.0
185.0
356.0
119.0
407.0
212.0
856.0
1490.0
599.0
367.0
1232.0
436.0
324.0
906.0
5404.0
6160.0
178.0
234.0
1827.0
105.0
85.0
254.0
240.0
332.0
829.0
406.0
342.0
186.0
282.0
193.0
168.0
836.0
384.0
968.0
1289.0
769.0
1451.0
150.0
804.0
374.0
282.0
465.0
667.0
992.0
416.0
80.0
326.0
557.0
284.0
147.0
495.0
188.0
361.0
114.0
394.0
209.0
878.0
1510.0
642.0
359.0
1196.0
452.0
322.0
899.0
5199.0
5721.0
170.0
234.0
1929.0
109.0
81.0
250.0
248.0
345.0
782.0
385.0
358.0
189.0
275.0
194.0
158.0
845.0
395.0
958.0
1276.0
759.0
1448.0
148.0
761.0
368.0
271.0
464.0
671.0
1011.0
415.0
78.0
342.0
573.0
295.0
145.0
502.0
185.0
350.0
119.0
408.0
206.0
865.0
1453.0
595.0
388.0
1213.0
447.0
315.0
973.0
5050.0
5592.0
168.0
234.0
1952.0
107.0
86.0
255.0
231.0
359.0
793.0
391.0
356.0
193.0
268.0
207.0
161.0
803.0
396.0
894.0
1266.0
766.0
1464.0
151.0
778.0
387.0
282.0
457.0
656.0
1038.0
423.0
79.0
331.0
568.0
298.0
145.0
514.0
194.0
368.0
110.0
401.0
198.0
848.0
1500.0
606.0
389.0
1176.0
440.0
306.0
960.0
5327.0
5810.0
174.0
236.0
1975.0
105.0
85.0
246.0
250.0
338.0
796.0
381.0
349.0
190.0
269.0
201.0
164.0
826.0
386.0
895.0
1316.0
721.0
1484.0
144.0
796.0
382.0
283.0
462.0
677.0
1001.0
412.0
81.0
325.0
544.0
275.0
151.0
497.0
195.0
348.0
110.0
402.0
200.0
894.0
1513.0
608.0
354.0
1155.0
453.0
314.0
958.0
5565.0
5980.0
164.0
222.0
1871.0
106.0
81.0
260.0
240.0
335.0
776.0
402.0
350.0
195.0
264.0
204.0
168.0
793.0
388.0
969.0
1326.0
770.0
1475.0
150.0
769.0
372.0
265.0
471.0
661.0
1004.0
399.0
82.0
323.0
575.0
298.0
146.0
504.0
182.0
367.0
110.0
405.0
201.0
903.0
1466.0
611.0
356.0
1134.0
452.0
329.0
906.0
5472.0
5784.0
165.0
230.0
1956.0
104.0
85.0
244.0
242.0
332.0
769.0
388.0
358.0
195.0
275.0
199.0
159.0
815.0
400.0
954.0
1307.0
766.0
1472.0
149.0
789.0
375.0
280.0
459.0
664.0
1050.0
435.0
78.0
339.0
541.0
290.0
149.0
494.0
182.0
346.0
114.0
426.0
207.0
858.0
1433.0
612.0
366.0
1193.0
433.0
329.0
962.0
5284.0
5979.0
178.0
225.0
1910.0
103.0
85.0
260.0
239.0
342.0
758.0
373.0
366.0
182.0
261.0
200.0
162.0
807.0
383.0
896.0
1220.0
741.0
1458.0
151.0
816.0
388.0
268.0
470.0
667.0
1062.0
403.0
81.0
343.0
575.0
286.0
149.0
500.0
187.0
347.0
113.0
412.0
204.0
856.0
1493.0
632.0
380.0
1256.0
433.0
318.0
956.0
5067.0
6024.0
163.0
221.0
1858.0
106.0
86.0
252.0
237.0
346.0
768.0
395.0
355.0
187.0
279.0
209.0
158.0
847.0
379.0
902.0
1238.0
739.0
1526.0
148.0
752.0
380.0
283.0
461.0
666.0
1024.0
399.0
81.0
322.0
561.0
288.0
141.0
487.0
185.0
358.0
115.0
398.0
206.0
922.0
1445.0
615.0
354.0
1214.0
446.0
307.0
915.0
5122.0
5962.0
174.0
222.0
1975.0
101.0
82.0
255.0
234.0
343.0
780.0
376.0
364.0
187.0
273.0
204.0
167.0
774.0
375.0
952.0
1295.0
733.0
1515.0
145.0
760.0
387.0
274.0
469.0
686.0
1013.0
406.0
81.0
342.0
588.0
298.0
146.0
496.0
181.0
373.0
115.0
421.0
198.0
870.0
1481.0
615.0
355.0
1179.0
456.0
327.0
920.0
5600.0
6127.0
174.0
229.0
1920.0
107.0
82.0
250.0
251.0
345.0
809.0
392.0
359.0
195.0
274.0
203.0
169.0
842.0
382.0
893.0
1322.0
735.0
1516.0
151.0
763.0
372.0
277.0
470.0
693.0
1028.0
410.0
78.0
322.0
579.0
298.0
142.0
501.0
181.0
362.0
120.0
429.0
199.0
921.0
1532.0
608.0
386.0
1186.0
436.0
315.0
973.0
5495.0
5741.0
171.0
225.0
1971.0
102.0
82.0
263.0
236.0
346.0
772.0
395.0
356.0
185.0
266.0
204.0
168.0
809.0
384.0
899.0
1219.0
734.0
1489.0
149.0
792.0
388.0
276.0
464.0
693.0
1020.0
417.0
78.0
346.0
561.0
298.0
143.0
498.0
186.0
370.0
111.0
427.0
204.0
912.0
1504.0
602.0
368.0
1154.0
433.0
320.0
972.0
5554.0
6165.0
172.0
223.0
1950.0
110.0
81.0
260.0
246.0
342.0
798.0
374.0
357.0
193.0
272.0
192.0
168.0
770.0
375.0
911.0
1268.0
743.0
1468.0
153.0
776.0
375.0
277.0
451.0
690.0
996.0
408.0
77.0
324.0
581.0
302.0
145.0
507.0
187.0
355.0
111.0
401.0
207.0
866.0
1409.0
644.0
363.0
1150.0
452.0
305.0
911.0
5122.0
5650.0
175.0
227.0
1915.0
107.0
87.0
249.0
242.0
340.0
807.0
371.0
356.0
190.0
263.0
205.0
165.0
819.0
386.0
961.0
1239.0
717.0
1419.0
146.0
759.0
370.0
273.0
460.0
670.0
987.0
412.0
78.0
344.0
570.0
300.0
145.0
502.0
181.0
362.0
115.0
400.0
200.0
888.0
1439.0
603.0
368.0
1245.0
433.0
325.0
936.0
5268.0
5724.0
163.0
230.0
1985.0
108.0
83.0
250.0
241.0
353.0
770.0
380.0
347.0
182.0
265.0
204.0
166.0
783.0
367.0
946.0
1295.0
173.0
150.0
151.0
154.0
231.0
170.0
148.0
144.0
255.0
162.0
149.0
152.0
146.0
153.0
146.0
172.0
151.0
150.0
263.0
157.0
146.0
151.0
142.0
153.0
143.0
147.0
328.0
262.0
162.0
161.0
152.0
143.0
152.0
160.0
146.0
156.0
298.0
166.0
314.0
166.0
276.0
282.0
330.0
258.0
308.0
428.0
290.0
272.0
390.0
160.0
158.0
166.0
152.0
160.0
210.0
156.0
162.0
158.0
291.0
149.0
172.0
148.0
158.0
146.0
146.0
160.0
148.0
152.0
278.0
152.0
160.0
152.0
160.0
168.0
154.0
171.0
266.0
321.0
144.0
138.0
167.0
160.0
150.0
158.0
164.0
156.0
323.0
154.0
308.0
161.0
326.0
306.0
292.0
286.0
289.0
388.0
286.0
312.0
446.0
146.0
172.0
166.0
155.0
166.0
224.0
158.0
155.0
162.0
261.0
134.0
156.0
156.0
176.0
153.0
152.0
146.0
163.0
157.0
324.0
157.0
162.0
154.0
154.0
146.0
132.0
152.0
282.0
316.0
144.0
155.0
165.0
154.0
168.0
168.0
160.0
164.0
264.0
140.0
274.0
170.0
286.0
274.0
330.0
282.0
295.0
392.0
316.0
272.0
451.0
174.0
165.0
172.0
154.0
154.0
222.0
136.0
148.0
165.0
304.0
158.0
162.0
140.0
160.0
142.0
174.0
152.0
158.0
153.0
274.0
167.0
155.0
136.0
148.0
147.0
141.0
142.0
293.0
314.0
160.0
160.0
150.0
159.0
162.0
154.0
156.0
152.0
270.0
158.0
318.0
148.0
320.0
266.0
294.0
262.0
268.0
430.0
263.0
260.0
456.0
148.0
143.0
166.0
166.0
161.0
232.0
142.0
149.0
154.0
318.0
152.0
162.0
154.0
144.0
146.0
158.0
155.0
150.0
148.0
289.0
158.0
164.0
146.0
135.0
168.0
146.0
166.0
276.0
288.0
161.0
140.0
158.0
166.0
142.0
161.0
141.0
148.0
254.0
142.0
252.0
159.0
324.0
276.0
260.0
296.0
268.0
434.0
270.0
318.0
468.0
139.0
161.0
144.0
174.0
167.0
223.0
154.0
147.0
144.0
288.0
166.0
162.0
153.0
162.0
156.0
152.0
144.0
156.0
142.0
298.0
136.0
176.0
166.0
148.0
148.0
128.0
147.0
289.0
290.0
130.0
144.0
158.0
146.0
157.0
153.0
146.0
168.0
262.0
155.0
270.0
149.0
316.0
278.0
316.0
258.0
274.0
440.0
330.0
256.0
442.0
154.0
157.0
154.0
145.0
138.0
202.0
160.0
170.0
149.0
311.0
159.0
143.0
155.0
150.0
162.0
157.0
143.0
150.0
160.0
276.0
158.0
148.0
142.0
172.0
160.0
124.0
154.0
318.0
307.0
150.0
142.0
156.0
170.0
174.0
146.0
156.0
150.0
315.0
152.0
306.0
166.0
300.0
256.0
300.0
286.0
264.0
426.0
276.0
306.0
470.0
164.0
166.0
156.0
166.0
148.0
212.0
142.0
166.0
153.0
275.0
146.0
169.0
170.0
167.0
166.0
144.0
159.0
148.0
146.0
258.0
160.0
149.0
142.0
138.0
164.0
154.0
166.0
294.0
264.0
154.0
162.0
148.0
142.0
135.0
146.0
170.0
151.0
276.0
154.0
288.0
154.0
285.0
300.0
289.0
264.0
307.0
472.0
277.0
290.0
442.0
160.0
144.0
160.0
157.0
158.0
216.0
155.0
146.0
153.0
308.0
174.0
148.0
152.0
158.0
160.0
138.0
131.0
150.0
158.0
291.0
156.0
148.0
146.0
152.0
158.0
149.0
152.0
278.0
288.0
166.0
143.0
173.0
134.0
152.0
155.0
151.0
168.0
264.0
155.0
279.0
159.0
317.0
328.0
290.0
254.0
318.0
420.0
304.0
291.0
422.0
166.0
154.0
152.0
150.0
156.0
237.0
168.0
161.0
142.0
298.0
146.0
152.0
146.0
146.0
161.0
140.0
154.0
163.0
154.0
266.0
151.0
139.0
152.0
171.0
137.0
158.0
146.0
311.0
258.0
166.0
170.0
162.0
146.0
169.0
148.0
142.0
169.0
252.0
159.0
323.0
152.0
273.0
302.0
323.0
286.0
285.0
454.0
314.0
276.0
425.0
158.0
170.0
153.0
144.0
146.0
215.0
160.0
152.0
161.0
288.0
158.0
144.0
158.0
174.0
164.0
146.0
148.0
169.0
166.0
275.0
138.0
146.0
156.0
162.0
155.0
132.0
158.0
292.0
321.0
164.0
141.0
150.0
167.0
162.0
156.0
151.0
142.0
321.0
144.0
294.0
154.0
284.0
294.0
312.0
276.0
268.0
444.0
270.0
292.0
476.0
140.0
164.0
150.0
148.0
155.0
218.0
141.0
142.0
172.0
314.0
155.0
145.0
143.0
164.0
146.0
138.0
153.0
159.0
174.0
316.0
163.0
154.0
140.0
140.0
145.0
140.0
158.0
306.0
276.0
151.0
167.0
158.0
170.0
159.0
160.0
152.0
158.0
256.0
174.0
312.0
134.0
282.0
316.0
309.0
274.0
316.0
436.0
259.0
308.0
434.0
170.0
150.0
162.0
168.0
158.0
228.0
142.0
158.0
152.0
298.0
152.0
152.0
154.0
164.0
160.0
147.0
144.0
160.0
171.0
307.0
134.0
153.0
149.0
158.0
138.0
150.0
154.0
258.0
304.0
144.0
156.0
168.0
154.0
150.0
152.0
132.0
167.0
257.0
160.0
271.0
159.0
276.0
280.0
258.0
278.0
306.0
437.0
316.0
306.0
438.0
147.0
164.0
152.0
150.0
154.0
228.0
150.0
157.0
155.0
296.0
143.0
155.0
154.0
134.0
156.0
154.0
164.0
146.0
132.0
308.0
162.0
164.0
144.0
172.0
154.0
142.0
146.0
298.0
314.0
138.0
154.0
162.0
159.0
176.0
142.0
158.0
159.0
310.0
155.0
279.0
160.0
256.0
273.0
290.0
263.0
268.0
487.0
286.0
276.0
430.0
134.0
160.0
158.0
164.0
149.0
230.0
166.0
145.0
133.0
306.0
146.0
162.0
140.0
142.0
147.0
162.0
152.0
157.0
152.0
265.0
157.0
138.0
160.0
148.0
159.0
144.0
142.0
304.0
307.0
142.0
149.0
142.0
172.0
154.0
162.0
158.0
158.0
295.0
156.0
288.0
131.0
282.0
296.0
304.0
290.0
248.0
437.0
258.0
267.0
448.0
152.0
142.0
171.0
151.0
141.0
228.0
156.0
163.0
154.0
314.0
156.0
140.0
162.0
170.0
163.0
134.0
154.0
156.0
156.0
302.0
146.0
144.0
148.0
151.0
153.0
139.0
162.0
266.0
264.0
162.0
148.0
152.0
156.0
156.0
144.0
146.0
147.0
322.0
154.0
260.0
152.0
259.0
294.0
278.0
296.0
284.0
411.0
277.0
282.0
407.0
144.0
161.0
167.0
172.0
148.0
246.0
138.0
151.0
159.0
272.0
138.0
146.0
166.0
146.0
162.0
157.0
154.0
160.0
154.0
294.0
164.0
150.0
145.0
150.0
151.0
153.0
162.0
296.0
314.0
134.0
139.0
142.0
168.0
152.0
160.0
146.0
159.0
300.0
172.0
286.0
144.0
260.0
264.0
299.0
294.0
264.0
458.0
319.0
284.0
431.0
153.0
176.0
154.0
154.0
158.0
242.0
146.0
147.0
166.0
294.0
174.0
154.0
157.0
150.0
162.0
158.0
164.0
150.0
156.0
324.0
166.0
142.0
154.0
145.0
147.0
148.0
155.0
282.0
302.0
162.0
166.0
148.0
168.0
144.0
156.0
161.0
158.0
312.0
151.0
289.0
146.0
266.0
272.0
294.0
304.0
278.0
436.0
328.0
304.0
418.0
172.0
152.0
147.0
152.0
170.0
238.0
144.0
142.0
141.0
298.0
156.0
165.0
150.0
168.0
146.0
146.0
165.0
143.0
146.0
280.0
152.0
158.0
152.0
153.0
168.0
142.0
144.0
298.0
286.0
152.0
148.0
148.0
156.0
144.0
172.0
160.0
148.0
278.0
156.0
300.0
138.0
273.0
326.0
282.0
292.0
254.0
402.0
274.0
317.0
374.0
140.0
162.0
171.0
162.0
136.0
212.0
143.0
134.0
163.0
302.0
152.0
149.0
162.0
146.0
148.0
153.0
158.0
168.0
150.0
304.0
150.0
154.0
150.0
151.0
165.0
140.0
157.0
312.0
273.0
146.0
168.0
166.0
168.0
155.0
166.0
158.0
150.0
286.0
149.0
274.0
159.0
304.0
258.0
316.0
265.0
306.0
396.0
312.0
280.0
410.0
167.0
