I_BRKGA_52_2_40_9_CESP
52 2 40 494.0
31130.5
30968.5
33131.5
35726.5
30975.5
32110.5
35507.5
31249.5
34021.5
32241.5
32638.5
30727.5
29411.5
33407.5
30995.5
33439.5
34093.5
29324.5
34512.5
34522.5
34151.5
32102.5
34125.5
31011.5
35664.5
32177.5
33687.5
30254.5
33472.5
35031.5
35468.5
35867.5
35536.5
36150.5
34783.5
30350.5
30601.5
32722.5
36244.5
32843.5
0.027871983208048474
0.021377191354398188
0.025322553848534348
0.023019527619475854
0.025312839362198254
0.022881941999269795
0.026257870823746546
0.02469310811245865
0.029226141862028713
0.024042905229064996
0.02936941003541998
0.02183674966591862
0.028049595132312703
0.024521751907364605
0.02726794030634844
0.020810431811169733
0.029821693935788256
0.024094714765591083
0.029081421157238756
0.02291323041574411
0.02843380628318462
0.02241459989270227
0.025634719092605163
0.02200135147267543
0.02750776375549717
0.02179315458426426
0.02537502615265461
0.02481089515566736
0.026167913354245988
0.021248270527831854
0.029513591154639154
0.02480550908983607
0.025981461222119633
0.022047802027087685
0.02868738432278136
0.0204032721011815
0.02725207889631172
0.02181283547389887
0.028683571711043084
0.017651991177652038
107.0
127.0
7678.0
62.0
760.0
1403.0
153.0
772.0
388.0
277.0
465.0
682.0
999.0
428.0
78.0
315.0
575.0
296.0
140.0
489.0
184.0
360.0
115.0
417.0
199.0
904.0
1506.0
635.0
373.0
1228.0
441.0
308.0
929.0
5319.0
5568.0
172.0
223.0
1888.0
100.0
87.0
252.0
249.0
357.0
767.0
391.0
346.0
193.0
285.0
208.0
169.0
804.0
388.0
900.0
1316.0
734.0
1497.0
153.0
790.0
379.0
278.0
451.0
668.0
1007.0
408.0
79.0
337.0
562.0
290.0
144.0
503.0
188.0
363.0
112.0
422.0
198.0
878.0
1457.0
646.0
356.0
1181.0
442.0
317.0
926.0
5498.0
5752.0
176.0
236.0
1911.0
106.0
84.0
261.0
231.0
344.0
781.0
399.0
360.0
182.0
269.0
209.0
169.0
798.0
391.0
965.0
1218.0
738.0
1523.0
144.0
804.0
378.0
274.0
481.0
658.0
1045.0
415.0
80.0
339.0
549.0
279.0
142.0
519.0
185.0
342.0
113.0
399.0
204.0
902.0
1503.0
600.0
364.0
1251.0
449.0
332.0
946.0
5080.0
5592.0
167.0
227.0
1847.0
105.0
84.0
248.0
232.0
347.0
772.0
377.0
338.0
184.0
268.0
193.0
164.0
821.0
390.0
965.0
1226.0
743.0
1521.0
148.0
764.0
373.0
269.0
478.0
672.0
986.0
418.0
77.0
314.0
584.0
274.0
140.0
514.0
184.0
356.0
110.0
395.0
209.0
897.0
1501.0
598.0
364.0
1201.0
441.0
311.0
893.0
5444.0
5993.0
164.0
233.0
1949.0
108.0
81.0
258.0
231.0
346.0
815.0
397.0
340.0
183.0
269.0
200.0
168.0
805.0
388.0
948.0
1282.0
738.0
1503.0
145.0
788.0
378.0
283.0
457.0
660.0
1008.0
430.0
76.0
315.0
590.0
291.0
145.0
499.0
184.0
346.0
110.0
419.0
200.0
908.0
1423.0
594.0
374.0
1150.0
441.0
316.0
957.0
5581.0
5684.0
170.0
227.0
1841.0
104.0
81.0
264.0
250.0
330.0
792.0
377.0
362.0
187.0
275.0
205.0
170.0
820.0
377.0
904.0
1278.0
769.0
1511.0
147.0
780.0
380.0
279.0
456.0
665.0
1038.0
432.0
76.0
316.0
585.0
274.0
139.0
498.0
189.0
369.0
112.0
420.0
202.0
920.0
1494.0
614.0
370.0
1221.0
447.0
316.0
913.0
5526.0
6110.0
174.0
226.0
1986.0
101.0
84.0
258.0
251.0
334.0
821.0
399.0
346.0
189.0
275.0
202.0
159.0
829.0
381.0
932.0
1257.0
750.0
1455.0
148.0
791.0
388.0
281.0
480.0
676.0
992.0
413.0
78.0
315.0
569.0
287.0
145.0
501.0
190.0
371.0
115.0
426.0
199.0
883.0
1503.0
627.0
361.0
1215.0
426.0
318.0
970.0
5278.0
5852.0
169.0
224.0
1900.0
106.0
84.0
255.0
233.0
353.0
808.0
386.0
357.0
190.0
279.0
205.0
172.0
813.0
392.0
888.0
1266.0
742.0
1427.0
152.0
774.0
381.0
274.0
453.0
681.0
987.0
427.0
81.0
337.0
576.0
287.0
147.0
527.0
189.0
369.0
115.0
395.0
198.0
867.0
1414.0
623.0
386.0
1202.0
442.0
314.0
960.0
5148.0
5576.0
167.0
221.0
1934.0
103.0
83.0
252.0
251.0
346.0
780.0
386.0
342.0
188.0
282.0
197.0
167.0
841.0
384.0
951.0
1286.0
749.0
1471.0
146.0
790.0
387.0
274.0
478.0
664.0
1047.0
398.0
78.0
328.0
580.0
278.0
148.0
502.0
191.0
354.0
113.0
413.0
207.0
880.0
1543.0
599.0
376.0
1148.0
444.0
314.0
898.0
5394.0
5623.0
173.0
222.0
1956.0
109.0
84.0
252.0
241.0
345.0
787.0
376.0
347.0
180.0
263.0
201.0
163.0
779.0
372.0
909.0
1327.0
763.0
1415.0
151.0
765.0
375.0
276.0
457.0
684.0
1008.0
431.0
78.0
318.0
548.0
294.0
144.0
524.0
193.0
356.0
113.0
419.0
209.0
926.0
1541.0
617.0
370.0
1254.0
438.0
327.0
900.0
5200.0
5610.0
176.0
220.0
1986.0
105.0
87.0
254.0
242.0
356.0
793.0
378.0
339.0
184.0
280.0
198.0
169.0
800.0
375.0
962.0
1302.0
738.0
1475.0
152.0
763.0
385.0
267.0
480.0
697.0
986.0
429.0
80.0
329.0
575.0
286.0
148.0
503.0
183.0
347.0
116.0
433.0
201.0
855.0
1469.0
595.0
373.0
1227.0
437.0
327.0
968.0
5355.0
5736.0
173.0
223.0
1935.0
108.0
81.0
265.0
239.0
331.0
797.0
375.0
366.0
193.0
263.0
205.0
163.0
790.0
381.0
954.0
1317.0
739.0
1525.0
150.0
801.0
380.0
267.0
456.0
669.0
1006.0
428.0
77.0
322.0
575.0
284.0
145.0
504.0
182.0
361.0
119.0
428.0
202.0
882.0
1483.0
591.0
366.0
1183.0
446.0
326.0
955.0
5486.0
5752.0
177.0
236.0
1820.0
103.0
87.0
244.0
251.0
343.0
775.0
388.0
358.0
193.0
264.0
202.0
165.0
833.0
395.0
935.0
1290.0
728.0
1517.0
146.0
786.0
382.0
274.0
473.0
691.0
1060.0
409.0
76.0
336.0
575.0
292.0
148.0
502.0
190.0
371.0
117.0
403.0
210.0
900.0
1434.0
600.0
383.0
1239.0
439.0
325.0
944.0
5350.0
5799.0
176.0
224.0
1838.0
103.0
84.0
244.0
242.0
343.0
823.0
405.0
365.0
183.0
284.0
206.0
170.0
844.0
393.0
915.0
1313.0
777.0
1472.0
146.0
801.0
371.0
276.0
473.0
656.0
1049.0
427.0
78.0
317.0
555.0
285.0
150.0
505.0
188.0
366.0
115.0
410.0
203.0
916.0
1489.0
600.0
368.0
1159.0
444.0
323.0
928.0
5364.0
5903.0
171.0
221.0
1838.0
105.0
86.0
261.0
229.0
347.0
789.0
383.0
335.0
189.0
280.0
201.0
160.0
836.0
394.0
888.0
1241.0
757.0
1420.0
150.0
799.0
379.0
275.0
465.0
679.0
1034.0
402.0
80.0
335.0
589.0
284.0
144.0
522.0
187.0
346.0
112.0
416.0
199.0
864.0
1515.0
607.0
361.0
1236.0
458.0
321.0
971.0
5081.0
5595.0
172.0
227.0
1921.0
106.0
81.0
252.0
243.0
355.0
806.0
379.0
366.0
186.0
282.0
198.0
169.0
792.0
375.0
967.0
1273.0
754.0
1443.0
149.0
754.0
374.0
273.0
479.0
692.0
983.0
399.0
78.0
332.0
539.0
287.0
151.0
512.0
184.0
359.0
114.0
421.0
197.0
909.0
1452.0
600.0
378.0
1255.0
461.0
315.0
961.0
5393.0
5756.0
179.0
237.0
1994.0
106.0
84.0
259.0
240.0
353.0
812.0
380.0
356.0
193.0
271.0
200.0
168.0
824.0
385.0
902.0
1225.0
739.0
1521.0
149.0
787.0
387.0
282.0
458.0
694.0
995.0
434.0
81.0
318.0
549.0
292.0
146.0
512.0
186.0
352.0
112.0
399.0
205.0
876.0
1506.0
596.0
361.0
1154.0
453.0
330.0
975.0
5310.0
5822.0
172.0
226.0
1835.0
103.0
81.0
245.0
251.0
345.0
801.0
405.0
346.0
192.0
262.0
198.0
166.0
775.0
380.0
884.0
1228.0
770.0
1426.0
150.0
754.0
380.0
284.0
467.0
680.0
1063.0
413.0
77.0
323.0
564.0
288.0
146.0
505.0
186.0
371.0
112.0
393.0
202.0
890.0
1466.0
622.0
359.0
1168.0
436.0
309.0
929.0
5479.0
6025.0
166.0
217.0
1884.0
106.0
83.0
258.0
245.0
349.0
764.0
374.0
365.0
185.0
270.0
194.0
167.0
778.0
390.0
892.0
1258.0
774.0
1529.0
150.0
780.0
381.0
282.0
448.0
686.0
1025.0
428.0
77.0
340.0
545.0
289.0
144.0
514.0
187.0
350.0
109.0
422.0
199.0
869.0
1519.0
613.0
353.0
1234.0
441.0
331.0
926.0
5555.0
5808.0
174.0
236.0
1959.0
105.0
82.0
253.0
250.0
357.0
757.0
398.0
347.0
190.0
268.0
201.0
164.0
781.0
400.0
943.0
1320.0
726.0
1523.0
152.0
788.0
377.0
273.0
467.0
695.0
1014.0
405.0
81.0
335.0
553.0
294.0
150.0
497.0
179.0
357.0
115.0
434.0
205.0
862.0
1510.0
606.0
383.0
1219.0
454.0
325.0
951.0
5237.0
5865.0
170.0
235.0
1868.0
109.0
88.0
251.0
243.0
345.0
813.0
399.0
360.0
182.0
278.0
204.0
172.0
814.0
380.0
899.0
1259.0
730.0
1435.0
147.0
808.0
372.0
278.0
475.0
686.0
1051.0
414.0
78.0
339.0
544.0
290.0
141.0
506.0
188.0
348.0
113.0
419.0
204.0
890.0
1457.0
627.0
372.0
1143.0
454.0
314.0
970.0
5073.0
5764.0
178.0
227.0
1963.0
104.0
84.0
252.0
252.0
359.0
812.0
398.0
354.0
193.0
265.0
202.0
172.0
794.0
388.0
961.0
1319.0
767.0
1438.0
153.0
762.0
375.0
287.0
456.0
674.0
1039.0
419.0
78.0
342.0
576.0
298.0
149.0
500.0
183.0
367.0
118.0
416.0
201.0
884.0
1487.0
620.0
363.0
1244.0
439.0
326.0
909.0
5150.0
5805.0
178.0
223.0
1880.0
105.0
85.0
259.0
232.0
337.0
787.0
399.0
339.0
184.0
269.0
202.0
168.0
785.0
387.0
911.0
1238.0
753.0
1482.0
149.0
775.0
387.0
284.0
462.0
666.0
998.0
409.0
77.0
320.0
568.0
286.0
148.0
501.0
190.0
371.0
115.0
398.0
210.0
847.0
1535.0
637.0
363.0
1175.0
434.0
323.0
931.0
5599.0
5709.0
166.0
231.0
1828.0
106.0
84.0
244.0
250.0
351.0
825.0
381.0
339.0
186.0
278.0
205.0
166.0
788.0
382.0
912.0
1270.0
753.0
1437.0
144.0
810.0
382.0
286.0
474.0
691.0
984.0
424.0
80.0
320.0
541.0
286.0
143.0
500.0
180.0
360.0
115.0
399.0
198.0
894.0
1484.0
623.0
368.0
1230.0
440.0
319.0
948.0
5098.0
6115.0
172.0
233.0
1840.0
103.0
83.0
253.0
245.0
336.0
809.0
382.0
334.0
191.0
269.0
193.0
165.0
776.0
374.0
884.0
1303.0
744.0
1481.0
149.0
764.0
391.0
274.0
462.0
685.0
1031.0
419.0
82.0
315.0
566.0
282.0
140.0
514.0
185.0
349.0
117.0
425.0
197.0
893.0
1509.0
618.0
365.0
1200.0
424.0
319.0
943.0
5155.0
5966.0
177.0
228.0
1971.0
108.0
83.0
263.0
236.0
352.0
770.0
372.0
345.0
188.0
287.0
198.0
166.0
840.0
398.0
884.0
1285.0
765.0
1419.0
151.0
762.0
376.0
281.0
467.0
667.0
1049.0
433.0
78.0
338.0
585.0
303.0
149.0
503.0
195.0
361.0
116.0
427.0
197.0
854.0
1482.0
610.0
363.0
1161.0
453.0
324.0
955.0
5239.0
5965.0
175.0
235.0
1885.0
105.0
83.0
255.0
233.0
341.0
804.0
391.0
352.0
185.0
262.0
198.0
162.0
781.0
390.0
952.0
1221.0
722.0
1475.0
151.0
799.0
375.0
284.0
457.0
684.0
1014.0
423.0
80.0
324.0
555.0
295.0
142.0
516.0
183.0
375.0
117.0
429.0
196.0
872.0
1471.0
638.0
355.0
1219.0
447.0
313.0
923.0
5297.0
5761.0
171.0
231.0
1916.0
107.0
86.0
248.0
251.0
351.0
791.0
399.0
362.0
183.0
284.0
196.0
159.0
821.0
385.0
938.0
1217.0
743.0
1413.0
146.0
774.0
374.0
282.0
472.0
668.0
997.0
409.0
80.0
340.0
534.0
293.0
144.0
505.0
191.0
350.0
112.0
424.0
208.0
865.0
1408.0
628.0
380.0
1217.0
440.0
319.0
915.0
5399.0
5830.0
177.0
234.0
1871.0
108.0
85.0
250.0
250.0
346.0
778.0
389.0
344.0
179.0
270.0
209.0
168.0
782.0
366.0
886.0
1258.0
734.0
1529.0
144.0
760.0
384.0
266.0
474.0
689.0
1013.0
415.0
78.0
342.0
579.0
276.0
144.0
522.0
190.0
353.0
120.0
405.0
207.0
877.0
1417.0
588.0
372.0
1196.0
451.0
307.0
944.0
5481.0
6156.0
176.0
239.0
1938.0
108.0
84.0
245.0
247.0
335.0
768.0
375.0
355.0
188.0
282.0
203.0
167.0
805.0
390.0
944.0
1228.0
761.0
1461.0
149.0
804.0
370.0
275.0
480.0
685.0
1028.0
420.0
78.0
337.0
583.0
299.0
145.0
490.0
182.0
350.0
115.0
403.0
201.0
904.0
1498.0
630.0
354.0
1255.0
443.0
319.0
902.0
5204.0
5855.0
169.0
228.0
1892.0
102.0
85.0
252.0
239.0
347.0
799.0
390.0
354.0
183.0
262.0
201.0
158.0
835.0
389.0
913.0
1250.0
753.0
1467.0
149.0
799.0
385.0
272.0
477.0
693.0
988.0
436.0
79.0
316.0
569.0
283.0
141.0
501.0
182.0
359.0
111.0
398.0
211.0
921.0
1541.0
617.0
366.0
1241.0
451.0
328.0
972.0
5385.0
5743.0
170.0
229.0
1831.0
103.0
82.0
241.0
243.0
347.0
816.0
392.0
346.0
185.0
275.0
210.0
168.0
794.0
381.0
889.0
1314.0
735.0
1476.0
148.0
808.0
376.0
278.0
450.0
682.0
1044.0
400.0
79.0
339.0
551.0
295.0
146.0
521.0
194.0
362.0
111.0
397.0
209.0
881.0
1501.0
629.0
369.0
1229.0
453.0
310.0
944.0
5402.0
5671.0
172.0
230.0
1974.0
108.0
84.0
262.0
240.0
337.0
810.0
376.0
354.0
191.0
283.0
201.0
166.0
812.0
372.0
908.0
1238.0
751.0
1484.0
151.0
767.0
383.0
275.0
470.0
682.0
1062.0
400.0
80.0
346.0
538.0
295.0
143.0
513.0
182.0
363.0
118.0
416.0
199.0
871.0
1418.0
620.0
378.0
1136.0
435.0
316.0
929.0
5388.0
6121.0
169.0
238.0
1936.0
103.0
84.0
250.0
233.0
361.0
808.0
406.0
343.0
183.0
280.0
203.0
164.0
824.0
383.0
953.0
1325.0
738.0
1436.0
145.0
816.0
370.0
272.0
457.0
659.0
1039.0
416.0
82.0
340.0
588.0
280.0
147.0
499.0
190.0
344.0
114.0
428.0
208.0
875.0
1539.0
592.0
384.0
1203.0
441.0
323.0
910.0
5591.0
6165.0
177.0
225.0
1877.0
104.0
84.0
258.0
232.0
350.0
791.0
382.0
342.0
190.0
272.0
201.0
161.0
824.0
379.0
958.0
1230.0
734.0
1516.0
149.0
794.0
387.0
280.0
462.0
666.0
1019.0
427.0
79.0
316.0
538.0
292.0
147.0
529.0
186.0
358.0
112.0
394.0
207.0
857.0
1443.0
617.0
381.0
1158.0
437.0
318.0
921.0
5604.0
5903.0
169.0
222.0
1968.0
105.0
84.0
250.0
230.0
346.0
788.0
376.0
341.0
192.0
271.0
202.0
170.0
820.0
387.0
956.0
1225.0
736.0
1442.0
145.0
774.0
380.0
286.0
458.0
688.0
1031.0
430.0
81.0
330.0
589.0
277.0
140.0
489.0
190.0
372.0
114.0
402.0
203.0
914.0
1529.0
645.0
378.0
1157.0
435.0
332.0
932.0
5260.0
5572.0
170.0
220.0
1888.0
104.0
81.0
258.0
229.0
354.0
783.0
373.0
354.0
197.0
278.0
198.0
174.0
853.0
380.0
973.0
1336.0
723.0
1501.0
146.0
772.0
384.0
275.0
459.0
677.0
1063.0
399.0
81.0
328.0
579.0
277.0
142.0
494.0
186.0
351.0
120.0
394.0
203.0
878.0
1496.0
641.0
355.0
1225.0
422.0
319.0
926.0
5335.0
5742.0
174.0
227.0
1858.0
102.0
84.0
257.0
235.0
356.0
803.0
389.0
362.0
189.0
283.0
198.0
160.0
819.0
396.0
938.0
1246.0
753.0
1403.0
148.0
804.0
386.0
285.0
464.0
659.0
1016.0
413.0
80.0
340.0
571.0
297.0
143.0
509.0
190.0
358.0
114.0
434.0
210.0
901.0
1494.0
610.0
381.0
1246.0
433.0
312.0
959.0
5155.0
5806.0
177.0
222.0
1871.0
105.0
85.0
251.0
245.0
346.0
805.0
369.0
355.0
181.0
270.0
199.0
161.0
771.0
386.0
890.0
1222.0
740.0
1471.0
150.0
796.0
374.0
286.0
459.0
685.0
985.0
431.0
78.0
337.0
572.0
275.0
145.0
509.0
192.0
356.0
113.0
398.0
201.0
906.0
1533.0
607.0
360.0
1193.0
463.0
304.0
973.0
5410.0
6023.0
168.0
225.0
1882.0
101.0
86.0
247.0
250.0
341.0
810.0
369.0
346.0
186.0
263.0
201.0
166.0
770.0
394.0
901.0
1226.0
768.0
1470.0
147.0
771.0
385.0
269.0
455.0
673.0
1007.0
434.0
75.0
318.0
543.0
293.0
143.0
498.0
186.0
347.0
120.0
397.0
203.0
916.0
1433.0
640.0
373.0
1143.0
436.0
318.0
981.0
5338.0
5969.0
170.0
227.0
1979.0
105.0
86.0
259.0
251.0
343.0
795.0
372.0
363.0
193.0
274.0
194.0
169.0
809.0
386.0
940.0
1292.0
152.0
154.0
148.0
144.0
217.0
146.0
148.0
164.0
274.0
143.0
132.0
141.0
152.0
163.0
150.0
148.0
148.0
135.0
302.0
143.0
156.0
164.0
140.0
158.0
138.0
163.0
288.0
316.0
172.0
152.0
157.0
152.0
168.0
138.0
162.0
165.0
325.0
141.0
276.0
138.0
278.0
286.0
317.0
274.0
282.0
410.0
322.0
309.0
423.0
146.0
173.0
162.0
168.0
150.0
200.0
166.0
138.0
158.0
268.0
172.0
164.0
160.0
154.0
156.0
144.0
160.0
148.0
149.0
292.0
154.0
156.0
146.0
162.0
160.0
144.0
161.0
318.0
310.0
168.0
168.0
144.0
132.0
140.0
160.0
160.0
166.0
297.0
155.0
306.0
150.0
284.0
285.0
284.0
255.0
280.0
456.0
323.0
264.0
469.0
151.0
161.0
164.0
152.0
148.0
220.0
134.0
142.0
148.0
334.0
152.0
157.0
140.0
149.0
161.0
144.0
150.0
144.0
154.0
264.0
164.0
151.0
153.0
161.0
144.0
148.0
154.0
326.0
276.0
160.0
150.0
170.0
152.0
152.0
146.0
150.0
142.0
284.0
157.0
288.0
136.0
288.0
300.0
289.0
296.0
326.0
416.0
308.0
258.0
466.0
143.0
156.0
170.0
142.0
146.0
197.0
160.0
156.0
149.0
302.0
160.0
146.0
148.0
159.0
140.0
137.0
167.0
172.0
154.0
312.0
149.0
162.0
156.0
151.0
162.0
146.0
160.0
324.0
295.0
138.0
156.0
156.0
158.0
146.0
156.0
159.0
144.0
294.0
157.0
278.0
150.0
310.0
273.0
309.0
287.0
292.0
426.0
292.0
282.0
472.0
139.0
159.0
152.0
156.0
148.0
203.0
160.0
154.0
162.0
290.0
156.0
146.0
150.0
160.0
164.0
172.0
162.0
144.0
168.0
270.0
158.0
158.0
151.0
146.0
156.0
157.0
148.0
310.0
257.0
168.0
167.0
142.0
150.0
168.0
145.0
148.0
140.0
297.0
162.0
319.0
154.0
264.0
294.0
254.0
280.0
266.0
406.0
312.0
308.0
404.0
166.0
160.0
155.0
136.0
151.0
227.0
148.0
145.0
150.0
310.0
162.0
160.0
168.0
140.0
147.0
143.0
158.0
141.0
156.0
313.0
166.0
168.0
147.0
140.0
162.0
142.0
145.0
299.0
252.0
176.0
147.0
150.0
149.0
159.0
144.0
145.0
143.0
282.0
150.0
276.0
154.0
318.0
276.0
284.0
264.0
276.0
452.0
311.0
298.0
442.0
163.0
160.0
152.0
138.0
161.0
227.0
146.0
154.0
162.0
288.0
156.0
170.0
155.0
148.0
135.0
172.0
136.0
144.0
148.0
318.0
164.0
156.0
140.0
163.0
156.0
138.0
156.0
299.0
293.0
166.0
147.0
140.0
154.0
150.0
162.0
148.0
160.0
262.0
160.0
324.0
152.0
310.0
313.0
321.0
288.0
309.0
468.0
280.0
302.0
420.0
150.0
152.0
160.0
153.0
150.0
220.0
142.0
164.0
148.0
314.0
156.0
148.0
154.0
136.0
152.0
167.0
158.0
142.0
146.0
268.0
135.0
158.0
156.0
146.0
158.0
139.0
166.0
279.0
290.0
156.0
148.0
160.0
154.0
152.0
158.0
150.0
166.0
256.0
160.0
268.0
154.0
318.0
280.0
300.0
300.0
290.0
410.0
300.0
307.0
472.0
140.0
142.0
148.0
151.0
152.0
220.0
158.0
143.0
135.0
300.0
162.0
156.0
165.0
148.0
156.0
162.0
163.0
149.0
155.0
322.0
168.0
168.0
151.0
160.0
149.0
158.0
150.0
306.0
316.0
130.0
169.0
156.0
156.0
154.0
158.0
164.0
154.0
259.0
159.0
261.0
174.0
303.0
308.0
266.0
313.0
328.0
466.0
275.0
278.0
382.0
136.0
151.0
159.0
146.0
168.0
204.0
150.0
150.0
156.0
278.0
148.0
158.0
137.0
148.0
152.0
146.0
140.0
146.0
155.0
284.0
136.0
158.0
168.0
152.0
159.0
156.0
157.0
298.0
298.0
138.0
142.0
165.0
149.0
140.0
170.0
170.0
142.0
258.0
152.0
300.0
170.0
298.0
318.0
269.0
277.0
266.0
397.0
301.0
282.0
413.0
139.0
162.0
154.0
148.0
170.0
242.0
165.0
149.0
157.0
284.0
166.0
154.0
155.0
150.0
146.0
153.0
144.0
150.0
138.0
282.0
150.0
154.0
169.0
165.0
156.0
139.0
142.0
270.0
256.0
147.0
150.0
148.0
160.0
152.0
153.0
154.0
152.0
326.0
142.0
262.0
172.0
314.0
305.0
303.0
304.0
296.0
428.0
296.0
284.0
415.0
157.0
166.0
161.0
150.0
163.0
235.0
164.0
154.0
150.0
270.0
152.0
144.0
148.0
160.0
151.0
150.0
152.0
146.0
140.0
271.0
158.0
154.0
162.0
170.0
152.0
158.0
161.0
277.0
299.0
158.0
147.0
144.0
164.0
148.0
172.0
158.0
162.0
300.0
156.0
269.0
148.0
308.0
302.0
319.0
253.0
312.0
458.0
288.0
293.0
396.0
134.0
164.0
172.0
148.0
148.0
234.0
147.0
152.0
160.0
289.0
162.0
144.0
138.0
137.0
150.0
138.0
155.0
152.0
134.0
316.0
156.0
156.0
170.0
154.0
150.0
123.0
162.0
283.0
303.0
168.0
139.0
146.0
140.0
160.0
142.0
150.0
150.0
324.0
174.0
268.0
164.0
292.0
304.0
330.0
238.0
316.0
450.0
276.0
328.0
374.0
146.0
170.0
170.0
164.0
158.0
206.0
158.0
148.0
150.0
264.0
159.0
136.0
172.0
132.0
146.0
152.0
154.0
156.0
158.0
286.0
166.0
154.0
165.0
150.0
146.0
143.0
146.0
316.0
302.0
143.0
148.0
136.0
160.0
162.0
143.0
144.0
152.0
278.0
168.0
322.0
160.0
306.0
297.0
284.0
250.0
295.0
410.0
264.0
284.0
431.0
148.0
147.0
152.0
159.0
160.0
230.0
162.0
151.0
147.0
270.0
174.0
148.0
160.0
158.0
153.0
158.0
160.0
157.0
172.0
284.0
148.0
160.0
151.0
147.0
142.0
144.0
156.0
275.0
287.0
136.0
137.0
169.0
142.0
159.0
155.0
164.0
160.0
274.0
152.0
272.0
154.0
302.0
306.0
313.0
284.0
278.0
430.0
282.0
314.0
398.0
159.0
152.0
160.0
163.0
142.0
215.0
146.0
144.0
151.0
281.0
150.0
158.0
162.0
133.0
142.0
168.0
153.0
170.0
157.0
274.0
161.0
166.0
134.0
173.0
166.0
158.0
158.0
308.0
273.0
174.0
159.0
164.0
146.0
138.0
154.0
137.0
146.0
258.0
147.0
273.0
141.0
262.0
288.0
270.0
270.0
300.0
430.0
325.0
318.0
446.0
150.0
170.0
162.0
151.0
157.0
212.0
159.0
150.0
154.0
293.0
152.0
138.0
150.0
152.0
154.0
154.0
162.0
155.0
161.0
316.0
139.0
134.0
156.0
148.0
152.0
154.0
163.0
320.0
327.0
152.0
158.0
140.0
140.0
132.0
144.0
166.0
156.0
303.0
159.0
278.0
160.0
306.0
302.0
314.0
303.0
284.0
434.0
268.0
292.0
492.0
158.0
159.0
154.0
148.0
146.0
221.0
155.0
141.0
141.0
300.0
160.0
148.0
158.0
162.0
166.0
154.0
162.0
153.0
148.0
252.0
137.0
142.0
158.0
148.0
152.0
148.0
162.0
312.0
272.0
154.0
152.0
158.0
162.0
143.0
148.0
160.0
142.0
314.0
136.0
254.0
154.0
316.0
274.0
270.0
264.0
310.0
422.0
282.0
307.0
396.0
146.0
175.0
160.0
168.0
148.0
226.0
159.0
174.0
154.0
270.0
146.0
147.0
140.0
149.0
144.0
134.0
153.0
148.0
172.0
280.0
140.0
132.0
170.0
152.0
140.0
137.0
152.0
291.0
254.0
152.0
142.0
160.0
149.0
164.0
135.0
151.0
158.0
290.0
160.0
318.0
154.0
324.0
290.0
292.0
241.0
300.0
424.0
320.0
260.0
414.0
148.0
162.0
155.0
156.0
170.0
216.0
150.0
146.0
166.0
304.0
144.0
146.0
158.0
160.0
138.0
166.0
143.0
170.0
160.0
295.0
152.0
164.0
144.0
154.0
152.0
138.0
150.0
258.0
300.0
142.0
146.0
141.0
168.0
141.0
162.0
159.0
148.0
306.0
144.0
294.0
160.0
294.0
266.0
286.0
262.0
298.0
466.0
296.0
266.0
426.0
156.0
152.0
160.0
164.0
159.0
221.0
162.0
145.0
144.0
258.0
159.0
143.0
174.0
166.0
165.0
147.0
157.0
166.0
137.0
320.0
154.0
152.0
152.0
142.0
132.0
148.0
156.0
294.0
265.0
158.0
159.0
160.0
138.0
166.0
150.0
159.0
145.0
319.0
172.0
287.0
146.0
310.0
296.0
290.0
258.0
302.0
442.0
310.0
268.0
436.0
164.0
172.0
156.0
152.0
164.0
204.0
162.0
134.0
169.0
268.0
145.0
165.0
156.0
152.0
165.0
156.0
151.0
158.0
159.0
300.0
156.0
166.0
140.0
150.0
140.0
142.0
146.0
268.0
312.0
150.0
156.0
165.0
158.0
154.0
151.0
155.0
167.0
295.0
168.0
316.0
151.0
303.0
288.0
252.0
296.0
299.0
457.0
320.0
296.0
432.0
156.0
153.0
159.0
152.0
142.0
218.0
154.0
145.0
170.0
294.0
171.0
148.0
159.0
160.0
165.0
153.0
140.0
160.0
158.0
308.0
154.0
140.0
154.0
148.0
136.0
132.0
146.0
264.0
330.0
166.0
157.0
144.0
139.0
160.0
158.0
151.0
152.0
288.0
146.0
306.0
158.0
282.0
268.0
292.0
253.0
308.0
458.0
294.0
305.0
409.0
152.0
149.0
154.0
142.0
160.0
232.0
152.0
150.0
154.0
294.0
152.0
152.0
156.0
161.0
154.0
155.0
171.0
156.0
142.0
268.0
149.0
139.0
164.0
151.0
172.0
144.0
172.0
306.0
272.0
148.0
142.0
148.0
162.0
158.0
146.0
168.0
162.0
278.0
145.0
279.0
148.0
292.0
279.0
269.0
272.0
326.0
420.0
258.0
264.0
468.0
152.0
172.0
174.0
150.0
158.0
241.0
157.0
162.0
140.0
272.0
160.0
156.0
172.0
158.0
146.0
144.0
160.0
156.0
159.0
298.0
152.0
137.0
148.0
154.0
152.0
124.0
150.0
290.0
308.0
160.0
142.0
151.0
161.0
166.0
146.0
154.0
168.0
300.0
160.0
316.0
156.0
294.0
310.0
267.0
280.0
278.0
426.0
268.0
273.0
446.0
151.0
156.0
166.0
152.0
159.0
205.0
158.0
154.0
149.0
265.0
148.0
155.0
162.0
158.0
156.0
147.0
151.0
153.0
144.0
329.0
158.0
152.0
176.0
132.0
167.0
156.0
140.0
301.0
260.0
158.0
151.0
163.0
153.0
148.0
170.0
160.0
148.0
292.0
168.0
304.0
160.0
307.0
296.0
262.0
284.0
280.0
476.0
276.0
328.0
370.0
150.0
156.0
167.0
171.0
154.0
240.0
154.0
144.0
142.0
264.0
155.0
150.0
151.0
164.0
150.0
158.0
152.0
169.0
141.0
276.0
154.0
148.0
144.0
170.0
150.0
140.0
146.0
324.0
290.0
170.0
142.0
150.0
155.0
142.0
164.0
170.0
154.0
268.0
165.0
279.0
157.0
308.0
276.0
282.0
257.0
334.0
401.0
296.0
290.0
439.0
167.0
154.0
165.0
146.0
157.0
221.0
158.0
148.0
156.0
304.0
146.0
138.0
152.0
156.0
172.0
148.0
141.0
170.0
154.0
280.0
148.0
158.0
160.0
168.0
154.0
144.0
164.0
260.0
270.0
157.0
144.0
148.0
160.0
146.0
160.0
150.0
143.0
282.0
154.0
322.0
142.0
267.0
291.0
326.0
244.0
328.0
442.0
280.0
265.0
466.0
151.0
165.0
161.0
166.0
168.0
198.0
153.0
146.0
169.0
266.0
159.0
162.0
146.0
149.0
161.0
154.0
164.0
136.0
150.0
286.0
167.0
164.0
160.0
159.0
153.0
142.0
159.0
312.0
280.0
149.0
166.0
173.0
151.0
153.0
159.0
159.0
142.0
294.0
152.0
312.0
144.0
296.0
268.0
286.0
271.0
298.0
393.0
294.0
294.0
396.0
145.0
158.0
163.0
150.0
146.0
220.0
171.0
164.0
142.0
332.0
136.0
140.0
152.0
154.0
156.0
142.0
169.0
164.0
166.0
276.0
157.0
146.0
146.0
155.0
174.0
152.0
154.0
265.0
280.0
150.0
164.0
150.0
157.0
162.0
141.0
172.0
158.0
308.0
154.0
286.0
152.0
282.0
276.0
324.0
282.0
292.0
454.0
322.0
316.0
461.0
154.0
154.0
162.0
144.0
158.0
231.0
138.0
146.0
154.0
312.0
157.0
158.0
140.0
156.0
142.0
168.0
140.0
158.0
153.0
274.0
160.0
156.0
154.0
166.0
134.0
129.0
156.0
267.0
298.0
166.0
156.0
170.0
162.0
150.0
142.0
146.0
170.0
319.0
156.0
296.0
144.0
288.0
310.0
316.0
258.0
273.0
490.0
314.0
296.0
467.0
152.0
159.0
168.0
150.0
156.0
217.0
145.0
154.0
150.0
282.0
162.0
160.0
150.0
158.0
159.0
154.0
134.0
166.0
162.0
256.0
169.0
170.0
136.0
166.0
142.0
139.0
146.0
260.0
256.0
154.0
136.0
138.0
172.0
150.0
152.0
151.0
135.0
308.0
136.0
266.0
144.0
321.0
256.0
314.0
246.0
250.0
428.0
289.0
274.0
402.0
149.0
157.0
160.0
148.0
166.0
225.0
157.0
159.0
166.0
294.0
153.0
150.0
144.0
139.0
154.0
144.0
157.0
143.0
144.0
287.0
138.0
151.0
152.0
164.0
151.0
125.0
144.0
308.0
290.0
156.0
155.0
150.0
144.0
142.0
155.0
138.0
156.0
320.0
164.0
301.0
148.0
268.0
280.0
325.0
276.0
324.0
446.0
309.0
334.0
408.0
157.0
163.0
156.0
154.0
150.0
218.0
151.0
148.0
158.0
322.0
140.0
160.0
137.0
144.0
148.0
149.0
168.0
170.0
172.0
307.0
140.0
158.0
157.0
156.0
164.0
140.0
159.0
302.0
268.0
150.0
136.0
135.0
166.0
160.0
136.0
152.0
136.0
308.0
158.0
283.0
154.0
310.0
302.0
264.0
286.0
298.0
427.0
316.0
314.0
396.0
138.0
176.0
157.0
164.0
160.0
238.0
154.0
156.0
136.0
264.0
158.0
156.0
155.0
152.0
149.0
157.0
150.0
156.0
141.0
255.0
156.0
152.0
140.0
158.0
142.0
141.0
157.0
276.0
276.0
158.0
158.0
152.0
174.0
140.0
142.0
144.0
148.0
306.0
149.0
312.0
160.0
256.0
302.0
280.0
302.0
276.0
464.0
260.0
304.0
384.0
147.0
153.0
176.0
158.0
161.0
229.0
158.0
148.0
166.0
274.0
138.0
172.0
154.0
160.0
159.0
168.0
154.0
171.0
152.0
322.0
172.0
160.0
154.0
159.0
148.0
148.0
172.0
296.0
294.0
160.0
142.0
150.0
139.0
159.0
151.0
154.0
154.0
316.0
154.0
298.0
166.0
294.0
298.0
290.0
248.0
318.0
458.0
277.0
260.0
445.0
160.0
160.0
149.0
139.0
144.0
228.0
154.0
142.0
155.0
290.0
162.0
136.0
138.0
164.0
142.0
166.0
152.0
157.0
152.0
290.0
154.0
167.0
142.0
176.0
167.0
128.0
166.0
284.0
300.0
152.0
152.0
146.0
140.0
160.0
150.0
163.0
153.0
290.0
158.0
285.0
156.0
294.0
306.0
307.0
308.0
306.0
458.0
286.0
300.0
420.0
168.0
161.0
148.0
158.0
166.0
214.0
160.0
146.0
150.0
308.0
153.0
160.0
146.0
146.0
156.0
146.0
162.0
147.0
168.0
274.0
148.0
151.0
158.0
140.0
160.0
135.0
144.0
282.0
302.0
137.0
158.0
160.0
157.0
160.0
162.0
152.0
150.0
280.0
144.0
272.0
164.0
308.0
310.0
301.0
275.0
298.0
436.0
278.0
296.0
408.0
165.0
145.0
142.0
156.0
158.0
206.0
148.0
146.0
156.0
313.0
136.0
136.0
142.0
148.0
144.0
151.0
133.0
154.0
170.0
270.0
140.0
162.0
164.0
152.0
143.0
149.0
160.0
322.0
284.0
150.0
166.0
166.0
162.0
164.0
167.0
148.0
151.0
302.0
140.0
306.0
156.0
286.0
270.0
302.0
264.0
308.0
437.0
282.0
278.0
460.0
154.0
175.0
154.0
157.0
166.0
212.0
158.0
152.0
156.0
270.0
154.0
159.0
174.0
158.0
156.0
154.0
162.0
134.0
162.0
288.0
154.0
137.0
150.0
152.0
162.0
130.0
157.0
316.0
285.0
162.0
158.0
158.0
159.0
158.0
158.0
152.0
156.0
300.0
152.0
287.0
142.0
264.0
272.0
278.0
284.0
313.0
378.0
297.0
310.0
419.0
160.0
