I_BRKGA_111_3_20_1_CESP
111 3 20 495.0
31464.5
31954.5
34543.5
33223.5
34917.5
30289.5
32359.5
28791.5
33970.5
34273.5
30269.5
32488.5
31286.5
32871.5
34253.5
33489.5
35134.5
33050.5
28395.5
31820.5
0.05913604228749298
0.04930147684460504
0.05520285883458069
0.0472745702457983
0.0556992450556682
0.04068424664909419
0.05752511998106334
0.04090024223016079
0.055658970244344935
0.040113832821689684
0.055888461325318724
0.04474994997990681
0.05025421763752023
0.04109479868118387
0.05286320392104334
0.0437434847903512
0.050070806060536724
0.04428592453346088
0.05032269620836731
0.0652298516678127
116.0
129.0
121.0
5105.0
35.0
2516.0
473.0
1240.0
34.0
539.0
116.0
179.0
45.0
327.0
259.0
368.0
57.0
311.0
533.0
267.0
73.0
241.0
77.0
291.0
27.0
371.0
165.0
816.0
1363.0
556.0
350.0
1187.0
284.0
144.0
836.0
5380.0
5984.0
129.0
160.0
331.0
48.0
27.0
178.0
205.0
188.0
505.0
340.0
79.0
63.0
27.0
117.0
30.0
19.0
162.0
889.0
51.0
119.0
67.0
45.0
152.0
150.0
75.0
166.0
144.0
733.0
37.0
20.0
25.0
29.0
8.0
74.0
253.0
105.0
73.0
87.0
54.0
39.0
88.0
141.0
46.0
26.0
56.0
161.0
164.0
103.0
80.0
136.0
48.0
67.0
1535.0
58.0
56.0
69.0
24.0
156.0
288.0
30.0
275.0
127.0
257.0
82.0
136.0
778.0
219.0
66.0
1208.0
127.0
124.0
71.0
91.0
113.0
19.0
250.0
207.0
502.0
1324.0
36.0
541.0
114.0
189.0
46.0
340.0
249.0
401.0
59.0
307.0
535.0
286.0
74.0
231.0
80.0
280.0
28.0
341.0
163.0
804.0
1256.0
543.0
357.0
1135.0
299.0
144.0
824.0
5165.0
5730.0
127.0
162.0
325.0
51.0
28.0
189.0
206.0
183.0
490.0
340.0
79.0
66.0
27.0
123.0
33.0
19.0
163.0
833.0
53.0
129.0
61.0
46.0
154.0
149.0
75.0
157.0
141.0
779.0
38.0
20.0
26.0
32.0
8.0
69.0
269.0
113.0
69.0
84.0
55.0
40.0
82.0
151.0
46.0
27.0
58.0
154.0
165.0
111.0
86.0
138.0
44.0
65.0
1568.0
57.0
59.0
69.0
24.0
166.0
299.0
33.0
268.0
127.0
259.0
79.0
139.0
812.0
206.0
67.0
1218.0
126.0
122.0
68.0
90.0
110.0
19.0
258.0
197.0
503.0
1326.0
36.0
559.0
109.0
184.0
48.0
328.0
252.0
368.0
59.0
299.0
507.0
289.0
73.0
233.0
75.0
300.0
28.0
371.0
160.0
777.0
1313.0
568.0
356.0
1152.0
278.0
155.0
865.0
5007.0
5960.0
127.0
164.0
333.0
47.0
29.0
178.0
215.0
179.0
511.0
372.0
79.0
66.0
27.0
123.0
30.0
19.0
166.0
828.0
53.0
128.0
65.0
44.0
163.0
155.0
70.0
157.0
141.0
795.0
35.0
19.0
26.0
31.0
8.0
75.0
255.0
106.0
70.0
88.0
55.0
40.0
81.0
147.0
49.0
27.0
54.0
149.0
165.0
110.0
81.0
127.0
45.0
65.0
1620.0
57.0
59.0
71.0
26.0
151.0
294.0
32.0
262.0
119.0
251.0
77.0
132.0
784.0
219.0
66.0
1248.0
126.0
122.0
70.0
85.0
121.0
20.0
271.0
192.0
518.0
1262.0
34.0
505.0
114.0
188.0
47.0
317.0
248.0
401.0
61.0
297.0
538.0
283.0
69.0
232.0
77.0
298.0
28.0
366.0
161.0
810.0
1337.0
569.0
350.0
1166.0
287.0
159.0
804.0
5498.0
5849.0
122.0
168.0
327.0
49.0
28.0
183.0
222.0
192.0
526.0
347.0
78.0
62.0
27.0
120.0
32.0
19.0
162.0
842.0
52.0
120.0
66.0
43.0
161.0
148.0
70.0
156.0
151.0
801.0
38.0
20.0
25.0
31.0
8.0
75.0
268.0
105.0
73.0
83.0
54.0
37.0
88.0
147.0
46.0
25.0
58.0
157.0
170.0
110.0
87.0
135.0
47.0
67.0
1654.0
55.0
54.0
68.0
26.0
166.0
288.0
33.0
280.0
123.0
240.0
81.0
136.0
762.0
224.0
67.0
1250.0
126.0
122.0
67.0
91.0
119.0
20.0
260.0
205.0
480.0
1236.0
35.0
551.0
114.0
184.0
47.0
344.0
269.0
380.0
59.0
298.0
519.0
272.0
71.0
253.0
77.0
302.0
28.0
350.0
158.0
838.0
1323.0
562.0
341.0
1099.0
278.0
149.0
814.0
4990.0
5484.0
123.0
170.0
315.0
48.0
27.0
183.0
223.0
184.0
529.0
343.0
77.0
64.0
27.0
127.0
32.0
20.0
168.0
827.0
53.0
131.0
61.0
45.0
167.0
147.0
73.0
159.0
145.0
764.0
37.0
20.0
26.0
30.0
8.0
76.0
260.0
108.0
72.0
90.0
57.0
41.0
83.0
143.0
47.0
27.0
58.0
160.0
162.0
108.0
84.0
134.0
44.0
65.0
1615.0
56.0
55.0
66.0
25.0
157.0
295.0
33.0
275.0
120.0
259.0
76.0
140.0
797.0
218.0
67.0
1254.0
132.0
124.0
68.0
94.0
110.0
19.0
260.0
192.0
470.0
1238.0
35.0
509.0
118.0
185.0
45.0
342.0
248.0
370.0
61.0
290.0
529.0
271.0
74.0
236.0
76.0
273.0
28.0
348.0
165.0
817.0
1384.0
563.0
350.0
1079.0
280.0
159.0
866.0
5430.0
5604.0
127.0
169.0
304.0
49.0
27.0
185.0
214.0
192.0
534.0
363.0
77.0
63.0
25.0
126.0
31.0
18.0
177.0
830.0
52.0
122.0
64.0
43.0
161.0
145.0
74.0
163.0
148.0
740.0
38.0
20.0
25.0
30.0
8.0
72.0
254.0
107.0
69.0
87.0
54.0
38.0
83.0
153.0
49.0
27.0
58.0
154.0
167.0
102.0
82.0
128.0
47.0
64.0
1666.0
54.0
59.0
70.0
25.0
160.0
297.0
33.0
287.0
130.0
239.0
80.0
128.0
774.0
204.0
66.0
1193.0
125.0
119.0
67.0
85.0
113.0
20.0
247.0
193.0
475.0
1340.0
34.0
532.0
109.0
193.0
45.0
318.0
261.0
376.0
56.0
295.0
533.0
286.0
69.0
250.0
81.0
291.0
28.0
357.0
173.0
776.0
1381.0
560.0
359.0
1147.0
278.0
158.0
852.0
5444.0
5912.0
129.0
163.0
310.0
50.0
29.0
193.0
225.0
178.0
517.0
359.0
79.0
65.0
26.0
119.0
31.0
20.0
165.0
827.0
49.0
131.0
64.0
42.0
158.0
141.0
72.0
158.0
139.0
728.0
37.0
21.0
26.0
31.0
8.0
74.0
276.0
106.0
68.0
91.0
58.0
40.0
86.0
139.0
45.0
25.0
53.0
157.0
175.0
102.0
87.0
128.0
47.0
65.0
1621.0
56.0
59.0
69.0
26.0
157.0
289.0
32.0
267.0
125.0
246.0
83.0
139.0
766.0
224.0
69.0
1222.0
132.0
118.0
68.0
86.0
118.0
20.0
258.0
206.0
508.0
1339.0
35.0
544.0
114.0
192.0
46.0
321.0
261.0
390.0
56.0
312.0
513.0
284.0
72.0
239.0
75.0
289.0
27.0
358.0
166.0
836.0
1340.0
552.0
353.0
1101.0
279.0
145.0
868.0
5092.0
5688.0
129.0
168.0
314.0
47.0
28.0
184.0
219.0
188.0
520.0
363.0
73.0
62.0
25.0
126.0
30.0
19.0
168.0
846.0
52.0
127.0
62.0
44.0
155.0
145.0
71.0
163.0
144.0
775.0
36.0
19.0
25.0
32.0
8.0
70.0
267.0
105.0
71.0
87.0
56.0
40.0
82.0
145.0
49.0
25.0
53.0
154.0
174.0
110.0
80.0
131.0
47.0
62.0
1526.0
56.0
57.0
70.0
25.0
160.0
298.0
31.0
261.0
121.0
260.0
77.0
135.0
790.0
220.0
69.0
1232.0
134.0
127.0
72.0
89.0
118.0
20.0
251.0
200.0
513.0
1236.0
36.0
556.0
118.0
182.0
48.0
338.0
245.0
391.0
56.0
306.0
515.0
274.0
74.0
233.0
76.0
283.0
27.0
346.0
167.0
764.0
1369.0
591.0
344.0
1182.0
273.0
150.0
828.0
5453.0
5762.0
129.0
169.0
327.0
46.0
28.0
191.0
208.0
179.0
527.0
361.0
77.0
66.0
27.0
124.0
32.0
19.0
167.0
858.0
53.0
128.0
65.0
43.0
163.0
146.0
73.0
167.0
142.0
725.0
37.0
21.0
26.0
30.0
8.0
74.0
256.0
102.0
74.0
88.0
58.0
40.0
89.0
146.0
49.0
25.0
55.0
153.0
163.0
104.0
82.0
133.0
47.0
64.0
1607.0
58.0
58.0
66.0
26.0
165.0
299.0
31.0
283.0
128.0
247.0
76.0
130.0
765.0
214.0
65.0
1227.0
122.0
127.0
71.0
91.0
118.0
20.0
256.0
190.0
472.0
1254.0
34.0
523.0
111.0
183.0
45.0
328.0
265.0
364.0
60.0
307.0
530.0
268.0
69.0
249.0
76.0
298.0
29.0
339.0
159.0
777.0
1274.0
601.0
341.0
1192.0
283.0
154.0
789.0
5108.0
5623.0
120.0
167.0
334.0
49.0
28.0
180.0
205.0
183.0
495.0
344.0
79.0
67.0
26.0
126.0
32.0
20.0
176.0
837.0
50.0
128.0
67.0
45.0
161.0
146.0
72.0
152.0
142.0
746.0
37.0
20.0
25.0
30.0
8.0
71.0
255.0
112.0
72.0
86.0
55.0
38.0
85.0
153.0
45.0
27.0
54.0
162.0
168.0
102.0
83.0
135.0
45.0
64.0
1622.0
57.0
55.0
65.0
24.0
164.0
282.0
32.0
286.0
124.0
238.0
82.0
130.0
778.0
225.0
68.0
1216.0
129.0
120.0
69.0
93.0
119.0
19.0
264.0
191.0
511.0
1241.0
34.0
514.0
113.0
190.0
47.0
340.0
252.0
371.0
58.0
291.0
515.0
277.0
76.0
244.0
79.0
275.0
29.0
366.0
163.0
764.0
1299.0
593.0
353.0
1195.0
288.0
158.0
864.0
5116.0
5873.0
126.0
161.0
328.0
47.0
29.0
186.0
221.0
187.0
513.0
347.0
77.0
67.0
27.0
120.0
32.0
20.0
177.0
901.0
53.0
125.0
63.0
43.0
159.0
154.0
71.0
159.0
143.0
786.0
37.0
20.0
25.0
31.0
8.0
70.0
259.0
105.0
67.0
88.0
56.0
40.0
84.0
146.0
47.0
25.0
53.0
155.0
171.0
104.0
80.0
136.0
45.0
65.0
1558.0
59.0
56.0
66.0
24.0
164.0
280.0
30.0
285.0
125.0
254.0
77.0
134.0
829.0
206.0
70.0
1212.0
129.0
119.0
70.0
90.0
118.0
19.0
250.0
191.0
492.0
1343.0
36.0
520.0
116.0
193.0
44.0
351.0
258.0
392.0
57.0
319.0
545.0
266.0
71.0
229.0
79.0
277.0
27.0
343.0
159.0
778.0
1306.0
588.0
333.0
1107.0
274.0
159.0
819.0
5500.0
5892.0
119.0
173.0
334.0
48.0
28.0
177.0
214.0
178.0
520.0
354.0
77.0
66.0
27.0
127.0
31.0
20.0
175.0
892.0
53.0
123.0
67.0
42.0
152.0
143.0
75.0
166.0
147.0
781.0
37.0
20.0
25.0
30.0
8.0
73.0
262.0
107.0
74.0
90.0
57.0
38.0
81.0
141.0
47.0
26.0
55.0
151.0
161.0
103.0
85.0
132.0
48.0
62.0
1501.0
54.0
56.0
71.0
25.0
152.0
272.0
32.0
285.0
124.0
248.0
79.0
136.0
798.0
218.0
66.0
1180.0
130.0
125.0
69.0
86.0
113.0
20.0
266.0
206.0
496.0
1270.0
35.0
513.0
120.0
182.0
46.0
351.0
268.0
382.0
57.0
295.0
533.0
279.0
73.0
250.0
79.0
290.0
28.0
341.0
172.0
766.0
1327.0
546.0
347.0
1174.0
289.0
150.0
829.0
5113.0
6015.0
118.0
163.0
306.0
49.0
28.0
190.0
220.0
188.0
500.0
357.0
75.0
65.0
27.0
117.0
30.0
20.0
166.0
873.0
51.0
123.0
63.0
44.0
165.0
155.0
74.0
154.0
152.0
768.0
36.0
21.0
26.0
32.0
8.0
74.0
276.0
107.0
74.0
83.0
57.0
37.0
87.0
148.0
46.0
26.0
54.0
153.0
170.0
105.0
85.0
135.0
45.0
67.0
1512.0
59.0
57.0
70.0
24.0
161.0
297.0
32.0
288.0
124.0
246.0
81.0
141.0
828.0
219.0
65.0
1221.0
124.0
119.0
67.0
91.0
116.0
20.0
245.0
204.0
519.0
1346.0
35.0
560.0
113.0
184.0
44.0
341.0
247.0
377.0
60.0
294.0
504.0
288.0
76.0
248.0
77.0
279.0
28.0
350.0
166.0
838.0
1262.0
551.0
356.0
1184.0
279.0
146.0
817.0
5297.0
5592.0
123.0
157.0
309.0
49.0
29.0
185.0
217.0
196.0
506.0
356.0
77.0
63.0
25.0
119.0
30.0
20.0
178.0
877.0
50.0
123.0
64.0
42.0
158.0
143.0
76.0
164.0
143.0
744.0
36.0
20.0
26.0
30.0
8.0
70.0
276.0
109.0
71.0
89.0
55.0
38.0
84.0
149.0
47.0
27.0
58.0
156.0
172.0
103.0
82.0
138.0
45.0
65.0
1582.0
59.0
56.0
70.0
24.0
161.0
279.0
31.0
278.0
122.0
253.0
77.0
130.0
756.0
220.0
71.0
1259.0
133.0
115.0
70.0
92.0
122.0
19.0
269.0
200.0
468.0
1241.0
34.0
523.0
111.0
183.0
47.0
331.0
246.0
376.0
55.0
308.0
535.0
272.0
73.0
235.0
80.0
277.0
27.0
348.0
171.0
823.0
1325.0
544.0
343.0
1088.0
295.0
157.0
838.0
5180.0
5930.0
125.0
166.0
336.0
50.0
29.0
184.0
214.0
196.0
488.0
368.0
76.0
63.0
26.0
124.0
31.0
19.0
163.0
883.0
50.0
119.0
61.0
46.0
155.0
142.0
72.0
155.0
145.0
772.0
37.0
20.0
26.0
32.0
8.0
73.0
261.0
105.0
72.0
89.0
59.0
41.0
89.0
140.0
45.0
26.0
53.0
163.0
165.0
101.0
85.0
134.0
47.0
67.0
1598.0
54.0
57.0
66.0
25.0
164.0
285.0
31.0
276.0
126.0
247.0
83.0
139.0
832.0
218.0
69.0
1219.0
133.0
119.0
73.0
85.0
117.0
20.0
251.0
189.0
500.0
1252.0
35.0
507.0
119.0
178.0
48.0
317.0
252.0
384.0
56.0
319.0
535.0
288.0
73.0
248.0
80.0
299.0
29.0
347.0
171.0
815.0
1255.0
550.0
342.0
1149.0
294.0
153.0
876.0
5325.0
5571.0
126.0
162.0
311.0
51.0
28.0
181.0
220.0
180.0
488.0
374.0
74.0
63.0
27.0
128.0
31.0
19.0
163.0
847.0
50.0
131.0
61.0
43.0
161.0
140.0
76.0
167.0
149.0
795.0
38.0
19.0
24.0
32.0
8.0
69.0
267.0
105.0
71.0
89.0
55.0
39.0
82.0
148.0
47.0
25.0
55.0
157.0
165.0
101.0
86.0
138.0
46.0
64.0
1640.0
54.0
58.0
67.0
25.0
151.0
273.0
30.0
274.0
127.0
260.0
83.0
129.0
795.0
223.0
66.0
1285.0
126.0
120.0
68.0
87.0
122.0
18.0
266.0
188.0
482.0
1313.0
35.0
555.0
113.0
187.0
45.0
339.0
253.0
367.0
57.0
316.0
539.0
266.0
73.0
239.0
77.0
282.0
27.0
368.0
159.0
823.0
1326.0
550.0
351.0
1142.0
273.0
148.0
800.0
5076.0
5657.0
122.0
165.0
309.0
51.0
27.0
190.0
212.0
195.0
500.0
371.0
78.0
64.0
25.0
128.0
31.0
19.0
163.0
899.0
50.0
123.0
64.0
44.0
157.0
148.0
71.0
165.0
150.0
791.0
37.0
21.0
25.0
29.0
8.0
71.0
255.0
108.0
70.0
91.0
55.0
37.0
85.0
147.0
49.0
25.0
54.0
163.0
165.0
108.0
87.0
127.0
47.0
63.0
1618.0
58.0
57.0
69.0
26.0
163.0
287.0
30.0
266.0
127.0
243.0
81.0
128.0
775.0
204.0
67.0
1230.0
123.0
123.0
73.0
91.0
120.0
19.0
268.0
205.0
469.0
1294.0
34.0
514.0
112.0
187.0
45.0
317.0
270.0
390.0
58.0
289.0
517.0
273.0
75.0
233.0
77.0
284.0
27.0
364.0
164.0
822.0
1297.0
542.0
354.0
1085.0
293.0
151.0
815.0
5079.0
5880.0
126.0
170.0
332.0
49.0
27.0
176.0
205.0
184.0
491.0
349.0
74.0
67.0
27.0
118.0
33.0
19.0
171.0
858.0
53.0
122.0
64.0
44.0
157.0
154.0
72.0
164.0
141.0
767.0
35.0
21.0
25.0
30.0
8.0
75.0
267.0
103.0
68.0
84.0
56.0
40.0
81.0
147.0
48.0
26.0
53.0
159.0
163.0
100.0
83.0
128.0
44.0
64.0
1653.0
57.0
55.0
71.0
24.0
164.0
274.0
32.0
263.0
120.0
248.0
80.0
131.0
791.0
204.0
65.0
1183.0
130.0
125.0
73.0
87.0
111.0
20.0
253.0
201.0
476.0
1220.0
33.0
540.0
118.0
189.0
44.0
328.0
249.0
400.0
56.0
302.0
519.0
283.0
75.0
241.0
75.0
286.0
28.0
346.0
158.0
827.0
1260.0
577.0
363.0
1166.0
273.0
152.0
827.0
5015.0
5465.0
121.0
168.0
325.0
50.0
27.0
176.0
207.0
191.0
532.0
355.0
75.0
61.0
26.0
123.0
33.0
19.0
162.0
858.0
53.0
126.0
62.0
42.0
159.0
144.0
73.0
159.0
148.0
775.0
38.0
21.0
25.0
31.0
8.0
75.0
253.0
107.0
73.0
86.0
54.0
38.0
88.0
142.0
48.0
25.0
58.0
152.0
175.0
100.0
84.0
128.0
45.0
62.0
1631.0
57.0
58.0
69.0
26.0
166.0
274.0
32.0
288.0
122.0
247.0
76.0
133.0
771.0
209.0
65.0
1203.0
131.0
118.0
69.0
88.0
111.0
18.0
253.0
202.0
473.0
1271.0
33.0
510.0
109.0
193.0
45.0
346.0
265.0
380.0
58.0
297.0
529.0
282.0
71.0
247.0
79.0
293.0
28.0
356.0
163.0
800.0
1270.0
562.0
336.0
1144.0
283.0
145.0
869.0
4984.0
5682.0
126.0
161.0
312.0
48.0
28.0
190.0
215.0
185.0
504.0
358.0
76.0
65.0
25.0
116.0
33.0
20.0
178.0
826.0
50.0
125.0
65.0
46.0
155.0
150.0
73.0
165.0
151.0
745.0
36.0
21.0
24.0
32.0
8.0
74.0
261.0
106.0
72.0
87.0
57.0
38.0
83.0
154.0
49.0
27.0
56.0
149.0
163.0
109.0
81.0
128.0
47.0
64.0
1586.0
59.0
54.0
68.0
24.0
163.0
279.0
32.0
276.0
122.0
249.0
77.0
137.0
822.0
222.0
66.0
1194.0
131.0
123.0
71.0
89.0
116.0
19.0
269.0
200.0
192.0
155.0
134.0
130.0
478.0
152.0
138.0
170.0
138.0
156.0
147.0
156.0
174.0
139.0
133.0
173.0
167.0
165.0
431.0
173.0
143.0
145.0
149.0
153.0
148.0
160.0
149.0
490.0
151.0
149.0
148.0
145.0
154.0
149.0
137.0
176.0
150.0
143.0
169.0
177.0
171.0
168.0
142.0
119.0
165.0
418.0
176.0
132.0
451.0
172.0
162.0
155.0
167.0
166.0
142.0
161.0
160.0
163.0
480.0
163.0
138.0
169.0
153.0
175.0
135.0
140.0
170.0
144.0
137.0
145.0
131.0
161.0
163.0
152.0
151.0
158.0
383.0
175.0
147.0
148.0
131.0
164.0
130.0
138.0
147.0
133.0
456.0
148.0
372.0
169.0
487.0
388.0
414.0
365.0
371.0
482.0
434.0
458.0
467.0
156.0
135.0
161.0
138.0
173.0
173.0
133.0
149.0
167.0
174.0
185.0
175.0
154.0
430.0
137.0
136.0
163.0
136.0
145.0
173.0
164.0
134.0
158.0
161.0
165.0
140.0
148.0
370.0
175.0
160.0
164.0
153.0
148.0
159.0
140.0
158.0
461.0
163.0
152.0
161.0
169.0
154.0
135.0
144.0
147.0
167.0
134.0
143.0
174.0
164.0
175.0
165.0
135.0
141.0
412.0
133.0
161.0
468.0
169.0
174.0
139.0
153.0
153.0
164.0
145.0
160.0
157.0
490.0
175.0
158.0
164.0
156.0
161.0
172.0
143.0
137.0
139.0
174.0
150.0
162.0
160.0
158.0
154.0
114.0
158.0
444.0
135.0
155.0
131.0
166.0
162.0
133.0
175.0
169.0
164.0
495.0
166.0
398.0
177.0
458.0
370.0
471.0
488.0
480.0
372.0
430.0
450.0
472.0
149.0
174.0
170.0
174.0
146.0
152.0
159.0
140.0
135.0
167.0
173.0
139.0
167.0
444.0
154.0
135.0
164.0
151.0
147.0
173.0
172.0
131.0
140.0
152.0
137.0
169.0
147.0
489.0
158.0
152.0
159.0
162.0
153.0
176.0
167.0
154.0
402.0
168.0
173.0
147.0
177.0
158.0
138.0
146.0
154.0
136.0
138.0
151.0
177.0
156.0
157.0
159.0
131.0
145.0
425.0
146.0
171.0
440.0
131.0
173.0
147.0
147.0
138.0
153.0
175.0
174.0
147.0
365.0
147.0
135.0
172.0
131.0
160.0
164.0
174.0
170.0
149.0
168.0
158.0
158.0
143.0
142.0
159.0
115.0
175.0
476.0
143.0
152.0
144.0
131.0
172.0
139.0
134.0
159.0
172.0
475.0
141.0
464.0
141.0
464.0
482.0
412.0
475.0
404.0
465.0
367.0
404.0
434.0
137.0
138.0
163.0
157.0
170.0
175.0
165.0
165.0
136.0
155.0
175.0
147.0
170.0
428.0
159.0
171.0
173.0
132.0
169.0
156.0
155.0
170.0
153.0
132.0
165.0
154.0
168.0
421.0
151.0
148.0
139.0
160.0
169.0
145.0
149.0
147.0
476.0
161.0
137.0
161.0
142.0
149.0
169.0
145.0
136.0
132.0
154.0
138.0
145.0
134.0
149.0
133.0
144.0
153.0
443.0
158.0
177.0
456.0
146.0
136.0
171.0
162.0
155.0
138.0
168.0
139.0
148.0
392.0
131.0
154.0
170.0
133.0
169.0
174.0
155.0
168.0
176.0
177.0
149.0
165.0
133.0
145.0
148.0
148.0
158.0
396.0
147.0
130.0
132.0
172.0
157.0
175.0
149.0
139.0
144.0
405.0
164.0
378.0
136.0
391.0
459.0
382.0
439.0
463.0
439.0
435.0
425.0
480.0
140.0
138.0
159.0
138.0
135.0
170.0
159.0
176.0
131.0
175.0
190.0
135.0
149.0
378.0
133.0
170.0
147.0
176.0
148.0
172.0
143.0
133.0
164.0
155.0
166.0
133.0
162.0
423.0
144.0
154.0
153.0
161.0
161.0
152.0
169.0
146.0
416.0
162.0
137.0
134.0
159.0
144.0
158.0
147.0
160.0
173.0
162.0
149.0
130.0
144.0
151.0
162.0
121.0
138.0
468.0
174.0
148.0
372.0
134.0
142.0
167.0
167.0
141.0
158.0
176.0
136.0
176.0
471.0
175.0
137.0
130.0
144.0
141.0
169.0
136.0
147.0
143.0
168.0
153.0
145.0
150.0
131.0
173.0
149.0
142.0
376.0
152.0
135.0
133.0
163.0
136.0
131.0
165.0
152.0
175.0
492.0
159.0
393.0
136.0
406.0
447.0
411.0
376.0
405.0
367.0
462.0
386.0
375.0
163.0
158.0
166.0
170.0
149.0
132.0
168.0
160.0
173.0
177.0
165.0
138.0
155.0
440.0
155.0
166.0
165.0
141.0
158.0
146.0
164.0
133.0
154.0
134.0
134.0
155.0
138.0
491.0
143.0
137.0
152.0
151.0
132.0
170.0
165.0
137.0
411.0
161.0
163.0
135.0
149.0
138.0
169.0
175.0
159.0
171.0
142.0
133.0
130.0
161.0
154.0
170.0
151.0
156.0
401.0
142.0
161.0
416.0
163.0
154.0
144.0
171.0
152.0
157.0
138.0
144.0
163.0
455.0
143.0
176.0
158.0
141.0
164.0
174.0
136.0
154.0
138.0
161.0
151.0
157.0
150.0
163.0
154.0
138.0
159.0
446.0
154.0
144.0
146.0
163.0
166.0
134.0
150.0
170.0
139.0
410.0
152.0
390.0
162.0
457.0
440.0
409.0
476.0
483.0
402.0
444.0
390.0
425.0
174.0
145.0
144.0
139.0
150.0
131.0
163.0
149.0
140.0
189.0
156.0
152.0
158.0
434.0
131.0
138.0
170.0
156.0
141.0
164.0
169.0
168.0
155.0
157.0
131.0
167.0
133.0
433.0
134.0
159.0
130.0
151.0
153.0
133.0
176.0
164.0
473.0
156.0
148.0
155.0
162.0
170.0
153.0
136.0
143.0
164.0
156.0
173.0
154.0
149.0
159.0
135.0
134.0
163.0
470.0
140.0
159.0
405.0
130.0
146.0
149.0
144.0
151.0
152.0
138.0
137.0
156.0
381.0
171.0
161.0
131.0
167.0
136.0
162.0
177.0
139.0
161.0
144.0
167.0
155.0
134.0
139.0
162.0
147.0
142.0
400.0
157.0
152.0
156.0
150.0
152.0
167.0
169.0
151.0
139.0
411.0
175.0
419.0
172.0
363.0
363.0
470.0
376.0
432.0
469.0
394.0
395.0
438.0
136.0
170.0
148.0
168.0
168.0
151.0
177.0
162.0
163.0
156.0
176.0
158.0
134.0
422.0
143.0
131.0
137.0
158.0
162.0
138.0
145.0
164.0
156.0
173.0
169.0
167.0
176.0
390.0
175.0
163.0
147.0
154.0
144.0
174.0
139.0
150.0
420.0
169.0
145.0
172.0
168.0
141.0
145.0
158.0
152.0
177.0
133.0
143.0
141.0
151.0
172.0
157.0
121.0
138.0
453.0
171.0
132.0
384.0
175.0
164.0
166.0
164.0
169.0
130.0
166.0
157.0
136.0
414.0
135.0
159.0
152.0
131.0
153.0
172.0
153.0
160.0
167.0
145.0
146.0
141.0
173.0
147.0
147.0
122.0
131.0
460.0
174.0
165.0
144.0
164.0
176.0
172.0
142.0
167.0
143.0
403.0
136.0
430.0
134.0
417.0
400.0
366.0
383.0
374.0
448.0
440.0
420.0
425.0
174.0
167.0
139.0
151.0
175.0
159.0
134.0
145.0
143.0
182.0
175.0
156.0
135.0
478.0
164.0
166.0
138.0
163.0
157.0
137.0
167.0
164.0
170.0
147.0
161.0
161.0
132.0
369.0
174.0
160.0
162.0
170.0
155.0
140.0
148.0
167.0
486.0
176.0
145.0
165.0
164.0
141.0
153.0
133.0
168.0
176.0
149.0
135.0
174.0
173.0
157.0
147.0
150.0
167.0
485.0
161.0
131.0
482.0
154.0
140.0
167.0
159.0
169.0
173.0
166.0
144.0
136.0
466.0
136.0
175.0
160.0
164.0
141.0
157.0
168.0
177.0
149.0
170.0
162.0
167.0
154.0
176.0
135.0
115.0
150.0
401.0
157.0
160.0
141.0
146.0
161.0
161.0
141.0
162.0
148.0
440.0
146.0
373.0
134.0
375.0
421.0
404.0
454.0
376.0
440.0
438.0
380.0
437.0
153.0
136.0
158.0
137.0
144.0
176.0
170.0
144.0
163.0
168.0
189.0
130.0
132.0
384.0
138.0
157.0
175.0
130.0
160.0
131.0
148.0
141.0
140.0
172.0
144.0
151.0
140.0
470.0
154.0
137.0
142.0
169.0
139.0
161.0
152.0
153.0
378.0
170.0
143.0
138.0
160.0
158.0
154.0
141.0
133.0
156.0
138.0
164.0
177.0
141.0
162.0
175.0
124.0
158.0
456.0
140.0
156.0
464.0
173.0
140.0
153.0
148.0
175.0
136.0
130.0
174.0
170.0
413.0
130.0
170.0
154.0
156.0
155.0
145.0
173.0
176.0
163.0
134.0
141.0
170.0
166.0
168.0
138.0
118.0
167.0
425.0
170.0
152.0
149.0
136.0
146.0
156.0
165.0
176.0
167.0
422.0
167.0
426.0
144.0
379.0
392.0
493.0
395.0
393.0
363.0
384.0
482.0
417.0
173.0
139.0
142.0
134.0
131.0
150.0
147.0
169.0
160.0
158.0
206.0
166.0
145.0
391.0
168.0
147.0
134.0
161.0
138.0
171.0
157.0
142.0
150.0
137.0
134.0
146.0
162.0
424.0
167.0
173.0
168.0
165.0
146.0
153.0
143.0
144.0
442.0
150.0
175.0
130.0
161.0
133.0
147.0
146.0
171.0
177.0
146.0
169.0
170.0
157.0
134.0
175.0
133.0
134.0
461.0
151.0
173.0
438.0
150.0
145.0
168.0
168.0
133.0
154.0
177.0
143.0
155.0
437.0
153.0
141.0
176.0
174.0
160.0
161.0
136.0
176.0
165.0
133.0
155.0
141.0
166.0
162.0
137.0
117.0
173.0
374.0
156.0
172.0
173.0
140.0
145.0
138.0
175.0
172.0
136.0
377.0
145.0
471.0
141.0
436.0
445.0
456.0
458.0
431.0
392.0
401.0
387.0
413.0
154.0
134.0
150.0
148.0
173.0
141.0
151.0
138.0
171.0
205.0
201.0
166.0
134.0
387.0
153.0
174.0
131.0
156.0
150.0
134.0
130.0
171.0
155.0
174.0
170.0
156.0
163.0
456.0
167.0
176.0
130.0
161.0
163.0
139.0
154.0
175.0
444.0
133.0
150.0
154.0
148.0
155.0
148.0
132.0
140.0
136.0
135.0
162.0
162.0
168.0
140.0
158.0
151.0
130.0
419.0
167.0
169.0
470.0
150.0
173.0
147.0
158.0
164.0
159.0
157.0
149.0
156.0
486.0
145.0
136.0
169.0
162.0
141.0
136.0
142.0
173.0
159.0
171.0
150.0
171.0
143.0
165.0
153.0
145.0
138.0
374.0
161.0
177.0
172.0
137.0
152.0
150.0
158.0
153.0
171.0
397.0
133.0
365.0
157.0
366.0
432.0
464.0
447.0
462.0
474.0
480.0
374.0
376.0
137.0
165.0
155.0
171.0
169.0
175.0
175.0
146.0
158.0
186.0
185.0
160.0
177.0
405.0
140.0
165.0
157.0
161.0
150.0
136.0
164.0
130.0
159.0
133.0
161.0
140.0
171.0
457.0
138.0
144.0
169.0
144.0
135.0
135.0
150.0
143.0
481.0
173.0
169.0
158.0
137.0
137.0
138.0
151.0
160.0
159.0
173.0
135.0
166.0
145.0
157.0
168.0
135.0
151.0
474.0
148.0
133.0
494.0
158.0
172.0
163.0
154.0
164.0
157.0
137.0
159.0
168.0
418.0
151.0
149.0
170.0
138.0
156.0
164.0
169.0
138.0
163.0
138.0
151.0
168.0
174.0
143.0
166.0
117.0
133.0
484.0
143.0
144.0
168.0
143.0
167.0
144.0
141.0
167.0
133.0
468.0
137.0
468.0
130.0
450.0
474.0
482.0
379.0
415.0
386.0
402.0
406.0
365.0
152.0
153.0
147.0
159.0
133.0
144.0
151.0
172.0
175.0
202.0
196.0
148.0
158.0
405.0
142.0
137.0
173.0
173.0
145.0
130.0
135.0
143.0
174.0
172.0
163.0
177.0
130.0
437.0
135.0
132.0
163.0
130.0
147.0
164.0
163.0
139.0
387.0
155.0
139.0
174.0
137.0
138.0
131.0
132.0
167.0
172.0
154.0
137.0
132.0
157.0
171.0
171.0
116.0
145.0
487.0
171.0
168.0
465.0
135.0
150.0
172.0
171.0
138.0
149.0
132.0
138.0
172.0
434.0
148.0
173.0
147.0
166.0
166.0
143.0
140.0
166.0
138.0
160.0
164.0
177.0
131.0
166.0
174.0
113.0
139.0
387.0
164.0
162.0
177.0
143.0
133.0
160.0
156.0
167.0
133.0
382.0
137.0
449.0
165.0
403.0
447.0
444.0
394.0
480.0
482.0
472.0
391.0
447.0
175.0
154.0
157.0
164.0
143.0
140.0
157.0
154.0
142.0
180.0
167.0
135.0
135.0
476.0
159.0
132.0
151.0
144.0
163.0
141.0
146.0
173.0
142.0
143.0
165.0
147.0
164.0
393.0
158.0
130.0
143.0
162.0
159.0
137.0
140.0
136.0
376.0
168.0
154.0
141.0
176.0
164.0
163.0
133.0
172.0
158.0
144.0
139.0
139.0
167.0
143.0
136.0
114.0
133.0
438.0
167.0
141.0
489.0
149.0
154.0
164.0
173.0
131.0
145.0
171.0
145.0
137.0
386.0
160.0
174.0
131.0
142.0
164.0
156.0
143.0
174.0
168.0
164.0
156.0
164.0
154.0
130.0
169.0
119.0
159.0
482.0
172.0
132.0
143.0
156.0
149.0
163.0
172.0
131.0
149.0
460.0
153.0
408.0
136.0
419.0
464.0
491.0
488.0
403.0
418.0
397.0
390.0
377.0
134.0
131.0
154.0
163.0
142.0
149.0
132.0
176.0
172.0
175.0
172.0
159.0
156.0
385.0
142.0
149.0
149.0
154.0
152.0
143.0
145.0
149.0
134.0
149.0
174.0
158.0
153.0
381.0
153.0
138.0
157.0
141.0
156.0
141.0
174.0
136.0
392.0
156.0
143.0
168.0
151.0
136.0
176.0
168.0
140.0
132.0
171.0
140.0
133.0
166.0
149.0
172.0
114.0
134.0
365.0
131.0
139.0
400.0
137.0
174.0
168.0
133.0
144.0
166.0
155.0
150.0
136.0
399.0
132.0
158.0
150.0
135.0
141.0
156.0
155.0
131.0
165.0
133.0
147.0
141.0
139.0
162.0
147.0
133.0
146.0
446.0
172.0
131.0
177.0
161.0
162.0
166.0
151.0
155.0
130.0
399.0
165.0
424.0
169.0
377.0
389.0
435.0
465.0
460.0
455.0
435.0
417.0
402.0
173.0
136.0
132.0
148.0
150.0
137.0
150.0
156.0
149.0
180.0
182.0
145.0
136.0
483.0
175.0
171.0
167.0
148.0
171.0
171.0
143.0
148.0
137.0
163.0
167.0
170.0
175.0
428.0
153.0
165.0
161.0
156.0
158.0
159.0
143.0
169.0
461.0
151.0
149.0
134.0
140.0
161.0
160.0
149.0
161.0
140.0
169.0
141.0
143.0
137.0
161.0
159.0
129.0
166.0
417.0
160.0
157.0
447.0
170.0
153.0
156.0
174.0
166.0
134.0
169.0
166.0
149.0
417.0
141.0
160.0
173.0
155.0
142.0
133.0
155.0
169.0
169.0
137.0
137.0
172.0
149.0
148.0
155.0
112.0
159.0
393.0
137.0
149.0
164.0
142.0
154.0
156.0
171.0
155.0
158.0
492.0
154.0
368.0
160.0
368.0
383.0
484.0
376.0
473.0
422.0
365.0
381.0
437.0
172.0
131.0
157.0
143.0
157.0
134.0
176.0
141.0
146.0
193.0
203.0
170.0
174.0
439.0
130.0
158.0
152.0
175.0
146.0
153.0
155.0
159.0
175.0
135.0
162.0
137.0
162.0
366.0
136.0
157.0
174.0
148.0
136.0
149.0
153.0
167.0
368.0
138.0
163.0
164.0
177.0
134.0
144.0
154.0
134.0
152.0
148.0
137.0
146.0
175.0
147.0
151.0
132.0
163.0
369.0
171.0
174.0
384.0
167.0
156.0
168.0
130.0
168.0
145.0
162.0
151.0
177.0
368.0
167.0
167.0
158.0
150.0
170.0
141.0
162.0
134.0
148.0
137.0
156.0
157.0
142.0
137.0
137.0
138.0
166.0
366.0
139.0
172.0
170.0
138.0
170.0
163.0
143.0
136.0
173.0
366.0
151.0
398.0
163.0
416.0
424.0
468.0
435.0
406.0
494.0
470.0
406.0
466.0
133.0
162.0
141.0
161.0
165.0
147.0
138.0
145.0
140.0
162.0
161.0
149.0
131.0
396.0
159.0
176.0
144.0
166.0
162.0
139.0
131.0
151.0
162.0
143.0
141.0
137.0
151.0
469.0
134.0
148.0
136.0
167.0
154.0
142.0
167.0
172.0
491.0
130.0
172.0
151.0
144.0
132.0
137.0
166.0
166.0
161.0
172.0
157.0
162.0
136.0
162.0
176.0
139.0
148.0
419.0
160.0
167.0
399.0
130.0
131.0
150.0
131.0
157.0
160.0
173.0
163.0
138.0
486.0
161.0
154.0
153.0
142.0
171.0
141.0
160.0
169.0
168.0
143.0
159.0
163.0
136.0
142.0
153.0
127.0
132.0
453.0
161.0
144.0
135.0
154.0
164.0
148.0
166.0
156.0
164.0
442.0
148.0
473.0
170.0
494.0
494.0
466.0
492.0
439.0
375.0
418.0
412.0
410.0
148.0
132.0
159.0
134.0
135.0
146.0
161.0
163.0
145.0
185.0
170.0
149.0
153.0
434.0
167.0
170.0
142.0
133.0
176.0
137.0
166.0
171.0
162.0
142.0
154.0
154.0
175.0
396.0
146.0
169.0
138.0
150.0
133.0
145.0
159.0
144.0
467.0
141.0
157.0
172.0
171.0
149.0
149.0
170.0
150.0
163.0
174.0
152.0
146.0
145.0
133.0
144.0
135.0
171.0
467.0
144.0
130.0
454.0
156.0
155.0
137.0
157.0
175.0
170.0
159.0
144.0
136.0
382.0
176.0
168.0
149.0
174.0
149.0
169.0
175.0
161.0
151.0
152.0
148.0
163.0
161.0
135.0
176.0
115.0
170.0
375.0
157.0
151.0
153.0
172.0
149.0
154.0
134.0
135.0
153.0
439.0
131.0
426.0
144.0
385.0
492.0
404.0
490.0
411.0
454.0
425.0
477.0
407.0
135.0
172.0
167.0
168.0
174.0
159.0
168.0
171.0
136.0
