I_BRKGA_112_4_30_11_CESP
112 4 30 494.0
33610.5
35038.5
34569.5
32892.5
31644.5
33875.5
29672.5
31509.5
34513.5
34055.5
30528.5
33438.5
34882.5
34309.5
30337.5
34606.5
31735.5
33794.5
31795.5
32758.5
35163.5
33473.5
31822.5
34830.5
34679.5
31673.5
30709.5
30930.5
32556.5
33695.5
0.036981368784981344
0.027309248788432577
0.03505182655637901
0.030488298221118662
0.037861729294319746
0.02918012890597287
0.03968743236774492
0.03042833637369136
0.03607278026245353
0.032244553457924506
0.03896234989534342
0.02868218493163659
0.035757142438230846
0.027631439701187418
0.03840796067673305
0.0275515904005992
0.033751260643129964
0.029055874375850013
0.03718299161715295
0.026797502971594625
0.03950603792810334
0.033079949393306565
0.034195350303868575
0.031034953807523254
0.03565821146159697
0.0318105726614052
0.03635266772084651
0.030784692790214986
0.03666315853277921
0.03182840473587856
104.0
107.0
115.0
107.0
3842.0
29.0
1884.0
1957.0
479.0
1229.0
34.0
510.0
113.0
175.0
48.0
342.0
245.0
395.0
61.0
320.0
517.0
268.0
73.0
236.0
79.0
293.0
27.0
371.0
167.0
801.0
1323.0
581.0
329.0
1177.0
277.0
157.0
793.0
5248.0
5597.0
126.0
167.0
325.0
51.0
28.0
177.0
213.0
192.0
491.0
352.0
75.0
67.0
26.0
119.0
33.0
19.0
177.0
860.0
52.0
123.0
65.0
44.0
155.0
141.0
71.0
158.0
143.0
757.0
37.0
21.0
25.0
32.0
8.0
76.0
253.0
103.0
71.0
91.0
57.0
41.0
84.0
141.0
45.0
25.0
53.0
162.0
175.0
111.0
87.0
127.0
45.0
64.0
1610.0
55.0
55.0
71.0
26.0
151.0
290.0
32.0
283.0
124.0
241.0
83.0
136.0
810.0
205.0
66.0
1263.0
127.0
117.0
69.0
91.0
111.0
19.0
255.0
193.0
488.0
1310.0
34.0
513.0
109.0
188.0
48.0
342.0
258.0
397.0
56.0
298.0
560.0
292.0
70.0
253.0
79.0
279.0
29.0
352.0
167.0
772.0
1326.0
577.0
344.0
1133.0
299.0
147.0
796.0
5368.0
5714.0
125.0
166.0
304.0
48.0
29.0
187.0
223.0
193.0
529.0
364.0
72.0
65.0
27.0
126.0
33.0
20.0
179.0
863.0
51.0
122.0
65.0
42.0
152.0
152.0
74.0
156.0
142.0
747.0
38.0
20.0
25.0
31.0
8.0
69.0
252.0
108.0
71.0
83.0
55.0
41.0
86.0
153.0
47.0
25.0
56.0
157.0
173.0
108.0
85.0
128.0
47.0
63.0
1606.0
54.0
56.0
69.0
24.0
167.0
295.0
33.0
268.0
129.0
247.0
83.0
136.0
766.0
213.0
70.0
1255.0
131.0
127.0
72.0
94.0
120.0
20.0
265.0
207.0
478.0
1293.0
33.0
531.0
115.0
185.0
46.0
332.0
269.0
368.0
59.0
293.0
549.0
280.0
69.0
247.0
80.0
277.0
27.0
340.0
172.0
791.0
1290.0
572.0
356.0
1105.0
278.0
158.0
790.0
5300.0
5761.0
130.0
172.0
318.0
48.0
29.0
188.0
225.0
185.0
502.0
346.0
78.0
67.0
27.0
120.0
32.0
19.0
178.0
900.0
52.0
122.0
67.0
44.0
167.0
153.0
70.0
164.0
141.0
794.0
38.0
20.0
24.0
29.0
8.0
73.0
253.0
108.0
70.0
84.0
59.0
41.0
83.0
143.0
45.0
27.0
56.0
160.0
167.0
108.0
80.0
133.0
48.0
67.0
1604.0
54.0
58.0
65.0
25.0
159.0
299.0
32.0
274.0
126.0
251.0
78.0
135.0
771.0
212.0
70.0
1256.0
123.0
120.0
72.0
90.0
113.0
19.0
256.0
200.0
480.0
1244.0
36.0
530.0
120.0
190.0
46.0
318.0
268.0
389.0
61.0
291.0
512.0
269.0
72.0
241.0
81.0
297.0
29.0
340.0
169.0
841.0
1283.0
589.0
330.0
1175.0
296.0
156.0
852.0
5323.0
5680.0
119.0
157.0
333.0
51.0
27.0
186.0
209.0
193.0
504.0
371.0
76.0
67.0
25.0
122.0
32.0
20.0
170.0
843.0
49.0
128.0
61.0
45.0
153.0
141.0
70.0
158.0
149.0
746.0
38.0
21.0
26.0
31.0
8.0
70.0
260.0
109.0
70.0
83.0
59.0
39.0
88.0
142.0
45.0
25.0
58.0
151.0
163.0
106.0
83.0
137.0
44.0
63.0
1666.0
56.0
58.0
67.0
25.0
157.0
285.0
33.0
265.0
127.0
241.0
82.0
141.0
827.0
223.0
70.0
1247.0
126.0
120.0
71.0
87.0
115.0
20.0
266.0
195.0
470.0
1262.0
35.0
522.0
120.0
192.0
45.0
331.0
253.0
387.0
60.0
301.0
551.0
285.0
72.0
232.0
81.0
283.0
27.0
369.0
160.0
805.0
1272.0
549.0
350.0
1102.0
283.0
148.0
863.0
5166.0
5657.0
130.0
163.0
312.0
50.0
28.0
189.0
224.0
181.0
519.0
371.0
79.0
62.0
25.0
117.0
33.0
20.0
164.0
850.0
50.0
131.0
64.0
46.0
160.0
145.0
70.0
161.0
144.0
795.0
38.0
21.0
26.0
29.0
8.0
72.0
258.0
106.0
72.0
91.0
57.0
40.0
87.0
151.0
47.0
27.0
58.0
157.0
161.0
107.0
80.0
126.0
45.0
63.0
1508.0
57.0
57.0
68.0
25.0
159.0
286.0
33.0
271.0
120.0
254.0
82.0
138.0
832.0
218.0
64.0
1207.0
129.0
127.0
73.0
85.0
120.0
20.0
255.0
203.0
496.0
1217.0
33.0
544.0
117.0
185.0
44.0
318.0
265.0
395.0
60.0
316.0
523.0
277.0
74.0
247.0
74.0
277.0
29.0
339.0
169.0
839.0
1348.0
575.0
348.0
1197.0
276.0
159.0
826.0
5082.0
5447.0
118.0
160.0
320.0
50.0
28.0
179.0
221.0
189.0
486.0
345.0
77.0
67.0
25.0
127.0
33.0
19.0
173.0
870.0
49.0
131.0
64.0
44.0
152.0
146.0
72.0
163.0
145.0
741.0
35.0
21.0
26.0
32.0
8.0
71.0
260.0
111.0
71.0
84.0
54.0
40.0
89.0
151.0
47.0
25.0
53.0
148.0
161.0
104.0
85.0
127.0
45.0
63.0
1570.0
55.0
54.0
65.0
24.0
155.0
296.0
31.0
280.0
129.0
245.0
79.0
140.0
786.0
224.0
71.0
1178.0
131.0
127.0
72.0
92.0
117.0
19.0
253.0
201.0
482.0
1307.0
34.0
522.0
113.0
175.0
46.0
317.0
245.0
363.0
56.0
296.0
514.0
269.0
70.0
242.0
78.0
284.0
28.0
361.0
170.0
816.0
1277.0
582.0
338.0
1184.0
282.0
151.0
807.0
5001.0
6029.0
125.0
168.0
325.0
50.0
27.0
188.0
223.0
195.0
500.0
350.0
74.0
64.0
25.0
119.0
31.0
18.0
171.0
884.0
52.0
119.0
64.0
43.0
152.0
140.0
73.0
156.0
141.0
791.0
35.0
20.0
25.0
32.0
8.0
73.0
271.0
111.0
68.0
88.0
59.0
38.0
87.0
142.0
45.0
25.0
56.0
155.0
162.0
102.0
87.0
137.0
47.0
64.0
1636.0
54.0
56.0
65.0
26.0
152.0
288.0
33.0
265.0
129.0
258.0
78.0
135.0
773.0
210.0
67.0
1181.0
130.0
125.0
67.0
87.0
122.0
20.0
272.0
197.0
481.0
1218.0
34.0
551.0
108.0
181.0
45.0
351.0
250.0
386.0
56.0
302.0
538.0
281.0
73.0
238.0
76.0
277.0
27.0
341.0
156.0
804.0
1320.0
587.0
342.0
1106.0
273.0
148.0
874.0
5478.0
5962.0
125.0
170.0
328.0
51.0
29.0
175.0
223.0
193.0
517.0
373.0
78.0
65.0
26.0
120.0
30.0
18.0
170.0
881.0
49.0
118.0
61.0
45.0
165.0
144.0
76.0
163.0
152.0
779.0
38.0
20.0
24.0
29.0
8.0
72.0
256.0
111.0
74.0
87.0
59.0
41.0
82.0
141.0
47.0
27.0
55.0
161.0
168.0
110.0
83.0
137.0
48.0
62.0
1654.0
55.0
55.0
69.0
24.0
165.0
282.0
32.0
266.0
130.0
235.0
83.0
133.0
807.0
204.0
66.0
1220.0
133.0
122.0
70.0
89.0
118.0
20.0
265.0
197.0
502.0
1219.0
34.0
552.0
110.0
191.0
44.0
339.0
252.0
381.0
58.0
302.0
531.0
290.0
73.0
234.0
80.0
279.0
27.0
343.0
169.0
845.0
1288.0
586.0
336.0
1080.0
300.0
158.0
869.0
5446.0
5553.0
130.0
160.0
334.0
49.0
28.0
191.0
213.0
187.0
486.0
344.0
74.0
63.0
26.0
127.0
32.0
20.0
173.0
824.0
53.0
123.0
62.0
44.0
154.0
154.0
76.0
167.0
143.0
733.0
36.0
21.0
26.0
31.0
8.0
72.0
274.0
105.0
73.0
89.0
58.0
40.0
84.0
153.0
48.0
27.0
57.0
154.0
163.0
102.0
84.0
128.0
44.0
64.0
1613.0
56.0
56.0
70.0
25.0
158.0
285.0
31.0
285.0
123.0
260.0
81.0
137.0
781.0
220.0
69.0
1276.0
132.0
124.0
72.0
94.0
113.0
20.0
249.0
204.0
489.0
1262.0
36.0
544.0
120.0
182.0
45.0
329.0
265.0
388.0
57.0
297.0
516.0
292.0
74.0
233.0
76.0
288.0
27.0
365.0
165.0
767.0
1360.0
593.0
341.0
1148.0
276.0
159.0
866.0
5193.0
5493.0
120.0
156.0
331.0
49.0
27.0
192.0
222.0
180.0
510.0
348.0
78.0
67.0
26.0
120.0
31.0
20.0
177.0
826.0
50.0
124.0
61.0
42.0
153.0
154.0
72.0
156.0
144.0
758.0
38.0
21.0
24.0
30.0
8.0
70.0
264.0
105.0
73.0
88.0
59.0
38.0
85.0
140.0
48.0
26.0
54.0
155.0
158.0
102.0
80.0
127.0
46.0
65.0
1528.0
59.0
56.0
66.0
26.0
156.0
288.0
32.0
283.0
122.0
257.0
79.0
138.0
802.0
204.0
69.0
1177.0
133.0
125.0
71.0
94.0
121.0
19.0
259.0
204.0
481.0
1242.0
36.0
511.0
110.0
186.0
47.0
342.0
250.0
389.0
59.0
312.0
527.0
267.0
71.0
234.0
79.0
296.0
28.0
352.0
171.0
803.0
1289.0
581.0
342.0
1190.0
291.0
159.0
868.0
5433.0
5493.0
126.0
170.0
328.0
50.0
27.0
181.0
213.0
190.0
505.0
370.0
77.0
61.0
27.0
116.0
31.0
19.0
175.0
863.0
52.0
125.0
62.0
45.0
157.0
141.0
75.0
157.0
153.0
771.0
37.0
20.0
26.0
32.0
8.0
75.0
264.0
107.0
70.0
85.0
58.0
39.0
81.0
143.0
49.0
25.0
57.0
152.0
170.0
111.0
85.0
131.0
45.0
65.0
1631.0
54.0
54.0
65.0
24.0
157.0
276.0
33.0
278.0
130.0
247.0
79.0
138.0
780.0
206.0
71.0
1235.0
131.0
124.0
70.0
89.0
120.0
19.0
261.0
203.0
487.0
1261.0
34.0
524.0
113.0
177.0
44.0
324.0
250.0
373.0
61.0
306.0
521.0
291.0
69.0
252.0
81.0
297.0
29.0
361.0
162.0
816.0
1310.0
589.0
333.0
1149.0
300.0
149.0
834.0
5100.0
5592.0
130.0
168.0
324.0
48.0
29.0
180.0
208.0
190.0
528.0
362.0
77.0
62.0
25.0
128.0
31.0
19.0
169.0
901.0
50.0
129.0
62.0
44.0
158.0
153.0
73.0
161.0
144.0
785.0
36.0
21.0
26.0
30.0
8.0
72.0
275.0
103.0
72.0
88.0
56.0
41.0
85.0
149.0
45.0
25.0
55.0
162.0
164.0
105.0
82.0
136.0
46.0
61.0
1594.0
58.0
58.0
68.0
26.0
164.0
288.0
31.0
263.0
128.0
246.0
77.0
132.0
774.0
217.0
68.0
1266.0
124.0
115.0
69.0
89.0
120.0
20.0
255.0
207.0
470.0
1311.0
36.0
557.0
115.0
193.0
45.0
351.0
258.0
400.0
61.0
302.0
519.0
272.0
70.0
253.0
76.0
297.0
27.0
358.0
165.0
812.0
1312.0
565.0
327.0
1106.0
271.0
144.0
852.0
5004.0
5713.0
123.0
156.0
335.0
51.0
27.0
187.0
206.0
177.0
513.0
370.0
77.0
64.0
26.0
116.0
31.0
19.0
175.0
814.0
50.0
126.0
66.0
44.0
159.0
143.0
70.0
165.0
139.0
755.0
38.0
21.0
26.0
30.0
8.0
70.0
253.0
109.0
71.0
88.0
55.0
41.0
84.0
140.0
45.0
27.0
57.0
153.0
167.0
111.0
83.0
136.0
45.0
66.0
1612.0
56.0
59.0
67.0
26.0
153.0
296.0
32.0
287.0
127.0
246.0
77.0
138.0
821.0
218.0
70.0
1278.0
130.0
119.0
71.0
90.0
116.0
20.0
272.0
201.0
488.0
1327.0
35.0
534.0
113.0
183.0
48.0
322.0
258.0
388.0
59.0
314.0
555.0
283.0
74.0
235.0
79.0
276.0
28.0
372.0
158.0
765.0
1380.0
564.0
361.0
1141.0
278.0
159.0
824.0
5358.0
5826.0
131.0
164.0
316.0
47.0
29.0
187.0
219.0
189.0
516.0
347.0
73.0
64.0
27.0
120.0
33.0
18.0
172.0
844.0
50.0
126.0
66.0
44.0
165.0
151.0
74.0
161.0
152.0
745.0
35.0
21.0
26.0
31.0
8.0
70.0
262.0
111.0
73.0
85.0
59.0
40.0
83.0
146.0
48.0
27.0
58.0
159.0
169.0
110.0
81.0
137.0
47.0
65.0
1593.0
56.0
54.0
69.0
25.0
157.0
271.0
33.0
283.0
125.0
241.0
83.0
132.0
795.0
217.0
70.0
1246.0
130.0
118.0
67.0
88.0
111.0
19.0
262.0
187.0
516.0
1233.0
35.0
521.0
116.0
176.0
45.0
333.0
261.0
385.0
57.0
308.0
540.0
278.0
72.0
253.0
79.0
276.0
28.0
349.0
173.0
765.0
1299.0
586.0
344.0
1192.0
284.0
148.0
790.0
5152.0
5613.0
127.0
169.0
311.0
49.0
28.0
192.0
206.0
189.0
508.0
366.0
79.0
67.0
26.0
127.0
31.0
19.0
165.0
834.0
52.0
131.0
61.0
45.0
163.0
151.0
69.0
161.0
152.0
783.0
36.0
21.0
26.0
31.0
8.0
69.0
274.0
102.0
73.0
83.0
57.0
40.0
84.0
149.0
46.0
27.0
54.0
159.0
171.0
103.0
81.0
133.0
46.0
67.0
1539.0
57.0
58.0
65.0
26.0
164.0
272.0
33.0
286.0
129.0
260.0
76.0
132.0
751.0
208.0
69.0
1255.0
133.0
116.0
67.0
86.0
118.0
19.0
246.0
207.0
489.0
1324.0
36.0
551.0
113.0
191.0
47.0
325.0
247.0
393.0
56.0
320.0
542.0
283.0
75.0
254.0
81.0
294.0
29.0
354.0
168.0
833.0
1377.0
582.0
354.0
1158.0
274.0
144.0
814.0
5444.0
5707.0
122.0
157.0
328.0
50.0
27.0
191.0
221.0
179.0
501.0
340.0
72.0
66.0
27.0
120.0
33.0
19.0
169.0
855.0
49.0
127.0
61.0
46.0
155.0
154.0
76.0
166.0
141.0
723.0
35.0
21.0
24.0
31.0
8.0
69.0
277.0
108.0
72.0
91.0
54.0
38.0
81.0
143.0
48.0
26.0
53.0
151.0
166.0
111.0
85.0
135.0
44.0
64.0
1606.0
57.0
54.0
65.0
26.0
165.0
283.0
31.0
269.0
125.0
257.0
77.0
139.0
812.0
211.0
70.0
1188.0
134.0
124.0
68.0
86.0
114.0
19.0
253.0
195.0
496.0
1305.0
35.0
537.0
120.0
184.0
46.0
335.0
263.0
363.0
59.0
296.0
544.0
267.0
72.0
232.0
81.0
293.0
28.0
350.0
169.0
789.0
1266.0
556.0
340.0
1130.0
272.0
147.0
844.0
5507.0
5458.0
121.0
171.0
308.0
49.0
29.0
193.0
226.0
190.0
523.0
363.0
78.0
65.0
27.0
119.0
33.0
18.0
166.0
860.0
49.0
125.0
63.0
42.0
159.0
143.0
76.0
159.0
144.0
729.0
35.0
21.0
25.0
30.0
8.0
69.0
259.0
108.0
73.0
86.0
56.0
38.0
82.0
152.0
49.0
26.0
58.0
154.0
173.0
106.0
82.0
130.0
45.0
67.0
1525.0
58.0
58.0
68.0
24.0
159.0
279.0
31.0
281.0
118.0
256.0
77.0
128.0
781.0
211.0
65.0
1278.0
123.0
125.0
73.0
88.0
114.0
19.0
266.0
191.0
477.0
1260.0
34.0
518.0
120.0
182.0
44.0
325.0
252.0
373.0
57.0
290.0
560.0
286.0
74.0
246.0
74.0
284.0
29.0
343.0
165.0
818.0
1298.0
587.0
348.0
1114.0
283.0
152.0
835.0
5218.0
5653.0
123.0
165.0
311.0
47.0
27.0
187.0
219.0
185.0
499.0
340.0
76.0
67.0
26.0
117.0
31.0
20.0
168.0
853.0
49.0
131.0
64.0
42.0
152.0
143.0
71.0
160.0
146.0
801.0
36.0
19.0
26.0
31.0
8.0
70.0
276.0
109.0
71.0
91.0
56.0
40.0
86.0
151.0
49.0
26.0
55.0
156.0
174.0
105.0
81.0
133.0
45.0
63.0
1598.0
55.0
55.0
71.0
24.0
152.0
296.0
32.0
272.0
124.0
252.0
79.0
129.0
833.0
212.0
69.0
1245.0
128.0
118.0
69.0
88.0
111.0
20.0
252.0
195.0
483.0
1302.0
34.0
540.0
119.0
187.0
47.0
318.0
269.0
385.0
58.0
313.0
528.0
293.0
75.0
241.0
75.0
301.0
29.0
371.0
163.0
788.0
1273.0
558.0
335.0
1158.0
293.0
153.0
850.0
5112.0
5998.0
120.0
169.0
308.0
47.0
27.0
176.0
209.0
194.0
526.0
352.0
73.0
67.0
26.0
121.0
31.0
20.0
174.0
892.0
52.0
125.0
62.0
44.0
163.0
142.0
76.0
157.0
150.0
735.0
36.0
21.0
25.0
30.0
8.0
69.0
262.0
104.0
69.0
88.0
56.0
39.0
86.0
152.0
46.0
25.0
56.0
157.0
168.0
103.0
87.0
136.0
48.0
64.0
1556.0
55.0
54.0
68.0
26.0
164.0
275.0
32.0
279.0
127.0
256.0
81.0
140.0
824.0
204.0
67.0
1189.0
132.0
127.0
66.0
94.0
117.0
20.0
272.0
197.0
501.0
1217.0
36.0
513.0
109.0
188.0
44.0
320.0
250.0
372.0
60.0
314.0
547.0
289.0
73.0
235.0
82.0
273.0
27.0
344.0
168.0
796.0
1291.0
577.0
335.0
1162.0
286.0
153.0
816.0
5067.0
5491.0
127.0
170.0
304.0
49.0
28.0
192.0
213.0
194.0
532.0
360.0
76.0
67.0
25.0
122.0
31.0
20.0
172.0
816.0
53.0
125.0
64.0
46.0
167.0
148.0
74.0
163.0
141.0
739.0
38.0
20.0
24.0
32.0
8.0
75.0
268.0
110.0
73.0
91.0
55.0
39.0
83.0
140.0
46.0
27.0
55.0
149.0
173.0
106.0
87.0
133.0
47.0
67.0
1574.0
56.0
57.0
71.0
24.0
154.0
297.0
32.0
283.0
126.0
235.0
82.0
132.0
792.0
214.0
67.0
1256.0
127.0
125.0
70.0
92.0
120.0
20.0
246.0
205.0
479.0
1261.0
36.0
525.0
113.0
189.0
44.0
324.0
251.0
391.0
60.0
309.0
521.0
284.0
75.0
244.0
76.0
285.0
27.0
370.0
171.0
787.0
1291.0
597.0
352.0
1126.0
280.0
153.0
809.0
5460.0
5466.0
119.0
157.0
324.0
48.0
29.0
178.0
214.0
182.0
511.0
366.0
79.0
61.0
27.0
120.0
32.0
20.0
173.0
884.0
49.0
131.0
65.0
43.0
152.0
147.0
73.0
153.0
142.0
764.0
38.0
21.0
25.0
31.0
8.0
75.0
261.0
108.0
70.0
83.0
59.0
37.0
87.0
142.0
49.0
26.0
57.0
162.0
166.0
103.0
79.0
127.0
47.0
66.0
1631.0
55.0
55.0
69.0
25.0
164.0
284.0
30.0
282.0
119.0
237.0
83.0
134.0
819.0
218.0
67.0
1251.0
122.0
119.0
69.0
91.0
111.0
20.0
272.0
198.0
501.0
1283.0
34.0
553.0
115.0
176.0
44.0
339.0
267.0
384.0
60.0
309.0
532.0
273.0
76.0
248.0
76.0
280.0
27.0
345.0
158.0
817.0
1330.0
552.0
329.0
1167.0
285.0
154.0
795.0
5417.0
5611.0
130.0
162.0
334.0
50.0
27.0
184.0
222.0
186.0
505.0
347.0
74.0
62.0
27.0
118.0
31.0
20.0
162.0
897.0
52.0
124.0
63.0
43.0
160.0
151.0
70.0
168.0
149.0
727.0
35.0
20.0
26.0
30.0
8.0
71.0
267.0
112.0
73.0
85.0
57.0
41.0
88.0
148.0
48.0
26.0
53.0
149.0
166.0
102.0
85.0
128.0
47.0
65.0
1612.0
59.0
57.0
70.0
26.0
161.0
297.0
32.0
276.0
125.0
236.0
81.0
136.0
775.0
213.0
69.0
1276.0
123.0
124.0
72.0
94.0
114.0
19.0
272.0
199.0
475.0
1301.0
34.0
520.0
119.0
191.0
48.0
343.0
250.0
400.0
56.0
301.0
521.0
279.0
70.0
254.0
82.0
299.0
27.0
368.0
165.0
789.0
1283.0
545.0
342.0
1154.0
299.0
148.0
858.0
5030.0
5729.0
130.0
159.0
309.0
49.0
28.0
185.0
223.0
178.0
505.0
338.0
79.0
62.0
25.0
125.0
33.0
19.0
177.0
852.0
49.0
122.0
65.0
42.0
162.0
141.0
76.0
152.0
151.0
797.0
35.0
20.0
26.0
31.0
8.0
71.0
257.0
113.0
68.0
83.0
55.0
39.0
89.0
150.0
47.0
25.0
58.0
159.0
161.0
110.0
80.0
126.0
48.0
66.0
1577.0
59.0
58.0
67.0
26.0
163.0
285.0
33.0
269.0
121.0
260.0
75.0
132.0
825.0
223.0
68.0
1282.0
129.0
126.0
72.0
88.0
113.0
19.0
249.0
203.0
512.0
1310.0
36.0
543.0
112.0
176.0
48.0
333.0
257.0
381.0
57.0
297.0
522.0
280.0
71.0
249.0
82.0
273.0
29.0
359.0
165.0
771.0
1353.0
599.0
342.0
1159.0
295.0
150.0
854.0
5333.0
5659.0
123.0
169.0
333.0
51.0
27.0
182.0
222.0
179.0
513.0
373.0
76.0
67.0
25.0
128.0
33.0
20.0
167.0
829.0
51.0
126.0
63.0
44.0
159.0
154.0
76.0
158.0
139.0
727.0
37.0
20.0
24.0
30.0
8.0
70.0
271.0
107.0
68.0
85.0
57.0
38.0
85.0
144.0
49.0
25.0
56.0
156.0
168.0
110.0
87.0
138.0
44.0
61.0
1517.0
55.0
55.0
66.0
25.0
151.0
293.0
32.0
282.0
130.0
238.0
80.0
139.0
765.0
210.0
65.0
1179.0
124.0
117.0
69.0
94.0
118.0
19.0
268.0
204.0
498.0
1223.0
36.0
534.0
117.0
185.0
48.0
341.0
255.0
376.0
59.0
307.0
510.0
273.0
72.0
244.0
75.0
280.0
28.0
353.0
157.0
844.0
1324.0
547.0
334.0
1194.0
287.0
158.0
851.0
5467.0
5556.0
126.0
158.0
336.0
49.0
29.0
187.0
210.0
184.0
499.0
346.0
74.0
65.0
26.0
124.0
32.0
18.0
179.0
865.0
51.0
129.0
64.0
45.0
162.0
152.0
76.0
162.0
140.0
736.0
35.0
21.0
24.0
31.0
8.0
74.0
263.0
113.0
70.0
89.0
54.0
41.0
85.0
152.0
45.0
26.0
54.0
156.0
168.0
105.0
80.0
129.0
48.0
65.0
1604.0
58.0
55.0
68.0
25.0
155.0
273.0
32.0
263.0
127.0
238.0
76.0
129.0
769.0
206.0
65.0
1281.0
123.0
115.0
69.0
86.0
115.0
19.0
249.0
207.0
473.0
1217.0
33.0
513.0
109.0
183.0
47.0
317.0
250.0
389.0
58.0
299.0
507.0
288.0
73.0
246.0
82.0
302.0
29.0
354.0
159.0
786.0
1259.0
565.0
362.0
1126.0
277.0
150.0
812.0
5447.0
5892.0
121.0
166.0
333.0
48.0
29.0
186.0
217.0
187.0
523.0
341.0
75.0
64.0
26.0
125.0
32.0
19.0
162.0
902.0
49.0
131.0
66.0
46.0
156.0
145.0
76.0
161.0
142.0
728.0
36.0
20.0
26.0
30.0
8.0
70.0
256.0
104.0
72.0
88.0
56.0
39.0
82.0
146.0
48.0
25.0
53.0
160.0
163.0
107.0
79.0
126.0
45.0
61.0
1505.0
57.0
59.0
69.0
26.0
165.0
273.0
32.0
286.0
119.0
260.0
81.0
129.0
752.0
206.0
69.0
1180.0
130.0
118.0
70.0
92.0
112.0
20.0
259.0
200.0
515.0
1299.0
34.0
554.0
118.0
184.0
47.0
331.0
255.0
385.0
58.0
302.0
540.0
269.0
69.0
236.0
79.0
277.0
29.0
373.0
162.0
789.0
1380.0
543.0
359.0
1107.0
287.0
146.0
817.0
5401.0
5452.0
123.0
163.0
305.0
49.0
29.0
192.0
214.0
179.0
500.0
357.0
74.0
65.0
26.0
126.0
31.0
19.0
179.0
885.0
50.0
126.0
66.0
45.0
153.0
144.0
76.0
158.0
144.0
782.0
37.0
21.0
26.0
30.0
8.0
71.0
276.0
108.0
70.0
83.0
56.0
38.0
85.0
147.0
48.0
27.0
58.0
162.0
160.0
103.0
86.0
132.0
48.0
62.0
1518.0
55.0
59.0
65.0
24.0
164.0
280.0
33.0
267.0
127.0
240.0
81.0
139.0
792.0
217.0
65.0
1262.0
134.0
118.0
67.0
94.0
121.0
19.0
267.0
195.0
508.0
1236.0
34.0
515.0
114.0
193.0
44.0
319.0
247.0
386.0
57.0
292.0
520.0
294.0
71.0
231.0
75.0
286.0
28.0
374.0
164.0
763.0
1373.0
585.0
348.0
1186.0
283.0
153.0
872.0
5013.0
5450.0
121.0
168.0
303.0
50.0
27.0
184.0
205.0
190.0
499.0
355.0
74.0
65.0
27.0
128.0
31.0
20.0
169.0
878.0
49.0
131.0
64.0
46.0
161.0
145.0
73.0
156.0
144.0
798.0
37.0
20.0
25.0
32.0
8.0
76.0
259.0
113.0
72.0
83.0
57.0
41.0
81.0
140.0
46.0
27.0
53.0
149.0
167.0
107.0
83.0
128.0
45.0
62.0
1514.0
54.0
59.0
67.0
25.0
161.0
278.0
33.0
273.0
128.0
237.0
79.0
138.0
774.0
225.0
67.0
1169.0
127.0
127.0
69.0
86.0
113.0
20.0
266.0
196.0
492.0
1219.0
34.0
519.0
111.0
174.0
44.0
329.0
257.0
390.0
60.0
320.0
552.0
268.0
73.0
231.0
75.0
296.0
29.0
345.0
166.0
806.0
1262.0
551.0
356.0
1093.0
293.0
157.0
849.0
5353.0
5646.0
120.0
164.0
335.0
49.0
27.0
185.0
220.0
181.0
514.0
370.0
74.0
65.0
27.0
117.0
31.0
20.0
171.0
857.0
52.0
124.0
65.0
45.0
158.0
149.0
73.0
162.0
146.0
726.0
37.0
19.0
25.0
32.0
8.0
75.0
273.0
105.0
70.0
86.0
54.0
40.0
83.0
142.0
49.0
27.0
54.0
162.0
164.0
108.0
79.0
137.0
46.0
63.0
1524.0
57.0
55.0
66.0
24.0
154.0
293.0
32.0
286.0
127.0
248.0
78.0
128.0
756.0
222.0
71.0
1287.0
133.0
116.0
68.0
87.0
120.0
19.0
261.0
191.0
510.0
1234.0
34.0
522.0
114.0
190.0
46.0
324.0
253.0
363.0
57.0
294.0
535.0
283.0
70.0
249.0
82.0
292.0
29.0
353.0
172.0
797.0
1372.0
547.0
339.0
1107.0
292.0
145.0
876.0
5495.0
5725.0
131.0
168.0
333.0
48.0
29.0
190.0
212.0
184.0
534.0
370.0
77.0
64.0
25.0
116.0
31.0
20.0
176.0
837.0
49.0
131.0
65.0
44.0
154.0
144.0
75.0
168.0
150.0
763.0
36.0
21.0
25.0
31.0
8.0
69.0
255.0
107.0
70.0
86.0
58.0
38.0
86.0
142.0
49.0
27.0
57.0
151.0
174.0
109.0
87.0
130.0
45.0
67.0
1550.0
56.0
56.0
70.0
25.0
154.0
286.0
31.0
263.0
121.0
240.0
81.0
130.0
829.0
204.0
64.0
1232.0
131.0
125.0
71.0
89.0
121.0
20.0
264.0
193.0
187.0
203.0
137.0
139.0
391.0
158.0
159.0
146.0
176.0
145.0
166.0
156.0
166.0
153.0
163.0
161.0
146.0
156.0
402.0
136.0
166.0
134.0
136.0
148.0
131.0
144.0
137.0
387.0
144.0
136.0
150.0
139.0
159.0
142.0
137.0
141.0
166.0
158.0
156.0
156.0
157.0
157.0
143.0
127.0
145.0
489.0
165.0
159.0
430.0
163.0
145.0
135.0
148.0
174.0
145.0
137.0
133.0
148.0
382.0
141.0
173.0
158.0
145.0
164.0
161.0
174.0
172.0
155.0
158.0
135.0
158.0
163.0
152.0
160.0
147.0
146.0
367.0
167.0
153.0
162.0
159.0
154.0
147.0
170.0
170.0
166.0
481.0
165.0
434.0
133.0
488.0
413.0
425.0
366.0
374.0
365.0
407.0
446.0
491.0
151.0
141.0
132.0
170.0
134.0
157.0
155.0
153.0
162.0
206.0
189.0
146.0
169.0
480.0
168.0
141.0
158.0
168.0
165.0
145.0
131.0
138.0
169.0
134.0
139.0
163.0
176.0
379.0
143.0
153.0
154.0
163.0
152.0
133.0
154.0
169.0
493.0
153.0
148.0
155.0
161.0
177.0
162.0
150.0
146.0
165.0
141.0
177.0
151.0
169.0
156.0
132.0
131.0
152.0
442.0
135.0
130.0
387.0
160.0
134.0
166.0
137.0
168.0
136.0
163.0
143.0
148.0
449.0
133.0
158.0
132.0
173.0
131.0
171.0
167.0
163.0
144.0
171.0
168.0
130.0
173.0
144.0
172.0
132.0
170.0
453.0
143.0
157.0
146.0
146.0
146.0
174.0
142.0
161.0
147.0
386.0
149.0
365.0
166.0
485.0
491.0
367.0
438.0
379.0
435.0
396.0
404.0
481.0
137.0
140.0
143.0
173.0
148.0
158.0
176.0
143.0
157.0
198.0
163.0
137.0
159.0
437.0
135.0
174.0
164.0
158.0
136.0
154.0
154.0
144.0
160.0
170.0
170.0
164.0
165.0
395.0
157.0
164.0
156.0
157.0
139.0
132.0
171.0
165.0
454.0
173.0
134.0
176.0
148.0
165.0
165.0
158.0
152.0
137.0
135.0
165.0
165.0
173.0
161.0
163.0
117.0
136.0
397.0
142.0
170.0
421.0
161.0
175.0
155.0
170.0
144.0
139.0
138.0
176.0
164.0
475.0
162.0
154.0
138.0
146.0
166.0
138.0
170.0
166.0
154.0
148.0
146.0
146.0
132.0
172.0
164.0
120.0
140.0
427.0
168.0
159.0
163.0
168.0
139.0
158.0
153.0
136.0
142.0
377.0
165.0
492.0
145.0
367.0
449.0
447.0
390.0
408.0
435.0
448.0
430.0
461.0
162.0
158.0
177.0
140.0
135.0
139.0
169.0
150.0
171.0
172.0
197.0
132.0
140.0
414.0
158.0
139.0
161.0
138.0
167.0
158.0
132.0
151.0
142.0
154.0
130.0
155.0
174.0
372.0
150.0
162.0
144.0
165.0
168.0
134.0
133.0
139.0
446.0
175.0
161.0
160.0
133.0
166.0
165.0
149.0
170.0
159.0
176.0
151.0
174.0
157.0
141.0
172.0
121.0
139.0
434.0
175.0
161.0
435.0
141.0
170.0
153.0
163.0
130.0
141.0
142.0
144.0
174.0
454.0
134.0
163.0
163.0
138.0
135.0
171.0
158.0
144.0
139.0
173.0
169.0
170.0
152.0
133.0
155.0
122.0
176.0
429.0
141.0
158.0
162.0
134.0
166.0
144.0
163.0
135.0
131.0
488.0
145.0
462.0
168.0
437.0
396.0
425.0
463.0
412.0
385.0
482.0
401.0
368.0
155.0
161.0
160.0
159.0
136.0
152.0
168.0
174.0
131.0
161.0
207.0
135.0
164.0
458.0
148.0
143.0
154.0
145.0
175.0
173.0
168.0
133.0
142.0
141.0
164.0
168.0
151.0
441.0
169.0
140.0
144.0
168.0
145.0
146.0
143.0
168.0
368.0
166.0
167.0
143.0
165.0
153.0
156.0
168.0
160.0
136.0
168.0
176.0
146.0
168.0
138.0
150.0
137.0
134.0
471.0
162.0
153.0
466.0
167.0
143.0
156.0
147.0
136.0
157.0
168.0
148.0
163.0
405.0
140.0
135.0
149.0
163.0
158.0
147.0
143.0
156.0
175.0
142.0
130.0
173.0
136.0
133.0
142.0
120.0
139.0
469.0
153.0
155.0
149.0
134.0
159.0
130.0
145.0
136.0
174.0
389.0
155.0
411.0
146.0
479.0
486.0
476.0
407.0
459.0
456.0
392.0
459.0
475.0
152.0
138.0
170.0
132.0
171.0
163.0
161.0
145.0
134.0
179.0
165.0
177.0
165.0
490.0
143.0
151.0
135.0
151.0
173.0
150.0
168.0
176.0
162.0
136.0
149.0
161.0
152.0
370.0
150.0
138.0
135.0
170.0
161.0
142.0
158.0
161.0
375.0
153.0
135.0
140.0
154.0
158.0
154.0
176.0
167.0
146.0
132.0
154.0
146.0
160.0
176.0
172.0
123.0
131.0
474.0
161.0
140.0
413.0
154.0
156.0
167.0
175.0
172.0
149.0
148.0
139.0
148.0
437.0
152.0
145.0
138.0
170.0
169.0
175.0
172.0
134.0
142.0
168.0
163.0
141.0
158.0
140.0
139.0
123.0
154.0
434.0
132.0
177.0
173.0
141.0
152.0
145.0
135.0
176.0
143.0
370.0
141.0
485.0
170.0
489.0
401.0
402.0
474.0
445.0
380.0
448.0
426.0
450.0
172.0
160.0
177.0
175.0
175.0
133.0
145.0
137.0
150.0
191.0
161.0
161.0
153.0
461.0
139.0
162.0
152.0
149.0
166.0
136.0
140.0
166.0
156.0
158.0
131.0
165.0
131.0
420.0
164.0
138.0
153.0
166.0
131.0
168.0
144.0
140.0
453.0
152.0
149.0
137.0
172.0
176.0
142.0
139.0
175.0
169.0
173.0
140.0
144.0
135.0
162.0
164.0
119.0
149.0
443.0
166.0
170.0
397.0
134.0
164.0
161.0
146.0
168.0
145.0
132.0
137.0
132.0
481.0
161.0
131.0
141.0
175.0
143.0
133.0
135.0
141.0
170.0
167.0
167.0
172.0
170.0
166.0
162.0
141.0
151.0
485.0
137.0
144.0
136.0
163.0
147.0
155.0
147.0
152.0
152.0
364.0
176.0
388.0
141.0
390.0
485.0
471.0
486.0
409.0
481.0
364.0
463.0
422.0
165.0
145.0
149.0
174.0
165.0
170.0
144.0
172.0
140.0
202.0
202.0
161.0
132.0
394.0
163.0
152.0
130.0
141.0
141.0
149.0
173.0
146.0
135.0
162.0
143.0
147.0
151.0
388.0
159.0
137.0
177.0
160.0
171.0
162.0
143.0
177.0
432.0
162.0
156.0
170.0
139.0
143.0
160.0
172.0
132.0
150.0
177.0
166.0
138.0
169.0
134.0
175.0
142.0
170.0
428.0
144.0
165.0
448.0
133.0
154.0
146.0
141.0
175.0
166.0
155.0
155.0
153.0
374.0
139.0
152.0
143.0
135.0
135.0
159.0
171.0
164.0
149.0
138.0
164.0
147.0
144.0
175.0
167.0
112.0
152.0
477.0
153.0
148.0
134.0
139.0
133.0
153.0
159.0
147.0
157.0
491.0
163.0
375.0
136.0
450.0
459.0
402.0
483.0
383.0
391.0
487.0
386.0
440.0
166.0
169.0
151.0
171.0
143.0
170.0
147.0
174.0
170.0
177.0
202.0
167.0
150.0
374.0
132.0
155.0
133.0
134.0
141.0
158.0
156.0
136.0
171.0
162.0
157.0
139.0
168.0
416.0
169.0
170.0
172.0
159.0
160.0
136.0
150.0
158.0
486.0
146.0
165.0
175.0
176.0
158.0
169.0
167.0
163.0
175.0
160.0
143.0
176.0
149.0
136.0
139.0
150.0
130.0
417.0
155.0
141.0
383.0
173.0
144.0
171.0
155.0
155.0
163.0
175.0
145.0
132.0
451.0
158.0
169.0
137.0
151.0
160.0
144.0
137.0
140.0
139.0
133.0
175.0
161.0
168.0
168.0
175.0
139.0
132.0
457.0
138.0
138.0
167.0
138.0
139.0
143.0
149.0
169.0
151.0
436.0
158.0
386.0
148.0
489.0
438.0
410.0
460.0
457.0
371.0
441.0
376.0
422.0
136.0
146.0
135.0
170.0
166.0
144.0
147.0
138.0
165.0
200.0
189.0
136.0
149.0
402.0
143.0
173.0
139.0
140.0
139.0
160.0
176.0
176.0
166.0
137.0
166.0
161.0
132.0
389.0
142.0
153.0
167.0
150.0
136.0
144.0
169.0
150.0
398.0
153.0
153.0
139.0
143.0
166.0
137.0
153.0
171.0
158.0
171.0
167.0
134.0
171.0
140.0
144.0
129.0
156.0
401.0
168.0
136.0
382.0
159.0
150.0
162.0
137.0
162.0
162.0
167.0
143.0
171.0
397.0
155.0
152.0
154.0
158.0
164.0
151.0
131.0
175.0
137.0
140.0
146.0
161.0
168.0
163.0
143.0
143.0
172.0
415.0
146.0
148.0
141.0
174.0
152.0
133.0
162.0
167.0
140.0
419.0
138.0
396.0
160.0
450.0
374.0
369.0
383.0
449.0
430.0
453.0
435.0
484.0
172.0
154.0
145.0
149.0
140.0
145.0
132.0
138.0
147.0
183.0
160.0
140.0
168.0
489.0
158.0
175.0
133.0
167.0
141.0
154.0
150.0
131.0
162.0
147.0
143.0
159.0
141.0
370.0
131.0
177.0
137.0
150.0
175.0
173.0
133.0
137.0
364.0
137.0
157.0
158.0
152.0
168.0
142.0
157.0
139.0
172.0
159.0
135.0
162.0
161.0
161.0
154.0
120.0
138.0
396.0
155.0
170.0
398.0
141.0
175.0
132.0
165.0
138.0
142.0
177.0
131.0
138.0
384.0
140.0
152.0
173.0
134.0
174.0
156.0
136.0
166.0
177.0
141.0
136.0
168.0
169.0
138.0
170.0
141.0
141.0
374.0
166.0
170.0
151.0
168.0
164.0
176.0
145.0
135.0
141.0
480.0
173.0
461.0
177.0
364.0
457.0
409.0
436.0
450.0
386.0
363.0
453.0
369.0
156.0
147.0
151.0
156.0
172.0
144.0
142.0
140.0
173.0
155.0
176.0
153.0
135.0
461.0
131.0
145.0
136.0
137.0
171.0
160.0
150.0
137.0
138.0
155.0
165.0
165.0
130.0
420.0
167.0
131.0
164.0
165.0
150.0
154.0
176.0
138.0
472.0
143.0
172.0
170.0
165.0
141.0
164.0
138.0
173.0
150.0
159.0
163.0
167.0
169.0
131.0
159.0
137.0
160.0
395.0
171.0
152.0
432.0
146.0
155.0
137.0
147.0
156.0
140.0
131.0
171.0
167.0
468.0
164.0
160.0
174.0
145.0
174.0
164.0
172.0
142.0
146.0
173.0
166.0
149.0
135.0
130.0
155.0
141.0
153.0
480.0
135.0
154.0
154.0
154.0
161.0
140.0
169.0
155.0
154.0
494.0
132.0
434.0
138.0
486.0
403.0
393.0
382.0
383.0
481.0
437.0
438.0
450.0
177.0
140.0
130.0
148.0
133.0
155.0
166.0
168.0
146.0
204.0
185.0
145.0
152.0
425.0
164.0
171.0
141.0
172.0
153.0
162.0
133.0
159.0
138.0
152.0
152.0
142.0
154.0
470.0
166.0
166.0
141.0
175.0
176.0
133.0
163.0
138.0
395.0
142.0
133.0
156.0
155.0
138.0
174.0
157.0
149.0
139.0
147.0
177.0
135.0
163.0
150.0
131.0
114.0
138.0
372.0
161.0
168.0
409.0
163.0
160.0
177.0
147.0
166.0
147.0
154.0
141.0
154.0
373.0
147.0
132.0
144.0
159.0
168.0
150.0
148.0
177.0
153.0
153.0
136.0
146.0
177.0
135.0
172.0
114.0
172.0
414.0
176.0
144.0
138.0
154.0
160.0
175.0
167.0
152.0
177.0
481.0
149.0
405.0
131.0
365.0
476.0
470.0
419.0
443.0
494.0
486.0
451.0
459.0
151.0
141.0
166.0
170.0
172.0
142.0
157.0
175.0
174.0
177.0
168.0
159.0
139.0
393.0
131.0
133.0
165.0
142.0
138.0
140.0
160.0
173.0
140.0
164.0
147.0
157.0
176.0
377.0
148.0
149.0
157.0
152.0
132.0
149.0
164.0
165.0
451.0
139.0
170.0
138.0
153.0
161.0
145.0
144.0
166.0
151.0
169.0
143.0
143.0
130.0
158.0
167.0
149.0
158.0
490.0
160.0
143.0
424.0
159.0
166.0
149.0
132.0
150.0
149.0
165.0
135.0
164.0
424.0
161.0
131.0
143.0
153.0
149.0
153.0
165.0
162.0
161.0
159.0
173.0
175.0
140.0
136.0
133.0
148.0
134.0
492.0
161.0
133.0
143.0
165.0
162.0
143.0
130.0
157.0
163.0
406.0
138.0
442.0
142.0
475.0
387.0
478.0
387.0
487.0
438.0
437.0
386.0
439.0
175.0
167.0
151.0
154.0
146.0
141.0
150.0
159.0
168.0
191.0
188.0
136.0
169.0
479.0
163.0
148.0
145.0
145.0
152.0
157.0
159.0
145.0
139.0
131.0
133.0
173.0
135.0
490.0
151.0
161.0
161.0
152.0
162.0
154.0
156.0
154.0
481.0
136.0
136.0
173.0
175.0
154.0
170.0
168.0
167.0
156.0
171.0
132.0
136.0
137.0
176.0
138.0
136.0
174.0
389.0
156.0
138.0
424.0
151.0
147.0
160.0
170.0
142.0
151.0
143.0
131.0
164.0
446.0
133.0
171.0
164.0
160.0
143.0
142.0
141.0
176.0
171.0
161.0
164.0
142.0
150.0
158.0
136.0
141.0
150.0
411.0
147.0
146.0
176.0
173.0
172.0
147.0
146.0
149.0
154.0
401.0
136.0
378.0
152.0
460.0
445.0
456.0
423.0
440.0
470.0
488.0
408.0
423.0
137.0
149.0
155.0
143.0
171.0
167.0
135.0
156.0
162.0
197.0
188.0
166.0
177.0
477.0
175.0
159.0
175.0
174.0
133.0
150.0
134.0
145.0
164.0
172.0
146.0
144.0
163.0
426.0
153.0
165.0
170.0
130.0
163.0
144.0
170.0
155.0
419.0
159.0
168.0
165.0
166.0
167.0
155.0
162.0
150.0
134.0
158.0
142.0
157.0
146.0
135.0
134.0
116.0
169.0
428.0
147.0
159.0
435.0
157.0
132.0
161.0
131.0
134.0
148.0
133.0
136.0
136.0
463.0
169.0
158.0
152.0
134.0
149.0
138.0
149.0
151.0
160.0
158.0
162.0
175.0
154.0
172.0
174.0
119.0
158.0
438.0
146.0
165.0
176.0
166.0
151.0
130.0
157.0
150.0
157.0
416.0
164.0
382.0
139.0
481.0
378.0
374.0
376.0
380.0
399.0
386.0
388.0
491.0
163.0
159.0
153.0
170.0
172.0
141.0
154.0
154.0
135.0
166.0
202.0
170.0
155.0
445.0
150.0
139.0
175.0
170.0
156.0
171.0
166.0
174.0
166.0
141.0
140.0
137.0
133.0
401.0
149.0
152.0
172.0
162.0
171.0
164.0
147.0
165.0
375.0
150.0
175.0
158.0
168.0
148.0
148.0
172.0
160.0
142.0
176.0
151.0
156.0
152.0
154.0
165.0
123.0
154.0
364.0
148.0
148.0
458.0
159.0
167.0
167.0
135.0
130.0
159.0
139.0
165.0
134.0
488.0
146.0
177.0
134.0
171.0
175.0
142.0
140.0
150.0
145.0
139.0
147.0
166.0
159.0
169.0
162.0
113.0
130.0
415.0
131.0
145.0
168.0
154.0
150.0
165.0
173.0
161.0
140.0
429.0
133.0
482.0
153.0
427.0
392.0
484.0
363.0
451.0
431.0
369.0
424.0
409.0
173.0
155.0
141.0
144.0
151.0
168.0
162.0
175.0
166.0
184.0
180.0
152.0
136.0
383.0
135.0
137.0
141.0
139.0
167.0
160.0
159.0
168.0
132.0
177.0
139.0
162.0
154.0
389.0
163.0
170.0
149.0
131.0
149.0
168.0
137.0
145.0
490.0
164.0
172.0
171.0
132.0
156.0
132.0
160.0
176.0
137.0
165.0
176.0
168.0
143.0
138.0
133.0
126.0
150.0
396.0
169.0
138.0
410.0
166.0
160.0
149.0
159.0
132.0
143.0
141.0
137.0
133.0
412.0
139.0
144.0
136.0
147.0
155.0
149.0
175.0
135.0
149.0
177.0
149.0
136.0
163.0
133.0
154.0
134.0
165.0
391.0
144.0
132.0
130.0
155.0
164.0
138.0
168.0
144.0
164.0
413.0
156.0
395.0
175.0
388.0
470.0
452.0
375.0
396.0
447.0
468.0
430.0
452.0
158.0
133.0
166.0
156.0
160.0
145.0
138.0
159.0
157.0
158.0
183.0
152.0
131.0
419.0
164.0
174.0
173.0
168.0
154.0
136.0
175.0
149.0
140.0
168.0
162.0
156.0
172.0
446.0
177.0
130.0
163.0
160.0
143.0
168.0
154.0
137.0
418.0
149.0
145.0
153.0
160.0
154.0
132.0
165.0
157.0
172.0
175.0
137.0
132.0
134.0
169.0
173.0
148.0
157.0
410.0
154.0
149.0
375.0
160.0
172.0
132.0
175.0
159.0
172.0
140.0
161.0
173.0
493.0
155.0
147.0
147.0
146.0
140.0
148.0
132.0
144.0
155.0
150.0
135.0
135.0
147.0
134.0
176.0
137.0
143.0
416.0
148.0
130.0
166.0
132.0
173.0
167.0
156.0
141.0
134.0
476.0
172.0
381.0
150.0
381.0
455.0
482.0
435.0
377.0
436.0
397.0
447.0
418.0
174.0
143.0
165.0
139.0
152.0
171.0
162.0
168.0
176.0
162.0
175.0
142.0
149.0
463.0
147.0
149.0
133.0
139.0
137.0
160.0
171.0
169.0
137.0
169.0
144.0
152.0
153.0
443.0
152.0
143.0
136.0
143.0
144.0
146.0
176.0
174.0
475.0
158.0
155.0
161.0
146.0
177.0
137.0
163.0
141.0
136.0
138.0
142.0
158.0
172.0
156.0
175.0
130.0
152.0
408.0
152.0
132.0
397.0
161.0
158.0
172.0
138.0
163.0
175.0
149.0
146.0
173.0
366.0
153.0
156.0
160.0
130.0
164.0
161.0
153.0
138.0
176.0
167.0
160.0
142.0
176.0
137.0
147.0
121.0
139.0
486.0
132.0
158.0
147.0
141.0
176.0
166.0
142.0
148.0
171.0
427.0
160.0
461.0
139.0
410.0
404.0
391.0
369.0
417.0
375.0
470.0
365.0
488.0
167.0
175.0
160.0
168.0
156.0
160.0
153.0
159.0
144.0
167.0
180.0
131.0
133.0
392.0
143.0
165.0
142.0
130.0
133.0
171.0
158.0
172.0
156.0
132.0
168.0
141.0
148.0
385.0
151.0
173.0
153.0
169.0
162.0
160.0
141.0
167.0
440.0
169.0
137.0
174.0
148.0
166.0
167.0
167.0
166.0
168.0
174.0
140.0
138.0
172.0
136.0
137.0
137.0
174.0
408.0
153.0
154.0
433.0
142.0
145.0
150.0
143.0
149.0
134.0
136.0
154.0
138.0
440.0
170.0
133.0
150.0
171.0
167.0
175.0
143.0
140.0
154.0
155.0
142.0
171.0
154.0
160.0
169.0
125.0
145.0
482.0
133.0
147.0
153.0
141.0
175.0
164.0
168.0
136.0
159.0
440.0
156.0
372.0
151.0
386.0
387.0
443.0
473.0
480.0
394.0
445.0
386.0
485.0
139.0
169.0
136.0
152.0
154.0
158.0
151.0
157.0
134.0
196.0
201.0
162.0
177.0
473.0
167.0
132.0
134.0
158.0
162.0
165.0
171.0
159.0
164.0
135.0
174.0
160.0
170.0
398.0
146.0
172.0
135.0
173.0
141.0
130.0
154.0
170.0
451.0
177.0
142.0
134.0
162.0
152.0
137.0
165.0
172.0
134.0
166.0
169.0
173.0
166.0
156.0
160.0
114.0
141.0
367.0
155.0
158.0
405.0
147.0
139.0
134.0
141.0
158.0
154.0
177.0
151.0
177.0
367.0
142.0
170.0
135.0
141.0
161.0
171.0
176.0
147.0
139.0
137.0
132.0
153.0
163.0
163.0
133.0
148.0
158.0
487.0
137.0
142.0
141.0
166.0
145.0
164.0
151.0
151.0
158.0
428.0
144.0
421.0
141.0
381.0
484.0
378.0
482.0
431.0
364.0
479.0
465.0
448.0
162.0
154.0
155.0
147.0
138.0
154.0
149.0
175.0
135.0
185.0
165.0
166.0
136.0
382.0
139.0
171.0
171.0
167.0
131.0
132.0
134.0
148.0
159.0
154.0
135.0
159.0
137.0
451.0
161.0
150.0
162.0
140.0
144.0
138.0
146.0
167.0
471.0
145.0
165.0
168.0
169.0
130.0
144.0
142.0
140.0
163.0
152.0
158.0
165.0
172.0
147.0
168.0
146.0
161.0
453.0
164.0
162.0
378.0
154.0
159.0
174.0
154.0
140.0
138.0
171.0
153.0
148.0
365.0
152.0
147.0
161.0
145.0
134.0
174.0
166.0
163.0
160.0
163.0
144.0
172.0
132.0
174.0
134.0
152.0
135.0
474.0
165.0
156.0
150.0
149.0
143.0
157.0
140.0
143.0
165.0
378.0
148.0
408.0
170.0
409.0
472.0
493.0
465.0
367.0
363.0
380.0
493.0
466.0
145.0
159.0
174.0
164.0
169.0
155.0
141.0
142.0
136.0
183.0
172.0
136.0
156.0
391.0
131.0
130.0
145.0
174.0
131.0
138.0
167.0
137.0
166.0
137.0
130.0
160.0
140.0
407.0
168.0
148.0
168.0
131.0
151.0
176.0
142.0
136.0
458.0
169.0
175.0
170.0
142.0
158.0
169.0
170.0
144.0
147.0
130.0
165.0
139.0
174.0
165.0
133.0
123.0
168.0
436.0
168.0
131.0
492.0
138.0
150.0
155.0
154.0
132.0
166.0
132.0
158.0
148.0
400.0
152.0
157.0
132.0
160.0
157.0
176.0
171.0
153.0
147.0
163.0
163.0
174.0
145.0
170.0
132.0
116.0
133.0
478.0
153.0
172.0
148.0
170.0
150.0
149.0
154.0
150.0
132.0
396.0
150.0
415.0
135.0
419.0
428.0
369.0
422.0
375.0
414.0
481.0
489.0
385.0
154.0
139.0
153.0
135.0
142.0
156.0
133.0
143.0
163.0
176.0
170.0
132.0
157.0
410.0
171.0
139.0
168.0
137.0
141.0
158.0
170.0
159.0
155.0
176.0
150.0
139.0
168.0
406.0
165.0
169.0
131.0
151.0
134.0
175.0
175.0
140.0
400.0
136.0
151.0
139.0
163.0
142.0
163.0
135.0
158.0
169.0
131.0
164.0
172.0
171.0
159.0
169.0
149.0
164.0
427.0
155.0
158.0
444.0
175.0
138.0
130.0
156.0
171.0
145.0
155.0
140.0
161.0
453.0
167.0
176.0
171.0
137.0
135.0
167.0
170.0
138.0
155.0
174.0
161.0
168.0
134.0
173.0
146.0
151.0
140.0
435.0
137.0
171.0
157.0
157.0
156.0
138.0
145.0
134.0
167.0
393.0
173.0
419.0
151.0
411.0
478.0
465.0
444.0
395.0
491.0
377.0
486.0
424.0
131.0
161.0
139.0
144.0
136.0
170.0
138.0
130.0
167.0
163.0
183.0
134.0
166.0
370.0
153.0
157.0
140.0
171.0
177.0
137.0
154.0
143.0
138.0
160.0
173.0
159.0
133.0
397.0
171.0
135.0
163.0
156.0
171.0
146.0
144.0
133.0
449.0
152.0
134.0
177.0
161.0
138.0
133.0
154.0
170.0
168.0
154.0
152.0
135.0
161.0
143.0
158.0
122.0
163.0
373.0
151.0
177.0
485.0
144.0
168.0
153.0
150.0
131.0
143.0
150.0
164.0
152.0
491.0
168.0
170.0
167.0
176.0
150.0
148.0
177.0
166.0
148.0
146.0
161.0
165.0
168.0
163.0
149.0
137.0
146.0
480.0
149.0
142.0
156.0
157.0
151.0
146.0
135.0
151.0
145.0
469.0
147.0
490.0
151.0
367.0
453.0
412.0
388.0
378.0
454.0
385.0
373.0
473.0
143.0
176.0
174.0
134.0
134.0
157.0
167.0
172.0
163.0
174.0
205.0
138.0
168.0
481.0
153.0
135.0
138.0
150.0
139.0
161.0
175.0
161.0
171.0
146.0
175.0
164.0
132.0
456.0
163.0
144.0
132.0
133.0
147.0
172.0
162.0
135.0
386.0
149.0
171.0
162.0
157.0
134.0
153.0
172.0
148.0
161.0
155.0
145.0
167.0
152.0
174.0
167.0
142.0
174.0
452.0
136.0
145.0
489.0
147.0
138.0
168.0
134.0
134.0
140.0
173.0
135.0
140.0
404.0
145.0
168.0
167.0
175.0
130.0
142.0
149.0
170.0
165.0
137.0
153.0
132.0
143.0
156.0
131.0
131.0
135.0
415.0
167.0
169.0
133.0
157.0
130.0
135.0
130.0
146.0
153.0
426.0
139.0
442.0
146.0
380.0
405.0
480.0
469.0
412.0
421.0
434.0
392.0
376.0
169.0
140.0
158.0
145.0
163.0
158.0
163.0
156.0
160.0
164.0
178.0
133.0
160.0
421.0
141.0
147.0
155.0
150.0
131.0
153.0
173.0
141.0
170.0
176.0
131.0
148.0
172.0
400.0
138.0
134.0
132.0
151.0
153.0
143.0
172.0
139.0
415.0
151.0
151.0
144.0
168.0
135.0
132.0
162.0
135.0
173.0
140.0
175.0
143.0
144.0
160.0
149.0
149.0
169.0
373.0
141.0
173.0
438.0
143.0
168.0
174.0
152.0
138.0
153.0
133.0
145.0
167.0
449.0
152.0
176.0
156.0
153.0
152.0
152.0
141.0
169.0
163.0
170.0
154.0
140.0
149.0
156.0
170.0
148.0
154.0
399.0
150.0
147.0
157.0
147.0
172.0
169.0
148.0
167.0
160.0
433.0
176.0
367.0
157.0
467.0
417.0
493.0
455.0
426.0
409.0
399.0
478.0
487.0
150.0
158.0
162.0
169.0
171.0
148.0
147.0
138.0
139.0
175.0
202.0
170.0
142.0
413.0
131.0
134.0
162.0
162.0
160.0
167.0
133.0
163.0
130.0
166.0
155.0
149.0
147.0
384.0
159.0
139.0
144.0
166.0
152.0
133.0
167.0
164.0
490.0
164.0
157.0
134.0
130.0
138.0
160.0
143.0
151.0
170.0
165.0
137.0
176.0
146.0
140.0
142.0
127.0
145.0
458.0
168.0
156.0
391.0
150.0
133.0
149.0
159.0
174.0
151.0
170.0
166.0
172.0
395.0
166.0
138.0
133.0
133.0
139.0
158.0
151.0
148.0
143.0
167.0
152.0
152.0
131.0
158.0
160.0
147.0
154.0
451.0
173.0
145.0
135.0
153.0
166.0
148.0
146.0
161.0
171.0
427.0
171.0
468.0
161.0
380.0
463.0
379.0
391.0
389.0
459.0
472.0
402.0
367.0
141.0
174.0
156.0
147.0
156.0
170.0
132.0
151.0
139.0
164.0
194.0
169.0
146.0
419.0
159.0
173.0
132.0
139.0
144.0
170.0
161.0
174.0
168.0
156.0
146.0
162.0
161.0
397.0
165.0
137.0
173.0
143.0
156.0
167.0
163.0
138.0
364.0
140.0
173.0
164.0
171.0
142.0
130.0
136.0
144.0
151.0
144.0
140.0
165.0
172.0
135.0
173.0
143.0
158.0
458.0
136.0
146.0
470.0
171.0
165.0
137.0
133.0
143.0
148.0
165.0
164.0
159.0
379.0
172.0
152.0
159.0
153.0
136.0
172.0
152.0
139.0
160.0
135.0
158.0
157.0
164.0
142.0
150.0
136.0
158.0
485.0
172.0
177.0
157.0
144.0
160.0
172.0
137.0
142.0
137.0
481.0
141.0
482.0
150.0
430.0
413.0
378.0
486.0
423.0
410.0
374.0
436.0
397.0
130.0
142.0
147.0
130.0
170.0
161.0
134.0
143.0
130.0
