I_BRKGA_110_2_10_1_CESP
110 2 10 494.0
33427.5
30979.5
32863.5
29918.5
35873.5
30580.5
34197.5
29342.5
35020.5
30092.5
0.10275336788910068
0.09888577380819288
0.11496278065475422
0.09803304629284516
0.11067010934965932
0.08415847075297384
0.10542024033293874
0.08783495611452785
0.10724892211432963
0.09003233269067756
109.0
126.0
7663.0
71.0
469.0
1349.0
35.0
526.0
120.0
182.0
46.0
334.0
270.0
389.0
61.0
300.0
512.0
279.0
69.0
244.0
75.0
280.0
29.0
375.0
160.0
844.0
1307.0
587.0
333.0
1162.0
276.0
150.0
855.0
5150.0
5996.0
128.0
164.0
318.0
50.0
29.0
186.0
214.0
179.0
516.0
361.0
74.0
62.0
26.0
119.0
30.0
19.0
165.0
834.0
51.0
124.0
63.0
44.0
152.0
150.0
72.0
164.0
146.0
750.0
38.0
21.0
24.0
31.0
8.0
76.0
262.0
110.0
71.0
86.0
58.0
41.0
83.0
139.0
48.0
27.0
58.0
157.0
167.0
103.0
84.0
127.0
47.0
65.0
1553.0
54.0
56.0
66.0
24.0
158.0
277.0
31.0
260.0
128.0
256.0
78.0
128.0
821.0
221.0
69.0
1213.0
132.0
117.0
68.0
90.0
112.0
20.0
255.0
198.0
495.0
1255.0
34.0
525.0
117.0
178.0
46.0
335.0
247.0
373.0
61.0
317.0
524.0
267.0
75.0
235.0
74.0
293.0
28.0
355.0
170.0
781.0
1360.0
572.0
339.0
1183.0
279.0
144.0
820.0
5502.0
5747.0
124.0
168.0
315.0
48.0
29.0
191.0
221.0
189.0
488.0
373.0
73.0
66.0
27.0
117.0
33.0
19.0
172.0
832.0
51.0
124.0
67.0
46.0
158.0
151.0
69.0
164.0
149.0
737.0
38.0
21.0
25.0
32.0
8.0
70.0
276.0
112.0
71.0
91.0
58.0
38.0
83.0
148.0
47.0
25.0
53.0
161.0
166.0
110.0
83.0
130.0
45.0
67.0
1553.0
55.0
55.0
65.0
25.0
151.0
271.0
31.0
283.0
123.0
259.0
78.0
128.0
773.0
219.0
70.0
1167.0
132.0
121.0
72.0
87.0
118.0
20.0
259.0
192.0
473.0
1311.0
35.0
556.0
120.0
189.0
48.0
339.0
249.0
400.0
59.0
307.0
558.0
275.0
74.0
242.0
76.0
285.0
28.0
338.0
166.0
764.0
1282.0
573.0
327.0
1191.0
277.0
153.0
850.0
5310.0
5524.0
129.0
167.0
325.0
50.0
29.0
176.0
204.0
186.0
506.0
368.0
74.0
62.0
27.0
126.0
33.0
19.0
175.0
840.0
48.0
130.0
67.0
42.0
151.0
152.0
73.0
164.0
142.0
741.0
36.0
20.0
25.0
32.0
8.0
69.0
270.0
108.0
69.0
85.0
57.0
41.0
89.0
150.0
48.0
27.0
57.0
164.0
158.0
106.0
79.0
127.0
44.0
65.0
1509.0
59.0
58.0
68.0
24.0
159.0
297.0
32.0
285.0
122.0
237.0
76.0
136.0
829.0
223.0
65.0
1278.0
125.0
121.0
73.0
86.0
113.0
19.0
258.0
205.0
492.0
1322.0
36.0
541.0
114.0
175.0
44.0
322.0
260.0
387.0
59.0
317.0
534.0
283.0
73.0
247.0
82.0
295.0
29.0
338.0
164.0
820.0
1264.0
553.0
349.0
1122.0
298.0
154.0
872.0
5496.0
5591.0
127.0
172.0
318.0
48.0
29.0
177.0
214.0
191.0
488.0
364.0
79.0
65.0
26.0
125.0
32.0
20.0
178.0
865.0
48.0
127.0
64.0
46.0
161.0
143.0
74.0
166.0
151.0
782.0
37.0
20.0
25.0
31.0
8.0
76.0
276.0
111.0
70.0
84.0
56.0
41.0
85.0
144.0
48.0
27.0
56.0
152.0
159.0
109.0
85.0
134.0
46.0
66.0
1651.0
58.0
54.0
65.0
26.0
154.0
285.0
32.0
262.0
128.0
258.0
78.0
129.0
816.0
203.0
69.0
1233.0
123.0
119.0
72.0
87.0
116.0
19.0
271.0
194.0
512.0
1314.0
34.0
542.0
110.0
183.0
48.0
326.0
254.0
387.0
60.0
306.0
510.0
268.0
69.0
245.0
82.0
289.0
27.0
367.0
162.0
793.0
1349.0
578.0
332.0
1170.0
298.0
150.0
847.0
5087.0
5887.0
120.0
158.0
319.0
46.0
28.0
180.0
211.0
181.0
497.0
374.0
73.0
63.0
27.0
126.0
32.0
20.0
168.0
872.0
53.0
122.0
63.0
43.0
165.0
143.0
70.0
152.0
151.0
756.0
38.0
21.0
25.0
30.0
8.0
73.0
261.0
110.0
71.0
84.0
56.0
40.0
83.0
141.0
45.0
27.0
55.0
150.0
166.0
110.0
79.0
129.0
44.0
61.0
1634.0
55.0
56.0
66.0
26.0
162.0
291.0
31.0
288.0
127.0
236.0
83.0
140.0
810.0
222.0
71.0
1261.0
123.0
116.0
67.0
87.0
112.0
19.0
259.0
203.0
471.0
1220.0
36.0
526.0
112.0
184.0
48.0
324.0
268.0
391.0
56.0
312.0
549.0
293.0
76.0
248.0
78.0
291.0
28.0
368.0
163.0
811.0
1357.0
549.0
342.0
1101.0
273.0
149.0
827.0
4991.0
5449.0
124.0
166.0
307.0
47.0
27.0
180.0
212.0
181.0
500.0
348.0
78.0
67.0
26.0
124.0
31.0
19.0
164.0
884.0
53.0
130.0
65.0
45.0
153.0
149.0
71.0
155.0
140.0
735.0
38.0
20.0
25.0
31.0
8.0
76.0
268.0
107.0
73.0
83.0
54.0
39.0
81.0
153.0
46.0
27.0
55.0
156.0
171.0
103.0
84.0
126.0
44.0
63.0
1526.0
56.0
58.0
69.0
25.0
167.0
285.0
32.0
266.0
130.0
243.0
80.0
135.0
813.0
217.0
66.0
1284.0
128.0
123.0
71.0
90.0
117.0
18.0
249.0
200.0
494.0
1288.0
35.0
515.0
117.0
179.0
45.0
334.0
269.0
391.0
57.0
309.0
544.0
278.0
73.0
240.0
79.0
282.0
29.0
354.0
163.0
780.0
1307.0
546.0
347.0
1105.0
294.0
146.0
808.0
5360.0
5973.0
128.0
160.0
314.0
48.0
27.0
188.0
207.0
195.0
504.0
361.0
74.0
64.0
27.0
126.0
32.0
20.0
162.0
864.0
52.0
120.0
65.0
45.0
153.0
151.0
72.0
157.0
153.0
773.0
38.0
20.0
25.0
30.0
8.0
72.0
272.0
110.0
71.0
87.0
57.0
40.0
83.0
148.0
49.0
27.0
58.0
156.0
162.0
104.0
82.0
138.0
47.0
65.0
1514.0
57.0
57.0
70.0
24.0
152.0
292.0
32.0
278.0
126.0
234.0
76.0
137.0
771.0
222.0
67.0
1260.0
123.0
120.0
67.0
89.0
115.0
20.0
265.0
198.0
512.0
1217.0
34.0
540.0
115.0
186.0
47.0
340.0
267.0
380.0
60.0
303.0
552.0
280.0
71.0
249.0
75.0
294.0
28.0
361.0
169.0
805.0
1363.0
585.0
357.0
1197.0
289.0
147.0
861.0
5205.0
5982.0
125.0
156.0
314.0
47.0
27.0
182.0
225.0
183.0
484.0
367.0
77.0
63.0
25.0
117.0
31.0
19.0
178.0
888.0
53.0
127.0
65.0
45.0
158.0
154.0
74.0
160.0
153.0
783.0
35.0
20.0
24.0
30.0
8.0
70.0
277.0
112.0
70.0
87.0
54.0
40.0
83.0
148.0
49.0
25.0
53.0
155.0
159.0
110.0
86.0
134.0
47.0
67.0
1540.0
59.0
58.0
71.0
26.0
159.0
287.0
33.0
287.0
120.0
255.0
78.0
128.0
757.0
204.0
66.0
1218.0
123.0
126.0
70.0
89.0
116.0
19.0
259.0
200.0
513.0
1234.0
34.0
529.0
120.0
187.0
47.0
326.0
249.0
372.0
59.0
306.0
517.0
267.0
75.0
234.0
81.0
301.0
27.0
368.0
169.0
786.0
1353.0
577.0
337.0
1099.0
283.0
149.0
855.0
5331.0
5453.0
126.0
158.0
326.0
46.0
28.0
193.0
205.0
178.0
498.0
361.0
79.0
65.0
25.0
128.0
31.0
19.0
176.0
853.0
53.0
127.0
64.0
42.0
152.0
152.0
69.0
154.0
144.0
727.0
38.0
20.0
25.0
31.0
8.0
75.0
275.0
103.0
72.0
83.0
57.0
41.0
86.0
153.0
47.0
26.0
58.0
152.0
165.0
110.0
84.0
139.0
46.0
61.0
1653.0
57.0
58.0
71.0
26.0
153.0
290.0
31.0
270.0
128.0
236.0
81.0
137.0
762.0
225.0
66.0
1188.0
127.0
121.0
69.0
90.0
112.0
19.0
262.0
201.0
505.0
1318.0
36.0
526.0
113.0
192.0
44.0
321.0
244.0
387.0
57.0
311.0
514.0
293.0
72.0
237.0
78.0
280.0
28.0
341.0
171.0
769.0
1356.0
601.0
363.0
1132.0
282.0
147.0
829.0
5303.0
5892.0
127.0
170.0
305.0
47.0
27.0
177.0
206.0
178.0
481.0
371.0
73.0
67.0
25.0
123.0
33.0
19.0
179.0
898.0
50.0
125.0
63.0
44.0
162.0
142.0
76.0
163.0
139.0
751.0
36.0
20.0
25.0
32.0
8.0
70.0
267.0
102.0
74.0
83.0
58.0
38.0
86.0
143.0
46.0
27.0
56.0
161.0
172.0
105.0
80.0
132.0
47.0
63.0
1515.0
56.0
57.0
70.0
24.0
157.0
293.0
33.0
282.0
122.0
250.0
81.0
140.0
792.0
212.0
68.0
1243.0
124.0
126.0
68.0
87.0
116.0
19.0
248.0
205.0
205.0
197.0
166.0
166.0
426.0
177.0
157.0
137.0
136.0
151.0
157.0
175.0
130.0
150.0
145.0
160.0
143.0
174.0
429.0
159.0
165.0
148.0
166.0
164.0
156.0
161.0
166.0
433.0
136.0
175.0
138.0
148.0
145.0
153.0
170.0
136.0
134.0
132.0
163.0
168.0
133.0
173.0
164.0
140.0
139.0
426.0
153.0
152.0
377.0
166.0
162.0
158.0
167.0
159.0
168.0
176.0
172.0
147.0
379.0
158.0
168.0
175.0
138.0
159.0
131.0
134.0
171.0
141.0
166.0
176.0
152.0
136.0
165.0
148.0
133.0
152.0
415.0
144.0
137.0
167.0
144.0
148.0
146.0
130.0
145.0
130.0
408.0
164.0
462.0
164.0
372.0
388.0
439.0
366.0
390.0
480.0
441.0
374.0
418.0
156.0
132.0
175.0
175.0
174.0
170.0
130.0
149.0
166.0
193.0
202.0
146.0
167.0
488.0
140.0
147.0
152.0
133.0
162.0
161.0
143.0
139.0
153.0
170.0
144.0
171.0
134.0
393.0
150.0
173.0
166.0
138.0
172.0
153.0
152.0
159.0
435.0
134.0
177.0
171.0
135.0
161.0
149.0
176.0
146.0
174.0
140.0
162.0
137.0
139.0
169.0
146.0
140.0
169.0
392.0
162.0
133.0
473.0
173.0
134.0
146.0
133.0
156.0
166.0
172.0
163.0
165.0
387.0
146.0
137.0
136.0
144.0
147.0
167.0
159.0
165.0
150.0
169.0
138.0
133.0
142.0
148.0
132.0
123.0
139.0
447.0
165.0
159.0
141.0
145.0
157.0
145.0
132.0
145.0
152.0
452.0
149.0
372.0
135.0
450.0
366.0
440.0
376.0
486.0
394.0
476.0
390.0
371.0
152.0
166.0
139.0
139.0
146.0
158.0
167.0
157.0
158.0
206.0
180.0
156.0
156.0
454.0
168.0
137.0
159.0
177.0
155.0
136.0
170.0
171.0
153.0
137.0
134.0
165.0
175.0
464.0
161.0
160.0
146.0
173.0
169.0
151.0
133.0
147.0
472.0
131.0
165.0
144.0
162.0
147.0
176.0
131.0
139.0
168.0
152.0
146.0
140.0
144.0
138.0
131.0
141.0
176.0
456.0
167.0
142.0
442.0
154.0
149.0
136.0
168.0
173.0
168.0
133.0
173.0
161.0
430.0
146.0
132.0
141.0
158.0
160.0
154.0
137.0
140.0
137.0
173.0
173.0
135.0
155.0
148.0
157.0
145.0
171.0
489.0
176.0
160.0
168.0
166.0
162.0
130.0
141.0
169.0
133.0
451.0
156.0
437.0
148.0
381.0
379.0
371.0
457.0
427.0
427.0
383.0
465.0
463.0
160.0
152.0
148.0
132.0
135.0
135.0
139.0
155.0
131.0
197.0
164.0
160.0
131.0
408.0
177.0
140.0
174.0
176.0
156.0
164.0
162.0
177.0
155.0
137.0
151.0
150.0
130.0
463.0
149.0
175.0
175.0
164.0
154.0
138.0
152.0
131.0
478.0
132.0
132.0
152.0
136.0
175.0
157.0
150.0
160.0
168.0
173.0
131.0
133.0
134.0
135.0
151.0
128.0
174.0
460.0
168.0
132.0
415.0
170.0
173.0
141.0
151.0
149.0
154.0
160.0
169.0
152.0
372.0
147.0
145.0
140.0
141.0
167.0
139.0
165.0
146.0
137.0
174.0
144.0
161.0
162.0
158.0
173.0
128.0
157.0
385.0
146.0
158.0
152.0
175.0
141.0
133.0
168.0
173.0
175.0
456.0
148.0
385.0
166.0
405.0
408.0
434.0
383.0
458.0
444.0
423.0
417.0
399.0
146.0
166.0
166.0
157.0
152.0
147.0
130.0
143.0
148.0
173.0
199.0
137.0
154.0
468.0
172.0
170.0
146.0
144.0
172.0
132.0
174.0
173.0
147.0
172.0
131.0
164.0
140.0
473.0
163.0
172.0
158.0
156.0
156.0
149.0
137.0
143.0
393.0
157.0
159.0
159.0
163.0
135.0
142.0
139.0
162.0
138.0
157.0
145.0
177.0
137.0
148.0
145.0
140.0
154.0
380.0
167.0
158.0
387.0
175.0
155.0
177.0
158.0
139.0
174.0
141.0
131.0
170.0
396.0
138.0
166.0
160.0
170.0
159.0
161.0
154.0
149.0
152.0
169.0
156.0
170.0
132.0
152.0
174.0
120.0
169.0
387.0
144.0
169.0
157.0
150.0
158.0
161.0
164.0
163.0
139.0
414.0
140.0
453.0
142.0
484.0
415.0
434.0
365.0
385.0
455.0
494.0
490.0
404.0
173.0
174.0
130.0
132.0
154.0
159.0
164.0
144.0
153.0
195.0
202.0
157.0
141.0
375.0
148.0
174.0
166.0
136.0
145.0
136.0
138.0
144.0
139.0
152.0
142.0
161.0
137.0
418.0
153.0
159.0
161.0
141.0
170.0
174.0
149.0
161.0
415.0
144.0
132.0
171.0
145.0
158.0
132.0
137.0
176.0
168.0
132.0
167.0
133.0
156.0
138.0
151.0
116.0
156.0
399.0
167.0
169.0
469.0
143.0
131.0
172.0
156.0
169.0
138.0
151.0
152.0
175.0
429.0
139.0
148.0
162.0
173.0
172.0
153.0
152.0
140.0
168.0
136.0
138.0
141.0
135.0
147.0
170.0
137.0
160.0
461.0
146.0
148.0
140.0
158.0
175.0
172.0
157.0
136.0
143.0
455.0
156.0
407.0
176.0
404.0
396.0
471.0
411.0
486.0
365.0
436.0
476.0
480.0
159.0
152.0
160.0
173.0
140.0
151.0
142.0
170.0
150.0
193.0
200.0
144.0
133.0
418.0
147.0
144.0
146.0
177.0
166.0
174.0
136.0
145.0
143.0
163.0
139.0
159.0
137.0
490.0
140.0
138.0
143.0
158.0
166.0
175.0
176.0
170.0
366.0
139.0
154.0
135.0
159.0
171.0
144.0
130.0
173.0
147.0
167.0
167.0
158.0
130.0
152.0
145.0
135.0
136.0
450.0
131.0
144.0
452.0
168.0
148.0
136.0
172.0
156.0
177.0
145.0
146.0
167.0
420.0
171.0
149.0
148.0
137.0
142.0
169.0
159.0
143.0
156.0
136.0
177.0
136.0
164.0
135.0
145.0
139.0
142.0
407.0
140.0
147.0
176.0
164.0
143.0
170.0
171.0
143.0
166.0
486.0
156.0
492.0
139.0
410.0
393.0
381.0
453.0
404.0
454.0
442.0
436.0
381.0
155.0
173.0
160.0
139.0
153.0
139.0
151.0
131.0
169.0
165.0
196.0
145.0
133.0
387.0
131.0
141.0
154.0
172.0
154.0
143.0
146.0
159.0
141.0
150.0
132.0
160.0
161.0
423.0
173.0
146.0
137.0
166.0
156.0
148.0
163.0
170.0
424.0
136.0
158.0
152.0
161.0
165.0
149.0
176.0
145.0
137.0
151.0
154.0
150.0
139.0
151.0
171.0
133.0
148.0
388.0
157.0
139.0
396.0
149.0
173.0
131.0
143.0
132.0
147.0
165.0
151.0
168.0
479.0
149.0
157.0
153.0
139.0
142.0
148.0
159.0
172.0
169.0
143.0
146.0
158.0
163.0
147.0
159.0
129.0
149.0
453.0
134.0
161.0
174.0
146.0
145.0
145.0
160.0
160.0
130.0
381.0
142.0
408.0
167.0
478.0
453.0
479.0
405.0
395.0
450.0
374.0
488.0
467.0
147.0
159.0
141.0
148.0
156.0
145.0
171.0
148.0
130.0
158.0
157.0
151.0
139.0
388.0
148.0
158.0
144.0
158.0
140.0
135.0
154.0
147.0
171.0
138.0
161.0
133.0
131.0
440.0
170.0
138.0
144.0
163.0
167.0
157.0
170.0
157.0
464.0
154.0
143.0
174.0
161.0
144.0
169.0
155.0
132.0
171.0
166.0
168.0
170.0
132.0
165.0
133.0
141.0
172.0
407.0
164.0
138.0
450.0
169.0
171.0
135.0
140.0
145.0
164.0
153.0
171.0
152.0
435.0
132.0
175.0
157.0
168.0
141.0
173.0
173.0
136.0
138.0
139.0
130.0
133.0
170.0
161.0
175.0
133.0
141.0
393.0
163.0
132.0
167.0
160.0
156.0
150.0
155.0
130.0
171.0
493.0
169.0
404.0
146.0
409.0
427.0
366.0
428.0
395.0
456.0
422.0
396.0
383.0
136.0
158.0
157.0
151.0
176.0
164.0
171.0
156.0
173.0
185.0
166.0
132.0
149.0
404.0
133.0
137.0
145.0
147.0
148.0
154.0
152.0
170.0
137.0
156.0
172.0
149.0
139.0
475.0
150.0
142.0
154.0
175.0
172.0
133.0
142.0
175.0
426.0
130.0
160.0
161.0
160.0
171.0
149.0
133.0
152.0
142.0
161.0
147.0
144.0
136.0
144.0
138.0
143.0
147.0
409.0
138.0
141.0
368.0
165.0
157.0
158.0
147.0
153.0
144.0
138.0
131.0
153.0
402.0
154.0
165.0
171.0
169.0
160.0
164.0
138.0
159.0
157.0
139.0
154.0
168.0
138.0
132.0
152.0
134.0
145.0
449.0
157.0
156.0
135.0
174.0
148.0
157.0
162.0
150.0
157.0
411.0
171.0
394.0
170.0
485.0
445.0
431.0
378.0
402.0
479.0
405.0
424.0
419.0
160.0
173.0
131.0
152.0
135.0
160.0
154.0
174.0
139.0
