I_BRKGA_111_3_40_11_CESP
111 3 40 495.0
33337.5
30315.5
31739.5
31258.5
33336.5
33866.5
34785.5
29498.5
31564.5
30735.5
32269.5
30955.5
30412.5
34920.5
30590.5
35181.5
33659.5
30313.5
31203.5
30703.5
33058.5
34146.5
31971.5
30792.5
35286.5
34529.5
31093.5
34130.5
32150.5
34757.5
34831.5
31899.5
33376.5
36381.5
29285.5
32646.5
31202.5
29413.5
29570.5
28751.5
0.026729231179532947
0.021437254217772622
0.029196856222918725
0.02122305817162351
0.02542953533660879
0.02397867310295402
0.026432094708303266
0.02282916101603058
0.029028109624169646
0.024282769615049583
0.026817080550118885
0.02342169069189111
0.025035613022539753
0.024452951590154665
0.029882962846805528
0.0207569829411488
0.028257679813881966
0.023891059110105188
0.026978016565370487
0.020389095309318997
0.026429150501254686
0.020635516944412638
0.026028100941716995
0.02061326553522504
0.026833643174416617
0.02176553053384847
0.02529278735621052
0.023945430391061184
0.029324878774830653
0.023132401917196576
0.02534460736672284
0.0239901896357939
0.029139804164861255
0.0239475999948593
0.027800623901200784
0.02236503191169608
0.029773442809268268
0.021869520704873743
0.025043540368239227
0.026275057436012106
123.0
118.0
124.0
5105.0
35.0
2516.0
514.0
1333.0
36.0
534.0
112.0
188.0
47.0
319.0
247.0
389.0
59.0
300.0
511.0
272.0
75.0
254.0
80.0
282.0
28.0
372.0
159.0
819.0
1303.0
571.0
352.0
1109.0
301.0
146.0
826.0
5245.0
5939.0
119.0
160.0
315.0
50.0
29.0
185.0
215.0
186.0
516.0
360.0
73.0
61.0
25.0
117.0
31.0
20.0
172.0
842.0
52.0
127.0
66.0
46.0
154.0
155.0
75.0
156.0
153.0
724.0
38.0
20.0
26.0
29.0
8.0
70.0
256.0
110.0
73.0
89.0
59.0
38.0
87.0
141.0
45.0
25.0
53.0
151.0
172.0
103.0
85.0
128.0
48.0
62.0
1622.0
58.0
54.0
70.0
25.0
159.0
283.0
32.0
269.0
119.0
241.0
81.0
133.0
821.0
220.0
68.0
1221.0
131.0
116.0
71.0
87.0
112.0
19.0
246.0
193.0
471.0
1244.0
35.0
526.0
114.0
179.0
48.0
343.0
262.0
385.0
57.0
308.0
548.0
281.0
76.0
233.0
77.0
291.0
27.0
358.0
159.0
769.0
1257.0
579.0
337.0
1088.0
297.0
152.0
871.0
5361.0
5455.0
124.0
160.0
334.0
50.0
28.0
179.0
221.0
190.0
506.0
366.0
78.0
65.0
26.0
116.0
30.0
20.0
176.0
883.0
50.0
126.0
61.0
45.0
167.0
151.0
69.0
161.0
146.0
795.0
37.0
21.0
25.0
30.0
8.0
72.0
252.0
111.0
73.0
84.0
58.0
37.0
81.0
149.0
48.0
27.0
54.0
163.0
162.0
103.0
86.0
129.0
47.0
66.0
1548.0
58.0
57.0
69.0
25.0
156.0
291.0
33.0
263.0
125.0
259.0
76.0
134.0
807.0
207.0
65.0
1262.0
130.0
119.0
68.0
86.0
115.0
19.0
267.0
198.0
470.0
1295.0
36.0
557.0
115.0
192.0
46.0
325.0
257.0
374.0
56.0
310.0
514.0
273.0
73.0
237.0
79.0
281.0
29.0
369.0
170.0
845.0
1288.0
578.0
362.0
1091.0
277.0
147.0
827.0
5062.0
5456.0
131.0
162.0
318.0
47.0
28.0
190.0
220.0
187.0
509.0
352.0
75.0
66.0
25.0
127.0
33.0
19.0
174.0
824.0
53.0
131.0
64.0
44.0
157.0
147.0
70.0
163.0
153.0
789.0
38.0
20.0
25.0
31.0
8.0
72.0
261.0
106.0
69.0
88.0
56.0
41.0
89.0
151.0
46.0
27.0
56.0
157.0
169.0
108.0
82.0
136.0
46.0
63.0
1653.0
58.0
59.0
69.0
26.0
166.0
278.0
31.0
268.0
118.0
241.0
79.0
131.0
790.0
204.0
67.0
1268.0
130.0
120.0
69.0
91.0
115.0
19.0
263.0
189.0
479.0
1227.0
36.0
555.0
114.0
183.0
44.0
335.0
250.0
390.0
57.0
315.0
537.0
292.0
71.0
231.0
79.0
279.0
29.0
361.0
159.0
761.0
1350.0
581.0
352.0
1105.0
278.0
147.0
806.0
5180.0
5710.0
129.0
168.0
325.0
47.0
28.0
178.0
213.0
186.0
491.0
345.0
75.0
65.0
26.0
125.0
33.0
19.0
164.0
855.0
50.0
124.0
66.0
44.0
158.0
150.0
70.0
168.0
149.0
803.0
36.0
19.0
26.0
32.0
8.0
70.0
252.0
107.0
74.0
89.0
55.0
39.0
81.0
140.0
48.0
26.0
58.0
160.0
163.0
105.0
81.0
136.0
46.0
66.0
1563.0
59.0
59.0
68.0
25.0
159.0
297.0
31.0
282.0
128.0
247.0
75.0
133.0
790.0
205.0
68.0
1250.0
124.0
117.0
72.0
88.0
119.0
19.0
263.0
200.0
502.0
1334.0
34.0
515.0
109.0
187.0
45.0
329.0
249.0
376.0
59.0
317.0
518.0
281.0
74.0
247.0
79.0
273.0
27.0
368.0
158.0
776.0
1273.0
563.0
354.0
1159.0
279.0
147.0
842.0
5145.0
5460.0
120.0
166.0
306.0
51.0
27.0
181.0
212.0
180.0
496.0
346.0
77.0
63.0
27.0
122.0
33.0
19.0
165.0
816.0
51.0
121.0
61.0
45.0
157.0
154.0
72.0
167.0
153.0
729.0
37.0
20.0
26.0
32.0
8.0
74.0
266.0
113.0
72.0
85.0
57.0
40.0
83.0
145.0
46.0
27.0
57.0
151.0
172.0
103.0
80.0
137.0
44.0
67.0
1532.0
57.0
59.0
71.0
25.0
162.0
298.0
31.0
273.0
119.0
251.0
81.0
134.0
821.0
209.0
67.0
1232.0
131.0
121.0
67.0
94.0
110.0
20.0
267.0
200.0
519.0
1229.0
36.0
507.0
117.0
181.0
47.0
345.0
250.0
383.0
58.0
304.0
531.0
269.0
71.0
242.0
79.0
275.0
27.0
369.0
165.0
828.0
1358.0
566.0
357.0
1110.0
285.0
159.0
826.0
5114.0
5595.0
130.0
171.0
325.0
47.0
28.0
192.0
208.0
181.0
526.0
362.0
75.0
61.0
26.0
122.0
30.0
20.0
164.0
851.0
49.0
123.0
66.0
43.0
161.0
145.0
73.0
155.0
152.0
764.0
38.0
20.0
26.0
31.0
8.0
69.0
250.0
113.0
72.0
83.0
55.0
40.0
83.0
150.0
47.0
27.0
57.0
162.0
165.0
108.0
84.0
136.0
46.0
65.0
1621.0
54.0
57.0
68.0
26.0
159.0
296.0
31.0
286.0
124.0
248.0
79.0
134.0
808.0
209.0
67.0
1170.0
126.0
124.0
69.0
93.0
122.0
19.0
269.0
187.0
475.0
1302.0
33.0
548.0
119.0
190.0
44.0
333.0
264.0
393.0
56.0
302.0
533.0
269.0
71.0
254.0
82.0
275.0
27.0
364.0
168.0
826.0
1261.0
558.0
354.0
1160.0
295.0
146.0
858.0
5418.0
5684.0
127.0
164.0
329.0
51.0
29.0
190.0
215.0
179.0
528.0
359.0
75.0
65.0
26.0
121.0
32.0
19.0
163.0
854.0
49.0
124.0
64.0
43.0
166.0
151.0
70.0
168.0
140.0
762.0
35.0
21.0
25.0
30.0
8.0
74.0
255.0
107.0
73.0
86.0
58.0
40.0
86.0
143.0
47.0
25.0
55.0
151.0
159.0
103.0
81.0
128.0
46.0
62.0
1638.0
57.0
59.0
71.0
26.0
160.0
297.0
32.0
260.0
118.0
252.0
78.0
129.0
759.0
213.0
71.0
1189.0
131.0
117.0
67.0
85.0
112.0
19.0
262.0
197.0
505.0
1260.0
34.0
534.0
120.0
182.0
48.0
329.0
267.0
396.0
56.0
315.0
516.0
274.0
69.0
250.0
81.0
294.0
28.0
356.0
159.0
762.0
1360.0
592.0
345.0
1117.0
291.0
156.0
792.0
5505.0
5908.0
122.0
162.0
312.0
48.0
27.0
175.0
217.0
191.0
511.0
344.0
79.0
61.0
27.0
128.0
32.0
19.0
171.0
823.0
53.0
126.0
66.0
43.0
167.0
150.0
69.0
166.0
151.0
740.0
38.0
21.0
25.0
31.0
8.0
76.0
257.0
104.0
71.0
88.0
56.0
40.0
88.0
148.0
47.0
27.0
54.0
156.0
169.0
105.0
84.0
134.0
44.0
64.0
1526.0
57.0
54.0
69.0
25.0
155.0
286.0
32.0
268.0
121.0
255.0
83.0
136.0
750.0
216.0
65.0
1216.0
130.0
126.0
68.0
87.0
122.0
19.0
256.0
191.0
497.0
1299.0
33.0
552.0
112.0
184.0
46.0
327.0
263.0
367.0
59.0
309.0
520.0
266.0
73.0
243.0
81.0
292.0
29.0
374.0
165.0
789.0
1366.0
594.0
339.0
1176.0
295.0
145.0
795.0
5218.0
5931.0
130.0
158.0
320.0
49.0
27.0
179.0
213.0
177.0
497.0
371.0
73.0
64.0
25.0
119.0
32.0
18.0
178.0
847.0
49.0
127.0
63.0
45.0
155.0
149.0
74.0
162.0
140.0
782.0
36.0
19.0
26.0
31.0
8.0
73.0
269.0
104.0
72.0
84.0
56.0
40.0
83.0
154.0
49.0
26.0
53.0
153.0
172.0
105.0
87.0
138.0
48.0
65.0
1557.0
56.0
56.0
66.0
24.0
154.0
281.0
31.0
267.0
122.0
238.0
79.0
141.0
761.0
218.0
65.0
1223.0
127.0
124.0
72.0
89.0
112.0
20.0
260.0
206.0
505.0
1316.0
36.0
515.0
119.0
179.0
48.0
337.0
260.0
368.0
58.0
316.0
528.0
289.0
75.0
244.0
78.0
301.0
28.0
348.0
161.0
837.0
1274.0
593.0
361.0
1083.0
297.0
151.0
863.0
5335.0
5629.0
120.0
161.0
311.0
50.0
27.0
181.0
219.0
195.0
515.0
358.0
76.0
66.0
26.0
126.0
33.0
20.0
165.0
874.0
49.0
119.0
65.0
45.0
161.0
146.0
76.0
159.0
143.0
762.0
37.0
20.0
25.0
32.0
8.0
72.0
277.0
107.0
68.0
86.0
54.0
40.0
86.0
152.0
47.0
26.0
56.0
149.0
170.0
106.0
82.0
138.0
47.0
64.0
1617.0
57.0
56.0
65.0
24.0
167.0
297.0
33.0
272.0
127.0
259.0
78.0
137.0
799.0
208.0
66.0
1237.0
129.0
126.0
70.0
85.0
111.0
19.0
252.0
189.0
500.0
1339.0
34.0
538.0
116.0
183.0
44.0
342.0
258.0
379.0
58.0
294.0
555.0
286.0
70.0
238.0
78.0
300.0
27.0
340.0
167.0
800.0
1290.0
568.0
356.0
1147.0
292.0
156.0
868.0
4979.0
5458.0
130.0
169.0
316.0
50.0
27.0
177.0
226.0
184.0
521.0
369.0
76.0
61.0
25.0
121.0
32.0
19.0
175.0
864.0
51.0
120.0
64.0
45.0
157.0
152.0
73.0
167.0
149.0
755.0
37.0
20.0
26.0
32.0
8.0
75.0
263.0
104.0
74.0
83.0
57.0
38.0
82.0
148.0
49.0
26.0
56.0
161.0
167.0
111.0
83.0
135.0
45.0
67.0
1519.0
55.0
57.0
67.0
25.0
165.0
286.0
32.0
281.0
120.0
255.0
77.0
127.0
815.0
218.0
65.0
1226.0
127.0
123.0
69.0
90.0
116.0
20.0
257.0
190.0
495.0
1241.0
34.0
506.0
117.0
187.0
46.0
346.0
250.0
374.0
60.0
302.0
510.0
292.0
70.0
243.0
74.0
296.0
28.0
362.0
161.0
805.0
1303.0
572.0
333.0
1156.0
293.0
150.0
822.0
5230.0
5629.0
127.0
169.0
327.0
48.0
29.0
191.0
206.0
190.0
499.0
362.0
73.0
62.0
25.0
125.0
33.0
20.0
166.0
879.0
51.0
123.0
65.0
46.0
155.0
153.0
74.0
154.0
151.0
739.0
35.0
20.0
26.0
31.0
8.0
71.0
267.0
108.0
73.0
91.0
57.0
39.0
85.0
150.0
46.0
27.0
58.0
159.0
165.0
109.0
82.0
135.0
47.0
63.0
1544.0
58.0
57.0
70.0
25.0
160.0
282.0
33.0
266.0
124.0
238.0
79.0
136.0
796.0
212.0
70.0
1250.0
121.0
124.0
69.0
91.0
121.0
19.0
255.0
201.0
489.0
1328.0
33.0
521.0
111.0
177.0
45.0
321.0
247.0
393.0
61.0
315.0
520.0
282.0
75.0
231.0
76.0
279.0
27.0
375.0
172.0
801.0
1361.0
590.0
360.0
1085.0
291.0
157.0
861.0
5245.0
5811.0
127.0
169.0
327.0
49.0
29.0
183.0
211.0
182.0
516.0
358.0
79.0
66.0
26.0
116.0
30.0
20.0
175.0
851.0
51.0
127.0
66.0
45.0
165.0
144.0
69.0
156.0
143.0
740.0
35.0
21.0
26.0
32.0
8.0
71.0
255.0
110.0
74.0
91.0
55.0
38.0
88.0
147.0
45.0
25.0
57.0
160.0
161.0
111.0
81.0
131.0
48.0
62.0
1576.0
55.0
54.0
67.0
25.0
156.0
296.0
32.0
279.0
121.0
260.0
81.0
134.0
829.0
217.0
71.0
1274.0
124.0
118.0
67.0
88.0
122.0
18.0
255.0
193.0
504.0
1287.0
34.0
529.0
112.0
176.0
44.0
323.0
269.0
385.0
61.0
310.0
534.0
288.0
74.0
242.0
81.0
301.0
29.0
353.0
170.0
786.0
1393.0
572.0
335.0
1170.0
301.0
154.0
831.0
5450.0
6026.0
123.0
158.0
327.0
46.0
27.0
177.0
225.0
181.0
505.0
342.0
73.0
64.0
25.0
123.0
31.0
19.0
170.0
889.0
51.0
130.0
63.0
45.0
156.0
146.0
72.0
159.0
139.0
789.0
38.0
21.0
24.0
32.0
8.0
69.0
254.0
110.0
68.0
85.0
58.0
40.0
89.0
148.0
46.0
27.0
58.0
163.0
172.0
102.0
80.0
130.0
44.0
63.0
1591.0
56.0
56.0
65.0
25.0
162.0
274.0
33.0
268.0
128.0
259.0
76.0
140.0
831.0
222.0
71.0
1218.0
132.0
120.0
70.0
89.0
117.0
20.0
264.0
203.0
503.0
1305.0
36.0
513.0
113.0
189.0
48.0
319.0
267.0
381.0
57.0
298.0
535.0
276.0
71.0
234.0
81.0
294.0
27.0
351.0
171.0
779.0
1309.0
553.0
347.0
1085.0
300.0
146.0
819.0
5497.0
5945.0
128.0
163.0
331.0
47.0
27.0
181.0
221.0
183.0
531.0
365.0
77.0
62.0
26.0
125.0
31.0
20.0
163.0
842.0
49.0
129.0
66.0
45.0
163.0
146.0
69.0
158.0
149.0
754.0
35.0
20.0
24.0
31.0
8.0
76.0
271.0
102.0
69.0
90.0
55.0
38.0
81.0
141.0
45.0
27.0
55.0
152.0
167.0
103.0
84.0
133.0
44.0
62.0
1634.0
55.0
54.0
69.0
24.0
165.0
279.0
30.0
279.0
121.0
251.0
78.0
134.0
751.0
205.0
68.0
1239.0
129.0
122.0
66.0
87.0
118.0
19.0
254.0
192.0
502.0
1277.0
35.0
520.0
111.0
177.0
45.0
320.0
247.0
368.0
57.0
295.0
506.0
274.0
70.0
254.0
82.0
282.0
28.0
340.0
161.0
806.0
1321.0
599.0
335.0
1120.0
280.0
151.0
853.0
5205.0
5942.0
128.0
164.0
303.0
50.0
28.0
194.0
206.0
187.0
522.0
356.0
79.0
64.0
26.0
116.0
31.0
20.0
167.0
817.0
52.0
125.0
67.0
45.0
160.0
143.0
75.0
162.0
150.0
746.0
36.0
21.0
26.0
30.0
8.0
70.0
262.0
113.0
72.0
83.0
59.0
39.0
88.0
146.0
47.0
26.0
58.0
153.0
169.0
105.0
83.0
130.0
45.0
61.0
1628.0
54.0
55.0
67.0
26.0
159.0
272.0
32.0
277.0
123.0
245.0
80.0
134.0
759.0
208.0
65.0
1187.0
122.0
124.0
72.0
94.0
116.0
20.0
264.0
191.0
507.0
1334.0
33.0
553.0
115.0
185.0
46.0
337.0
263.0
400.0
60.0
316.0
521.0
286.0
70.0
240.0
80.0
297.0
27.0
355.0
173.0
807.0
1297.0
601.0
339.0
1104.0
296.0
150.0
821.0
5272.0
5633.0
131.0
160.0
323.0
51.0
29.0
194.0
209.0
179.0
488.0
349.0
74.0
61.0
27.0
126.0
32.0
19.0
179.0
884.0
49.0
131.0
62.0
44.0
158.0
148.0
76.0
163.0
151.0
752.0
37.0
19.0
26.0
31.0
8.0
73.0
274.0
110.0
67.0
86.0
54.0
39.0
82.0
153.0
49.0
26.0
54.0
150.0
161.0
102.0
84.0
128.0
46.0
64.0
1558.0
54.0
56.0
65.0
25.0
152.0
298.0
32.0
276.0
123.0
259.0
81.0
129.0
758.0
225.0
67.0
1243.0
128.0
123.0
67.0
91.0
114.0
20.0
249.0
207.0
482.0
1273.0
36.0
512.0
118.0
177.0
47.0
317.0
249.0
364.0
58.0
308.0
506.0
283.0
74.0
240.0
80.0
290.0
28.0
360.0
170.0
781.0
1330.0
570.0
338.0
1104.0
279.0
144.0
814.0
5235.0
5956.0
122.0
160.0
311.0
51.0
27.0
187.0
215.0
195.0
483.0
357.0
73.0
63.0
26.0
122.0
30.0
20.0
169.0
900.0
52.0
119.0
67.0
45.0
164.0
140.0
74.0
157.0
143.0
724.0
37.0
21.0
24.0
31.0
8.0
70.0
262.0
108.0
73.0
85.0
56.0
40.0
81.0
149.0
46.0
27.0
56.0
155.0
171.0
110.0
79.0
126.0
45.0
65.0
1618.0
59.0
56.0
65.0
26.0
163.0
270.0
32.0
286.0
130.0
258.0
79.0
132.0
766.0
212.0
69.0
1200.0
125.0
122.0
67.0
87.0
120.0
19.0
261.0
193.0
518.0
1250.0
36.0
515.0
111.0
184.0
46.0
349.0
245.0
371.0
55.0
304.0
552.0
293.0
74.0
244.0
80.0
282.0
29.0
370.0
172.0
764.0
1382.0
589.0
346.0
1129.0
282.0
158.0
856.0
5099.0
5989.0
126.0
169.0
325.0
50.0
28.0
176.0
213.0
185.0
516.0
369.0
76.0
65.0
25.0
120.0
33.0
20.0
164.0
895.0
53.0
122.0
67.0
43.0
157.0
152.0
73.0
167.0
153.0
767.0
37.0
20.0
25.0
32.0
8.0
70.0
266.0
106.0
71.0
83.0
57.0
41.0
83.0
150.0
47.0
27.0
57.0
156.0
171.0
108.0
87.0
132.0
46.0
67.0
1633.0
57.0
57.0
68.0
26.0
159.0
291.0
32.0
286.0
124.0
239.0
80.0
131.0
812.0
204.0
67.0
1215.0
134.0
115.0
72.0
90.0
119.0
19.0
271.0
189.0
490.0
1257.0
35.0
535.0
110.0
177.0
47.0
336.0
248.0
371.0
56.0
314.0
509.0
267.0
73.0
243.0
82.0
278.0
29.0
365.0
158.0
845.0
1309.0
570.0
346.0
1183.0
283.0
145.0
834.0
5098.0
5714.0
128.0
165.0
331.0
48.0
27.0
187.0
220.0
178.0
485.0
372.0
79.0
66.0
26.0
127.0
32.0
19.0
162.0
819.0
49.0
124.0
65.0
45.0
155.0
151.0
71.0
158.0
139.0
781.0
37.0
21.0
24.0
30.0
8.0
73.0
252.0
112.0
69.0
90.0
59.0
38.0
87.0
143.0
47.0
27.0
55.0
157.0
159.0
104.0
87.0
131.0
44.0
61.0
1579.0
59.0
56.0
67.0
24.0
152.0
288.0
33.0
275.0
126.0
256.0
76.0
129.0
765.0
224.0
67.0
1190.0
122.0
126.0
67.0
87.0
112.0
19.0
262.0
190.0
509.0
1264.0
34.0
554.0
118.0
179.0
48.0
317.0
246.0
367.0
61.0
296.0
521.0
283.0
71.0
232.0
74.0
273.0
27.0
345.0
172.0
777.0
1286.0
553.0
356.0
1113.0
288.0
145.0
829.0
5311.0
5594.0
122.0
161.0
303.0
47.0
27.0
194.0
216.0
182.0
483.0
342.0
77.0
67.0
25.0
118.0
33.0
20.0
168.0
880.0
48.0
124.0
67.0
45.0
158.0
150.0
76.0
156.0
147.0
764.0
35.0
19.0
25.0
30.0
8.0
70.0
252.0
109.0
73.0
85.0
57.0
40.0
89.0
148.0
45.0
27.0
55.0
162.0
172.0
108.0
87.0
137.0
47.0
66.0
1599.0
59.0
58.0
69.0
25.0
155.0
276.0
33.0
268.0
120.0
259.0
79.0
131.0
775.0
225.0
66.0
1285.0
131.0
118.0
68.0
94.0
113.0
20.0
255.0
188.0
476.0
1235.0
35.0
521.0
118.0
189.0
45.0
335.0
244.0
382.0
59.0
305.0
509.0
274.0
75.0
238.0
82.0
272.0
29.0
370.0
164.0
767.0
1345.0
596.0
341.0
1182.0
277.0
147.0
789.0
5375.0
5443.0
126.0
166.0
331.0
47.0
28.0
185.0
211.0
179.0
501.0
358.0
73.0
62.0
27.0
117.0
31.0
20.0
162.0
855.0
52.0
126.0
65.0
45.0
163.0
146.0
76.0
158.0
147.0
758.0
36.0
20.0
24.0
30.0
8.0
69.0
267.0
108.0
74.0
83.0
59.0
38.0
81.0
145.0
45.0
26.0
54.0
163.0
175.0
111.0
79.0
137.0
45.0
64.0
1598.0
58.0
59.0
66.0
26.0
166.0
277.0
33.0
281.0
127.0
252.0
76.0
135.0
779.0
204.0
71.0
1287.0
128.0
127.0
73.0
90.0
113.0
20.0
256.0
193.0
493.0
1350.0
35.0
504.0
119.0
192.0
44.0
324.0
270.0
367.0
59.0
315.0
527.0
276.0
73.0
238.0
79.0
277.0
29.0
341.0
167.0
762.0
1384.0
592.0
341.0
1183.0
299.0
155.0
850.0
5225.0
5816.0
124.0
168.0
330.0
47.0
29.0
180.0
217.0
181.0
497.0
370.0
79.0
65.0
27.0
116.0
32.0
19.0
175.0
904.0
52.0
126.0
64.0
43.0
164.0
149.0
72.0
153.0
142.0
737.0
35.0
21.0
26.0
31.0
8.0
72.0
262.0
110.0
67.0
88.0
55.0
41.0
86.0
144.0
49.0
27.0
58.0
161.0
171.0
111.0
84.0
132.0
45.0
63.0
1539.0
58.0
57.0
70.0
24.0
165.0
290.0
31.0
268.0
129.0
238.0
76.0
133.0
820.0
208.0
71.0
1288.0
121.0
115.0
69.0
91.0
111.0
19.0
257.0
202.0
470.0
1299.0
35.0
542.0
117.0
182.0
46.0
349.0
244.0
384.0
59.0
308.0
526.0
276.0
70.0
245.0
78.0
277.0
29.0
355.0
171.0
812.0
1385.0
543.0
338.0
1125.0
301.0
156.0
827.0
5134.0
5646.0
122.0
164.0
320.0
48.0
28.0
187.0
209.0
191.0
519.0
368.0
74.0
64.0
25.0
127.0
33.0
20.0
179.0
891.0
53.0
121.0
64.0
43.0
166.0
155.0
70.0
153.0
146.0
738.0
37.0
20.0
24.0
32.0
8.0
73.0
255.0
104.0
69.0
88.0
56.0
38.0
87.0
142.0
49.0
27.0
55.0
157.0
160.0
110.0
80.0
139.0
47.0
61.0
1644.0
59.0
55.0
65.0
26.0
156.0
296.0
31.0
277.0
129.0
236.0
77.0
132.0
813.0
219.0
65.0
1201.0
134.0
119.0
73.0
93.0
112.0
19.0
250.0
207.0
491.0
1218.0
33.0
525.0
113.0
185.0
47.0
346.0
252.0
397.0
58.0
308.0
523.0
292.0
75.0
248.0
76.0
287.0
29.0
365.0
157.0
767.0
1351.0
564.0
331.0
1135.0
297.0
155.0
867.0
5172.0
5702.0
120.0
163.0
308.0
47.0
27.0
185.0
224.0
186.0
490.0
362.0
77.0
67.0
26.0
121.0
33.0
19.0
167.0
864.0
50.0
131.0
66.0
46.0
151.0
153.0
76.0
164.0
147.0
761.0
36.0
21.0
25.0
31.0
8.0
74.0
272.0
105.0
71.0
84.0
56.0
39.0
88.0
139.0
46.0
26.0
54.0
160.0
169.0
101.0
81.0
128.0
44.0
61.0
1510.0
57.0
59.0
66.0
24.0
157.0
280.0
33.0
276.0
125.0
253.0
82.0
136.0
813.0
215.0
67.0
1234.0
130.0
120.0
70.0
85.0
110.0
19.0
258.0
198.0
468.0
1300.0
36.0
556.0
112.0
185.0
48.0
326.0
265.0
379.0
60.0
320.0
527.0
268.0
70.0
249.0
75.0
281.0
28.0
373.0
160.0
768.0
1294.0
587.0
328.0
1140.0
297.0
155.0
852.0
5411.0
5860.0
124.0
163.0
311.0
51.0
28.0
193.0
208.0
181.0
498.0
350.0
75.0
62.0
25.0
121.0
32.0
19.0
174.0
820.0
52.0
126.0
66.0
43.0
152.0
147.0
74.0
159.0
140.0
801.0
37.0
20.0
24.0
29.0
8.0
70.0
276.0
104.0
74.0
84.0
57.0
38.0
87.0
154.0
47.0
26.0
58.0
158.0
173.0
107.0
85.0
132.0
47.0
62.0
1593.0
54.0
59.0
68.0
24.0
159.0
288.0
31.0
277.0
122.0
235.0
76.0
129.0
786.0
223.0
71.0
1188.0
133.0
127.0
67.0
93.0
114.0
19.0
267.0
205.0
516.0
1231.0
33.0
524.0
112.0
178.0
48.0
317.0
261.0
372.0
57.0
318.0
522.0
293.0
74.0
236.0
82.0
300.0
28.0
350.0
160.0
829.0
1282.0
571.0
343.0
1159.0
288.0
149.0
838.0
5020.0
5447.0
128.0
162.0
308.0
50.0
28.0
185.0
206.0
195.0
513.0
360.0
74.0
62.0
27.0
117.0
31.0
19.0
176.0
844.0
48.0
131.0
66.0
42.0
162.0
149.0
70.0
156.0
143.0
800.0
38.0
20.0
25.0
30.0
8.0
71.0
264.0
104.0
71.0
88.0
54.0
41.0
83.0
141.0
45.0
27.0
57.0
151.0
158.0
109.0
82.0
135.0
44.0
65.0
1520.0
56.0
57.0
66.0
25.0
155.0
286.0
33.0
266.0
125.0
253.0
76.0
133.0
818.0
204.0
65.0
1268.0
130.0
116.0
72.0
89.0
116.0
20.0
246.0
197.0
486.0
1292.0
35.0
532.0
115.0
178.0
46.0
328.0
253.0
382.0
57.0
306.0
550.0
282.0
70.0
253.0
78.0
283.0
29.0
346.0
170.0
829.0
1269.0
544.0
355.0
1143.0
286.0
152.0
799.0
5203.0
5828.0
125.0
162.0
332.0
50.0
27.0
179.0
209.0
191.0
483.0
352.0
72.0
67.0
25.0
118.0
30.0
19.0
178.0
870.0
49.0
130.0
64.0
44.0
163.0
152.0
76.0
154.0
146.0
762.0
35.0
21.0
25.0
31.0
8.0
75.0
262.0
109.0
73.0
87.0
54.0
40.0
85.0
152.0
45.0
25.0
53.0
162.0
161.0
106.0
83.0
138.0
48.0
63.0
1549.0
56.0
57.0
66.0
25.0
162.0
283.0
31.0
271.0
127.0
248.0
83.0
133.0
803.0
204.0
70.0
1182.0
129.0
117.0
67.0
88.0
114.0
19.0
252.0
198.0
504.0
1337.0
35.0
506.0
120.0
189.0
47.0
326.0
268.0
376.0
58.0
298.0
558.0
292.0
69.0
253.0
77.0
300.0
29.0
343.0
167.0
801.0
1309.0
542.0
329.0
1130.0
278.0
149.0
859.0
5001.0
5481.0
123.0
163.0
310.0
49.0
29.0
189.0
219.0
185.0
534.0
361.0
77.0
63.0
26.0
124.0
30.0
19.0
174.0
820.0
50.0
122.0
64.0
43.0
157.0
140.0
73.0
168.0
151.0
796.0
36.0
19.0
24.0
31.0
8.0
73.0
267.0
102.0
69.0
88.0
56.0
40.0
89.0
142.0
45.0
25.0
55.0
163.0
162.0
105.0
84.0
135.0
44.0
67.0
1597.0
55.0
59.0
69.0
24.0
161.0
282.0
32.0
276.0
126.0
253.0
76.0
131.0
752.0
205.0
70.0
1184.0
134.0
127.0
73.0
86.0
112.0
20.0
260.0
206.0
487.0
1314.0
35.0
537.0
109.0
188.0
46.0
317.0
268.0
396.0
57.0
302.0
523.0
292.0
75.0
234.0
81.0
296.0
28.0
360.0
163.0
820.0
1275.0
587.0
335.0
1089.0
272.0
146.0
837.0
5122.0
5739.0
124.0
168.0
313.0
46.0
27.0
177.0
221.0
190.0
491.0
339.0
79.0
67.0
26.0
117.0
32.0
20.0
168.0
903.0
50.0
131.0
65.0
42.0
160.0
149.0
72.0
154.0
141.0
796.0
37.0
19.0
25.0
32.0
8.0
74.0
268.0
107.0
72.0
86.0
58.0
39.0
88.0
149.0
48.0
27.0
54.0
160.0
168.0
106.0
82.0
134.0
44.0
67.0
1549.0
55.0
56.0
70.0
25.0
153.0
290.0
33.0
274.0
122.0
260.0
82.0
134.0
808.0
209.0
70.0
1254.0
125.0
126.0
71.0
92.0
122.0
20.0
258.0
188.0
468.0
1221.0
36.0
532.0
112.0
191.0
44.0
329.0
249.0
395.0
57.0
306.0
545.0
283.0
73.0
230.0
76.0
290.0
28.0
359.0
171.0
784.0
1314.0
542.0
362.0
1140.0
273.0
157.0
875.0
5240.0
5681.0
121.0
159.0
310.0
48.0
28.0
193.0
216.0
186.0
524.0
350.0
74.0
63.0
27.0
122.0
31.0
20.0
167.0
846.0
51.0
129.0
62.0
43.0
151.0
144.0
71.0
155.0
146.0
756.0
37.0
20.0
25.0
29.0
8.0
70.0
255.0
106.0
69.0
84.0
55.0
38.0
87.0
141.0
47.0
27.0
54.0
157.0
164.0
108.0
84.0
134.0
47.0
62.0
1524.0
56.0
54.0
67.0
26.0
154.0
284.0
32.0
260.0
130.0
252.0
77.0
136.0
817.0
216.0
68.0
1233.0
131.0
122.0
71.0
87.0
117.0
19.0
261.0
190.0
516.0
1273.0
35.0
533.0
114.0
177.0
47.0
336.0
254.0
399.0
60.0
289.0
514.0
295.0
72.0
238.0
75.0
300.0
28.0
354.0
158.0
768.0
1371.0
578.0
342.0
1116.0
300.0
158.0
869.0
5219.0
5851.0
119.0
166.0
328.0
49.0
27.0
184.0
210.0
191.0
489.0
347.0
77.0
62.0
27.0
122.0
33.0
19.0
162.0
895.0
49.0
124.0
63.0
45.0
158.0
153.0
73.0
163.0
142.0
773.0
35.0
20.0
24.0
32.0
8.0
76.0
255.0
105.0
74.0
91.0
55.0
39.0
86.0
140.0
49.0
27.0
54.0
148.0
170.0
108.0
80.0
130.0
47.0
61.0
1565.0
57.0
54.0
71.0
26.0
163.0
282.0
33.0
267.0
121.0
237.0
79.0
128.0
830.0
223.0
70.0
1270.0
121.0
122.0
72.0
93.0
117.0
20.0
267.0
201.0
481.0
1311.0
33.0
536.0
117.0
193.0
48.0
320.0
260.0
368.0
56.0
310.0
554.0
294.0
74.0
250.0
76.0
279.0
28.0
370.0
167.0
769.0
1379.0
595.0
336.0
1178.0
301.0
159.0
872.0
5382.0
5630.0
129.0
170.0
311.0
46.0
28.0
193.0
214.0
193.0
532.0
348.0
79.0
64.0
27.0
127.0
33.0
20.0
164.0
866.0
49.0
125.0
67.0
46.0
166.0
148.0
74.0
157.0
143.0
794.0
35.0
21.0
26.0
30.0
8.0
73.0
257.0
105.0
69.0
89.0
56.0
38.0
86.0
154.0
45.0
27.0
57.0
150.0
163.0
107.0
80.0
134.0
44.0
65.0
1667.0
58.0
54.0
70.0
26.0
152.0
283.0
32.0
269.0
125.0
244.0
82.0
139.0
758.0
209.0
69.0
1196.0
132.0
120.0
71.0
87.0
121.0
20.0
272.0
198.0
512.0
1241.0
35.0
517.0
119.0
189.0
45.0
324.0
250.0
393.0
59.0
294.0
559.0
282.0
69.0
251.0
80.0
301.0
29.0
341.0
167.0
830.0
1350.0
580.0
347.0
1169.0
297.0
151.0
843.0
5508.0
5794.0
123.0
167.0
311.0
48.0
29.0
180.0
220.0
186.0
527.0
370.0
76.0
65.0
26.0
120.0
31.0
19.0
175.0
838.0
51.0
131.0
61.0
45.0
161.0
151.0
76.0
165.0
146.0
724.0
35.0
21.0
25.0
32.0
8.0
73.0
252.0
110.0
68.0
89.0
56.0
40.0
81.0
145.0
47.0
27.0
53.0
156.0
159.0
109.0
85.0
133.0
48.0
64.0
1550.0
55.0
54.0
68.0
24.0
158.0
295.0
32.0
272.0
126.0
254.0
76.0
131.0
779.0
206.0
68.0
1228.0
134.0
120.0
67.0
92.0
112.0
19.0
266.0
198.0
482.0
1342.0
35.0
540.0
111.0
185.0
48.0
324.0
269.0
373.0
60.0
297.0
541.0
278.0
70.0
250.0
78.0
295.0
29.0
360.0
173.0
802.0
1355.0
578.0
340.0
1104.0
278.0
148.0
816.0
5124.0
5607.0
121.0
158.0
307.0
47.0
29.0
188.0
218.0
193.0
499.0
350.0
76.0
65.0
25.0
116.0
32.0
19.0
178.0
832.0
53.0
121.0
62.0
45.0
161.0
153.0
71.0
163.0
151.0
770.0
35.0
20.0
26.0
32.0
8.0
72.0
263.0
108.0
72.0
85.0
56.0
40.0
87.0
145.0
46.0
26.0
55.0
149.0
165.0
103.0
81.0
135.0
46.0
64.0
1641.0
54.0
54.0
71.0
25.0
163.0
277.0
32.0
268.0
120.0
254.0
79.0
138.0
814.0
212.0
70.0
1259.0
132.0
117.0
67.0
85.0
116.0
19.0
261.0
188.0
481.0
1310.0
36.0
551.0
111.0
187.0
47.0
345.0
255.0
385.0
58.0
300.0
532.0
274.0
74.0
253.0
76.0
289.0
29.0
364.0
162.0
796.0
1268.0
585.0
343.0
1122.0
275.0
144.0
791.0
5062.0
5674.0
120.0
167.0
321.0
50.0
28.0
187.0
213.0
192.0
481.0
350.0
75.0
64.0
25.0
120.0
31.0
19.0
166.0
831.0
53.0
123.0
62.0
43.0
154.0
151.0
71.0
154.0
149.0
725.0
37.0
20.0
26.0
31.0
8.0
74.0
271.0
108.0
71.0
90.0
54.0
38.0
82.0
144.0
47.0
26.0
56.0
157.0
159.0
101.0
85.0
138.0
44.0
64.0
1621.0
54.0
54.0
70.0
24.0
152.0
287.0
32.0
269.0
121.0
236.0
80.0
133.0
831.0
215.0
64.0
1186.0
131.0
116.0
70.0
88.0
118.0
20.0
256.0
190.0
482.0
1280.0
34.0
508.0
119.0
183.0
46.0
320.0
264.0
371.0
60.0
294.0
554.0
279.0
69.0
242.0
77.0
294.0
28.0
339.0
160.0
777.0
1296.0
595.0
330.0
1088.0
281.0
159.0
828.0
5392.0
5609.0
127.0
159.0
314.0
50.0
29.0
182.0
222.0
194.0
499.0
338.0
79.0
67.0
26.0
125.0
32.0
19.0
174.0
894.0
51.0
119.0
66.0
45.0
166.0
145.0
74.0
167.0
139.0
775.0
37.0
20.0
25.0
31.0
8.0
71.0
256.0
105.0
68.0
90.0
56.0
41.0
84.0
152.0
49.0
25.0
53.0
161.0
168.0
101.0
85.0
135.0
48.0
67.0
1566.0
55.0
57.0
66.0
24.0
167.0
272.0
32.0
269.0
123.0
248.0
80.0
136.0
816.0
207.0
70.0
1166.0
123.0
115.0
72.0
93.0
114.0
19.0
263.0
202.0
495.0
1328.0
33.0
515.0
120.0
182.0
44.0
350.0
270.0
390.0
59.0
316.0
543.0
268.0
73.0
232.0
81.0
279.0
28.0
341.0
170.0
802.0
1285.0
580.0
361.0
1104.0
296.0
144.0
811.0
5483.0
5638.0
123.0
171.0
320.0
50.0
28.0
189.0
226.0
177.0
534.0
353.0
79.0
64.0
25.0
124.0
32.0
19.0
164.0
862.0
53.0
119.0
62.0
42.0
160.0
143.0
70.0
163.0
143.0
801.0
36.0
21.0
26.0
31.0
8.0
73.0
272.0
112.0
71.0
83.0
56.0
41.0
85.0
146.0
49.0
25.0
56.0
163.0
163.0
107.0
86.0
130.0
44.0
61.0
1618.0
58.0
56.0
66.0
25.0
154.0
292.0
31.0
275.0
128.0
252.0
82.0
131.0
786.0
219.0
71.0
1218.0
127.0
118.0
70.0
92.0
111.0
19.0
249.0
196.0
474.0
1274.0
36.0
531.0
115.0
188.0
46.0
347.0
258.0
370.0
56.0
302.0
555.0
285.0
70.0
250.0
80.0
273.0
29.0
349.0
168.0
840.0
1306.0
569.0
328.0
1143.0
280.0
144.0
825.0
5472.0
5701.0
128.0
156.0
303.0
50.0
27.0
184.0
218.0
182.0
507.0
371.0
79.0
63.0
25.0
127.0
32.0
20.0
168.0
899.0
53.0
123.0
65.0
42.0
162.0
151.0
73.0
165.0
148.0
802.0
37.0
21.0
26.0
32.0
8.0
72.0
271.0
109.0
70.0
90.0
58.0
37.0
85.0
141.0
49.0
25.0
57.0
156.0
168.0
102.0
84.0
138.0
44.0
63.0
1658.0
56.0
55.0
67.0
25.0
153.0
296.0
33.0
284.0
118.0
237.0
79.0
132.0
831.0
224.0
71.0
1170.0
131.0
119.0
71.0
86.0
115.0
20.0
254.0
202.0
488.0
1270.0
36.0
525.0
119.0
178.0
45.0
331.0
265.0
399.0
57.0
295.0
541.0
285.0
73.0
230.0
75.0
299.0
28.0
363.0
169.0
773.0
1282.0
546.0
338.0
1121.0
279.0
157.0
859.0
5204.0
5441.0
131.0
171.0
335.0
49.0
27.0
193.0
216.0
178.0
523.0
356.0
72.0
65.0
25.0
128.0
33.0
19.0
169.0
875.0
50.0
130.0
62.0
43.0
167.0
150.0
70.0
163.0
146.0
726.0
36.0
19.0
25.0
30.0
8.0
71.0
267.0
103.0
71.0
88.0
55.0
39.0
81.0
151.0
46.0
27.0
53.0
159.0
167.0
100.0
79.0
126.0
46.0
66.0
1629.0
54.0
59.0
67.0
26.0
158.0
272.0
30.0
287.0
125.0
237.0
77.0
130.0
757.0
209.0
66.0
1225.0
129.0
127.0
71.0
87.0
122.0
20.0
272.0
193.0
168.0
192.0
144.0
164.0
492.0
153.0
141.0
141.0
165.0
160.0
142.0
172.0
175.0
165.0
177.0
175.0
142.0
170.0
427.0
137.0
151.0
142.0
161.0
130.0
161.0
169.0
139.0
375.0
163.0
146.0
133.0
156.0
134.0
162.0
135.0
133.0
138.0
170.0
142.0
143.0
171.0
150.0
145.0
125.0
154.0
439.0
150.0
170.0
428.0
170.0
150.0
169.0
164.0
157.0
139.0
134.0
138.0
145.0
383.0
136.0
131.0
167.0
168.0
169.0
139.0
141.0
133.0
134.0
130.0
143.0
155.0
154.0
168.0
150.0
112.0
157.0
405.0
177.0
133.0
135.0
137.0
137.0
151.0
171.0
172.0
135.0
393.0
143.0
440.0
131.0
441.0
406.0
439.0
463.0
411.0
431.0
491.0
456.0
427.0
157.0
139.0
155.0
147.0
155.0
154.0
143.0
166.0
175.0
167.0
165.0
146.0
173.0
426.0
154.0
152.0
157.0
172.0
152.0
160.0
163.0
153.0
175.0
156.0
154.0
151.0
153.0
479.0
149.0
162.0
158.0
144.0
167.0
154.0
169.0
134.0
481.0
148.0
157.0
155.0
146.0
147.0
139.0
174.0
164.0
170.0
152.0
169.0
164.0
174.0
139.0
133.0
125.0
142.0
436.0
145.0
134.0
395.0
147.0
157.0
166.0
175.0
160.0
160.0
158.0
142.0
170.0
431.0
134.0
172.0
171.0
149.0
136.0
147.0
155.0
152.0
155.0
142.0
140.0
170.0
164.0
133.0
172.0
128.0
136.0
432.0
166.0
135.0
130.0
151.0
132.0
147.0
142.0
144.0
168.0
414.0
148.0
475.0
167.0
428.0
436.0
488.0
462.0
363.0
410.0
390.0
452.0
363.0
166.0
173.0
163.0
145.0
156.0
163.0
134.0
145.0
132.0
191.0
152.0
149.0
171.0
379.0
151.0
143.0
133.0
163.0
145.0
160.0
141.0
145.0
146.0
151.0
164.0
159.0
167.0
380.0
161.0
158.0
167.0
154.0
147.0
162.0
165.0
132.0
471.0
137.0
149.0
171.0
131.0
156.0
144.0
160.0
170.0
143.0
167.0
136.0
175.0
134.0
165.0
143.0
145.0
172.0
466.0
172.0
132.0
429.0
161.0
141.0
146.0
157.0
171.0
152.0
168.0
161.0
171.0
414.0
168.0
136.0
153.0
174.0
132.0
164.0
140.0
162.0
172.0
156.0
158.0
175.0
135.0
172.0
174.0
132.0
156.0
417.0
175.0
175.0
134.0
148.0
135.0
175.0
148.0
175.0
167.0
410.0
137.0
460.0
157.0
464.0
429.0
405.0
387.0
469.0
387.0
394.0
488.0
406.0
155.0
158.0
168.0
155.0
151.0
156.0
138.0
149.0
153.0
153.0
170.0
176.0
151.0
454.0
177.0
161.0
155.0
173.0
141.0
139.0
133.0
134.0
135.0
141.0
159.0
172.0
147.0
453.0
159.0
132.0
144.0
173.0
138.0
166.0
163.0
131.0
410.0
134.0
133.0
147.0
152.0
157.0
132.0
175.0
170.0
131.0
147.0
177.0
139.0
155.0
172.0
134.0
143.0
165.0
461.0
176.0
158.0
370.0
136.0
141.0
161.0
156.0
167.0
166.0
171.0
153.0
130.0
413.0
177.0
161.0
164.0
163.0
136.0
140.0
172.0
134.0
140.0
165.0
149.0
147.0
162.0
144.0
144.0
141.0
142.0
364.0
160.0
171.0
165.0
154.0
167.0
136.0
168.0
139.0
157.0
464.0
154.0
486.0
174.0
484.0
377.0
487.0
448.0
392.0
475.0
484.0
417.0
410.0
159.0
151.0
158.0
155.0
176.0
161.0
132.0
176.0
136.0
161.0
206.0
174.0
134.0
377.0
168.0
156.0
165.0
171.0
159.0
172.0
171.0
151.0
136.0
172.0
139.0
171.0
171.0
448.0
173.0
176.0
171.0
132.0
147.0
155.0
158.0
133.0
369.0
154.0
160.0
146.0
166.0
171.0
170.0
176.0
158.0
142.0
131.0
164.0
147.0
157.0
159.0
166.0
132.0
137.0
469.0
174.0
154.0
363.0
176.0
139.0
149.0
157.0
144.0
140.0
176.0
162.0
148.0
491.0
160.0
167.0
164.0
154.0
142.0
165.0
155.0
134.0
133.0
156.0
152.0
151.0
170.0
171.0
132.0
115.0
172.0
415.0
163.0
165.0
131.0
136.0
130.0
138.0
148.0
145.0
157.0
402.0
144.0
425.0
140.0
378.0
425.0
489.0
482.0
490.0
429.0
481.0
393.0
378.0
141.0
140.0
156.0
161.0
164.0
150.0
141.0
144.0
151.0
174.0
159.0
148.0
156.0
472.0
163.0
148.0
167.0
164.0
147.0
158.0
151.0
169.0
165.0
170.0
136.0
156.0
175.0
412.0
140.0
151.0
146.0
141.0
168.0
163.0
132.0
174.0
458.0
158.0
148.0
132.0
156.0
160.0
132.0
133.0
165.0
172.0
146.0
166.0
154.0
168.0
142.0
170.0
149.0
159.0
486.0
153.0
142.0
458.0
165.0
141.0
177.0
131.0
146.0
153.0
149.0
140.0
132.0
363.0
132.0
172.0
155.0
162.0
154.0
156.0
130.0
152.0
134.0
174.0
172.0
171.0
153.0
158.0
163.0
140.0
155.0
378.0
139.0
169.0
150.0
165.0
146.0
149.0
141.0
150.0
174.0
408.0
164.0
392.0
135.0
409.0
393.0
427.0
451.0
479.0
455.0
487.0
401.0
420.0
176.0
176.0
175.0
149.0
161.0
158.0
135.0
143.0
157.0
186.0
173.0
167.0
143.0
436.0
175.0
155.0
146.0
175.0
175.0
137.0
152.0
175.0
143.0
160.0
141.0
171.0
166.0
374.0
155.0
153.0
170.0
148.0
164.0
171.0
173.0
167.0
364.0
150.0
170.0
164.0
163.0
171.0
167.0
165.0
154.0
144.0
132.0
163.0
158.0
135.0
153.0
163.0
127.0
131.0
494.0
147.0
152.0
398.0
164.0
135.0
154.0
151.0
149.0
172.0
161.0
169.0
170.0
441.0
158.0
144.0
142.0
164.0
134.0
164.0
140.0
142.0
173.0
171.0
144.0
171.0
142.0
132.0
171.0
145.0
149.0
478.0
143.0
143.0
170.0
140.0
153.0
157.0
140.0
174.0
149.0
391.0
130.0
371.0
158.0
391.0
446.0
432.0
460.0
364.0
413.0
432.0
363.0
428.0
148.0
148.0
165.0
153.0
159.0
136.0
166.0
170.0
154.0
171.0
188.0
175.0
166.0
370.0
133.0
157.0
149.0
164.0
135.0
171.0
134.0
141.0
169.0
144.0
151.0
135.0
164.0
483.0
165.0
167.0
132.0
168.0
131.0
166.0
161.0
176.0
364.0
150.0
133.0
134.0
173.0
138.0
140.0
149.0
140.0
156.0
155.0
134.0
176.0
155.0
161.0
133.0
121.0
131.0
368.0
144.0
158.0
394.0
166.0
173.0
174.0
158.0
171.0
138.0
135.0
142.0
164.0
397.0
167.0
146.0
136.0
155.0
175.0
160.0
164.0
150.0
162.0
145.0
131.0
157.0
133.0
165.0
130.0
124.0
173.0
439.0
158.0
132.0
168.0
167.0
154.0
136.0
143.0
143.0
156.0
483.0
135.0
491.0
174.0
403.0
424.0
492.0
445.0
391.0
401.0
483.0
426.0
411.0
145.0
150.0
172.0
152.0
132.0
170.0
176.0
173.0
159.0
161.0
195.0
139.0
133.0
486.0
166.0
172.0
164.0
165.0
172.0
130.0
165.0
148.0
166.0
161.0
160.0
170.0
160.0
473.0
165.0
165.0
155.0
150.0
173.0
171.0
159.0
165.0
432.0
175.0
149.0
156.0
133.0
159.0
165.0
170.0
159.0
158.0
154.0
142.0
172.0
141.0
145.0
166.0
114.0
172.0
376.0
176.0
134.0
396.0
163.0
142.0
153.0
172.0
158.0
146.0
172.0
139.0
171.0
419.0
149.0
147.0
177.0
165.0
136.0
173.0
161.0
131.0
131.0
132.0
175.0
153.0
133.0
162.0
132.0
124.0
147.0
412.0
143.0
155.0
167.0
175.0
171.0
131.0
131.0
164.0
136.0
475.0
150.0
480.0
158.0
378.0
492.0
380.0
428.0
419.0
479.0
451.0
453.0
392.0
140.0
146.0
156.0
162.0
141.0
145.0
177.0
135.0
147.0
187.0
162.0
168.0
173.0
438.0
161.0
177.0
137.0
164.0
144.0
143.0
148.0
133.0
176.0
156.0
169.0
153.0
161.0
423.0
160.0
162.0
175.0
174.0
150.0
130.0
131.0
142.0
389.0
141.0
170.0
156.0
135.0
131.0
138.0
174.0
174.0
140.0
135.0
163.0
135.0
176.0
138.0
130.0
128.0
171.0
427.0
134.0
176.0
431.0
142.0
138.0
176.0
152.0
164.0
139.0
147.0
148.0
150.0
422.0
152.0
169.0
137.0
148.0
132.0
173.0
141.0
145.0
157.0
175.0
171.0
131.0
154.0
167.0
154.0
112.0
174.0
378.0
175.0
145.0
170.0
155.0
139.0
172.0
168.0
168.0
144.0
377.0
136.0
406.0
135.0
480.0
413.0
413.0
399.0
409.0
376.0
398.0
486.0
376.0
172.0
149.0
139.0
161.0
152.0
136.0
131.0
152.0
141.0
192.0
183.0
153.0
145.0
463.0
151.0
152.0
145.0
142.0
133.0
146.0
142.0
159.0
168.0
135.0
136.0
158.0
150.0
446.0
159.0
136.0
151.0
164.0
143.0
139.0
173.0
161.0
430.0
142.0
144.0
138.0
149.0
143.0
170.0
135.0
166.0
165.0
138.0
170.0
137.0
162.0
160.0
163.0
144.0
156.0
455.0
135.0
168.0
381.0
167.0
151.0
153.0
141.0
158.0
152.0
155.0
155.0
158.0
492.0
163.0
138.0
167.0
137.0
153.0
159.0
169.0
152.0
133.0
174.0
162.0
154.0
142.0
166.0
164.0
139.0
148.0
425.0
146.0
169.0
145.0
135.0
148.0
156.0
136.0
148.0
175.0
489.0
170.0
461.0
152.0
493.0
451.0
384.0
485.0
385.0
412.0
403.0
482.0
384.0
162.0
140.0
152.0
133.0
132.0
158.0
145.0
172.0
136.0
167.0
196.0
165.0
159.0
449.0
146.0
164.0
153.0
138.0
166.0
163.0
170.0
168.0
152.0
130.0
157.0
146.0
137.0
399.0
175.0
138.0
131.0
159.0
158.0
153.0
144.0
170.0
417.0
137.0
159.0
166.0
166.0
173.0
158.0
145.0
155.0
150.0
161.0
150.0
137.0
149.0
132.0
159.0
138.0
170.0
401.0
170.0
140.0
391.0
171.0
144.0
135.0
170.0
158.0
159.0
151.0
133.0
140.0
397.0
162.0
171.0
134.0
172.0
159.0
133.0
167.0
160.0
174.0
139.0
149.0
139.0
144.0
157.0
157.0
135.0
171.0
455.0
152.0
146.0
130.0
138.0
155.0
149.0
162.0
145.0
160.0
477.0
154.0
406.0
156.0
432.0
465.0
380.0
433.0
453.0
454.0
426.0
367.0
477.0
164.0
141.0
167.0
141.0
167.0
157.0
177.0
177.0
161.0
177.0
169.0
170.0
131.0
494.0
164.0
159.0
159.0
148.0
162.0
153.0
163.0
140.0
174.0
132.0
134.0
168.0
132.0
477.0
162.0
160.0
155.0
166.0
170.0
133.0
176.0
177.0
381.0
131.0
165.0
139.0
166.0
172.0
175.0
169.0
132.0
152.0
133.0
149.0
171.0
145.0
172.0
156.0
140.0
166.0
416.0
131.0
161.0
470.0
135.0
130.0
175.0
139.0
135.0
145.0
146.0
168.0
146.0
439.0
160.0
175.0
138.0
135.0
152.0
139.0
154.0
146.0
158.0
169.0
145.0
133.0
157.0
141.0
135.0
138.0
171.0
442.0
147.0
177.0
136.0
160.0
158.0
132.0
161.0
160.0
142.0
383.0
148.0
465.0
150.0
415.0
401.0
401.0
431.0
458.0
462.0
401.0
481.0
439.0
173.0
147.0
152.0
152.0
176.0
168.0
168.0
149.0
147.0
181.0
189.0
144.0
166.0
472.0
170.0
168.0
163.0
162.0
137.0
136.0
143.0
131.0
174.0
160.0
172.0
145.0
177.0
448.0
140.0
154.0
132.0
150.0
133.0
172.0
161.0
148.0
423.0
159.0
136.0
174.0
135.0
130.0
159.0
161.0
153.0
158.0
159.0
159.0
167.0
170.0
161.0
171.0
134.0
170.0
464.0
168.0
131.0
404.0
165.0
158.0
137.0
132.0
170.0
176.0
174.0
143.0
142.0
379.0
160.0
167.0
132.0
154.0
173.0
164.0
176.0
163.0
131.0
144.0
137.0
163.0
152.0
132.0
151.0
123.0
173.0
410.0
135.0
143.0
138.0
131.0
173.0
130.0
159.0
154.0
138.0
366.0
142.0
370.0
172.0
374.0
410.0
433.0
391.0
492.0
416.0
381.0
369.0
429.0
165.0
174.0
142.0
169.0
139.0
132.0
172.0
134.0
146.0
205.0
174.0
168.0
161.0
390.0
165.0
151.0
148.0
154.0
177.0
161.0
161.0
171.0
155.0
140.0
164.0
158.0
135.0
410.0
135.0
174.0
163.0
133.0
169.0
167.0
142.0
167.0
394.0
177.0
140.0
147.0
133.0
172.0
149.0
130.0
164.0
137.0
153.0
143.0
131.0
133.0
144.0
165.0
137.0
133.0
414.0
156.0
136.0
481.0
132.0
146.0
152.0
160.0
148.0
174.0
142.0
169.0
135.0
483.0
171.0
130.0
152.0
132.0
160.0
170.0
141.0
131.0
155.0
141.0
153.0
134.0
174.0
143.0
138.0
132.0
163.0
384.0
135.0
171.0
144.0
174.0
139.0
169.0
173.0
135.0
135.0
450.0
169.0
408.0
144.0
450.0
405.0
455.0
442.0
431.0
493.0
407.0
412.0
484.0
141.0
150.0
143.0
143.0
146.0
165.0
171.0
176.0
144.0
176.0
190.0
130.0
145.0
421.0
158.0
151.0
169.0
133.0
159.0
146.0
141.0
150.0
133.0
134.0
167.0
160.0
149.0
370.0
147.0
148.0
163.0
144.0
177.0
169.0
152.0
155.0
413.0
138.0
167.0
161.0
172.0
149.0
154.0
158.0
161.0
169.0
142.0
137.0
159.0
160.0
141.0
139.0
112.0
154.0
399.0
151.0
153.0
488.0
162.0
151.0
151.0
175.0
157.0
167.0
175.0
140.0
173.0
420.0
133.0
171.0
154.0
172.0
130.0
150.0
152.0
151.0
139.0
166.0
133.0
160.0
165.0
172.0
132.0
113.0
164.0
483.0
152.0
160.0
164.0
168.0
135.0
153.0
146.0
156.0
165.0
439.0
149.0
440.0
162.0
489.0
413.0
396.0
478.0
433.0
389.0
385.0
480.0
386.0
144.0
162.0
176.0
176.0
165.0
145.0
171.0
170.0
166.0
170.0
152.0
167.0
172.0
366.0
151.0
152.0
161.0
161.0
155.0
176.0
162.0
159.0
135.0
175.0
143.0
152.0
175.0
415.0
137.0
137.0
160.0
163.0
166.0
145.0
172.0
134.0
401.0
152.0
143.0
143.0
159.0
148.0
175.0
167.0
151.0
153.0
150.0
167.0
150.0
149.0
165.0
174.0
120.0
143.0
463.0
167.0
163.0
467.0
135.0
168.0
163.0
144.0
136.0
165.0
173.0
142.0
167.0
404.0
137.0
147.0
162.0
139.0
165.0
141.0
141.0
168.0
133.0
166.0
170.0
149.0
142.0
174.0
166.0
133.0
161.0
406.0
158.0
165.0
161.0
144.0
132.0
137.0
168.0
153.0
144.0
419.0
162.0
417.0
164.0
482.0
400.0
376.0
398.0
396.0
449.0
490.0
438.0
472.0
156.0
159.0
160.0
152.0
146.0
135.0
158.0
157.0
169.0
199.0
199.0
159.0
138.0
400.0
167.0
149.0
161.0
176.0
165.0
165.0
152.0
160.0
171.0
157.0
172.0
148.0
135.0
406.0
175.0
141.0
156.0
138.0
175.0
155.0
166.0
164.0
418.0
171.0
168.0
135.0
165.0
165.0
138.0
145.0
151.0
171.0
166.0
158.0
161.0
134.0
162.0
136.0
126.0
139.0
433.0
132.0
146.0
363.0
139.0
136.0
148.0
164.0
163.0
131.0
157.0
141.0
150.0
381.0
171.0
174.0
162.0
171.0
162.0
146.0
159.0
142.0
165.0
152.0
167.0
153.0
153.0
158.0
177.0
150.0
132.0
401.0
138.0
156.0
146.0
150.0
149.0
164.0
167.0
166.0
150.0
363.0
174.0
396.0
176.0
415.0
457.0
388.0
385.0
491.0
396.0
482.0
456.0
493.0
154.0
148.0
138.0
174.0
134.0
149.0
141.0
133.0
173.0
189.0
178.0
148.0
170.0
403.0
159.0
131.0
140.0
165.0
136.0
161.0
173.0
149.0
175.0
151.0
162.0
143.0
174.0
401.0
144.0
134.0
148.0
162.0
149.0
144.0
160.0
155.0
459.0
173.0
165.0
150.0
131.0
131.0
145.0
149.0
137.0
176.0
160.0
146.0
173.0
164.0
138.0
177.0
141.0
147.0
389.0
130.0
139.0
386.0
147.0
133.0
133.0
155.0
135.0
163.0
143.0
169.0
152.0
374.0
133.0
162.0
157.0
149.0
138.0
162.0
174.0
160.0
174.0
131.0
147.0
174.0
147.0
130.0
176.0
113.0
174.0
391.0
167.0
136.0
151.0
159.0
162.0
151.0
137.0
151.0
173.0
373.0
142.0
493.0
152.0
390.0
374.0
485.0
441.0
440.0
487.0
494.0
462.0
456.0
141.0
171.0
161.0
156.0
146.0
156.0
177.0
144.0
153.0
202.0
158.0
164.0
148.0
460.0
171.0
175.0
157.0
131.0
147.0
135.0
166.0
169.0
177.0
166.0
142.0
176.0
153.0
372.0
162.0
175.0
158.0
151.0
156.0
137.0
156.0
173.0
484.0
158.0
166.0
151.0
168.0
168.0
173.0
130.0
167.0
154.0
168.0
133.0
167.0
132.0
159.0
170.0
132.0
173.0
367.0
153.0
150.0
487.0
168.0
138.0
157.0
164.0
158.0
148.0
167.0
149.0
137.0
393.0
153.0
135.0
175.0
160.0
166.0
146.0
144.0
140.0
142.0
148.0
140.0
168.0
163.0
149.0
153.0
136.0
157.0
471.0
138.0
152.0
175.0
135.0
175.0
169.0
162.0
133.0
146.0
401.0
148.0
432.0
162.0
473.0
467.0
421.0
410.0
390.0
454.0
412.0
465.0
487.0
143.0
161.0
163.0
134.0
165.0
160.0
150.0
156.0
149.0
193.0
192.0
159.0
164.0
436.0
145.0
140.0
173.0
133.0
166.0
165.0
143.0
144.0
156.0
160.0
130.0
165.0
176.0
382.0
153.0
168.0
143.0
168.0
141.0
140.0
170.0
151.0
478.0
149.0
157.0
139.0
172.0
174.0
157.0
147.0
135.0
162.0
137.0
142.0
136.0
150.0
145.0
157.0
149.0
174.0
421.0
160.0
164.0
435.0
130.0
160.0
158.0
135.0
140.0
171.0
153.0
170.0
139.0
426.0
159.0
135.0
167.0
176.0
146.0
145.0
153.0
132.0
136.0
161.0
166.0
135.0
137.0
141.0
172.0
132.0
150.0
449.0
139.0
154.0
176.0
144.0
172.0
156.0
130.0
171.0
154.0
406.0
143.0
490.0
143.0
410.0
371.0
414.0
459.0
451.0
433.0
363.0
478.0
426.0
147.0
134.0
149.0
166.0
164.0
144.0
174.0
157.0
150.0
158.0
204.0
135.0
144.0
475.0
145.0
133.0
149.0
144.0
156.0
170.0
173.0
176.0
161.0
149.0
176.0
158.0
167.0
373.0
165.0
166.0
176.0
154.0
176.0
150.0
151.0
155.0
452.0
169.0
147.0
166.0
142.0
130.0
135.0
131.0
165.0
133.0
145.0
134.0
134.0
164.0
147.0
141.0
139.0
174.0
491.0
159.0
166.0
416.0
138.0
151.0
169.0
160.0
169.0
155.0
173.0
156.0
141.0
442.0
169.0
169.0
166.0
151.0
173.0
159.0
154.0
132.0
174.0
143.0
142.0
169.0
177.0
141.0
154.0
149.0
130.0
363.0
174.0
137.0
153.0
144.0
176.0
132.0
138.0
148.0
148.0
366.0
163.0
405.0
146.0
431.0
378.0
460.0
401.0
494.0
372.0
402.0
393.0
470.0
132.0
170.0
170.0
150.0
170.0
132.0
137.0
154.0
145.0
154.0
173.0
174.0
176.0
383.0
137.0
163.0
165.0
136.0
149.0
132.0
162.0
132.0
147.0
167.0
156.0
174.0
164.0
394.0
138.0
130.0
169.0
139.0
171.0
164.0
139.0
143.0
369.0
141.0
139.0
143.0
141.0
132.0
146.0
136.0
166.0
162.0
156.0
142.0
140.0
166.0
157.0
169.0
148.0
134.0
378.0
147.0
144.0
397.0
156.0
132.0
150.0
172.0
141.0
174.0
173.0
173.0
171.0
469.0
169.0
134.0
136.0
164.0
152.0
168.0
176.0
163.0
141.0
130.0
176.0
141.0
170.0
155.0
157.0
122.0
139.0
409.0
160.0
140.0
163.0
154.0
173.0
170.0
168.0
165.0
171.0
386.0
142.0
372.0
169.0
466.0
388.0
456.0
394.0
381.0
490.0
402.0
458.0
484.0
154.0
143.0
139.0
141.0
159.0
160.0
130.0
151.0
144.0
196.0
160.0
166.0
142.0
364.0
165.0
137.0
136.0
157.0
160.0
174.0
165.0
177.0
159.0
176.0
177.0
157.0
152.0
369.0
171.0
146.0
140.0
172.0
159.0
131.0
176.0
158.0
392.0
159.0
154.0
139.0
163.0
131.0
136.0
156.0
167.0
138.0
162.0
135.0
136.0
137.0
174.0
160.0
151.0
138.0
396.0
162.0
174.0
370.0
160.0
168.0
157.0
133.0
149.0
138.0
149.0
170.0
138.0
466.0
136.0
132.0
166.0
160.0
168.0
166.0
149.0
162.0
143.0
176.0
140.0
176.0
146.0
155.0
164.0
141.0
142.0
404.0
144.0
138.0
161.0
171.0
143.0
138.0
164.0
149.0
155.0
383.0
163.0
478.0
159.0
367.0
443.0
480.0
429.0
447.0
494.0
420.0
375.0
409.0
132.0
154.0
160.0
163.0
143.0
156.0
157.0
136.0
167.0
200.0
203.0
146.0
163.0
461.0
169.0
162.0
146.0
164.0
140.0
164.0
139.0
144.0
144.0
169.0
163.0
139.0
156.0
421.0
154.0
160.0
161.0
150.0
167.0
153.0
135.0
152.0
417.0
148.0
160.0
167.0
155.0
157.0
171.0
137.0
158.0
169.0
156.0
148.0
165.0
144.0
148.0
164.0
136.0
175.0
404.0
151.0
144.0
435.0
172.0
135.0
158.0
164.0
175.0
173.0
151.0
171.0
160.0
390.0
138.0
134.0
163.0
138.0
146.0
176.0
159.0
138.0
168.0
143.0
162.0
139.0
158.0
168.0
151.0
132.0
159.0
460.0
175.0
154.0
141.0
157.0
161.0
137.0
156.0
144.0
142.0
441.0
152.0
396.0
140.0
373.0
365.0
379.0
399.0
483.0
489.0
488.0
394.0
383.0
173.0
168.0
145.0
155.0
131.0
175.0
138.0
153.0
175.0
167.0
187.0
153.0
139.0
437.0
139.0
174.0
161.0
168.0
145.0
149.0
159.0
154.0
165.0
133.0
152.0
171.0
154.0
390.0
132.0
142.0
156.0
155.0
152.0
139.0
155.0
170.0
437.0
173.0
172.0
160.0
150.0
147.0
133.0
140.0
169.0
171.0
133.0
144.0
144.0
176.0
144.0
137.0
120.0
143.0
379.0
156.0
134.0
390.0
147.0
150.0
142.0
134.0
136.0
176.0
137.0
166.0
150.0
372.0
139.0
172.0
147.0
130.0
173.0
155.0
137.0
151.0
166.0
158.0
132.0
136.0
176.0
150.0
175.0
145.0
175.0
429.0
143.0
161.0
158.0
175.0
154.0
160.0
139.0
154.0
144.0
476.0
167.0
370.0
135.0
395.0
420.0
459.0
479.0
405.0
420.0
442.0
378.0
421.0
159.0
177.0
143.0
164.0
142.0
138.0
154.0
146.0
136.0
205.0
162.0
132.0
169.0
428.0
151.0
134.0
154.0
135.0
139.0
171.0
143.0
138.0
164.0
176.0
144.0
143.0
146.0
420.0
138.0
135.0
153.0
148.0
133.0
133.0
138.0
154.0
490.0
135.0
169.0
174.0
154.0
168.0
170.0
139.0
168.0
141.0
154.0
168.0
172.0
152.0
166.0
155.0
143.0
153.0
435.0
132.0
148.0
375.0
139.0
173.0
152.0
130.0
137.0
175.0
170.0
134.0
154.0
425.0
133.0
160.0
146.0
166.0
154.0
132.0
151.0
135.0
165.0
141.0
171.0
134.0
136.0
161.0
171.0
138.0
159.0
371.0
175.0
170.0
170.0
170.0
154.0
156.0
174.0
131.0
147.0
489.0
166.0
376.0
150.0
452.0
462.0
382.0
378.0
413.0
377.0
389.0
397.0
465.0
134.0
158.0
158.0
131.0
135.0
170.0
141.0
176.0
148.0
162.0
179.0
176.0
155.0
483.0
134.0
173.0
147.0
146.0
167.0
163.0
168.0
154.0
154.0
171.0
154.0
153.0
172.0
405.0
173.0
161.0
165.0
162.0
156.0
136.0
165.0
132.0
477.0
167.0
155.0
159.0
173.0
175.0
169.0
168.0
170.0
173.0
145.0
168.0
173.0
176.0
154.0
159.0
115.0
157.0
466.0
174.0
133.0
447.0
135.0
158.0
141.0
146.0
156.0
149.0
139.0
167.0
141.0
429.0
159.0
146.0
148.0
159.0
148.0
168.0
174.0
171.0
176.0
139.0
147.0
173.0
130.0
152.0
137.0
143.0
173.0
481.0
164.0
153.0
155.0
134.0
175.0
141.0
132.0
139.0
159.0
372.0
146.0
398.0
131.0
374.0
467.0
372.0
416.0
434.0
400.0
491.0
488.0
436.0
165.0
151.0
136.0
141.0
149.0
144.0
165.0
151.0
169.0
155.0
171.0
148.0
145.0
425.0
146.0
169.0
135.0
164.0
132.0
175.0
163.0
153.0
135.0
151.0
132.0
161.0
141.0
481.0
153.0
135.0
146.0
156.0
166.0
134.0
144.0
163.0
399.0
153.0
175.0
156.0
161.0
132.0
137.0
139.0
141.0
133.0
130.0
133.0
172.0
154.0
146.0
176.0
126.0
137.0
428.0
164.0
145.0
435.0
156.0
166.0
143.0
165.0
171.0
149.0
150.0
175.0
146.0
439.0
138.0
132.0
174.0
142.0
151.0
171.0
144.0
170.0
155.0
145.0
153.0
139.0
161.0
164.0
143.0
119.0
172.0
400.0
143.0
177.0
171.0
149.0
138.0
141.0
145.0
170.0
159.0
495.0
173.0
465.0
159.0
382.0
375.0
443.0
424.0
432.0
446.0
365.0
424.0
374.0
171.0
148.0
140.0
162.0
156.0
163.0
130.0
151.0
141.0
193.0
190.0
174.0
141.0
459.0
175.0
134.0
169.0
150.0
133.0
139.0
143.0
160.0
146.0
136.0
154.0
172.0
176.0
437.0
174.0
132.0
130.0
176.0
149.0
161.0
150.0
157.0
433.0
154.0
132.0
166.0
172.0
163.0
133.0
140.0
147.0
142.0
176.0
136.0
149.0
172.0
133.0
140.0
128.0
158.0
445.0
143.0
149.0
394.0
154.0
150.0
153.0
134.0
173.0
154.0
168.0
143.0
148.0
395.0
151.0
145.0
147.0
176.0
168.0
145.0
176.0
136.0
158.0
159.0
150.0
170.0
143.0
165.0
175.0
126.0
135.0
390.0
154.0
171.0
143.0
138.0
170.0
155.0
169.0
148.0
171.0
375.0
143.0
459.0
140.0
457.0
373.0
383.0
413.0
390.0
434.0
383.0
379.0
379.0
163.0
168.0
166.0
176.0
137.0
133.0
152.0
144.0
137.0
207.0
154.0
142.0
138.0
484.0
151.0
138.0
176.0
168.0
147.0
134.0
158.0
143.0
132.0
144.0
137.0
140.0
176.0
417.0
139.0
163.0
154.0
141.0
171.0
163.0
161.0
173.0
409.0
176.0
171.0
171.0
141.0
131.0
140.0
149.0
167.0
174.0
157.0
133.0
147.0
147.0
154.0
146.0
117.0
157.0
369.0
137.0
147.0
439.0
156.0
174.0
153.0
177.0
148.0
163.0
169.0
160.0
132.0
403.0
169.0
143.0
175.0
149.0
133.0
152.0
134.0
148.0
149.0
149.0
141.0
171.0
175.0
170.0
145.0
140.0
174.0
388.0
149.0
162.0
151.0
158.0
133.0
176.0
168.0
132.0
144.0
430.0
167.0
482.0
139.0
442.0
388.0
480.0
375.0
410.0
416.0
372.0
469.0
489.0
176.0
169.0
142.0
165.0
141.0
141.0
157.0
158.0
160.0
156.0
173.0
141.0
137.0
433.0
133.0
140.0
138.0
152.0
136.0
171.0
156.0
144.0
163.0
156.0
163.0
152.0
139.0
465.0
131.0
162.0
156.0
133.0
135.0
156.0
146.0
169.0
405.0
141.0
173.0
153.0
160.0
136.0
145.0
155.0
146.0
131.0
162.0
143.0
146.0
174.0
135.0
166.0
131.0
161.0
428.0
167.0
145.0
472.0
169.0
173.0
169.0
171.0
161.0
148.0
139.0
141.0
131.0
475.0
170.0
173.0
171.0
154.0
132.0
167.0
166.0
139.0
175.0
160.0
163.0
142.0
167.0
165.0
172.0
131.0
156.0
411.0
175.0
141.0
169.0
158.0
139.0
163.0
169.0
146.0
160.0
476.0
145.0
421.0
168.0
438.0
377.0
380.0
477.0
476.0
460.0
426.0
411.0
405.0
134.0
149.0
157.0
145.0
164.0
147.0
155.0
138.0
148.0
202.0
198.0
168.0
163.0
451.0
139.0
143.0
139.0
158.0
136.0
140.0
149.0
137.0
133.0
148.0
134.0
135.0
144.0
425.0
146.0
138.0
177.0
130.0
175.0
147.0
152.0
136.0
396.0
173.0
156.0
147.0
144.0
146.0
149.0
169.0
141.0
164.0
150.0
155.0
143.0
145.0
132.0
152.0
116.0
143.0
393.0
167.0
150.0
489.0
155.0
151.0
146.0
174.0
166.0
171.0
133.0
131.0
142.0
426.0
140.0
165.0
175.0
150.0
143.0
176.0
148.0
157.0
159.0
169.0
143.0
163.0
160.0
130.0
155.0
134.0
131.0
396.0
161.0
177.0
153.0
140.0
174.0
160.0
133.0
150.0
131.0
433.0
134.0
364.0
158.0
464.0
409.0
492.0
398.0
395.0
375.0
458.0
366.0
475.0
170.0
172.0
169.0
166.0
135.0
154.0
130.0
164.0
157.0
178.0
195.0
148.0
150.0
411.0
173.0
138.0
165.0
153.0
151.0
142.0
175.0
153.0
175.0
155.0
143.0
175.0
157.0
444.0
142.0
165.0
138.0
152.0
170.0
141.0
132.0
133.0
463.0
153.0
140.0
138.0
133.0
172.0
133.0
133.0
138.0
147.0
173.0
174.0
153.0
156.0
177.0
149.0
150.0
166.0
440.0
130.0
157.0
474.0
155.0
170.0
136.0
176.0
138.0
168.0
152.0
138.0
163.0
478.0
131.0
176.0
141.0
157.0
168.0
155.0
136.0
150.0
150.0
141.0
156.0
139.0
148.0
147.0
130.0
151.0
159.0
467.0
161.0
159.0
164.0
139.0
149.0
143.0
168.0
157.0
134.0
409.0
154.0
420.0
151.0
469.0
446.0
492.0
433.0
429.0
367.0
371.0
453.0
451.0
168.0
151.0
154.0
132.0
153.0
146.0
139.0
135.0
171.0
190.0
162.0
157.0
141.0
409.0
135.0
168.0
147.0
157.0
156.0
140.0
166.0
165.0
169.0
152.0
163.0
171.0
174.0
376.0
176.0
140.0
158.0
142.0
166.0
161.0
162.0
175.0
477.0
138.0
164.0
165.0
134.0
141.0
134.0
144.0
158.0
136.0
141.0
150.0
163.0
143.0
174.0
161.0
116.0
150.0
408.0
172.0
167.0
372.0
167.0
156.0
174.0
151.0
174.0
156.0
162.0
132.0
135.0
413.0
159.0
146.0
136.0
175.0
174.0
157.0
145.0
132.0
148.0
141.0
135.0
165.0
161.0
174.0
141.0
137.0
149.0
466.0
149.0
139.0
167.0
151.0
168.0
156.0
140.0
148.0
175.0
406.0
172.0
491.0
136.0
383.0
481.0
457.0
435.0
449.0
449.0
433.0
462.0
421.0
140.0
171.0
164.0
154.0
132.0
136.0
144.0
143.0
159.0
196.0
180.0
173.0
138.0
486.0
143.0
176.0
144.0
148.0
142.0
140.0
161.0
151.0
142.0
137.0
131.0
175.0
154.0
367.0
172.0
141.0
143.0
174.0
170.0
138.0
173.0
138.0
451.0
151.0
162.0
156.0
169.0
153.0
133.0
166.0
171.0
131.0
130.0
144.0
165.0
134.0
159.0
146.0
125.0
164.0
406.0
164.0
148.0
383.0
136.0
136.0
169.0
162.0
170.0
148.0
138.0
172.0
142.0
416.0
146.0
173.0
165.0
160.0
145.0
160.0
160.0
130.0
144.0
146.0
146.0
136.0
142.0
172.0
139.0
143.0
140.0
461.0
155.0
144.0
157.0
145.0
136.0
144.0
139.0
140.0
152.0
440.0
141.0
460.0
140.0
442.0
483.0
433.0
454.0
436.0
427.0
381.0
474.0
367.0
153.0
134.0
141.0
168.0
165.0
155.0
153.0
137.0
164.0
193.0
172.0
172.0
146.0
482.0
168.0
171.0
143.0
134.0
145.0
168.0
146.0
134.0
133.0
151.0
146.0
171.0
158.0
450.0
176.0
160.0
149.0
172.0
132.0
161.0
142.0
172.0
410.0
158.0
147.0
135.0
147.0
162.0
163.0
156.0
165.0
147.0
134.0
154.0
131.0
175.0
160.0
142.0
151.0
149.0
366.0
151.0
164.0
432.0
151.0
139.0
161.0
131.0
141.0
169.0
138.0
138.0
161.0
458.0
152.0
134.0
133.0
170.0
166.0
176.0
171.0
134.0
176.0
162.0
156.0
174.0
176.0
152.0
172.0
142.0
172.0
468.0
139.0
150.0
141.0
164.0
136.0
168.0
164.0
176.0
149.0
471.0
166.0
482.0
146.0
479.0
462.0
478.0
410.0
461.0
459.0
465.0
447.0
413.0
161.0
171.0
156.0
142.0
145.0
165.0
164.0
135.0
138.0
185.0
189.0
134.0
143.0
466.0
154.0
132.0
157.0
153.0
139.0
135.0
149.0
174.0
175.0
168.0
138.0
144.0
149.0
459.0
142.0
163.0
140.0
133.0
159.0
154.0
134.0
163.0
493.0
174.0
130.0
164.0
141.0
166.0
152.0
156.0
152.0
162.0
151.0
176.0
132.0
149.0
135.0
162.0
126.0
159.0
478.0
143.0
133.0
454.0
173.0
175.0
156.0
141.0
145.0
177.0
135.0
145.0
175.0
487.0
160.0
164.0
172.0
135.0
168.0
158.0
164.0
171.0
159.0
159.0
167.0
161.0
144.0
174.0
131.0
147.0
159.0
382.0
143.0
175.0
137.0
172.0
134.0
141.0
134.0
148.0
142.0
469.0
165.0
450.0
165.0
472.0
453.0
482.0
474.0
429.0
371.0
380.0
436.0
432.0
170.0
150.0
153.0
162.0
173.0
138.0
177.0
171.0
132.0
153.0
159.0
173.0
154.0
460.0
165.0
161.0
159.0
132.0
170.0
149.0
156.0
132.0
170.0
167.0
145.0
171.0
159.0
391.0
157.0
163.0
137.0
132.0
156.0
144.0
157.0
160.0
478.0
164.0
154.0
141.0
141.0
161.0
143.0
138.0
163.0
163.0
143.0
131.0
140.0
164.0
156.0
155.0
152.0
165.0
437.0
147.0
158.0
387.0
146.0
146.0
147.0
152.0
171.0
151.0
154.0
136.0
137.0
472.0
160.0
135.0
149.0
149.0
160.0
171.0
149.0
142.0
165.0
145.0
163.0
153.0
144.0
171.0
150.0
125.0
132.0
386.0
131.0
168.0
149.0
133.0
156.0
138.0
174.0
130.0
138.0
474.0
169.0
382.0
154.0
440.0
385.0
413.0
482.0
407.0
442.0
422.0
376.0
452.0
137.0
167.0
162.0
177.0
163.0
159.0
142.0
167.0
137.0
186.0
168.0
159.0
154.0
486.0
139.0
169.0
147.0
166.0
163.0
173.0
176.0
149.0
136.0
174.0
174.0
158.0
161.0
477.0
146.0
158.0
174.0
151.0
130.0
151.0
158.0
169.0
442.0
136.0
150.0
144.0
145.0
157.0
149.0
174.0
160.0
176.0
160.0
162.0
139.0
159.0
145.0
150.0
149.0
148.0
448.0
133.0
177.0
412.0
168.0
149.0
132.0
157.0
149.0
164.0
172.0
146.0
156.0
386.0
162.0
142.0
136.0
143.0
136.0
151.0
145.0
141.0
149.0
160.0
167.0
175.0
158.0
149.0
134.0
148.0
132.0
414.0
177.0
175.0
175.0
152.0
176.0
147.0
170.0
137.0
130.0
390.0
131.0
465.0
148.0
450.0
371.0
491.0
399.0
437.0
463.0
489.0
376.0
467.0
151.0
137.0
132.0
143.0
146.0
153.0
149.0
173.0
141.0
