I_BRKGA_111_3_40_12_CESP
111 3 40 495.0
33268.5
34896.5
35381.5
33640.5
30621.5
30985.5
30124.5
29204.5
33710.5
30130.5
35860.5
35682.5
31389.5
31294.5
33069.5
33001.5
33083.5
33768.5
35774.5
30500.5
35328.5
35124.5
34172.5
34552.5
34728.5
35167.5
31492.5
34723.5
32592.5
33104.5
35436.5
34756.5
34093.5
36029.5
33593.5
33325.5
29200.5
33872.5
35038.5
35052.5
0.02860372716290554
0.02098851027489807
0.02980867436772489
0.02182158534057798
0.026137406953067984
0.022879426869929175
0.027868881821153244
0.02005816339115822
0.028903143575279594
0.020332734439920605
0.02866193659562688
0.020033792936188868
0.026283684706597605
0.020666132694251625
0.02837073650651121
0.0224714969846761
0.027180641907469993
0.0216772821190067
0.027627246448584348
0.024114419868848908
0.02963581160853176
0.02238554090503409
0.025721586204067153
0.022068178015843855
0.029403764444152276
0.023643959221776967
0.025575207575339723
0.02184701018563959
0.027899439144341412
0.024363565106708007
0.026955118928655143
0.023027382924265954
0.02627748631741221
0.021626158367400023
0.026817249929878707
0.020743761066581573
0.025139362378651213
0.022839754619951812
0.02598443097940771
0.033555607111983354
120.0
109.0
119.0
5105.0
35.0
2516.0
487.0
1261.0
36.0
533.0
117.0
187.0
45.0
341.0
261.0
397.0
57.0
305.0
524.0
290.0
76.0
248.0
81.0
273.0
28.0
347.0
165.0
794.0
1335.0
560.0
344.0
1101.0
295.0
152.0
808.0
5402.0
5602.0
127.0
165.0
310.0
51.0
29.0
193.0
226.0
188.0
519.0
357.0
76.0
64.0
26.0
128.0
33.0
20.0
165.0
846.0
49.0
120.0
64.0
42.0
155.0
152.0
70.0
163.0
151.0
802.0
37.0
20.0
26.0
31.0
8.0
73.0
266.0
102.0
69.0
87.0
56.0
40.0
84.0
150.0
48.0
26.0
55.0
151.0
173.0
100.0
86.0
133.0
47.0
62.0
1623.0
57.0
54.0
70.0
25.0
155.0
275.0
31.0
283.0
119.0
248.0
81.0
128.0
802.0
210.0
69.0
1221.0
129.0
115.0
71.0
90.0
116.0
19.0
271.0
190.0
491.0
1263.0
34.0
527.0
110.0
190.0
46.0
337.0
254.0
389.0
60.0
315.0
524.0
294.0
70.0
254.0
77.0
289.0
29.0
356.0
163.0
790.0
1264.0
562.0
341.0
1110.0
299.0
146.0
876.0
5352.0
5714.0
119.0
162.0
308.0
50.0
28.0
188.0
212.0
182.0
499.0
351.0
79.0
67.0
26.0
122.0
31.0
20.0
172.0
876.0
50.0
124.0
63.0
44.0
151.0
148.0
69.0
168.0
141.0
749.0
37.0
20.0
25.0
31.0
8.0
74.0
274.0
110.0
71.0
83.0
58.0
38.0
84.0
145.0
49.0
27.0
54.0
155.0
166.0
106.0
81.0
130.0
46.0
67.0
1634.0
56.0
56.0
71.0
26.0
151.0
293.0
32.0
281.0
121.0
252.0
79.0
132.0
814.0
213.0
68.0
1205.0
131.0
126.0
68.0
90.0
117.0
19.0
271.0
192.0
511.0
1290.0
36.0
517.0
118.0
175.0
48.0
326.0
253.0
374.0
61.0
311.0
531.0
276.0
69.0
248.0
79.0
297.0
29.0
366.0
170.0
787.0
1372.0
552.0
358.0
1086.0
290.0
150.0
837.0
5379.0
5724.0
122.0
160.0
308.0
51.0
28.0
182.0
222.0
178.0
533.0
374.0
79.0
67.0
26.0
123.0
32.0
19.0
176.0
856.0
49.0
122.0
65.0
42.0
163.0
141.0
70.0
161.0
146.0
801.0
36.0
21.0
24.0
32.0
8.0
72.0
267.0
110.0
73.0
84.0
55.0
39.0
89.0
140.0
45.0
27.0
57.0
156.0
162.0
106.0
85.0
138.0
45.0
66.0
1533.0
56.0
54.0
71.0
25.0
162.0
291.0
33.0
272.0
127.0
245.0
80.0
128.0
826.0
207.0
65.0
1241.0
134.0
121.0
68.0
90.0
117.0
19.0
262.0
206.0
471.0
1316.0
36.0
558.0
117.0
180.0
48.0
332.0
269.0
369.0
56.0
302.0
523.0
279.0
70.0
246.0
77.0
291.0
27.0
370.0
172.0
789.0
1256.0
598.0
353.0
1176.0
291.0
155.0
874.0
5194.0
5437.0
131.0
167.0
307.0
51.0
27.0
194.0
215.0
191.0
530.0
339.0
75.0
63.0
26.0
126.0
31.0
20.0
167.0
827.0
51.0
129.0
65.0
45.0
153.0
146.0
73.0
159.0
149.0
737.0
38.0
21.0
24.0
32.0
8.0
75.0
277.0
105.0
72.0
84.0
54.0
41.0
82.0
144.0
46.0
25.0
53.0
155.0
169.0
110.0
84.0
134.0
46.0
67.0
1637.0
54.0
56.0
68.0
24.0
153.0
276.0
33.0
264.0
130.0
243.0
82.0
132.0
788.0
222.0
71.0
1255.0
134.0
124.0
73.0
87.0
119.0
19.0
251.0
189.0
477.0
1266.0
34.0
507.0
113.0
177.0
47.0
329.0
260.0
366.0
61.0
310.0
523.0
278.0
72.0
238.0
81.0
297.0
29.0
354.0
157.0
799.0
1275.0
554.0
346.0
1189.0
283.0
151.0
810.0
5469.0
5896.0
128.0
166.0
331.0
51.0
29.0
188.0
224.0
194.0
509.0
361.0
76.0
65.0
27.0
118.0
31.0
19.0
166.0
868.0
48.0
122.0
64.0
45.0
167.0
148.0
75.0
166.0
141.0
761.0
36.0
21.0
26.0
32.0
8.0
73.0
255.0
106.0
72.0
86.0
56.0
41.0
88.0
149.0
48.0
26.0
53.0
161.0
171.0
105.0
84.0
135.0
44.0
62.0
1505.0
55.0
56.0
65.0
24.0
154.0
276.0
33.0
273.0
122.0
257.0
81.0
131.0
823.0
219.0
68.0
1210.0
129.0
127.0
71.0
89.0
112.0
19.0
251.0
204.0
498.0
1326.0
35.0
517.0
118.0
188.0
48.0
350.0
256.0
386.0
61.0
313.0
512.0
278.0
72.0
246.0
75.0
295.0
29.0
375.0
163.0
767.0
1335.0
554.0
349.0
1097.0
285.0
150.0
857.0
5278.0
5654.0
119.0
164.0
331.0
47.0
28.0
193.0
224.0
195.0
524.0
339.0
72.0
63.0
25.0
117.0
33.0
19.0
175.0
904.0
50.0
128.0
64.0
45.0
162.0
149.0
75.0
156.0
148.0
800.0
35.0
21.0
24.0
32.0
8.0
70.0
261.0
109.0
71.0
83.0
58.0
38.0
81.0
147.0
47.0
27.0
58.0
151.0
159.0
110.0
82.0
137.0
48.0
67.0
1534.0
55.0
58.0
68.0
24.0
160.0
283.0
31.0
264.0
127.0
243.0
83.0
138.0
786.0
218.0
67.0
1223.0
124.0
127.0
66.0
89.0
111.0
20.0
254.0
207.0
473.0
1293.0
36.0
527.0
113.0
175.0
45.0
320.0
253.0
398.0
59.0
318.0
522.0
267.0
75.0
234.0
79.0
290.0
28.0
366.0
165.0
812.0
1285.0
596.0
354.0
1110.0
286.0
145.0
793.0
5096.0
5943.0
123.0
171.0
335.0
50.0
28.0
188.0
223.0
192.0
505.0
340.0
73.0
65.0
26.0
119.0
32.0
19.0
175.0
847.0
52.0
120.0
66.0
43.0
156.0
152.0
76.0
158.0
146.0
740.0
38.0
21.0
26.0
30.0
8.0
72.0
266.0
108.0
67.0
85.0
57.0
39.0
82.0
141.0
47.0
26.0
58.0
155.0
169.0
105.0
85.0
131.0
44.0
65.0
1528.0
56.0
56.0
71.0
25.0
155.0
295.0
33.0
261.0
120.0
250.0
75.0
132.0
816.0
207.0
65.0
1217.0
130.0
123.0
72.0
90.0
121.0
20.0
271.0
201.0
475.0
1317.0
34.0
536.0
112.0
193.0
45.0
321.0
244.0
399.0
60.0
313.0
515.0
276.0
71.0
246.0
81.0
302.0
27.0
375.0
163.0
841.0
1361.0
580.0
338.0
1182.0
288.0
153.0
798.0
5164.0
5516.0
129.0
172.0
315.0
51.0
29.0
189.0
225.0
184.0
520.0
357.0
73.0
63.0
26.0
127.0
33.0
20.0
176.0
847.0
50.0
124.0
65.0
43.0
167.0
151.0
70.0
155.0
148.0
733.0
37.0
20.0
24.0
32.0
8.0
69.0
271.0
105.0
71.0
84.0
59.0
38.0
87.0
143.0
47.0
26.0
58.0
156.0
174.0
106.0
81.0
132.0
47.0
62.0
1502.0
56.0
56.0
66.0
26.0
165.0
276.0
32.0
268.0
128.0
236.0
79.0
140.0
769.0
213.0
69.0
1199.0
129.0
120.0
68.0
94.0
117.0
20.0
258.0
199.0
487.0
1222.0
35.0
513.0
119.0
188.0
45.0
331.0
249.0
390.0
59.0
319.0
553.0
268.0
72.0
247.0
77.0
279.0
28.0
355.0
172.0
803.0
1390.0
573.0
343.0
1127.0
279.0
156.0
794.0
5116.0
5940.0
120.0
158.0
305.0
48.0
29.0
179.0
217.0
181.0
484.0
351.0
73.0
67.0
25.0
127.0
30.0
19.0
166.0
819.0
49.0
123.0
62.0
44.0
161.0
141.0
76.0
157.0
150.0
759.0
35.0
19.0
24.0
30.0
8.0
69.0
271.0
110.0
72.0
86.0
57.0
40.0
83.0
143.0
45.0
26.0
57.0
155.0
175.0
108.0
80.0
138.0
45.0
67.0
1531.0
55.0
58.0
64.0
26.0
161.0
276.0
32.0
284.0
129.0
238.0
79.0
136.0
759.0
211.0
70.0
1258.0
134.0
127.0
73.0
92.0
120.0
20.0
269.0
200.0
486.0
1253.0
34.0
529.0
120.0
193.0
44.0
332.0
261.0
396.0
55.0
294.0
542.0
271.0
76.0
232.0
81.0
298.0
28.0
339.0
169.0
826.0
1304.0
587.0
345.0
1152.0
279.0
145.0
856.0
5422.0
6014.0
126.0
173.0
303.0
50.0
29.0
178.0
225.0
194.0
509.0
342.0
79.0
64.0
27.0
117.0
31.0
19.0
172.0
887.0
49.0
129.0
65.0
44.0
165.0
154.0
74.0
159.0
153.0
797.0
37.0
21.0
25.0
32.0
8.0
74.0
269.0
107.0
74.0
91.0
57.0
41.0
87.0
150.0
47.0
25.0
56.0
163.0
170.0
104.0
85.0
131.0
45.0
64.0
1659.0
58.0
58.0
71.0
26.0
166.0
294.0
33.0
269.0
126.0
259.0
76.0
135.0
812.0
219.0
69.0
1288.0
123.0
115.0
70.0
89.0
116.0
20.0
272.0
189.0
473.0
1234.0
33.0
556.0
112.0
188.0
44.0
325.0
247.0
369.0
57.0
316.0
542.0
293.0
76.0
236.0
81.0
297.0
29.0
345.0
159.0
813.0
1336.0
593.0
354.0
1179.0
298.0
159.0
816.0
5261.0
5788.0
120.0
167.0
316.0
46.0
27.0
182.0
218.0
185.0
495.0
346.0
76.0
64.0
27.0
123.0
30.0
20.0
175.0
860.0
52.0
122.0
65.0
43.0
156.0
142.0
76.0
161.0
151.0
729.0
37.0
21.0
24.0
29.0
8.0
76.0
265.0
104.0
74.0
85.0
57.0
39.0
82.0
143.0
47.0
27.0
56.0
157.0
163.0
104.0
87.0
137.0
45.0
64.0
1593.0
58.0
57.0
69.0
25.0
156.0
287.0
31.0
276.0
119.0
258.0
77.0
138.0
825.0
208.0
71.0
1257.0
126.0
117.0
70.0
94.0
116.0
18.0
267.0
200.0
490.0
1301.0
34.0
533.0
117.0
180.0
45.0
342.0
252.0
395.0
58.0
319.0
560.0
290.0
75.0
245.0
77.0
299.0
29.0
365.0
167.0
834.0
1313.0
549.0
339.0
1187.0
281.0
157.0
791.0
5344.0
5793.0
125.0
165.0
328.0
49.0
29.0
186.0
211.0
186.0
493.0
351.0
73.0
62.0
26.0
128.0
31.0
20.0
170.0
871.0
49.0
123.0
65.0
43.0
152.0
141.0
71.0
152.0
153.0
743.0
36.0
21.0
24.0
32.0
8.0
73.0
268.0
104.0
69.0
85.0
56.0
41.0
88.0
153.0
49.0
25.0
54.0
159.0
173.0
111.0
81.0
126.0
47.0
64.0
1626.0
56.0
59.0
70.0
26.0
156.0
295.0
32.0
281.0
125.0
258.0
77.0
141.0
793.0
223.0
69.0
1199.0
131.0
124.0
71.0
85.0
114.0
19.0
256.0
191.0
487.0
1291.0
36.0
522.0
110.0
181.0
46.0
351.0
255.0
397.0
59.0
293.0
550.0
279.0
72.0
231.0
76.0
290.0
29.0
355.0
159.0
827.0
1376.0
543.0
356.0
1167.0
277.0
155.0
801.0
5089.0
5954.0
120.0
171.0
305.0
47.0
29.0
189.0
217.0
195.0
519.0
339.0
78.0
64.0
25.0
124.0
32.0
20.0
177.0
825.0
49.0
124.0
62.0
43.0
162.0
153.0
71.0
153.0
147.0
758.0
35.0
21.0
26.0
32.0
8.0
72.0
258.0
104.0
69.0
90.0
57.0
41.0
84.0
153.0
46.0
27.0
57.0
154.0
168.0
111.0
87.0
132.0
47.0
63.0
1585.0
57.0
55.0
70.0
24.0
162.0
277.0
33.0
270.0
125.0
256.0
83.0
140.0
779.0
224.0
69.0
1172.0
125.0
121.0
72.0
90.0
118.0
19.0
268.0
205.0
487.0
1325.0
33.0
514.0
120.0
190.0
46.0
325.0
266.0
401.0
57.0
318.0
550.0
291.0
74.0
239.0
82.0
291.0
29.0
348.0
159.0
812.0
1256.0
556.0
353.0
1156.0
277.0
150.0
822.0
5131.0
5820.0
121.0
159.0
329.0
48.0
27.0
193.0
216.0
190.0
526.0
348.0
72.0
66.0
26.0
127.0
30.0
20.0
172.0
895.0
52.0
130.0
62.0
46.0
155.0
142.0
69.0
154.0
139.0
790.0
38.0
21.0
24.0
31.0
8.0
75.0
250.0
106.0
69.0
87.0
59.0
41.0
81.0
142.0
49.0
27.0
58.0
148.0
160.0
108.0
87.0
130.0
46.0
66.0
1665.0
55.0
55.0
68.0
25.0
164.0
285.0
32.0
285.0
118.0
243.0
80.0
129.0
816.0
205.0
71.0
1184.0
133.0
117.0
71.0
91.0
118.0
20.0
272.0
194.0
471.0
1272.0
35.0
514.0
120.0
192.0
45.0
317.0
248.0
364.0
57.0
302.0
558.0
293.0
70.0
250.0
79.0
278.0
27.0
369.0
171.0
772.0
1341.0
582.0
327.0
1083.0
282.0
147.0
865.0
5402.0
6028.0
122.0
159.0
323.0
47.0
28.0
181.0
221.0
195.0
510.0
358.0
79.0
61.0
25.0
125.0
32.0
19.0
174.0
850.0
48.0
129.0
67.0
45.0
166.0
151.0
74.0
154.0
152.0
749.0
38.0
20.0
24.0
30.0
8.0
74.0
274.0
103.0
74.0
83.0
57.0
40.0
82.0
144.0
49.0
27.0
58.0
162.0
167.0
108.0
82.0
133.0
45.0
62.0
1534.0
59.0
55.0
65.0
25.0
167.0
280.0
31.0
275.0
128.0
257.0
82.0
136.0
817.0
210.0
68.0
1274.0
123.0
120.0
67.0
88.0
122.0
19.0
246.0
196.0
482.0
1309.0
34.0
560.0
115.0
174.0
46.0
340.0
255.0
373.0
60.0
308.0
507.0
268.0
71.0
245.0
77.0
287.0
27.0
349.0
167.0
772.0
1327.0
571.0
345.0
1092.0
296.0
159.0
831.0
5090.0
5698.0
120.0
160.0
311.0
51.0
27.0
178.0
224.0
185.0
496.0
367.0
76.0
67.0
27.0
126.0
32.0
20.0
164.0
887.0
51.0
129.0
65.0
45.0
166.0
141.0
70.0
163.0
152.0
749.0
37.0
21.0
26.0
29.0
8.0
75.0
276.0
103.0
67.0
91.0
58.0
38.0
84.0
146.0
47.0
26.0
54.0
154.0
174.0
102.0
82.0
130.0
48.0
65.0
1651.0
58.0
54.0
66.0
26.0
166.0
284.0
33.0
260.0
126.0
242.0
77.0
129.0
826.0
210.0
65.0
1176.0
122.0
124.0
68.0
87.0
121.0
18.0
271.0
202.0
475.0
1322.0
36.0
539.0
109.0
187.0
46.0
341.0
260.0
391.0
56.0
291.0
535.0
271.0
73.0
251.0
77.0
285.0
28.0
344.0
170.0
839.0
1306.0
550.0
340.0
1149.0
281.0
154.0
809.0
5439.0
5653.0
123.0
167.0
335.0
47.0
29.0
179.0
218.0
180.0
533.0
346.0
77.0
62.0
25.0
118.0
32.0
18.0
174.0
855.0
50.0
131.0
65.0
42.0
164.0
155.0
72.0
164.0
139.0
767.0
36.0
19.0
26.0
32.0
8.0
72.0
251.0
113.0
73.0
87.0
58.0
38.0
84.0
152.0
49.0
26.0
55.0
150.0
160.0
107.0
83.0
138.0
47.0
67.0
1599.0
55.0
57.0
68.0
24.0
153.0
299.0
33.0
283.0
120.0
248.0
79.0
136.0
815.0
217.0
68.0
1219.0
123.0
117.0
66.0
92.0
113.0
19.0
270.0
199.0
488.0
1287.0
34.0
548.0
114.0
177.0
48.0
345.0
247.0
389.0
61.0
300.0
528.0
285.0
76.0
230.0
79.0
301.0
29.0
351.0
163.0
814.0
1280.0
596.0
351.0
1163.0
300.0
144.0
831.0
5449.0
5806.0
130.0
164.0
336.0
50.0
29.0
175.0
205.0
183.0
488.0
358.0
72.0
63.0
26.0
128.0
31.0
20.0
175.0
888.0
51.0
129.0
62.0
43.0
159.0
145.0
72.0
158.0
152.0
789.0
38.0
20.0
24.0
30.0
8.0
76.0
276.0
112.0
72.0
91.0
57.0
41.0
87.0
140.0
49.0
25.0
54.0
156.0
169.0
106.0
81.0
129.0
46.0
65.0
1619.0
57.0
57.0
67.0
25.0
161.0
285.0
31.0
283.0
118.0
242.0
79.0
131.0
786.0
209.0
71.0
1267.0
125.0
119.0
69.0
88.0
115.0
19.0
254.0
205.0
518.0
1275.0
35.0
527.0
115.0
182.0
48.0
330.0
250.0
369.0
58.0
312.0
514.0
286.0
73.0
241.0
77.0
279.0
28.0
362.0
162.0
819.0
1393.0
554.0
331.0
1190.0
286.0
154.0
796.0
5502.0
5701.0
131.0
160.0
322.0
48.0
29.0
183.0
222.0
188.0
503.0
368.0
74.0
66.0
26.0
118.0
31.0
18.0
179.0
824.0
49.0
129.0
63.0
45.0
164.0
141.0
73.0
162.0
150.0
785.0
36.0
21.0
26.0
31.0
8.0
74.0
275.0
108.0
68.0
88.0
54.0
40.0
81.0
143.0
46.0
26.0
56.0
163.0
160.0
105.0
79.0
139.0
44.0
63.0
1579.0
56.0
57.0
69.0
26.0
163.0
294.0
33.0
284.0
128.0
253.0
83.0
140.0
801.0
214.0
65.0
1209.0
131.0
124.0
71.0
87.0
120.0
20.0
269.0
189.0
500.0
1247.0
33.0
533.0
114.0
182.0
48.0
339.0
251.0
381.0
58.0
312.0
510.0
280.0
75.0
253.0
81.0
289.0
27.0
352.0
159.0
826.0
1286.0
551.0
352.0
1093.0
289.0
146.0
834.0
5383.0
5921.0
124.0
159.0
312.0
48.0
28.0
193.0
222.0
180.0
509.0
349.0
79.0
62.0
26.0
123.0
31.0
18.0
175.0
824.0
51.0
130.0
62.0
46.0
165.0
145.0
76.0
162.0
144.0
746.0
36.0
20.0
24.0
30.0
8.0
76.0
270.0
108.0
70.0
83.0
56.0
41.0
89.0
146.0
48.0
27.0
58.0
153.0
164.0
101.0
82.0
135.0
44.0
64.0
1635.0
58.0
54.0
68.0
25.0
167.0
281.0
31.0
285.0
127.0
239.0
83.0
131.0
795.0
204.0
67.0
1287.0
131.0
122.0
71.0
88.0
112.0
19.0
263.0
203.0
476.0
1236.0
36.0
552.0
113.0
188.0
47.0
342.0
265.0
385.0
60.0
293.0
547.0
294.0
74.0
245.0
77.0
275.0
28.0
372.0
168.0
780.0
1370.0
580.0
361.0
1099.0
299.0
155.0
874.0
5367.0
5763.0
129.0
172.0
310.0
47.0
29.0
184.0
219.0
187.0
517.0
347.0
77.0
65.0
26.0
126.0
31.0
19.0
176.0
820.0
51.0
119.0
63.0
46.0
165.0
144.0
72.0
159.0
151.0
794.0
36.0
21.0
25.0
31.0
8.0
75.0
260.0
110.0
73.0
85.0
57.0
41.0
89.0
146.0
49.0
26.0
53.0
154.0
166.0
100.0
84.0
134.0
47.0
63.0
1557.0
54.0
56.0
69.0
26.0
159.0
293.0
32.0
280.0
121.0
248.0
80.0
127.0
757.0
217.0
70.0
1198.0
126.0
125.0
73.0
91.0
121.0
20.0
259.0
204.0
502.0
1224.0
36.0
545.0
113.0
187.0
48.0
320.0
264.0
387.0
59.0
313.0
549.0
267.0
73.0
254.0
76.0
281.0
29.0
356.0
164.0
814.0
1287.0
553.0
360.0
1114.0
284.0
159.0
846.0
5417.0
5441.0
127.0
158.0
305.0
51.0
28.0
179.0
204.0
179.0
525.0
365.0
79.0
65.0
27.0
118.0
32.0
19.0
166.0
876.0
48.0
121.0
62.0
42.0
166.0
151.0
72.0
161.0
144.0
754.0
37.0
20.0
26.0
29.0
8.0
75.0
276.0
109.0
73.0
83.0
57.0
40.0
87.0
146.0
45.0
25.0
56.0
152.0
158.0
107.0
85.0
128.0
45.0
67.0
1592.0
54.0
54.0
65.0
26.0
160.0
291.0
32.0
276.0
119.0
243.0
79.0
132.0
773.0
222.0
71.0
1218.0
122.0
117.0
71.0
88.0
113.0
20.0
246.0
191.0
496.0
1228.0
35.0
511.0
110.0
185.0
46.0
322.0
264.0
375.0
60.0
307.0
505.0
287.0
74.0
237.0
81.0
298.0
28.0
342.0
165.0
761.0
1340.0
563.0
329.0
1135.0
294.0
145.0
867.0
5357.0
5524.0
130.0
172.0
327.0
50.0
29.0
187.0
216.0
194.0
503.0
358.0
74.0
61.0
27.0
116.0
33.0
20.0
165.0
857.0
49.0
125.0
64.0
44.0
166.0
146.0
71.0
157.0
147.0
778.0
35.0
20.0
25.0
30.0
8.0
73.0
276.0
110.0
71.0
85.0
57.0
39.0
86.0
153.0
49.0
27.0
54.0
156.0
167.0
106.0
80.0
135.0
47.0
63.0
1562.0
55.0
58.0
67.0
24.0
162.0
279.0
32.0
265.0
121.0
239.0
75.0
141.0
795.0
209.0
68.0
1268.0
121.0
118.0
68.0
87.0
112.0
19.0
269.0
205.0
493.0
1235.0
33.0
558.0
113.0
181.0
44.0
317.0
244.0
376.0
58.0
290.0
558.0
274.0
74.0
230.0
76.0
297.0
27.0
371.0
156.0
835.0
1268.0
554.0
352.0
1171.0
286.0
149.0
865.0
5189.0
5517.0
122.0
167.0
328.0
47.0
28.0
192.0
205.0
195.0
506.0
339.0
72.0
67.0
27.0
128.0
31.0
20.0
173.0
901.0
49.0
121.0
64.0
44.0
167.0
151.0
76.0
153.0
140.0
743.0
37.0
20.0
25.0
31.0
8.0
72.0
263.0
110.0
71.0
86.0
57.0
39.0
88.0
146.0
46.0
27.0
57.0
151.0
173.0
111.0
87.0
133.0
47.0
63.0
1656.0
55.0
54.0
70.0
25.0
159.0
277.0
32.0
264.0
120.0
247.0
79.0
131.0
752.0
224.0
71.0
1211.0
132.0
120.0
67.0
88.0
115.0
19.0
249.0
192.0
493.0
1326.0
33.0
510.0
112.0
189.0
46.0
343.0
247.0
377.0
56.0
301.0
542.0
285.0
71.0
254.0
81.0
294.0
27.0
370.0
165.0
786.0
1375.0
572.0
357.0
1147.0
283.0
144.0
867.0
5415.0
5466.0
119.0
159.0
316.0
50.0
27.0
182.0
212.0
184.0
525.0
354.0
77.0
63.0
26.0
123.0
31.0
19.0
179.0
878.0
51.0
120.0
62.0
42.0
164.0
152.0
75.0
156.0
144.0
728.0
37.0
20.0
26.0
31.0
8.0
71.0
250.0
109.0
74.0
90.0
59.0
39.0
82.0
154.0
46.0
25.0
56.0
149.0
160.0
105.0
86.0
138.0
48.0
65.0
1536.0
54.0
59.0
67.0
26.0
153.0
298.0
33.0
263.0
118.0
235.0
81.0
135.0
760.0
219.0
71.0
1213.0
122.0
121.0
68.0
91.0
112.0
19.0
259.0
188.0
501.0
1256.0
34.0
537.0
116.0
175.0
45.0
339.0
244.0
385.0
59.0
304.0
528.0
279.0
74.0
250.0
79.0
273.0
28.0
345.0
158.0
790.0
1284.0
557.0
330.0
1179.0
278.0
157.0
846.0
5126.0
5548.0
126.0
165.0
320.0
48.0
28.0
177.0
220.0
179.0
512.0
368.0
76.0
65.0
25.0
124.0
32.0
19.0
175.0
903.0
48.0
130.0
64.0
44.0
151.0
147.0
75.0
165.0
149.0
771.0
37.0
20.0
25.0
32.0
8.0
69.0
253.0
104.0
74.0
85.0
59.0
39.0
81.0
154.0
48.0
27.0
54.0
163.0
159.0
108.0
87.0
138.0
47.0
64.0
1630.0
54.0
55.0
68.0
25.0
167.0
292.0
31.0
261.0
121.0
253.0
83.0
137.0
817.0
217.0
66.0
1282.0
133.0
125.0
73.0
89.0
115.0
19.0
263.0
207.0
494.0
1269.0
35.0
543.0
112.0
174.0
46.0
322.0
251.0
369.0
61.0
308.0
510.0
285.0
70.0
239.0
76.0
291.0
27.0
354.0
156.0
826.0
1280.0
544.0
351.0
1197.0
291.0
149.0
870.0
5182.0
6018.0
122.0
170.0
324.0
48.0
29.0
188.0
211.0
178.0
507.0
371.0
73.0
67.0
27.0
118.0
31.0
19.0
172.0
865.0
52.0
130.0
61.0
45.0
167.0
149.0
71.0
162.0
149.0
762.0
36.0
20.0
25.0
30.0
8.0
76.0
263.0
110.0
67.0
84.0
59.0
38.0
83.0
142.0
48.0
27.0
56.0
154.0
162.0
106.0
79.0
129.0
44.0
64.0
1656.0
55.0
56.0
68.0
26.0
161.0
272.0
33.0
284.0
127.0
251.0
78.0
137.0
793.0
212.0
71.0
1170.0
122.0
127.0
73.0
94.0
121.0
20.0
263.0
207.0
509.0
1322.0
35.0
542.0
110.0
192.0
45.0
344.0
254.0
393.0
59.0
308.0
519.0
279.0
76.0
250.0
82.0
287.0
29.0
368.0
170.0
837.0
1287.0
547.0
329.0
1088.0
280.0
151.0
835.0
5141.0
5805.0
130.0
164.0
318.0
51.0
27.0
187.0
208.0
196.0
526.0
358.0
78.0
65.0
26.0
123.0
32.0
19.0
174.0
815.0
50.0
130.0
67.0
46.0
163.0
154.0
76.0
156.0
140.0
789.0
35.0
21.0
25.0
32.0
8.0
75.0
253.0
108.0
74.0
82.0
58.0
39.0
81.0
141.0
45.0
25.0
54.0
160.0
163.0
100.0
85.0
134.0
45.0
62.0
1646.0
55.0
55.0
68.0
25.0
151.0
282.0
31.0
268.0
128.0
254.0
78.0
140.0
818.0
212.0
71.0
1264.0
130.0
127.0
71.0
91.0
111.0
19.0
260.0
197.0
474.0
1226.0
35.0
534.0
113.0
180.0
47.0
341.0
258.0
389.0
61.0
301.0
534.0
290.0
73.0
235.0
75.0
280.0
29.0
356.0
164.0
834.0
1388.0
554.0
331.0
1109.0
294.0
158.0
836.0
5383.0
6038.0
131.0
169.0
334.0
47.0
29.0
185.0
216.0
180.0
508.0
344.0
75.0
62.0
26.0
124.0
31.0
20.0
178.0
859.0
49.0
130.0
63.0
45.0
157.0
147.0
70.0
166.0
141.0
728.0
35.0
21.0
25.0
32.0
8.0
71.0
263.0
108.0
72.0
85.0
55.0
38.0
85.0
152.0
47.0
25.0
54.0
163.0
166.0
106.0
85.0
135.0
47.0
65.0
1622.0
59.0
55.0
70.0
24.0
166.0
278.0
32.0
271.0
123.0
239.0
77.0
133.0
810.0
207.0
70.0
1190.0
126.0
123.0
73.0
89.0
115.0
19.0
250.0
200.0
519.0
1260.0
36.0
523.0
111.0
193.0
45.0
326.0
258.0
388.0
60.0
317.0
557.0
277.0
72.0
252.0
82.0
279.0
28.0
358.0
160.0
829.0
1265.0
588.0
363.0
1167.0
296.0
149.0
805.0
5043.0
5631.0
127.0
167.0
305.0
47.0
28.0
176.0
219.0
184.0
529.0
366.0
79.0
64.0
26.0
124.0
30.0
20.0
170.0
891.0
52.0
130.0
64.0
46.0
157.0
154.0
74.0
156.0
138.0
758.0
38.0
21.0
24.0
31.0
8.0
73.0
252.0
111.0
70.0
88.0
57.0
41.0
83.0
154.0
49.0
27.0
54.0
161.0
171.0
104.0
85.0
135.0
44.0
64.0
1598.0
57.0
59.0
70.0
25.0
160.0
273.0
31.0
266.0
118.0
253.0
77.0
129.0
817.0
206.0
65.0
1202.0
124.0
115.0
68.0
94.0
115.0
20.0
267.0
190.0
470.0
1226.0
36.0
518.0
109.0
178.0
48.0
348.0
255.0
363.0
57.0
305.0
541.0
293.0
70.0
248.0
78.0
299.0
29.0
348.0
160.0
809.0
1388.0
577.0
337.0
1173.0
281.0
144.0
856.0
5254.0
5780.0
129.0
165.0
307.0
50.0
29.0
183.0
224.0
188.0
529.0
341.0
73.0
67.0
27.0
117.0
33.0
19.0
167.0
856.0
49.0
131.0
63.0
44.0
162.0
150.0
75.0
164.0
149.0
785.0
38.0
20.0
24.0
32.0
8.0
74.0
273.0
110.0
71.0
88.0
57.0
38.0
85.0
141.0
45.0
26.0
57.0
154.0
166.0
106.0
87.0
134.0
44.0
63.0
1641.0
57.0
59.0
67.0
25.0
167.0
296.0
33.0
281.0
125.0
245.0
81.0
135.0
775.0
205.0
71.0
1223.0
122.0
123.0
70.0
91.0
122.0
19.0
255.0
192.0
488.0
1220.0
34.0
558.0
119.0
178.0
47.0
344.0
267.0
366.0
61.0
304.0
544.0
289.0
75.0
232.0
79.0
279.0
28.0
356.0
170.0
775.0
1330.0
567.0
336.0
1131.0
295.0
145.0
843.0
5272.0
5960.0
130.0
165.0
323.0
47.0
28.0
187.0
225.0
191.0
495.0
359.0
72.0
67.0
27.0
122.0
33.0
20.0
177.0
855.0
50.0
129.0
65.0
44.0
166.0
143.0
73.0
160.0
149.0
764.0
35.0
21.0
24.0
30.0
8.0
70.0
272.0
103.0
72.0
84.0
59.0
41.0
89.0
154.0
47.0
26.0
54.0
161.0
163.0
103.0
82.0
136.0
45.0
64.0
1582.0
55.0
59.0
67.0
26.0
166.0
297.0
33.0
279.0
123.0
236.0
77.0
130.0
809.0
209.0
69.0
1235.0
132.0
117.0
66.0
91.0
118.0
19.0
249.0
204.0
499.0
1351.0
35.0
518.0
111.0
185.0
46.0
319.0
267.0
378.0
60.0
315.0
510.0
280.0
70.0
243.0
80.0
275.0
29.0
351.0
158.0
840.0
1307.0
546.0
347.0
1181.0
276.0
158.0
869.0
5139.0
5572.0
123.0
161.0
314.0
46.0
27.0
192.0
206.0
180.0
483.0
357.0
76.0
61.0
25.0
127.0
30.0
19.0
178.0
881.0
50.0
127.0
62.0
45.0
154.0
155.0
74.0
163.0
152.0
751.0
35.0
21.0
26.0
30.0
8.0
70.0
265.0
109.0
67.0
85.0
59.0
39.0
89.0
154.0
46.0
26.0
56.0
151.0
172.0
108.0
81.0
130.0
47.0
61.0
1536.0
56.0
56.0
69.0
24.0
163.0
295.0
32.0
266.0
127.0
249.0
77.0
129.0
819.0
206.0
68.0
1196.0
134.0
120.0
69.0
89.0
120.0
18.0
265.0
204.0
499.0
1305.0
35.0
505.0
116.0
187.0
46.0
335.0
269.0
364.0
56.0
292.0
526.0
286.0
69.0
235.0
77.0
289.0
28.0
347.0
159.0
765.0
1270.0
591.0
351.0
1169.0
286.0
157.0
862.0
5482.0
5590.0
127.0
166.0
326.0
50.0
28.0
192.0
223.0
190.0
521.0
365.0
78.0
63.0
26.0
127.0
32.0
20.0
170.0
850.0
52.0
129.0
64.0
46.0
167.0
143.0
70.0
157.0
142.0
758.0
36.0
19.0
24.0
29.0
8.0
75.0
257.0
105.0
72.0
83.0
55.0
41.0
88.0
153.0
46.0
26.0
57.0
152.0
165.0
106.0
85.0
130.0
47.0
66.0
1565.0
56.0
58.0
70.0
25.0
166.0
284.0
31.0
281.0
124.0
240.0
78.0
128.0
756.0
212.0
69.0
1270.0
133.0
126.0
66.0
91.0
122.0
20.0
247.0
199.0
496.0
1257.0
34.0
549.0
109.0
189.0
47.0
327.0
245.0
368.0
58.0
307.0
510.0
282.0
74.0
247.0
81.0
283.0
27.0
362.0
161.0
770.0
1359.0
559.0
345.0
1092.0
274.0
157.0
833.0
5133.0
5951.0
121.0
161.0
323.0
50.0
28.0
194.0
214.0
190.0
514.0
343.0
73.0
64.0
27.0
118.0
32.0
20.0
165.0
838.0
53.0
128.0
64.0
42.0
159.0
141.0
73.0
156.0
139.0
757.0
38.0
20.0
26.0
31.0
8.0
74.0
274.0
109.0
68.0
88.0
55.0
40.0
81.0
154.0
45.0
27.0
55.0
160.0
171.0
101.0
80.0
130.0
48.0
64.0
1554.0
56.0
55.0
71.0
25.0
159.0
272.0
32.0
275.0
120.0
243.0
77.0
138.0
803.0
204.0
67.0
1248.0
125.0
125.0
70.0
92.0
112.0
20.0
267.0
190.0
489.0
1307.0
33.0
547.0
115.0
179.0
44.0
350.0
261.0
392.0
58.0
320.0
522.0
280.0
74.0
242.0
76.0
275.0
29.0
338.0
167.0
816.0
1308.0
549.0
332.0
1093.0
275.0
146.0
835.0
5110.0
6013.0
118.0
169.0
330.0
46.0
28.0
183.0
216.0
195.0
489.0
352.0
75.0
63.0
27.0
120.0
32.0
19.0
176.0
862.0
51.0
128.0
63.0
43.0
152.0
152.0
74.0
163.0
152.0
773.0
37.0
21.0
25.0
30.0
8.0
76.0
265.0
113.0
74.0
91.0
56.0
40.0
82.0
152.0
45.0
25.0
57.0
156.0
160.0
104.0
86.0
126.0
47.0
64.0
1563.0
55.0
59.0
67.0
24.0
161.0
297.0
31.0
278.0
120.0
237.0
75.0
128.0
810.0
215.0
66.0
1184.0
131.0
125.0
68.0
93.0
122.0
19.0
265.0
202.0
516.0
1268.0
36.0
545.0
116.0
192.0
46.0
327.0
245.0
379.0
56.0
288.0
551.0
295.0
75.0
232.0
82.0
287.0
29.0
343.0
172.0
765.0
1297.0
544.0
341.0
1107.0
290.0
144.0
802.0
5020.0
5937.0
122.0
167.0
325.0
47.0
29.0
175.0
208.0
182.0
506.0
367.0
74.0
66.0
25.0
128.0
32.0
20.0
172.0
820.0
49.0
128.0
66.0
44.0
154.0
152.0
75.0
161.0
139.0
735.0
38.0
21.0
24.0
31.0
8.0
71.0
261.0
113.0
71.0
91.0
56.0
38.0
81.0
152.0
46.0
25.0
56.0
151.0
159.0
110.0
86.0
139.0
48.0
61.0
1634.0
59.0
55.0
70.0
25.0
162.0
270.0
31.0
265.0
130.0
260.0
76.0
129.0
822.0
217.0
71.0
1285.0
130.0
127.0
67.0
87.0
121.0
20.0
262.0
207.0
477.0
1315.0
36.0
530.0
117.0
181.0
46.0
323.0
260.0
392.0
56.0
300.0
544.0
294.0
70.0
234.0
79.0
292.0
29.0
353.0
171.0
763.0
1350.0
558.0
335.0
1150.0
294.0
150.0
821.0
5103.0
5766.0
121.0
167.0
314.0
47.0
29.0
176.0
214.0
187.0
518.0
345.0
73.0
67.0
25.0
128.0
33.0
19.0
171.0
857.0
52.0
124.0
66.0
44.0
157.0
152.0
73.0
158.0
141.0
774.0
37.0
21.0
25.0
32.0
8.0
70.0
257.0
107.0
67.0
85.0
54.0
39.0
84.0
144.0
48.0
26.0
56.0
162.0
165.0
109.0
80.0
126.0
48.0
66.0
1562.0
55.0
59.0
65.0
25.0
160.0
278.0
31.0
285.0
121.0
244.0
77.0
132.0
776.0
222.0
65.0
1200.0
129.0
115.0
67.0
86.0
118.0
19.0
254.0
200.0
499.0
1320.0
36.0
536.0
114.0
177.0
46.0
348.0
257.0
365.0
57.0
301.0
522.0
276.0
72.0
231.0
78.0
299.0
28.0
373.0
172.0
820.0
1283.0
554.0
341.0
1107.0
287.0
147.0
837.0
5236.0
5773.0
121.0
160.0
316.0
50.0
28.0
193.0
217.0
189.0
531.0
358.0
78.0
67.0
26.0
121.0
33.0
20.0
173.0
835.0
49.0
123.0
63.0
42.0
165.0
149.0
71.0
165.0
143.0
734.0
37.0
21.0
26.0
30.0
8.0
69.0
252.0
113.0
69.0
86.0
58.0
41.0
82.0
149.0
48.0
27.0
57.0
156.0
162.0
102.0
86.0
132.0
48.0
62.0
1540.0
55.0
54.0
71.0
25.0
157.0
289.0
33.0
269.0
124.0
252.0
79.0
137.0
814.0
207.0
65.0
1207.0
123.0
123.0
72.0
90.0
121.0
19.0
256.0
189.0
505.0
1346.0
34.0
538.0
117.0
183.0
45.0
349.0
252.0
375.0
58.0
317.0
511.0
285.0
72.0
235.0
80.0
273.0
29.0
372.0
173.0
763.0
1303.0
591.0
353.0
1195.0
276.0
145.0
812.0
5004.0
5760.0
127.0
170.0
304.0
50.0
28.0
191.0
215.0
187.0
519.0
342.0
78.0
64.0
25.0
116.0
31.0
20.0
165.0
850.0
52.0
122.0
66.0
42.0
153.0
152.0
74.0
163.0
143.0
739.0
36.0
19.0
25.0
30.0
8.0
74.0
266.0
111.0
68.0
83.0
58.0
40.0
81.0
150.0
47.0
25.0
54.0
164.0
172.0
109.0
81.0
127.0
44.0
64.0
1593.0
55.0
57.0
66.0
25.0
157.0
288.0
30.0
273.0
118.0
253.0
80.0
136.0
754.0
211.0
65.0
1240.0
127.0
124.0
66.0
92.0
115.0
19.0
258.0
189.0
158.0
186.0
132.0
164.0
474.0
141.0
156.0
137.0
149.0
166.0
150.0
174.0
131.0
131.0
137.0
149.0
139.0
155.0
444.0
147.0
174.0
172.0
148.0
137.0
175.0
157.0
173.0
459.0
145.0
159.0
149.0
146.0
164.0
154.0
158.0
149.0
137.0
150.0
158.0
148.0
133.0
136.0
146.0
145.0
131.0
451.0
161.0
131.0
389.0
150.0
170.0
166.0
175.0
142.0
134.0
140.0
158.0
167.0
416.0
174.0
144.0
168.0
165.0
155.0
130.0
176.0
158.0
151.0
162.0
156.0
175.0
170.0
174.0
144.0
147.0
161.0
396.0
169.0
159.0
147.0
147.0
156.0
147.0
166.0
134.0
157.0
481.0
130.0
387.0
177.0
436.0
468.0
445.0
387.0
477.0
387.0
449.0
409.0
374.0
156.0
148.0
149.0
169.0
168.0
160.0
167.0
155.0
163.0
194.0
194.0
153.0
170.0
494.0
162.0
147.0
172.0
137.0
167.0
169.0
175.0
153.0
163.0
159.0
136.0
173.0
173.0
484.0
166.0
133.0
153.0
135.0
175.0
172.0
140.0
144.0
388.0
161.0
159.0
134.0
137.0
163.0
162.0
147.0
149.0
138.0
143.0
150.0
133.0
157.0
150.0
147.0
148.0
136.0
384.0
158.0
152.0
485.0
148.0
143.0
135.0
155.0
135.0
161.0
135.0
155.0
130.0
427.0
136.0
143.0
175.0
152.0
167.0
153.0
146.0
138.0
135.0
170.0
131.0
164.0
134.0
157.0
141.0
130.0
160.0
439.0
130.0
137.0
160.0
162.0
170.0
158.0
170.0
136.0
152.0
461.0
133.0
413.0
143.0
428.0
425.0
441.0
433.0
483.0
411.0
455.0
433.0
431.0
158.0
166.0
146.0
171.0
139.0
134.0
157.0
160.0
153.0
159.0
195.0
168.0
144.0
414.0
168.0
166.0
133.0
170.0
169.0
148.0
135.0
140.0
152.0
152.0
148.0
160.0
142.0
487.0
145.0
141.0
161.0
170.0
162.0
160.0
174.0
132.0
439.0
167.0
134.0
174.0
167.0
177.0
145.0
171.0
152.0
158.0
160.0
130.0
164.0
156.0
174.0
163.0
122.0
161.0
432.0
158.0
166.0
408.0
163.0
148.0
135.0
141.0
139.0
151.0
172.0
133.0
144.0
369.0
175.0
138.0
137.0
176.0
150.0
146.0
156.0
152.0
130.0
134.0
135.0
173.0
139.0
134.0
162.0
146.0
168.0
374.0
147.0
141.0
172.0
157.0
160.0
151.0
172.0
141.0
145.0
418.0
173.0
437.0
144.0
393.0
370.0
441.0
413.0
367.0
417.0
397.0
465.0
441.0
139.0
134.0
173.0
148.0
172.0
141.0
154.0
140.0
168.0
196.0
178.0
167.0
171.0
387.0
157.0
163.0
176.0
132.0
147.0
167.0
138.0
163.0
160.0
160.0
137.0
141.0
141.0
492.0
147.0
171.0
145.0
138.0
142.0
136.0
135.0
167.0
456.0
167.0
131.0
141.0
160.0
172.0
148.0
171.0
140.0
132.0
142.0
138.0
149.0
175.0
145.0
153.0
129.0
132.0
420.0
175.0
161.0
388.0
154.0
149.0
133.0
144.0
131.0
133.0
173.0
136.0
170.0
484.0
156.0
158.0
154.0
158.0
156.0
151.0
145.0
145.0
147.0
132.0
145.0
142.0
150.0
158.0
154.0
128.0
138.0
387.0
165.0
159.0
156.0
153.0
173.0
158.0
177.0
164.0
171.0
371.0
172.0
426.0
162.0
365.0
490.0
431.0
417.0
391.0
388.0
425.0
434.0
380.0
140.0
138.0
160.0
174.0
134.0
133.0
175.0
149.0
144.0
197.0
155.0
165.0
176.0
376.0
152.0
158.0
169.0
150.0
145.0
176.0
148.0
132.0
142.0
169.0
155.0
156.0
173.0
393.0
136.0
173.0
132.0
158.0
158.0
154.0
176.0
159.0
457.0
177.0
132.0
149.0
154.0
163.0
172.0
143.0
167.0
177.0
139.0
138.0
176.0
167.0
132.0
160.0
142.0
137.0
469.0
161.0
153.0
473.0
153.0
134.0
146.0
166.0
130.0
145.0
174.0
142.0
155.0
402.0
152.0
152.0
173.0
145.0
176.0
169.0
143.0
172.0
131.0
137.0
159.0
176.0
140.0
147.0
148.0
149.0
171.0
456.0
158.0
145.0
141.0
159.0
148.0
155.0
169.0
130.0
146.0
385.0
161.0
469.0
146.0
432.0
483.0
379.0
385.0
383.0
457.0
400.0
404.0
388.0
154.0
160.0
137.0
150.0
131.0
170.0
168.0
169.0
167.0
158.0
185.0
143.0
172.0
409.0
136.0
161.0
133.0
166.0
140.0
149.0
166.0
164.0
177.0
152.0
151.0
140.0
140.0
368.0
143.0
148.0
162.0
156.0
144.0
157.0
170.0
169.0
403.0
140.0
155.0
151.0
140.0
149.0
170.0
158.0
166.0
165.0
139.0
175.0
160.0
138.0
159.0
160.0
127.0
168.0
363.0
173.0
173.0
436.0
175.0
141.0
137.0
162.0
137.0
143.0
143.0
138.0
166.0
417.0
168.0
160.0
131.0
131.0
131.0
141.0
140.0
175.0
175.0
163.0
146.0
144.0
159.0
157.0
170.0
150.0
144.0
379.0
149.0
145.0
138.0
160.0
141.0
138.0
149.0
130.0
139.0
442.0
163.0
475.0
157.0
401.0
454.0
435.0
439.0
365.0
475.0
482.0
450.0
469.0
169.0
151.0
146.0
132.0
142.0
149.0
131.0
167.0
149.0
154.0
170.0
171.0
152.0
440.0
147.0
154.0
135.0
152.0
151.0
164.0
161.0
137.0
131.0
157.0
132.0
163.0
165.0
370.0
155.0
149.0
176.0
141.0
157.0
154.0
145.0
176.0
414.0
148.0
165.0
137.0
148.0
139.0
150.0
151.0
137.0
141.0
163.0
133.0
176.0
154.0
140.0
167.0
137.0
171.0
440.0
146.0
151.0
393.0
174.0
131.0
166.0
150.0
141.0
137.0
166.0
167.0
151.0
414.0
133.0
146.0
150.0
152.0
134.0
161.0
153.0
163.0
135.0
139.0
137.0
131.0
166.0
175.0
136.0
113.0
133.0
364.0
171.0
164.0
152.0
157.0
174.0
136.0
153.0
151.0
144.0
387.0
168.0
427.0
148.0
382.0
494.0
424.0
365.0
469.0
383.0
471.0
488.0
374.0
142.0
167.0
163.0
168.0
174.0
130.0
156.0
161.0
171.0
199.0
165.0
171.0
139.0
443.0
152.0
169.0
155.0
162.0
149.0
168.0
157.0
144.0
170.0
160.0
137.0
137.0
149.0
455.0
155.0
154.0
150.0
171.0
139.0
135.0
175.0
137.0
379.0
142.0
136.0
131.0
174.0
175.0
142.0
132.0
167.0
159.0
162.0
174.0
134.0
138.0
162.0
145.0
145.0
144.0
373.0
171.0
141.0
387.0
131.0
146.0
177.0
130.0
141.0
139.0
158.0
138.0
161.0
387.0
161.0
169.0
148.0
156.0
162.0
143.0
145.0
158.0
177.0
148.0
162.0
161.0
143.0
168.0
159.0
149.0
169.0
374.0
152.0
152.0
144.0
160.0
145.0
156.0
161.0
133.0
173.0
369.0
173.0
462.0
141.0
419.0
381.0
396.0
390.0
471.0
445.0
376.0
375.0
373.0
164.0
137.0
134.0
158.0
161.0
145.0
163.0
163.0
172.0
192.0
155.0
165.0
136.0
492.0
145.0
168.0
156.0
174.0
167.0
147.0
162.0
157.0
147.0
167.0
173.0
159.0
147.0
442.0
168.0
134.0
135.0
137.0
153.0
162.0
156.0
165.0
460.0
149.0
171.0
162.0
168.0
166.0
177.0
161.0
176.0
136.0
138.0
144.0
135.0
151.0
153.0
132.0
122.0
141.0
414.0
162.0
159.0
438.0
133.0
170.0
151.0
146.0
142.0
164.0
131.0
146.0
143.0
441.0
156.0
160.0
134.0
171.0
153.0
150.0
137.0
173.0
171.0
148.0
163.0
171.0
164.0
175.0
150.0
149.0
142.0
408.0
176.0
174.0
167.0
144.0
154.0
166.0
147.0
151.0
147.0
491.0
167.0
366.0
159.0
383.0
384.0
438.0
472.0
393.0
415.0
425.0
452.0
494.0
146.0
158.0
168.0
141.0
143.0
150.0
151.0
171.0
134.0
176.0
183.0
175.0
142.0
448.0
146.0
169.0
160.0
151.0
160.0
144.0
152.0
143.0
152.0
174.0
140.0
166.0
161.0
469.0
137.0
142.0
149.0
136.0
170.0
132.0
138.0
168.0
451.0
153.0
141.0
168.0
153.0
134.0
175.0
161.0
168.0
133.0
143.0
167.0
176.0
174.0
144.0
150.0
133.0
144.0
487.0
177.0
150.0
471.0
164.0
162.0
134.0
171.0
154.0
147.0
144.0
157.0
162.0
478.0
146.0
149.0
174.0
164.0
132.0
172.0
168.0
157.0
160.0
162.0
157.0
167.0
149.0
130.0
133.0
129.0
166.0
492.0
169.0
177.0
137.0
147.0
144.0
133.0
160.0
177.0
175.0
444.0
160.0
446.0
176.0
432.0
468.0
386.0
445.0
456.0
464.0
436.0
386.0
465.0
171.0
146.0
156.0
142.0
162.0
149.0
160.0
163.0
170.0
200.0
161.0
140.0
173.0
384.0
147.0
140.0
131.0
135.0
135.0
161.0
148.0
140.0
132.0
166.0
139.0
153.0
171.0
492.0
158.0
171.0
131.0
132.0
139.0
160.0
138.0
134.0
481.0
151.0
147.0
136.0
165.0
144.0
162.0
158.0
175.0
132.0
133.0
160.0
165.0
151.0
137.0
140.0
114.0
175.0
445.0
154.0
168.0
469.0
141.0
175.0
171.0
167.0
169.0
168.0
143.0
172.0
158.0
433.0
176.0
135.0
157.0
173.0
148.0
149.0
150.0
165.0
161.0
132.0
141.0
174.0
130.0
175.0
166.0
148.0
170.0
388.0
170.0
159.0
156.0
148.0
173.0
139.0
131.0
147.0
176.0
387.0
145.0
397.0
156.0
410.0
389.0
367.0
406.0
466.0
379.0
371.0
398.0
494.0
143.0
148.0
131.0
131.0
151.0
151.0
154.0
144.0
133.0
202.0
195.0
174.0
158.0
400.0
133.0
156.0
172.0
175.0
151.0
132.0
161.0
164.0
135.0
167.0
167.0
158.0
166.0
490.0
144.0
132.0
150.0
150.0
141.0
150.0
147.0
176.0
423.0
158.0
151.0
133.0
162.0
169.0
169.0
143.0
169.0
151.0
157.0
134.0
151.0
133.0
141.0
130.0
120.0
134.0
494.0
156.0
146.0
478.0
166.0
138.0
164.0
174.0
175.0
172.0
169.0
171.0
151.0
393.0
171.0
173.0
162.0
169.0
171.0
150.0
148.0
154.0
149.0
162.0
147.0
140.0
140.0
154.0
175.0
132.0
133.0
376.0
141.0
177.0
154.0
166.0
147.0
162.0
143.0
143.0
148.0
368.0
164.0
448.0
148.0
424.0
416.0
471.0
466.0
402.0
432.0
363.0
408.0
446.0
141.0
164.0
136.0
159.0
169.0
148.0
144.0
167.0
176.0
175.0
189.0
175.0
146.0
482.0
148.0
148.0
146.0
154.0
137.0
148.0
151.0
131.0
160.0
165.0
141.0
163.0
153.0
398.0
169.0
159.0
158.0
161.0
160.0
140.0
162.0
145.0
436.0
134.0
158.0
176.0
174.0
158.0
152.0
175.0
176.0
169.0
175.0
166.0
151.0
132.0
135.0
144.0
148.0
157.0
438.0
153.0
155.0
481.0
132.0
163.0
164.0
139.0
157.0
166.0
165.0
170.0
160.0
470.0
172.0
150.0
150.0
132.0
161.0
143.0
162.0
134.0
134.0
173.0
176.0
174.0
166.0
143.0
141.0
113.0
175.0
400.0
130.0
156.0
174.0
165.0
174.0
162.0
154.0
157.0
167.0
406.0
132.0
397.0
170.0
487.0
491.0
433.0
493.0
487.0
376.0
370.0
465.0
393.0
151.0
148.0
162.0
165.0
156.0
160.0
173.0
169.0
176.0
180.0
194.0
138.0
138.0
446.0
140.0
153.0
145.0
152.0
148.0
171.0
132.0
138.0
176.0
130.0
140.0
131.0
167.0
433.0
134.0
157.0
134.0
171.0
152.0
153.0
139.0
162.0
469.0
159.0
162.0
168.0
145.0
133.0
135.0
136.0
153.0
177.0
139.0
160.0
162.0
156.0
158.0
136.0
136.0
145.0
494.0
167.0
168.0
482.0
133.0
162.0
165.0
156.0
154.0
142.0
162.0
146.0
133.0
368.0
165.0
167.0
160.0
138.0
170.0
141.0
149.0
159.0
142.0
147.0
172.0
173.0
133.0
152.0
147.0
119.0
159.0
446.0
166.0
159.0
141.0
164.0
149.0
142.0
132.0
171.0
169.0
419.0
145.0
375.0
166.0
474.0
402.0
472.0
494.0
379.0
435.0
463.0
436.0
419.0
154.0
149.0
157.0
145.0
146.0
170.0
169.0
145.0
153.0
157.0
182.0
145.0
166.0
425.0
139.0
138.0
150.0
154.0
150.0
140.0
169.0
173.0
140.0
175.0
164.0
158.0
161.0
480.0
174.0
175.0
157.0
172.0
148.0
174.0
146.0
143.0
413.0
149.0
171.0
138.0
163.0
171.0
152.0
145.0
136.0
166.0
137.0
151.0
140.0
159.0
165.0
142.0
128.0
131.0
409.0
131.0
133.0
374.0
164.0
168.0
164.0
162.0
134.0
173.0
167.0
176.0
158.0
423.0
158.0
172.0
157.0
164.0
142.0
147.0
138.0
159.0
170.0
164.0
176.0
139.0
137.0
156.0
166.0
116.0
154.0
458.0
160.0
159.0
163.0
156.0
176.0
147.0
140.0
148.0
173.0
373.0
167.0
461.0
156.0
490.0
419.0
382.0
484.0
406.0
401.0
382.0
402.0
481.0
175.0
136.0
165.0
159.0
133.0
174.0
159.0
137.0
150.0
175.0
185.0
138.0
174.0
425.0
151.0
137.0
176.0
137.0
155.0
157.0
141.0
164.0
172.0
144.0
170.0
137.0
136.0
466.0
158.0
135.0
174.0
152.0
148.0
147.0
152.0
138.0
397.0
159.0
133.0
166.0
167.0
161.0
145.0
133.0
150.0
158.0
177.0
176.0
142.0
162.0
163.0
143.0
123.0
162.0
379.0
148.0
130.0
372.0
145.0
145.0
136.0
148.0
143.0
147.0
158.0
153.0
164.0
427.0
133.0
166.0
135.0
140.0
133.0
139.0
134.0
160.0
166.0
176.0
167.0
170.0
157.0
149.0
170.0
145.0
172.0
455.0
143.0
161.0
160.0
140.0
130.0
159.0
156.0
151.0
134.0
407.0
131.0
400.0
131.0
415.0
425.0
481.0
416.0
468.0
385.0
491.0
465.0
388.0
134.0
131.0
167.0
130.0
139.0
151.0
167.0
155.0
147.0
163.0
170.0
131.0
162.0
386.0
158.0
172.0
165.0
135.0
140.0
173.0
163.0
141.0
155.0
131.0
154.0
170.0
170.0
471.0
173.0
138.0
152.0
135.0
150.0
153.0
148.0
130.0
465.0
163.0
133.0
158.0
174.0
175.0
166.0
174.0
164.0
165.0
175.0
171.0
148.0
160.0
139.0
147.0
141.0
159.0
414.0
167.0
173.0
481.0
138.0
160.0
159.0
142.0
175.0
166.0
150.0
155.0
171.0
452.0
165.0
167.0
160.0
174.0
138.0
140.0
135.0
149.0
160.0
132.0
174.0
173.0
148.0
158.0
163.0
147.0
168.0
424.0
150.0
151.0
156.0
162.0
147.0
162.0
155.0
130.0
143.0
448.0
166.0
466.0
176.0
390.0
490.0
387.0
405.0
410.0
452.0
442.0
428.0
370.0
131.0
153.0
174.0
174.0
158.0
134.0
136.0
149.0
167.0
190.0
186.0
134.0
133.0
409.0
142.0
154.0
154.0
152.0
144.0
148.0
163.0
142.0
147.0
137.0
138.0
140.0
146.0
432.0
151.0
141.0
134.0
136.0
169.0
170.0
147.0
150.0
376.0
161.0
136.0
168.0
140.0
177.0
156.0
140.0
143.0
154.0
132.0
168.0
150.0
136.0
135.0
163.0
138.0
155.0
398.0
151.0
157.0
366.0
171.0
130.0
156.0
165.0
167.0
154.0
164.0
143.0
139.0
451.0
176.0
148.0
134.0
173.0
169.0
131.0
136.0
165.0
170.0
144.0
172.0
152.0
164.0
170.0
164.0
134.0
161.0
454.0
172.0
153.0
146.0
164.0
156.0
146.0
157.0
142.0
155.0
471.0
169.0
410.0
155.0
434.0
450.0
475.0
454.0
422.0
377.0
408.0
482.0
369.0
161.0
148.0
143.0
155.0
131.0
172.0
152.0
134.0
176.0
172.0
156.0
136.0
136.0
407.0
132.0
177.0
138.0
154.0
135.0
147.0
136.0
133.0
135.0
162.0
157.0
141.0
152.0
379.0
167.0
150.0
165.0
176.0
154.0
131.0
166.0
145.0
435.0
130.0
159.0
161.0
157.0
165.0
161.0
164.0
160.0
169.0
156.0
151.0
158.0
168.0
148.0
139.0
111.0
172.0
477.0
152.0
159.0
403.0
146.0
162.0
150.0
165.0
143.0
171.0
154.0
135.0
145.0
419.0
164.0
150.0
171.0
175.0
160.0
163.0
139.0
136.0
139.0
138.0
145.0
140.0
140.0
133.0
135.0
119.0
167.0
471.0
148.0
135.0
163.0
153.0
132.0
171.0
172.0
169.0
156.0
454.0
163.0
381.0
176.0
460.0
456.0
480.0
477.0
484.0
387.0
456.0
408.0
467.0
135.0
149.0
141.0
171.0
136.0
173.0
142.0
130.0
145.0
174.0
182.0
157.0
142.0
474.0
169.0
157.0
175.0
138.0
148.0
172.0
155.0
143.0
145.0
152.0
172.0
163.0
167.0
475.0
154.0
175.0
153.0
164.0
150.0
158.0
142.0
133.0
436.0
160.0
159.0
138.0
150.0
162.0
172.0
165.0
171.0
137.0
169.0
165.0
165.0
149.0
132.0
158.0
130.0
151.0
367.0
138.0
149.0
462.0
169.0
150.0
168.0
144.0
140.0
157.0
143.0
171.0
132.0
445.0
153.0
139.0
149.0
133.0
154.0
147.0
148.0
146.0
162.0
174.0
163.0
150.0
146.0
142.0
165.0
133.0
147.0
398.0
149.0
170.0
166.0
156.0
163.0
162.0
156.0
149.0
172.0
446.0
155.0
437.0
152.0
425.0
382.0
413.0
444.0
365.0
493.0
467.0
462.0
364.0
175.0
149.0
136.0
173.0
141.0
157.0
135.0
136.0
140.0
159.0
200.0
172.0
143.0
392.0
144.0
137.0
139.0
160.0
134.0
171.0
143.0
133.0
134.0
165.0
157.0
164.0
166.0
395.0
175.0
174.0
132.0
146.0
162.0
161.0
145.0
161.0
493.0
148.0
166.0
152.0
152.0
139.0
156.0
136.0
159.0
159.0
132.0
165.0
160.0
140.0
144.0
177.0
126.0
132.0
462.0
168.0
135.0
439.0
141.0
177.0
157.0
151.0
143.0
174.0
130.0
156.0
157.0
408.0
158.0
173.0
171.0
151.0
166.0
155.0
168.0
174.0
148.0
142.0
158.0
174.0
162.0
139.0
144.0
129.0
170.0
405.0
133.0
142.0
176.0
136.0
174.0
152.0
166.0
166.0
170.0
405.0
170.0
471.0
168.0
482.0
384.0
446.0
450.0
447.0
395.0
493.0
455.0
384.0
159.0
149.0
142.0
161.0
163.0
153.0
164.0
148.0
164.0
206.0
205.0
176.0
164.0
425.0
166.0
173.0
155.0
131.0
134.0
136.0
147.0
133.0
133.0
158.0
146.0
142.0
173.0
425.0
143.0
146.0
159.0
140.0
143.0
135.0
155.0
152.0
369.0
173.0
162.0
172.0
141.0
148.0
140.0
137.0
170.0
157.0
138.0
162.0
164.0
138.0
169.0
133.0
132.0
168.0
372.0
175.0
174.0
469.0
156.0
139.0
173.0
145.0
162.0
133.0
171.0
141.0
163.0
423.0
162.0
139.0
139.0
168.0
157.0
140.0
132.0
146.0
145.0
146.0
163.0
139.0
147.0
174.0
174.0
148.0
158.0
433.0
166.0
174.0
147.0
159.0
135.0
171.0
147.0
155.0
151.0
410.0
173.0
423.0
145.0
408.0
444.0
370.0
456.0
478.0
403.0
430.0
426.0
422.0
132.0
163.0
151.0
176.0
145.0
176.0
167.0
156.0
167.0
190.0
197.0
169.0
140.0
416.0
147.0
154.0
160.0
161.0
142.0
145.0
152.0
144.0
166.0
154.0
154.0
139.0
165.0
457.0
174.0
159.0
133.0
167.0
151.0
155.0
162.0
165.0
465.0
165.0
171.0
134.0
158.0
164.0
138.0
146.0
168.0
142.0
165.0
132.0
175.0
145.0
173.0
172.0
141.0
140.0
461.0
177.0
140.0
410.0
144.0
173.0
152.0
148.0
145.0
136.0
130.0
165.0
144.0
414.0
166.0
161.0
141.0
169.0
154.0
137.0
156.0
161.0
163.0
161.0
173.0
143.0
149.0
141.0
134.0
139.0
150.0
440.0
168.0
157.0
138.0
144.0
153.0
176.0
171.0
177.0
141.0
452.0
165.0
406.0
153.0
369.0
453.0
369.0
380.0
393.0
421.0
435.0
368.0
420.0
140.0
158.0
148.0
135.0
149.0
138.0
177.0
133.0
155.0
192.0
207.0
164.0
137.0
482.0
176.0
150.0
163.0
138.0
170.0
138.0
169.0
148.0
132.0
134.0
173.0
141.0
150.0
372.0
144.0
157.0
156.0
168.0
175.0
153.0
171.0
148.0
385.0
133.0
166.0
139.0
163.0
174.0
138.0
165.0
159.0
137.0
157.0
171.0
156.0
134.0
167.0
171.0
112.0
136.0
376.0
138.0
139.0
437.0
140.0
149.0
154.0
132.0
151.0
154.0
149.0
144.0
176.0
363.0
149.0
173.0
135.0
177.0
163.0
156.0
165.0
164.0
144.0
139.0
165.0
171.0
158.0
153.0
166.0
135.0
141.0
483.0
156.0
143.0
146.0
147.0
144.0
158.0
156.0
175.0
174.0
471.0
146.0
435.0
162.0
488.0
454.0
485.0
464.0
395.0
387.0
364.0
379.0
435.0
168.0
147.0
138.0
136.0
138.0
161.0
135.0
163.0
136.0
169.0
189.0
164.0
159.0
373.0
168.0
147.0
152.0
152.0
164.0
158.0
153.0
143.0
170.0
145.0
134.0
155.0
134.0
438.0
176.0
165.0
139.0
131.0
130.0
137.0
140.0
153.0
399.0
151.0
146.0
144.0
157.0
133.0
152.0
140.0
147.0
141.0
157.0
168.0
148.0
176.0
154.0
147.0
112.0
139.0
464.0
147.0
161.0
413.0
155.0
154.0
166.0
147.0
176.0
168.0
163.0
147.0
154.0
486.0
132.0
147.0
161.0
132.0
139.0
142.0
151.0
170.0
151.0
152.0
170.0
151.0
137.0
136.0
154.0
125.0
177.0
440.0
161.0
152.0
174.0
148.0
138.0
154.0
156.0
157.0
177.0
433.0
135.0
369.0
153.0
442.0
420.0
436.0
429.0
405.0
477.0
385.0
495.0
390.0
173.0
160.0
162.0
142.0
163.0
172.0
176.0
147.0
130.0
178.0
169.0
141.0
158.0
463.0
146.0
176.0
140.0
144.0
176.0
166.0
146.0
156.0
171.0
171.0
156.0
171.0
132.0
392.0
146.0
150.0
174.0
143.0
147.0
164.0
154.0
161.0
458.0
156.0
165.0
134.0
161.0
155.0
150.0
155.0
170.0
133.0
132.0
145.0
133.0
162.0
142.0
132.0
152.0
158.0
393.0
146.0
147.0
474.0
166.0
158.0
163.0
130.0
134.0
159.0
161.0
176.0
165.0
441.0
136.0
163.0
166.0
172.0
135.0
139.0
146.0
150.0
177.0
138.0
153.0
174.0
144.0
132.0
148.0
152.0
162.0
393.0
155.0
174.0
135.0
167.0
174.0
133.0
174.0
143.0
166.0
399.0
143.0
479.0
138.0
436.0
442.0
413.0
447.0
483.0
445.0
446.0
426.0
413.0
131.0
150.0
165.0
144.0
160.0
132.0
157.0
140.0
154.0
202.0
187.0
170.0
172.0
465.0
140.0
134.0
148.0
175.0
145.0
171.0
177.0
140.0
160.0
158.0
135.0
130.0
136.0
385.0
130.0
169.0
169.0
133.0
136.0
154.0
136.0
175.0
459.0
159.0
148.0
151.0
164.0
155.0
169.0
159.0
140.0
163.0
135.0
173.0
148.0
143.0
163.0
161.0
123.0
134.0
424.0
146.0
151.0
420.0
163.0
154.0
144.0
158.0
157.0
160.0
138.0
159.0
167.0
440.0
168.0
131.0
133.0
155.0
134.0
151.0
150.0
137.0
151.0
143.0
156.0
164.0
166.0
171.0
174.0
130.0
175.0
484.0
130.0
136.0
166.0
132.0
134.0
161.0
137.0
158.0
154.0
430.0
142.0
417.0
144.0
491.0
378.0
479.0
390.0
426.0
431.0
434.0
386.0
466.0
152.0
136.0
151.0
157.0
145.0
174.0
164.0
168.0
160.0
183.0
165.0
171.0
137.0
451.0
165.0
142.0
152.0
147.0
165.0
159.0
143.0
133.0
133.0
135.0
155.0
141.0
141.0
419.0
157.0
137.0
172.0
141.0
132.0
166.0
136.0
152.0
414.0
137.0
171.0
173.0
144.0
141.0
138.0
141.0
133.0
164.0
151.0
174.0
169.0
148.0
131.0
145.0
129.0
145.0
363.0
138.0
132.0
432.0
177.0
166.0
132.0
141.0
175.0
165.0
154.0
158.0
176.0
410.0
150.0
167.0
174.0
162.0
169.0
159.0
155.0
157.0
175.0
138.0
169.0
143.0
138.0
134.0
150.0
130.0
165.0
424.0
173.0
157.0
144.0
162.0
138.0
135.0
149.0
144.0
170.0
493.0
139.0
371.0
170.0
393.0
419.0
456.0
452.0
470.0
429.0
480.0
385.0
365.0
163.0
158.0
170.0
169.0
137.0
170.0
169.0
147.0
160.0
176.0
161.0
132.0
134.0
375.0
173.0
148.0
148.0
153.0
162.0
141.0
132.0
156.0
165.0
133.0
157.0
148.0
160.0
464.0
156.0
162.0
161.0
153.0
142.0
140.0
147.0
143.0
472.0
135.0
149.0
175.0
149.0
166.0
133.0
157.0
175.0
163.0
147.0
165.0
153.0
158.0
161.0
142.0
115.0
154.0
391.0
175.0
161.0
493.0
159.0
169.0
162.0
140.0
168.0
165.0
134.0
172.0
162.0
404.0
133.0
145.0
142.0
163.0
165.0
164.0
156.0
151.0
162.0
175.0
134.0
165.0
155.0
133.0
168.0
130.0
173.0
419.0
175.0
130.0
165.0
145.0
143.0
135.0
161.0
140.0
138.0
407.0
165.0
388.0
130.0
460.0
382.0
365.0
470.0
454.0
415.0
394.0
448.0
416.0
169.0
175.0
167.0
143.0
140.0
135.0
141.0
168.0
147.0
201.0
172.0
156.0
155.0
488.0
158.0
159.0
164.0
134.0
159.0
165.0
150.0
150.0
135.0
154.0
144.0
170.0
152.0
450.0
154.0
176.0
175.0
153.0
142.0
145.0
160.0
161.0
438.0
160.0
172.0
176.0
175.0
158.0
174.0
176.0
132.0
138.0
152.0
144.0
140.0
169.0
168.0
148.0
129.0
160.0
456.0
166.0
138.0
441.0
134.0
130.0
144.0
147.0
141.0
141.0
163.0
150.0
174.0
443.0
156.0
147.0
176.0
145.0
147.0
149.0
176.0
173.0
134.0
134.0
139.0
176.0
135.0
132.0
168.0
134.0
163.0
457.0
135.0
167.0
150.0
139.0
154.0
169.0
155.0
162.0
176.0
440.0
140.0
396.0
158.0
403.0
434.0
467.0
431.0
479.0
374.0
415.0
369.0
394.0
166.0
158.0
131.0
154.0
154.0
136.0
155.0
156.0
152.0
169.0
192.0
137.0
142.0
470.0
135.0
174.0
132.0
175.0
169.0
130.0
168.0
153.0
164.0
150.0
173.0
142.0
172.0
422.0
172.0
168.0
151.0
177.0
131.0
150.0
161.0
164.0
381.0
137.0
147.0
164.0
160.0
173.0
153.0
160.0
171.0
169.0
143.0
176.0
145.0
137.0
140.0
152.0
146.0
159.0
373.0
139.0
154.0
491.0
145.0
158.0
146.0
138.0
168.0
157.0
142.0
140.0
170.0
424.0
176.0
174.0
158.0
148.0
148.0
176.0
157.0
148.0
134.0
173.0
131.0
145.0
176.0
133.0
168.0
132.0
167.0
471.0
159.0
147.0
141.0
133.0
152.0
164.0
147.0
141.0
161.0
449.0
163.0
427.0
171.0
454.0
457.0
372.0
363.0
492.0
454.0
471.0
467.0
465.0
169.0
175.0
152.0
139.0
144.0
153.0
136.0
140.0
151.0
160.0
157.0
142.0
156.0
437.0
174.0
132.0
167.0
137.0
169.0
142.0
133.0
164.0
134.0
150.0
144.0
131.0
149.0
366.0
171.0
163.0
136.0
159.0
161.0
143.0
148.0
162.0
469.0
133.0
177.0
143.0
166.0
149.0
153.0
170.0
130.0
153.0
168.0
161.0
168.0
146.0
137.0
168.0
114.0
146.0
419.0
169.0
152.0
371.0
136.0
138.0
135.0
172.0
146.0
133.0
146.0
152.0
163.0
464.0
165.0
154.0
135.0
135.0
139.0
148.0
161.0
165.0
166.0
169.0
135.0
155.0
157.0
158.0
168.0
114.0
170.0
471.0
177.0
141.0
144.0
146.0
159.0
142.0
175.0
159.0
152.0
456.0
145.0
435.0
134.0
406.0
444.0
432.0
441.0
458.0
403.0
446.0
459.0
394.0
138.0
159.0
152.0
160.0
165.0
138.0
132.0
145.0
163.0
185.0
183.0
136.0
165.0
489.0
173.0
142.0
172.0
140.0
145.0
157.0
143.0
175.0
149.0
141.0
167.0
170.0
152.0
475.0
142.0
164.0
166.0
145.0
141.0
174.0
155.0
170.0
485.0
163.0
157.0
141.0
148.0
141.0
131.0
142.0
133.0
173.0
137.0
151.0
171.0
131.0
131.0
138.0
139.0
157.0
410.0
144.0
172.0
409.0
142.0
177.0
149.0
137.0
139.0
164.0
140.0
175.0
158.0
369.0
144.0
145.0
135.0
133.0
170.0
146.0
136.0
158.0
155.0
139.0
140.0
145.0
168.0
155.0
159.0
133.0
144.0
464.0
172.0
147.0
153.0
174.0
151.0
148.0
165.0
150.0
148.0
490.0
133.0
490.0
131.0
384.0
380.0
444.0
363.0
434.0
443.0
456.0
469.0
420.0
169.0
168.0
136.0
160.0
137.0
147.0
153.0
140.0
164.0
175.0
197.0
146.0
154.0
456.0
132.0
133.0
155.0
131.0
139.0
147.0
134.0
148.0
172.0
137.0
140.0
166.0
161.0
488.0
148.0
141.0
166.0
146.0
158.0
167.0
162.0
154.0
410.0
142.0
176.0
147.0
174.0
173.0
143.0
139.0
168.0
173.0
137.0
175.0
164.0
155.0
152.0
133.0
127.0
171.0
415.0
134.0
156.0
423.0
136.0
139.0
156.0
131.0
133.0
143.0
130.0
141.0
172.0
417.0
155.0
140.0
170.0
163.0
165.0
144.0
147.0
131.0
163.0
131.0
150.0
166.0
156.0
158.0
157.0
116.0
145.0
390.0
155.0
137.0
166.0
130.0
160.0
168.0
167.0
149.0
161.0
431.0
144.0
409.0
158.0
385.0
471.0
421.0
480.0
449.0
425.0
385.0
437.0
365.0
154.0
165.0
161.0
136.0
137.0
175.0
174.0
148.0
142.0
180.0
181.0
162.0
160.0
404.0
134.0
175.0
151.0
176.0
167.0
168.0
143.0
151.0
177.0
131.0
132.0
148.0
148.0
394.0
146.0
166.0
146.0
157.0
134.0
131.0
143.0
161.0
476.0
156.0
158.0
165.0
172.0
135.0
145.0
140.0
165.0
175.0
158.0
154.0
140.0
157.0
163.0
145.0
145.0
132.0
372.0
163.0
140.0
465.0
161.0
139.0
134.0
176.0
159.0
144.0
145.0
137.0
173.0
471.0
176.0
151.0
162.0
130.0
171.0
161.0
143.0
151.0
171.0
140.0
133.0
132.0
157.0
148.0
132.0
138.0
151.0
472.0
142.0
147.0
131.0
163.0
161.0
131.0
151.0
151.0
147.0
367.0
163.0
454.0
173.0
382.0
389.0
488.0
367.0
491.0
404.0
385.0
432.0
413.0
159.0
132.0
162.0
172.0
149.0
174.0
152.0
177.0
173.0
190.0
201.0
162.0
147.0
442.0
149.0
175.0
164.0
154.0
136.0
170.0
169.0
159.0
169.0
138.0
136.0
157.0
159.0
421.0
146.0
177.0
159.0
143.0
170.0
138.0
149.0
138.0
419.0
135.0
136.0
176.0
157.0
167.0
163.0
172.0
175.0
142.0
156.0
131.0
144.0
142.0
153.0
136.0
150.0
143.0
367.0
151.0
169.0
383.0
136.0
144.0
158.0
172.0
177.0
162.0
146.0
135.0
159.0
471.0
167.0
141.0
139.0
171.0
134.0
158.0
155.0
166.0
167.0
173.0
175.0
134.0
139.0
160.0
161.0
136.0
153.0
420.0
138.0
161.0
149.0
166.0
156.0
154.0
168.0
133.0
155.0
429.0
140.0
383.0
155.0
440.0
440.0
365.0
422.0
428.0
478.0
480.0
443.0
454.0
162.0
141.0
139.0
169.0
154.0
146.0
131.0
147.0
158.0
170.0
195.0
157.0
150.0
479.0
159.0
137.0
143.0
138.0
135.0
131.0
154.0
152.0
167.0
135.0
148.0
163.0
166.0
404.0
157.0
166.0
143.0
163.0
168.0
147.0
131.0
171.0
374.0
176.0
159.0
170.0
161.0
160.0
162.0
135.0
158.0
143.0
147.0
151.0
150.0
146.0
133.0
173.0
140.0
134.0
490.0
176.0
166.0
363.0
159.0
152.0
166.0
164.0
151.0
153.0
141.0
176.0
131.0
458.0
174.0
177.0
163.0
176.0
169.0
160.0
163.0
146.0
136.0
137.0
163.0
168.0
148.0
142.0
167.0
123.0
141.0
486.0
136.0
159.0
171.0
137.0
163.0
165.0
142.0
163.0
135.0
421.0
153.0
396.0
132.0
474.0
472.0
469.0
398.0
372.0
436.0
371.0
493.0
440.0
150.0
138.0
170.0
170.0
148.0
138.0
141.0
164.0
133.0
200.0
171.0
155.0
170.0
493.0
149.0
164.0
171.0
131.0
174.0
160.0
176.0
176.0
166.0
162.0
168.0
165.0
157.0
489.0
137.0
144.0
165.0
148.0
153.0
149.0
131.0
149.0
423.0
172.0
152.0
143.0
139.0
164.0
139.0
137.0
155.0
172.0
143.0
161.0
164.0
155.0
164.0
175.0
138.0
154.0
397.0
162.0
162.0
385.0
163.0
176.0
144.0
143.0
159.0
154.0
157.0
149.0
168.0
448.0
169.0
170.0
138.0
156.0
139.0
146.0
148.0
175.0
169.0
173.0
164.0
161.0
177.0
157.0
177.0
114.0
152.0
478.0
152.0
146.0
161.0
148.0
133.0
131.0
156.0
161.0
144.0
376.0
157.0
402.0
166.0
491.0
435.0
381.0
385.0
455.0
456.0
437.0
385.0
431.0
145.0
165.0
146.0
158.0
143.0
176.0
154.0
150.0
173.0
193.0
193.0
141.0
164.0
466.0
173.0
155.0
173.0
163.0
131.0
157.0
161.0
164.0
176.0
138.0
175.0
154.0
130.0
424.0
131.0
145.0
174.0
151.0
168.0
165.0
161.0
140.0
387.0
141.0
168.0
146.0
156.0
152.0
149.0
132.0
146.0
169.0
174.0
160.0
145.0
147.0
136.0
165.0
144.0
174.0
435.0
147.0
140.0
425.0
150.0
140.0
158.0
159.0
167.0
155.0
168.0
132.0
152.0
380.0
172.0
146.0
162.0
133.0
157.0
138.0
143.0
157.0
170.0
134.0
164.0
177.0
141.0
150.0
158.0
144.0
142.0
461.0
136.0
135.0
174.0
141.0
174.0
176.0
156.0
157.0
174.0
454.0
133.0
429.0
153.0
478.0
444.0
494.0
467.0
453.0
404.0
457.0
390.0
468.0
132.0
143.0
145.0
130.0
137.0
145.0
153.0
148.0
135.0
190.0
179.0
147.0
156.0
468.0
145.0
150.0
142.0
154.0
149.0
131.0
138.0
164.0
170.0
173.0
141.0
154.0
135.0
398.0
166.0
164.0
155.0
172.0
165.0
141.0
166.0
166.0
374.0
148.0
159.0
154.0
171.0
172.0
176.0
155.0
176.0
175.0
138.0
176.0
170.0
171.0
150.0
170.0
152.0
138.0
447.0
163.0
164.0
481.0
155.0
171.0
136.0
162.0
165.0
144.0
142.0
134.0
161.0
376.0
137.0
163.0
176.0
168.0
171.0
143.0
137.0
156.0
135.0
148.0
151.0
169.0
164.0
146.0
131.0
142.0
143.0
383.0
149.0
161.0
164.0
174.0
148.0
154.0
146.0
173.0
172.0
447.0
176.0
378.0
158.0
441.0
375.0
400.0
401.0
407.0
489.0
422.0
393.0
474.0
144.0
157.0
176.0
171.0
133.0
171.0
155.0
157.0
136.0
