I_BRKGA_52_2_30_11_CESP
52 2 30 494.0
33610.5
35038.5
34569.5
32892.5
31644.5
33875.5
29672.5
31509.5
34513.5
34055.5
30528.5
33438.5
34882.5
34309.5
30337.5
34606.5
31735.5
33794.5
31795.5
32758.5
35163.5
33473.5
31822.5
34830.5
34679.5
31673.5
30709.5
30930.5
32556.5
33695.5
0.036981368784981344
0.027309248788432577
0.03505182655637901
0.030488298221118662
0.037861729294319746
0.02918012890597287
0.03968743236774492
0.03042833637369136
0.03607278026245353
0.032244553457924506
0.03896234989534342
0.02868218493163659
0.035757142438230846
0.027631439701187418
0.03840796067673305
0.0275515904005992
0.033751260643129964
0.029055874375850013
0.03718299161715295
0.026797502971594625
0.03950603792810334
0.033079949393306565
0.034195350303868575
0.031034953807523254
0.03565821146159697
0.0318105726614052
0.03635266772084651
0.030784692790214986
0.03666315853277921
0.03182840473587856
105.0
108.0
7678.0
62.0
729.0
1411.0
147.0
756.0
365.0
265.0
461.0
678.0
1002.0
432.0
82.0
345.0
549.0
276.0
149.0
489.0
182.0
364.0
118.0
428.0
208.0
885.0
1464.0
626.0
354.0
1230.0
439.0
332.0
904.0
5335.0
5724.0
171.0
231.0
1935.0
106.0
83.0
248.0
239.0
343.0
781.0
384.0
358.0
191.0
267.0
202.0
169.0
829.0
382.0
926.0
1315.0
741.0
1502.0
148.0
759.0
381.0
282.0
469.0
691.0
1005.0
435.0
76.0
323.0
591.0
300.0
139.0
505.0
187.0
350.0
112.0
407.0
208.0
858.0
1479.0
624.0
369.0
1189.0
456.0
320.0
904.0
5453.0
5842.0
172.0
229.0
1910.0
102.0
85.0
256.0
247.0
360.0
824.0
397.0
340.0
194.0
274.0
209.0
169.0
786.0
392.0
933.0
1306.0
723.0
1480.0
149.0
788.0
381.0
274.0
466.0
673.0
1063.0
406.0
79.0
317.0
578.0
288.0
142.0
500.0
188.0
347.0
111.0
399.0
213.0
874.0
1433.0
617.0
383.0
1161.0
438.0
325.0
898.0
5380.0
5894.0
178.0
239.0
1922.0
102.0
87.0
253.0
250.0
344.0
801.0
378.0
352.0
193.0
278.0
198.0
167.0
790.0
390.0
970.0
1308.0
734.0
1425.0
152.0
770.0
376.0
280.0
470.0
662.0
1014.0
427.0
82.0
317.0
543.0
277.0
142.0
501.0
190.0
367.0
112.0
399.0
208.0
929.0
1425.0
634.0
355.0
1233.0
447.0
319.0
958.0
5406.0
5817.0
163.0
220.0
1999.0
107.0
85.0
253.0
234.0
350.0
789.0
404.0
341.0
194.0
266.0
204.0
173.0
847.0
393.0
913.0
1296.0
730.0
1453.0
154.0
767.0
385.0
282.0
461.0
678.0
1048.0
425.0
81.0
327.0
580.0
293.0
144.0
490.0
187.0
355.0
118.0
426.0
200.0
892.0
1423.0
596.0
377.0
1160.0
440.0
309.0
970.0
5246.0
5783.0
175.0
226.0
1820.0
107.0
85.0
257.0
249.0
340.0
805.0
404.0
350.0
182.0
279.0
199.0
171.0
852.0
382.0
914.0
1257.0
758.0
1408.0
149.0
788.0
380.0
276.0
460.0
664.0
1006.0
430.0
81.0
342.0
555.0
285.0
145.0
507.0
185.0
348.0
113.0
393.0
209.0
928.0
1499.0
622.0
373.0
1250.0
424.0
320.0
930.0
5167.0
5574.0
163.0
223.0
1890.0
105.0
82.0
244.0
245.0
344.0
782.0
376.0
357.0
196.0
270.0
206.0
173.0
805.0
397.0
941.0
1227.0
731.0
1496.0
144.0
761.0
375.0
268.0
474.0
655.0
1036.0
398.0
76.0
321.0
546.0
277.0
143.0
513.0
189.0
352.0
116.0
420.0
208.0
903.0
1419.0
627.0
363.0
1240.0
437.0
313.0
909.0
5088.0
6166.0
172.0
232.0
1961.0
104.0
83.0
253.0
249.0
347.0
788.0
383.0
339.0
193.0
283.0
197.0
166.0
791.0
381.0
951.0
1233.0
732.0
1401.0
149.0
805.0
370.0
277.0
473.0
700.0
1029.0
424.0
76.0
326.0
567.0
289.0
145.0
494.0
187.0
351.0
114.0
400.0
197.0
886.0
1461.0
634.0
369.0
1161.0
434.0
316.0
984.0
5561.0
6099.0
173.0
232.0
1982.0
106.0
84.0
244.0
247.0
358.0
799.0
405.0
344.0
195.0
261.0
203.0
163.0
825.0
374.0
947.0
1269.0
757.0
1405.0
150.0
800.0
377.0
287.0
460.0
686.0
985.0
417.0
79.0
328.0
562.0
298.0
145.0
508.0
185.0
352.0
116.0
401.0
209.0
929.0
1441.0
634.0
363.0
1137.0
454.0
321.0
971.0
5530.0
5681.0
174.0
224.0
1947.0
105.0
84.0
261.0
238.0
345.0
771.0
375.0
359.0
186.0
286.0
208.0
169.0
801.0
393.0
893.0
1329.0
746.0
1448.0
149.0
791.0
395.0
273.0
460.0
677.0
1023.0
426.0
78.0
321.0
546.0
300.0
144.0
497.0
181.0
361.0
115.0
424.0
203.0
852.0
1500.0
641.0
367.0
1202.0
431.0
317.0
968.0
5273.0
5620.0
166.0
221.0
1859.0
108.0
83.0
258.0
248.0
336.0
798.0
380.0
361.0
189.0
283.0
199.0
169.0
822.0
381.0
895.0
1227.0
737.0
1428.0
151.0
757.0
371.0
280.0
465.0
698.0
1021.0
426.0
79.0
338.0
559.0
275.0
146.0
498.0
186.0
366.0
113.0
410.0
210.0
884.0
1432.0
630.0
367.0
1247.0
443.0
329.0
979.0
5518.0
5624.0
171.0
235.0
1959.0
104.0
81.0
246.0
237.0
347.0
781.0
403.0
355.0
191.0
274.0
195.0
169.0
799.0
381.0
934.0
1287.0
740.0
1438.0
147.0
771.0
386.0
270.0
460.0
675.0
1035.0
409.0
82.0
332.0
551.0
299.0
141.0
527.0
184.0
369.0
117.0
417.0
203.0
901.0
1459.0
634.0
358.0
1204.0
462.0
313.0
939.0
5182.0
5728.0
176.0
229.0
1918.0
106.0
87.0
248.0
234.0
354.0
816.0
393.0
340.0
190.0
271.0
205.0
163.0
793.0
386.0
969.0
1316.0
726.0
1496.0
151.0
806.0
374.0
283.0
482.0
691.0
1013.0
438.0
82.0
328.0
549.0
280.0
140.0
506.0
185.0
368.0
115.0
413.0
206.0
896.0
1452.0
610.0
354.0
1163.0
424.0
311.0
963.0
5087.0
5849.0
168.0
222.0
1947.0
107.0
86.0
254.0
232.0
330.0
809.0
402.0
364.0
191.0
272.0
193.0
169.0
840.0
393.0
884.0
1328.0
744.0
1511.0
146.0
787.0
375.0
276.0
471.0
661.0
1003.0
423.0
80.0
340.0
586.0
291.0
144.0
497.0
190.0
349.0
113.0
431.0
198.0
848.0
1526.0
612.0
388.0
1199.0
437.0
328.0
934.0
5439.0
5963.0
178.0
229.0
1909.0
103.0
83.0
256.0
244.0
346.0
787.0
380.0
356.0
189.0
268.0
203.0
165.0
813.0
389.0
914.0
1296.0
780.0
1410.0
147.0
770.0
385.0
264.0
452.0
692.0
1044.0
421.0
78.0
334.0
571.0
286.0
141.0
527.0
181.0
349.0
111.0
406.0
213.0
849.0
1448.0
632.0
371.0
1246.0
443.0
319.0
893.0
5233.0
5746.0
173.0
236.0
1850.0
106.0
86.0
257.0
232.0
353.0
780.0
399.0
365.0
196.0
286.0
203.0
163.0
770.0
373.0
903.0
1307.0
750.0
1509.0
150.0
792.0
381.0
286.0
466.0
661.0
970.0
428.0
77.0
344.0
573.0
291.0
144.0
531.0
189.0
366.0
120.0
408.0
206.0
914.0
1520.0
630.0
380.0
1211.0
425.0
310.0
925.0
5529.0
5842.0
166.0
221.0
1934.0
107.0
81.0
256.0
247.0
344.0
784.0
371.0
341.0
191.0
284.0
197.0
172.0
831.0
380.0
925.0
1237.0
744.0
1493.0
150.0
784.0
377.0
279.0
471.0
670.0
992.0
398.0
80.0
321.0
574.0
275.0
141.0
491.0
189.0
366.0
114.0
406.0
207.0
871.0
1418.0
605.0
366.0
1188.0
426.0
320.0
950.0
5589.0
5588.0
166.0
238.0
1833.0
107.0
87.0
261.0
250.0
349.0
802.0
394.0
359.0
183.0
283.0
196.0
161.0
799.0
377.0
925.0
1327.0
736.0
1442.0
145.0
758.0
374.0
273.0
456.0
666.0
1053.0
409.0
76.0
316.0
591.0
294.0
144.0
522.0
183.0
355.0
120.0
399.0
205.0
904.0
1449.0
636.0
374.0
1169.0
439.0
326.0
940.0
5299.0
5786.0
168.0
228.0
1909.0
102.0
82.0
258.0
243.0
337.0
795.0
372.0
348.0
191.0
278.0
196.0
160.0
853.0
380.0
922.0
1294.0
740.0
1491.0
144.0
797.0
378.0
283.0
476.0
665.0
1004.0
421.0
79.0
338.0
558.0
301.0
144.0
503.0
179.0
370.0
117.0
427.0
202.0
874.0
1425.0
604.0
360.0
1214.0
450.0
321.0
953.0
5199.0
6134.0
168.0
233.0
1864.0
102.0
81.0
244.0
235.0
358.0
801.0
384.0
352.0
194.0
282.0
202.0
171.0
844.0
378.0
959.0
1241.0
753.0
1406.0
152.0
772.0
377.0
282.0
453.0
666.0
989.0
410.0
80.0
338.0
579.0
297.0
148.0
503.0
192.0
346.0
118.0
399.0
207.0
879.0
1431.0
623.0
362.0
1217.0
435.0
326.0
922.0
5154.0
5624.0
174.0
237.0
1878.0
105.0
85.0
263.0
237.0
348.0
829.0
392.0
359.0
193.0
260.0
204.0
163.0
812.0
386.0
883.0
1309.0
732.0
1445.0
148.0
768.0
371.0
282.0
469.0
664.0
1015.0
429.0
81.0
334.0
552.0
292.0
150.0
505.0
184.0
355.0
110.0
429.0
208.0
874.0
1433.0
646.0
378.0
1183.0
442.0
319.0
912.0
5539.0
5593.0
166.0
223.0
1955.0
103.0
84.0
247.0
239.0
346.0
795.0
396.0
361.0
180.0
264.0
203.0
166.0
839.0
391.0
951.0
1300.0
748.0
1470.0
149.0
807.0
380.0
265.0
484.0
687.0
994.0
419.0
80.0
335.0
562.0
281.0
147.0
515.0
188.0
353.0
112.0
402.0
199.0
905.0
1478.0
600.0
355.0
1220.0
434.0
320.0
897.0
5502.0
5739.0
177.0
227.0
1946.0
109.0
84.0
254.0
248.0
347.0
802.0
379.0
350.0
187.0
263.0
199.0
167.0
795.0
375.0
966.0
1328.0
726.0
1492.0
148.0
770.0
373.0
286.0
449.0
697.0
1047.0
435.0
76.0
327.0
552.0
287.0
141.0
511.0
195.0
367.0
110.0
423.0
204.0
878.0
1433.0
592.0
367.0
1212.0
458.0
309.0
968.0
5110.0
5855.0
178.0
225.0
1886.0
108.0
86.0
252.0
249.0
341.0
790.0
371.0
348.0
183.0
285.0
200.0
165.0
844.0
400.0
920.0
1331.0
762.0
1490.0
149.0
796.0
384.0
271.0
474.0
676.0
984.0
418.0
77.0
321.0
552.0
288.0
141.0
520.0
189.0
341.0
114.0
416.0
203.0
856.0
1497.0
648.0
367.0
1215.0
451.0
318.0
964.0
5420.0
5797.0
167.0
230.0
1850.0
106.0
82.0
248.0
247.0
330.0
806.0
405.0
358.0
197.0
263.0
208.0
172.0
785.0
377.0
894.0
1230.0
750.0
1402.0
150.0
782.0
384.0
280.0
459.0
688.0
991.0
411.0
80.0
331.0
541.0
281.0
146.0
507.0
188.0
350.0
117.0
407.0
198.0
929.0
1476.0
592.0
360.0
1248.0
443.0
326.0
956.0
5547.0
5685.0
174.0
223.0
1940.0
107.0
84.0
255.0
235.0
339.0
772.0
378.0
337.0
192.0
264.0
200.0
161.0
787.0
385.0
930.0
1332.0
734.0
1401.0
149.0
761.0
366.0
279.0
467.0
659.0
978.0
425.0
78.0
325.0
537.0
296.0
143.0
502.0
186.0
374.0
117.0
410.0
198.0
868.0
1405.0
613.0
387.0
1179.0
437.0
313.0
919.0
5526.0
6018.0
166.0
227.0
1838.0
105.0
88.0
255.0
243.0
352.0
796.0
373.0
361.0
183.0
286.0
206.0
161.0
771.0
368.0
971.0
1229.0
775.0
1483.0
146.0
801.0
383.0
279.0
472.0
670.0
1037.0
422.0
79.0
328.0
570.0
277.0
140.0
512.0
187.0
347.0
112.0
429.0
200.0
874.0
1527.0
591.0
386.0
1165.0
449.0
306.0
920.0
5487.0
5584.0
171.0
225.0
1823.0
104.0
88.0
257.0
238.0
343.0
780.0
390.0
341.0
192.0
266.0
207.0
170.0
811.0
396.0
950.0
1312.0
766.0
1427.0
149.0
762.0
372.0
286.0
466.0
659.0
1045.0
423.0
77.0
317.0
552.0
302.0
147.0
490.0
188.0
358.0
111.0
431.0
205.0
844.0
1513.0
631.0
375.0
1239.0
432.0
320.0
979.0
5096.0
5578.0
166.0
230.0
1817.0
104.0
86.0
251.0
230.0
351.0
777.0
388.0
347.0
193.0
264.0
207.0
169.0
794.0
394.0
945.0
1218.0
749.0
1400.0
147.0
764.0
380.0
266.0
467.0
666.0
983.0
427.0
79.0
345.0
584.0
276.0
148.0
504.0
180.0
366.0
115.0
399.0
206.0
889.0
1404.0
600.0
383.0
1147.0
455.0
321.0
957.0
5432.0
5783.0
166.0
227.0
1859.0
106.0
82.0
251.0
244.0
335.0
807.0
402.0
360.0
192.0
275.0
195.0
159.0
776.0
393.0
928.0
1339.0
772.0
1424.0
149.0
765.0
379.0
285.0
478.0
667.0
1016.0
399.0
78.0
319.0
566.0
291.0
139.0
504.0
189.0
362.0
115.0
411.0
210.0
883.0
1514.0
596.0
366.0
1164.0
443.0
319.0
985.0
5582.0
5855.0
176.0
235.0
1883.0
104.0
85.0
260.0
237.0
338.0
820.0
401.0
340.0
185.0
265.0
197.0
161.0
849.0
380.0
901.0
1281.0
154.0
150.0
156.0
145.0
212.0
152.0
150.0
154.0
279.0
143.0
170.0
157.0
156.0
158.0
162.0
168.0
159.0
156.0
280.0
136.0
162.0
148.0
144.0
154.0
139.0
145.0
252.0
277.0
148.0
149.0
154.0
146.0
153.0
156.0
154.0
154.0
324.0
162.0
295.0
144.0
322.0
285.0
284.0
246.0
260.0
427.0
286.0
302.0
460.0
157.0
155.0
160.0
158.0
158.0
233.0
171.0
142.0
155.0
308.0
149.0
152.0
132.0
156.0
150.0
152.0
153.0
163.0
160.0
275.0
156.0
142.0
164.0
154.0
162.0
132.0
162.0
311.0
318.0
155.0
147.0
150.0
154.0
176.0
152.0
156.0
146.0
276.0
145.0
271.0
158.0
327.0
324.0
250.0
284.0
266.0
438.0
266.0
267.0
434.0
148.0
172.0
168.0
147.0
144.0
214.0
152.0
162.0
168.0
316.0
149.0
154.0
146.0
145.0
163.0
154.0
170.0
165.0
160.0
272.0
152.0
155.0
144.0
164.0
152.0
126.0
156.0
296.0
311.0
166.0
148.0
172.0
144.0
162.0
159.0
147.0
147.0
257.0
150.0
328.0
155.0
270.0
305.0
305.0
254.0
272.0
416.0
295.0
300.0
441.0
162.0
166.0
168.0
154.0
136.0
215.0
159.0
158.0
150.0
296.0
150.0
160.0
148.0
144.0
138.0
162.0
144.0
150.0
156.0
272.0
160.0
166.0
148.0
149.0
162.0
128.0
154.0
284.0
294.0
166.0
162.0
147.0
150.0
155.0
164.0
142.0
150.0
324.0
160.0
306.0
171.0
297.0
268.0
298.0
292.0
276.0
410.0
328.0
281.0
402.0
148.0
145.0
176.0
136.0
160.0
236.0
160.0
146.0
146.0
275.0
158.0
154.0
158.0
148.0
150.0
144.0
154.0
162.0
163.0
292.0
150.0
156.0
140.0
150.0
144.0
133.0
141.0
318.0
260.0
160.0
158.0
138.0
162.0
142.0
150.0
152.0
167.0
262.0
162.0
294.0
146.0
324.0
312.0
313.0
272.0
296.0
464.0
277.0
306.0
470.0
160.0
164.0
172.0
176.0
172.0
226.0
146.0
141.0
146.0
294.0
162.0
148.0
153.0
173.0
166.0
156.0
160.0
148.0
147.0
269.0
156.0
140.0
146.0
155.0
150.0
132.0
156.0
298.0
254.0
165.0
154.0
140.0
153.0
152.0
144.0
176.0
155.0
258.0
136.0
320.0
158.0
324.0
288.0
287.0
298.0
288.0
427.0
304.0
283.0
432.0
163.0
162.0
155.0
164.0
162.0
236.0
140.0
161.0
141.0
315.0
164.0
134.0
140.0
170.0
150.0
146.0
133.0
153.0
150.0
294.0
166.0
155.0
162.0
166.0
146.0
154.0
148.0
312.0
295.0
148.0
142.0
150.0
160.0
166.0
144.0
146.0
164.0
266.0
174.0
264.0
142.0
262.0
324.0
318.0
302.0
279.0
462.0
265.0
316.0
410.0
150.0
174.0
162.0
161.0
148.0
225.0
153.0
164.0
156.0
258.0
140.0
150.0
158.0
140.0
135.0
160.0
157.0
156.0
150.0
263.0
162.0
142.0
160.0
168.0
169.0
137.0
148.0
327.0
292.0
155.0
145.0
154.0
136.0
148.0
160.0
160.0
144.0
320.0
170.0
270.0
137.0
310.0
296.0
288.0
312.0
276.0
410.0
316.0
276.0
444.0
150.0
153.0
160.0
166.0
159.0
206.0
150.0
144.0
148.0
292.0
150.0
164.0
146.0
144.0
166.0
153.0
147.0
140.0
154.0
274.0
172.0
166.0
170.0
164.0
168.0
138.0
141.0
308.0
312.0
142.0
166.0
156.0
158.0
150.0
159.0
168.0
157.0
306.0
159.0
264.0
162.0
319.0
287.0
274.0
305.0
294.0
394.0
298.0
258.0
402.0
154.0
164.0
160.0
142.0
148.0
214.0
144.0
148.0
151.0
268.0
147.0
156.0
165.0
167.0
165.0
144.0
148.0
168.0
134.0
264.0
144.0
157.0
168.0
156.0
140.0
144.0
170.0
282.0
272.0
150.0
147.0
156.0
148.0
150.0
150.0
160.0
156.0
288.0
154.0
282.0
147.0
310.0
257.0
256.0
256.0
302.0
416.0
310.0
286.0
433.0
166.0
163.0
148.0
154.0
162.0
230.0
155.0
146.0
154.0
276.0
140.0
153.0
162.0
132.0
168.0
152.0
140.0
162.0
159.0
256.0
134.0
172.0
153.0
144.0
172.0
157.0
137.0
256.0
265.0
154.0
154.0
163.0
158.0
172.0
144.0
146.0
140.0
326.0
166.0
298.0
170.0
262.0
309.0
282.0
278.0
294.0
391.0
259.0
312.0
384.0
148.0
148.0
143.0
149.0
140.0
228.0
148.0
163.0
149.0
302.0
168.0
160.0
162.0
141.0
156.0
160.0
168.0
154.0
138.0
296.0
166.0
140.0
150.0
148.0
152.0
148.0
164.0
309.0
304.0
148.0
163.0
162.0
163.0
140.0
166.0
146.0
164.0
322.0
146.0
298.0
152.0
328.0
267.0
276.0
260.0
272.0
438.0
304.0
295.0
441.0
162.0
162.0
174.0
158.0
166.0
214.0
158.0
166.0
161.0
272.0
150.0
147.0
138.0
159.0
153.0
151.0
150.0
160.0
154.0
312.0
151.0
156.0
159.0
155.0
174.0
124.0
168.0
276.0
286.0
143.0
136.0
155.0
158.0
156.0
170.0
154.0
163.0
310.0
148.0
291.0
133.0
264.0
313.0
300.0
266.0
290.0
433.0
324.0
310.0
434.0
157.0
170.0
154.0
150.0
145.0
206.0
149.0
146.0
166.0
283.0
150.0
136.0
152.0
163.0
144.0
158.0
156.0
160.0
168.0
268.0
160.0
162.0
148.0
144.0
132.0
148.0
149.0
328.0
306.0
136.0
156.0
152.0
158.0
152.0
138.0
150.0
164.0
278.0
154.0
292.0
142.0
302.0
272.0
322.0
268.0
322.0
464.0
298.0
264.0
432.0
167.0
159.0
164.0
148.0
164.0
241.0
144.0
148.0
158.0
296.0
142.0
164.0
162.0
152.0
141.0
136.0
137.0
174.0
153.0
326.0
158.0
152.0
156.0
155.0
149.0
148.0
153.0
282.0
314.0
141.0
156.0
173.0
174.0
150.0
158.0
158.0
160.0
278.0
154.0
255.0
144.0
298.0
310.0
297.0
280.0
307.0
430.0
322.0
273.0
424.0
144.0
162.0
164.0
159.0
164.0
226.0
154.0
151.0
146.0
318.0
151.0
154.0
143.0
140.0
156.0
155.0
148.0
148.0
162.0
292.0
158.0
170.0
162.0
151.0
168.0
132.0
164.0
296.0
282.0
162.0
172.0
166.0
158.0
148.0
156.0
156.0
154.0
275.0
161.0
262.0
148.0
314.0
256.0
254.0
246.0
274.0
414.0
266.0
274.0
463.0
160.0
160.0
162.0
148.0
146.0
235.0
153.0
164.0
160.0
329.0
151.0
174.0
150.0
172.0
170.0
142.0
140.0
144.0
139.0
270.0
148.0
159.0
166.0
166.0
166.0
138.0
138.0
290.0
253.0
148.0
172.0
156.0
159.0
156.0
160.0
166.0
150.0
286.0
154.0
316.0
154.0
290.0
273.0
324.0
243.0
302.0
398.0
258.0
286.0
434.0
166.0
152.0
165.0
156.0
147.0
204.0
138.0
148.0
147.0
276.0
153.0
152.0
148.0
158.0
144.0
163.0
157.0
148.0
152.0
283.0
156.0
153.0
156.0
132.0
152.0
151.0
151.0
268.0
317.0
148.0
151.0
163.0
148.0
147.0
150.0
152.0
170.0
275.0
160.0
286.0
172.0
266.0
304.0
292.0
250.0
273.0
422.0
318.0
284.0
431.0
162.0
154.0
162.0
152.0
148.0
234.0
157.0
168.0
174.0
330.0
154.0
142.0
161.0
148.0
140.0
158.0
147.0
150.0
164.0
298.0
156.0
132.0
155.0
147.0
160.0
152.0
148.0
276.0
283.0
140.0
156.0
142.0
166.0
160.0
144.0
153.0
146.0
324.0
174.0
259.0
141.0
258.0
312.0
328.0
292.0
267.0
423.0
276.0
298.0
396.0
167.0
168.0
167.0
154.0
156.0
240.0
150.0
154.0
148.0
252.0
145.0
158.0
166.0
150.0
150.0
165.0
148.0
145.0
164.0
305.0
156.0
142.0
156.0
140.0
146.0
134.0
158.0
330.0
304.0
158.0
151.0
151.0
161.0
172.0
140.0
156.0
156.0
282.0
149.0
302.0
148.0
291.0
280.0
283.0
250.0
284.0
392.0
311.0
248.0
442.0
164.0
162.0
150.0
144.0
148.0
210.0
146.0
158.0
137.0
285.0
152.0
152.0
154.0
172.0
162.0
154.0
156.0
140.0
151.0
270.0
146.0
172.0
154.0
164.0
166.0
142.0
143.0
324.0
286.0
158.0
145.0
158.0
162.0
165.0
168.0
152.0
162.0
304.0
165.0
256.0
144.0
279.0
262.0
290.0
305.0
327.0
401.0
299.0
270.0
459.0
140.0
161.0
162.0
150.0
153.0
234.0
160.0
158.0
146.0
262.0
152.0
168.0
153.0
150.0
162.0
153.0
175.0
154.0
154.0
268.0
139.0
162.0
149.0
168.0
137.0
139.0
156.0
328.0
294.0
160.0
142.0
150.0
154.0
158.0
144.0
158.0
165.0
281.0
155.0
295.0
157.0
274.0
320.0
269.0
298.0
286.0
366.0
317.0
312.0
426.0
154.0
166.0
172.0
162.0
154.0
208.0
148.0
152.0
148.0
266.0
142.0
140.0
148.0
146.0
146.0
164.0
150.0
161.0
148.0
307.0
152.0
161.0
147.0
157.0
139.0
145.0
140.0
320.0
318.0
150.0
158.0
158.0
156.0
144.0
142.0
142.0
152.0
270.0
150.0
283.0
168.0
290.0
310.0
330.0
306.0
264.0
408.0
272.0
328.0
422.0
150.0
152.0
158.0
140.0
143.0
217.0
132.0
144.0
154.0
287.0
142.0
148.0
150.0
148.0
162.0
156.0
150.0
156.0
144.0
285.0
166.0
161.0
156.0
150.0
142.0
146.0
138.0
307.0
306.0
170.0
162.0
170.0
146.0
154.0
162.0
160.0
138.0
272.0
140.0
290.0
137.0
296.0
296.0
251.0
272.0
272.0
425.0
324.0
310.0
438.0
146.0
159.0
144.0
144.0
150.0
224.0
150.0
135.0
166.0
295.0
154.0
167.0
170.0
148.0
145.0
172.0
160.0
138.0
162.0
290.0
163.0
168.0
132.0
162.0
140.0
163.0
158.0
288.0
268.0
154.0
154.0
148.0
160.0
140.0
154.0
134.0
162.0
281.0
152.0
292.0
162.0
291.0
318.0
317.0
296.0
280.0
459.0
266.0
322.0
434.0
153.0
171.0
171.0
138.0
141.0
206.0
160.0
166.0
154.0
331.0
172.0
154.0
160.0
160.0
144.0
154.0
175.0
162.0
140.0
272.0
166.0
150.0
166.0
160.0
160.0
142.0
145.0
306.0
299.0
147.0
145.0
167.0
156.0
142.0
134.0
152.0
158.0
318.0
150.0
321.0
143.0
264.0
298.0
285.0
255.0
270.0
414.0
268.0
275.0
479.0
144.0
148.0
172.0
140.0
157.0
234.0
163.0
146.0
150.0
277.0
142.0
164.0
171.0
168.0
150.0
144.0
162.0
167.0
148.0
296.0
158.0
138.0
138.0
144.0
139.0
152.0
148.0
275.0
276.0
159.0
152.0
160.0
144.0
134.0
142.0
159.0
150.0
294.0
147.0
294.0
156.0
266.0
290.0
324.0
306.0
293.0
436.0
285.0
268.0
432.0
158.0
162.0
169.0
156.0
160.0
218.0
142.0
142.0
150.0
300.0
142.0
164.0
164.0
147.0
161.0
164.0
136.0
158.0
168.0
285.0
146.0
137.0
140.0
154.0
162.0
146.0
163.0
269.0
282.0
149.0
154.0
146.0
170.0
152.0
140.0
164.0
148.0
303.0
158.0
271.0
150.0
306.0
288.0
321.0
302.0
298.0
391.0
270.0
326.0
462.0
146.0
164.0
166.0
156.0
157.0
226.0
141.0
150.0
153.0
278.0
163.0
152.0
133.0
148.0
134.0
162.0
153.0
148.0
145.0
276.0
156.0
146.0
138.0
162.0
156.0
140.0
160.0
308.0
332.0
154.0
146.0
144.0
148.0
143.0
153.0
152.0
161.0
298.0
168.0
302.0
168.0
263.0
302.0
260.0
259.0
267.0
458.0
320.0
279.0
379.0
146.0
153.0
156.0
140.0
157.0
222.0
148.0
156.0
138.0
259.0
158.0
161.0
160.0
164.0
152.0
164.0
149.0
150.0
160.0
266.0
162.0
147.0
168.0
142.0
153.0
152.0
160.0
312.0
268.0
158.0
165.0
154.0
166.0
157.0
134.0
139.0
140.0
316.0
142.0
311.0
158.0
301.0
274.0
276.0
314.0
290.0
434.0
255.0
291.0
434.0
150.0
