I_BRKGA_52_2_50_12_CESP
52 2 50 494.0
35062.5
35055.5
33175.5
35360.5
33331.5
29008.5
35068.5
34994.5
34252.5
31381.5
32746.5
35581.5
30687.5
33001.5
35557.5
33319.5
35129.5
35760.5
34412.5
34041.5
35378.5
32726.5
35020.5
34606.5
30632.5
30371.5
30763.5
29464.5
31617.5
34074.5
34648.5
30742.5
34366.5
29988.5
31002.5
34261.5
30793.5
33595.5
30865.5
34587.5
28940.5
34096.5
36146.5
31524.5
32023.5
34556.5
34256.5
34856.5
29446.5
31370.5
0.02060992330008669
0.01647168220572063
0.022992489633052216
0.01878219155375021
0.02375456080293476
0.019821582790562994
0.02098377385035406
0.017434576205123925
0.022511275966490267
0.01739236325621508
0.02183092894639846
0.01719019040895889
0.023499459471340443
0.016747252714030124
0.02325590005904087
0.01782416582676675
0.023169722702863237
0.017597903404915464
0.022518686084911033
0.01817525798932939
0.023875996626763093
0.016910952309659114
0.02018083123111882
0.01969033326481141
0.02056799568403859
0.018741477074923775
0.022695397585619156
0.017397349034611244
0.022548505162217423
0.016312755709195978
0.020597955034431667
0.018168033737876683
0.02018135536557428
0.01651408204755543
0.02257702997031636
0.016221316268653564
0.02100235438832135
0.01751573534899254
0.020331362522272103
0.017783398081348524
0.02337685522559346
0.01660254297880209
0.02087522609737301
0.016660205505707917
0.020664040562880834
0.017604820431736137
0.02383197192589623
0.016192803715007618
0.02278941426255577
0.029024015673300485
122.0
113.0
7678.0
62.0
746.0
1423.0
151.0
765.0
369.0
280.0
472.0
671.0
1042.0
435.0
80.0
344.0
541.0
283.0
144.0
513.0
188.0
373.0
115.0
423.0
210.0
866.0
1427.0
609.0
357.0
1195.0
437.0
330.0
914.0
5445.0
5570.0
165.0
222.0
1985.0
103.0
84.0
244.0
234.0
353.0
786.0
390.0
355.0
190.0
275.0
203.0
164.0
837.0
381.0
901.0
1262.0
764.0
1496.0
149.0
797.0
369.0
273.0
479.0
674.0
1033.0
406.0
80.0
345.0
539.0
277.0
145.0
501.0
184.0
373.0
112.0
413.0
203.0
853.0
1474.0
640.0
375.0
1251.0
430.0
307.0
894.0
5466.0
5650.0
165.0
222.0
1912.0
104.0
87.0
249.0
236.0
340.0
776.0
380.0
340.0
191.0
271.0
192.0
172.0
783.0
385.0
951.0
1230.0
733.0
1515.0
144.0
792.0
380.0
279.0
474.0
682.0
1050.0
425.0
82.0
343.0
580.0
294.0
147.0
489.0
181.0
357.0
119.0
415.0
199.0
928.0
1425.0
602.0
378.0
1183.0
432.0
317.0
972.0
5179.0
5769.0
167.0
233.0
1936.0
108.0
82.0
251.0
246.0
351.0
805.0
405.0
361.0
182.0
270.0
200.0
171.0
825.0
391.0
953.0
1218.0
763.0
1523.0
146.0
800.0
371.0
282.0
475.0
671.0
1015.0
432.0
81.0
315.0
556.0
296.0
138.0
496.0
192.0
345.0
114.0
404.0
197.0
880.0
1526.0
617.0
355.0
1250.0
427.0
316.0
959.0
5590.0
5649.0
169.0
228.0
1859.0
102.0
85.0
259.0
243.0
336.0
762.0
398.0
359.0
181.0
270.0
199.0
170.0
828.0
396.0
905.0
1219.0
755.0
1401.0
150.0
770.0
373.0
270.0
460.0
677.0
1034.0
429.0
81.0
337.0
587.0
276.0
148.0
496.0
184.0
341.0
113.0
403.0
206.0
908.0
1517.0
603.0
385.0
1156.0
438.0
316.0
913.0
5211.0
6009.0
166.0
238.0
1843.0
106.0
83.0
255.0
251.0
355.0
814.0
380.0
365.0
184.0
269.0
204.0
171.0
815.0
388.0
911.0
1271.0
735.0
1470.0
152.0
802.0
372.0
283.0
460.0
663.0
1012.0
401.0
76.0
321.0
571.0
280.0
144.0
503.0
180.0
344.0
115.0
410.0
207.0
915.0
1412.0
602.0
365.0
1217.0
423.0
323.0
896.0
5382.0
6005.0
170.0
229.0
1920.0
109.0
83.0
259.0
231.0
355.0
768.0
405.0
361.0
186.0
269.0
202.0
171.0
837.0
379.0
941.0
1277.0
735.0
1502.0
149.0
783.0
380.0
280.0
470.0
690.0
983.0
405.0
77.0
315.0
554.0
301.0
144.0
497.0
192.0
356.0
111.0
425.0
210.0
862.0
1446.0
612.0
354.0
1197.0
452.0
316.0
923.0
5271.0
5637.0
166.0
229.0
1915.0
103.0
87.0
249.0
239.0
344.0
792.0
375.0
362.0
186.0
273.0
206.0
168.0
804.0
391.0
902.0
1222.0
750.0
1522.0
151.0
754.0
374.0
270.0
465.0
652.0
1054.0
421.0
76.0
321.0
547.0
291.0
149.0
514.0
189.0
358.0
109.0
419.0
206.0
876.0
1438.0
625.0
384.0
1236.0
458.0
314.0
979.0
5190.0
6101.0
176.0
235.0
1859.0
105.0
84.0
263.0
231.0
354.0
814.0
390.0
347.0
185.0
270.0
202.0
164.0
780.0
392.0
911.0
1297.0
761.0
1495.0
147.0
799.0
378.0
275.0
464.0
668.0
989.0
417.0
76.0
337.0
587.0
278.0
145.0
500.0
194.0
366.0
120.0
403.0
202.0
849.0
1416.0
638.0
356.0
1220.0
436.0
314.0
981.0
5349.0
5970.0
171.0
231.0
1918.0
105.0
87.0
253.0
251.0
340.0
799.0
397.0
341.0
182.0
268.0
210.0
163.0
833.0
386.0
932.0
1278.0
740.0
1479.0
144.0
771.0
387.0
280.0
457.0
659.0
1032.0
412.0
79.0
320.0
538.0
301.0
143.0
507.0
191.0
345.0
117.0
420.0
207.0
897.0
1433.0
637.0
380.0
1197.0
447.0
318.0
967.0
5293.0
5897.0
176.0
234.0
1861.0
103.0
83.0
259.0
231.0
340.0
756.0
386.0
349.0
185.0
286.0
193.0
163.0
831.0
392.0
971.0
1274.0
768.0
1515.0
147.0
814.0
381.0
275.0
454.0
668.0
1017.0
402.0
76.0
334.0
575.0
289.0
148.0
511.0
178.0
369.0
117.0
408.0
195.0
898.0
1515.0
599.0
360.0
1202.0
431.0
308.0
970.0
5245.0
6155.0
171.0
235.0
1990.0
106.0
86.0
247.0
239.0
334.0
809.0
369.0
356.0
191.0
282.0
198.0
166.0
772.0
385.0
948.0
1266.0
759.0
1467.0
151.0
785.0
377.0
267.0
475.0
675.0
1055.0
415.0
82.0
336.0
555.0
292.0
147.0
500.0
186.0
360.0
111.0
423.0
203.0
876.0
1408.0
591.0
381.0
1149.0
430.0
313.0
919.0
5240.0
5656.0
168.0
224.0
1873.0
102.0
83.0
255.0
240.0
346.0
812.0
381.0
334.0
193.0
284.0
201.0
163.0
845.0
392.0
950.0
1222.0
739.0
1488.0
143.0
796.0
371.0
268.0
470.0
660.0
1067.0
412.0
81.0
320.0
555.0
301.0
144.0
492.0
192.0
369.0
114.0
420.0
203.0
918.0
1419.0
620.0
381.0
1225.0
443.0
321.0
950.0
5523.0
5826.0
168.0
233.0
1990.0
109.0
87.0
257.0
240.0
356.0
789.0
382.0
346.0
194.0
270.0
197.0
163.0
824.0
390.0
967.0
1283.0
727.0
1470.0
149.0
758.0
377.0
283.0
471.0
666.0
1035.0
439.0
78.0
316.0
587.0
288.0
147.0
509.0
189.0
362.0
112.0
409.0
204.0
916.0
1490.0
629.0
385.0
1178.0
452.0
318.0
926.0
5366.0
6109.0
167.0
224.0
1887.0
110.0
82.0
248.0
233.0
345.0
781.0
383.0
346.0
184.0
279.0
205.0
163.0
795.0
399.0
888.0
1302.0
765.0
1523.0
148.0
768.0
384.0
280.0
463.0
677.0
994.0
424.0
76.0
316.0
587.0
303.0
151.0
506.0
179.0
357.0
119.0
408.0
204.0
924.0
1541.0
642.0
376.0
1223.0
442.0
318.0
939.0
5539.0
5999.0
172.0
237.0
1989.0
107.0
84.0
255.0
244.0
350.0
793.0
400.0
341.0
187.0
263.0
203.0
170.0
775.0
384.0
944.0
1312.0
750.0
1409.0
146.0
775.0
386.0
288.0
473.0
677.0
1066.0
408.0
79.0
327.0
565.0
297.0
144.0
498.0
192.0
368.0
114.0
419.0
211.0
917.0
1474.0
625.0
364.0
1204.0
440.0
325.0
960.0
5510.0
5682.0
174.0
228.0
1858.0
101.0
84.0
257.0
237.0
332.0
775.0
388.0
350.0
186.0
269.0
199.0
171.0
845.0
382.0
900.0
1259.0
768.0
1482.0
147.0
780.0
384.0
280.0
461.0
680.0
1029.0
438.0
82.0
322.0
558.0
302.0
150.0
499.0
178.0
371.0
115.0
395.0
197.0
896.0
1524.0
629.0
389.0
1140.0
463.0
319.0
932.0
5103.0
5905.0
171.0
232.0
1887.0
107.0
82.0
256.0
244.0
343.0
767.0
405.0
340.0
192.0
283.0
208.0
171.0
821.0
382.0
964.0
1273.0
720.0
1452.0
150.0
810.0
384.0
281.0
458.0
694.0
1008.0
403.0
79.0
337.0
543.0
288.0
146.0
527.0
185.0
358.0
119.0
395.0
201.0
922.0
1530.0
618.0
371.0
1143.0
449.0
323.0
959.0
5373.0
6084.0
172.0
225.0
1954.0
102.0
83.0
261.0
234.0
342.0
788.0
383.0
354.0
182.0
276.0
199.0
167.0
803.0
383.0
891.0
1276.0
738.0
1420.0
150.0
776.0
375.0
268.0
471.0
660.0
1046.0
401.0
76.0
321.0
556.0
281.0
142.0
485.0
187.0
352.0
117.0
421.0
201.0
894.0
1467.0
592.0
383.0
1215.0
427.0
320.0
933.0
5469.0
6031.0
170.0
222.0
1978.0
102.0
84.0
263.0
238.0
341.0
806.0
375.0
359.0
196.0
270.0
204.0
160.0
787.0
400.0
889.0
1249.0
758.0
1441.0
146.0
789.0
387.0
279.0
463.0
661.0
1055.0
408.0
76.0
339.0
584.0
298.0
149.0
510.0
189.0
370.0
113.0
399.0
203.0
894.0
1433.0
639.0
363.0
1201.0
462.0
324.0
918.0
5300.0
5926.0
169.0
224.0
1948.0
107.0
88.0
260.0
251.0
352.0
802.0
371.0
341.0
189.0
263.0
195.0
164.0
793.0
389.0
933.0
1280.0
730.0
1529.0
145.0
803.0
368.0
273.0
466.0
676.0
997.0
402.0
76.0
338.0
548.0
300.0
141.0
518.0
190.0
358.0
117.0
425.0
205.0
909.0
1465.0
589.0
353.0
1194.0
428.0
322.0
936.0
5111.0
5828.0
169.0
218.0
1835.0
106.0
87.0
244.0
230.0
337.0
794.0
378.0
343.0
194.0
262.0
194.0
163.0
845.0
368.0
969.0
1293.0
765.0
1493.0
153.0
792.0
383.0
268.0
454.0
669.0
1038.0
428.0
81.0
325.0
582.0
287.0
143.0
504.0
180.0
363.0
118.0
392.0
207.0
898.0
1447.0
642.0
383.0
1252.0
440.0
329.0
935.0
5421.0
5573.0
167.0
228.0
1811.0
105.0
85.0
243.0
240.0
348.0
825.0
372.0
354.0
192.0
265.0
202.0
168.0
813.0
375.0
950.0
1288.0
772.0
1491.0
143.0
782.0
372.0
276.0
457.0
671.0
1050.0
431.0
82.0
340.0
576.0
286.0
142.0
495.0
192.0
343.0
118.0
410.0
203.0
892.0
1514.0
590.0
363.0
1183.0
457.0
318.0
897.0
5273.0
5818.0
176.0
234.0
1992.0
109.0
83.0
251.0
240.0
339.0
777.0
381.0
359.0
182.0
278.0
201.0
173.0
781.0
379.0
940.0
1295.0
757.0
1501.0
148.0
810.0
392.0
274.0
455.0
669.0
1027.0
414.0
79.0
341.0
580.0
301.0
147.0
491.0
188.0
353.0
115.0
421.0
201.0
852.0
1513.0
619.0
372.0
1178.0
435.0
307.0
929.0
5276.0
5657.0
164.0
231.0
1972.0
106.0
84.0
261.0
246.0
341.0
809.0
379.0
346.0
181.0
271.0
205.0
173.0
832.0
393.0
908.0
1328.0
750.0
1452.0
146.0
797.0
371.0
272.0
452.0
676.0
1017.0
398.0
77.0
315.0
559.0
289.0
143.0
483.0
180.0
373.0
112.0
416.0
206.0
870.0
1425.0
629.0
384.0
1190.0
453.0
323.0
970.0
5411.0
6127.0
171.0
224.0
1923.0
105.0
85.0
256.0
235.0
358.0
810.0
397.0
366.0
195.0
265.0
210.0
162.0
787.0
386.0
951.0
1311.0
773.0
1454.0
148.0
774.0
375.0
278.0
481.0
694.0
1026.0
431.0
82.0
320.0
583.0
288.0
147.0
512.0
190.0
353.0
119.0
429.0
199.0
913.0
1521.0
628.0
370.0
1221.0
446.0
304.0
959.0
5594.0
5827.0
175.0
230.0
1850.0
108.0
84.0
260.0
246.0
343.0
800.0
406.0
346.0
191.0
266.0
202.0
171.0
786.0
373.0
945.0
1212.0
750.0
1421.0
149.0
762.0
374.0
272.0
465.0
677.0
1011.0
397.0
79.0
333.0
573.0
283.0
147.0
506.0
186.0
369.0
112.0
398.0
211.0
928.0
1513.0
600.0
361.0
1232.0
454.0
328.0
974.0
5591.0
5872.0
168.0
237.0
1899.0
105.0
83.0
254.0
240.0
346.0
783.0
376.0
348.0
180.0
273.0
200.0
165.0
784.0
385.0
922.0
1305.0
723.0
1422.0
146.0
760.0
386.0
279.0
478.0
651.0
999.0
405.0
76.0
315.0
585.0
290.0
138.0
505.0
184.0
347.0
118.0
406.0
198.0
922.0
1460.0
618.0
360.0
1174.0
456.0
325.0
909.0
5592.0
5578.0
167.0
228.0
1857.0
108.0
85.0
263.0
234.0
345.0
796.0
380.0
348.0
192.0
272.0
200.0
159.0
852.0
396.0
903.0
1316.0
764.0
1468.0
147.0
788.0
372.0
272.0
466.0
676.0
1033.0
423.0
81.0
319.0
579.0
282.0
149.0
503.0
184.0
349.0
117.0
425.0
203.0
890.0
1417.0
606.0
371.0
1246.0
454.0
319.0
908.0
5383.0
5588.0
165.0
236.0
1914.0
104.0
86.0
243.0
235.0
338.0
821.0
382.0
334.0
189.0
262.0
203.0
162.0
842.0
382.0
896.0
1226.0
736.0
1489.0
153.0
782.0
380.0
272.0
471.0
675.0
1012.0
407.0
80.0
342.0
563.0
281.0
145.0
487.0
187.0
354.0
113.0
415.0
197.0
847.0
1533.0
635.0
382.0
1144.0
437.0
317.0
932.0
5261.0
6116.0
167.0
217.0
1998.0
103.0
86.0
241.0
247.0
344.0
777.0
387.0
354.0
183.0
272.0
199.0
168.0
804.0
399.0
906.0
1257.0
761.0
1504.0
151.0
793.0
373.0
274.0
466.0
684.0
1049.0
406.0
74.0
329.0
569.0
301.0
152.0
483.0
185.0
362.0
118.0
418.0
207.0
855.0
1536.0
627.0
353.0
1147.0
441.0
309.0
981.0
5395.0
5649.0
174.0
220.0
1970.0
102.0
83.0
261.0
241.0
357.0
778.0
373.0
338.0
188.0
270.0
203.0
168.0
825.0
398.0
887.0
1274.0
732.0
1403.0
147.0
817.0
385.0
278.0
482.0
680.0
1002.0
425.0
77.0
324.0
561.0
291.0
144.0
504.0
186.0
359.0
118.0
429.0
208.0
876.0
1408.0
624.0
355.0
1251.0
456.0
328.0
916.0
5262.0
5626.0
174.0
238.0
1946.0
105.0
86.0
253.0
246.0
342.0
791.0
400.0
358.0
187.0
285.0
202.0
167.0
800.0
381.0
918.0
1243.0
746.0
1539.0
150.0
795.0
382.0
278.0
465.0
686.0
1042.0
438.0
79.0
329.0
581.0
298.0
143.0
514.0
184.0
370.0
114.0
406.0
213.0
858.0
1480.0
595.0
361.0
1197.0
425.0
311.0
965.0
5194.0
5996.0
172.0
225.0
1815.0
104.0
81.0
252.0
250.0
334.0
801.0
389.0
356.0
184.0
272.0
197.0
172.0
777.0
381.0
883.0
1222.0
736.0
1511.0
151.0
762.0
382.0
276.0
463.0
653.0
1042.0
431.0
77.0
331.0
559.0
275.0
147.0
495.0
190.0
354.0
113.0
419.0
197.0
923.0
1467.0
640.0
354.0
1200.0
459.0
328.0
919.0
5273.0
5905.0
169.0
226.0
1956.0
106.0
85.0
258.0
237.0
343.0
779.0
407.0
341.0
186.0
272.0
202.0
160.0
826.0
392.0
950.0
1250.0
721.0
1467.0
147.0
797.0
374.0
284.0
456.0
671.0
1003.0
431.0
77.0
315.0
561.0
303.0
149.0
507.0
178.0
364.0
115.0
426.0
201.0
868.0
1535.0
624.0
385.0
1218.0
456.0
327.0
898.0
5585.0
6014.0
175.0
236.0
1969.0
102.0
85.0
255.0
236.0
344.0
785.0
388.0
351.0
185.0
264.0
204.0
157.0
793.0
400.0
925.0
1321.0
738.0
1471.0
150.0
775.0
383.0
274.0
456.0
648.0
1012.0
408.0
77.0
315.0
582.0
288.0
141.0
490.0
181.0
351.0
119.0
424.0
211.0
855.0
1528.0
628.0
353.0
1153.0
448.0
317.0
948.0
5471.0
5916.0
178.0
221.0
1937.0
104.0
81.0
259.0
250.0
350.0
808.0
401.0
339.0
180.0
263.0
201.0
160.0
846.0
394.0
940.0
1254.0
721.0
1522.0
151.0
766.0
382.0
273.0
458.0
666.0
993.0
430.0
80.0
324.0
589.0
301.0
142.0
527.0
180.0
351.0
112.0
403.0
198.0
851.0
1521.0
597.0
380.0
1165.0
438.0
322.0
896.0
5058.0
5692.0
171.0
228.0
1825.0
106.0
83.0
255.0
246.0
352.0
783.0
376.0
342.0
187.0
270.0
196.0
168.0
802.0
385.0
969.0
1269.0
757.0
1432.0
148.0
782.0
380.0
272.0
450.0
683.0
1019.0
426.0
80.0
335.0
565.0
288.0
149.0
515.0
187.0
366.0
111.0
428.0
200.0
877.0
1464.0
625.0
372.0
1195.0
445.0
315.0
910.0
5292.0
5853.0
168.0
231.0
1939.0
108.0
83.0
252.0
242.0
355.0
806.0
392.0
360.0
192.0
275.0
205.0
171.0
846.0
384.0
956.0
1260.0
760.0
1469.0
145.0
782.0
376.0
275.0
465.0
687.0
1042.0
412.0
77.0
341.0
544.0
282.0
146.0
495.0
180.0
372.0
115.0
409.0
203.0
872.0
1523.0
594.0
372.0
1174.0
444.0
329.0
932.0
5552.0
5848.0
171.0
222.0
1992.0
106.0
84.0
257.0
246.0
360.0
761.0
399.0
339.0
187.0
280.0
196.0
166.0
828.0
391.0
950.0
1232.0
738.0
1521.0
148.0
796.0
380.0
270.0
480.0
678.0
1026.0
408.0
80.0
317.0
551.0
277.0
142.0
507.0
188.0
359.0
116.0
418.0
200.0
845.0
1442.0
625.0
358.0
1140.0
448.0
319.0
979.0
5385.0
6138.0
177.0
231.0
1934.0
109.0
87.0
259.0
242.0
350.0
767.0
386.0
355.0
191.0
272.0
203.0
161.0
822.0
400.0
929.0
1233.0
774.0
1488.0
153.0
799.0
385.0
283.0
471.0
677.0
985.0
428.0
78.0
338.0
539.0
291.0
147.0
509.0
190.0
344.0
112.0
399.0
198.0
920.0
1420.0
601.0
365.0
1241.0
441.0
310.0
983.0
5211.0
5848.0
175.0
229.0
1965.0
101.0
83.0
247.0
238.0
347.0
785.0
393.0
336.0
182.0
278.0
199.0
172.0
819.0
386.0
914.0
1330.0
745.0
1451.0
146.0
800.0
375.0
270.0
471.0
677.0
1019.0
417.0
81.0
334.0
588.0
276.0
148.0
516.0
183.0
361.0
114.0
421.0
199.0
923.0
1436.0
603.0
362.0
1157.0
430.0
319.0
977.0
5164.0
6035.0
170.0
222.0
1873.0
109.0
82.0
253.0
240.0
353.0
767.0
390.0
356.0
182.0
281.0
194.0
160.0
849.0
379.0
950.0
1323.0
760.0
1497.0
147.0
790.0
381.0
271.0
455.0
669.0
1019.0
415.0
77.0
342.0
584.0
296.0
147.0
510.0
184.0
362.0
116.0
419.0
212.0
887.0
1434.0
641.0
354.0
1161.0
464.0
309.0
914.0
5416.0
5987.0
168.0
225.0
1897.0
103.0
88.0
261.0
250.0
349.0
803.0
376.0
340.0
192.0
273.0
203.0
161.0
812.0
385.0
922.0
1279.0
749.0
1522.0
150.0
774.0
390.0
274.0
476.0
697.0
1022.0
422.0
78.0
335.0
585.0
285.0
145.0
503.0
178.0
359.0
117.0
420.0
207.0
867.0
1416.0
603.0
374.0
1226.0
439.0
305.0
966.0
5208.0
5577.0
169.0
221.0
1845.0
105.0
84.0
256.0
246.0
338.0
802.0
398.0
358.0
190.0
275.0
203.0
168.0
837.0
383.0
936.0
1216.0
772.0
1396.0
151.0
786.0
375.0
276.0
457.0
690.0
1014.0
403.0
81.0
321.0
583.0
289.0
151.0
497.0
182.0
369.0
118.0
421.0
210.0
894.0
1438.0
590.0
376.0
1153.0
449.0
332.0
895.0
5397.0
6028.0
168.0
219.0
1958.0
106.0
85.0
261.0
239.0
340.0
803.0
373.0
349.0
187.0
270.0
204.0
169.0
822.0
388.0
915.0
1291.0
755.0
1432.0
141.0
778.0
378.0
276.0
472.0
668.0
1040.0
417.0
81.0
323.0
588.0
278.0
146.0
485.0
192.0
353.0
114.0
415.0
205.0
930.0
1536.0
611.0
363.0
1223.0
435.0
315.0
922.0
5289.0
6040.0
167.0
224.0
1900.0
107.0
82.0
251.0
236.0
352.0
788.0
381.0
338.0
195.0
273.0
199.0
165.0
775.0
389.0
949.0
1226.0
750.0
1417.0
149.0
767.0
367.0
277.0
474.0
679.0
1034.0
426.0
82.0
319.0
580.0
275.0
146.0
509.0
181.0
362.0
112.0
424.0
212.0
922.0
1455.0
650.0
372.0
1133.0
443.0
317.0
951.0
5582.0
6071.0
167.0
225.0
1936.0
105.0
85.0
260.0
235.0
340.0
810.0
382.0
364.0
194.0
262.0
203.0
166.0
803.0
388.0
932.0
1326.0
759.0
1511.0
151.0
757.0
380.0
272.0
472.0
642.0
1010.0
435.0
81.0
334.0
541.0
283.0
145.0
498.0
187.0
351.0
119.0
425.0
203.0
865.0
1423.0
644.0
384.0
1222.0
434.0
317.0
902.0
5549.0
5767.0
173.0
223.0
1979.0
104.0
82.0
251.0
235.0
352.0
783.0
377.0
362.0
193.0
286.0
202.0
174.0
842.0
376.0
963.0
1302.0
753.0
1410.0
149.0
809.0
376.0
288.0
473.0
660.0
1009.0
401.0
74.0
335.0
582.0
295.0
143.0
494.0
190.0
359.0
116.0
426.0
197.0
875.0
1409.0
634.0
383.0
1228.0
449.0
319.0
935.0
5108.0
5975.0
166.0
232.0
1967.0
106.0
82.0
243.0
239.0
338.0
795.0
384.0
353.0
193.0
276.0
208.0
164.0
852.0
384.0
968.0
1238.0
759.0
1410.0
149.0
781.0
389.0
273.0
446.0
685.0
1020.0
416.0
80.0
338.0
567.0
278.0
144.0
509.0
183.0
368.0
115.0
429.0
214.0
893.0
1412.0
601.0
357.0
1172.0
440.0
330.0
962.0
5533.0
5989.0
171.0
221.0
1883.0
105.0
86.0
252.0
231.0
354.0
778.0
406.0
351.0
192.0
280.0
196.0
172.0
837.0
373.0
934.0
1328.0
148.0
158.0
161.0
160.0
216.0
166.0
164.0
156.0
290.0
166.0
152.0
144.0
152.0
154.0
141.0
146.0
152.0
151.0
328.0
168.0
160.0
134.0
158.0
150.0
132.0
153.0
272.0
278.0
164.0
144.0
150.0
146.0
154.0
152.0
162.0
148.0
307.0
148.0
297.0
164.0
307.0
284.0
326.0
264.0
312.0
396.0
250.0
271.0
448.0
163.0
158.0
163.0
150.0
150.0
208.0
142.0
160.0
140.0
275.0
152.0
161.0
159.0
158.0
160.0
150.0
169.0
158.0
140.0
274.0
146.0
154.0
154.0
146.0
162.0
138.0
153.0
284.0
310.0
144.0
156.0
148.0
158.0
156.0
162.0
150.0
158.0
309.0
154.0
282.0
156.0
302.0
288.0
302.0
284.0
268.0
394.0
300.0
268.0
424.0
147.0
174.0
157.0
145.0
150.0
234.0
156.0
149.0
156.0
277.0
152.0
146.0
151.0
150.0
151.0
166.0
157.0
150.0
167.0
304.0
142.0
142.0
152.0
156.0
168.0
138.0
134.0
312.0
269.0
162.0
154.0
151.0
139.0
152.0
150.0
172.0
154.0
291.0
172.0
312.0
164.0
294.0
278.0
316.0
310.0
316.0
400.0
297.0
312.0
413.0
157.0
157.0
167.0
154.0
158.0
217.0
160.0
152.0
170.0
324.0
162.0
140.0
148.0
164.0
158.0
160.0
156.0
150.0
152.0
302.0
153.0
144.0
148.0
142.0
154.0
132.0
162.0
282.0
316.0
162.0
156.0
164.0
138.0
168.0
158.0
166.0
160.0
296.0
163.0
270.0
148.0
324.0
271.0
264.0
255.0
264.0
432.0
294.0
289.0
420.0
132.0
166.0
159.0
160.0
150.0
232.0
150.0
156.0
147.0
309.0
142.0
164.0
144.0
143.0
159.0
159.0
144.0
168.0
168.0
288.0
146.0
153.0
151.0
156.0
164.0
155.0
170.0
292.0
303.0
154.0
162.0
150.0
137.0
134.0
142.0
145.0
150.0
298.0
154.0
302.0
146.0
304.0
308.0
266.0
254.0
297.0
404.0
306.0
280.0
426.0
145.0
148.0
146.0
142.0
158.0
232.0
165.0
154.0
146.0
302.0
148.0
168.0
152.0
159.0
172.0
154.0
154.0
160.0
156.0
258.0
168.0
171.0
167.0
174.0
160.0
132.0
172.0
304.0
305.0
162.0
144.0
147.0
145.0
146.0
140.0
166.0
158.0
315.0
171.0
293.0
157.0
300.0
304.0
283.0
262.0
312.0
436.0
317.0
300.0
452.0
156.0
168.0
173.0
154.0
152.0
230.0
155.0
157.0
148.0
282.0
136.0
164.0
156.0
161.0
154.0
159.0
174.0
142.0
158.0
257.0
168.0
155.0
155.0
150.0
146.0
147.0
168.0
288.0
267.0
154.0
152.0
147.0
156.0
150.0
144.0
134.0
145.0
294.0
170.0
306.0
134.0
328.0
298.0
318.0
256.0
276.0
419.0
271.0
296.0
439.0
150.0
152.0
166.0
158.0
152.0
222.0
140.0
153.0
150.0
329.0
160.0
148.0
150.0
136.0
138.0
135.0
158.0
136.0
166.0
272.0
152.0
155.0
150.0
144.0
148.0
148.0
144.0
268.0
273.0
150.0
138.0
156.0
164.0
156.0
162.0
168.0
158.0
306.0
166.0
306.0
155.0
280.0
290.0
320.0
302.0
291.0
432.0
317.0
256.0
407.0
156.0
145.0
158.0
154.0
148.0
214.0
148.0
160.0
154.0
308.0
146.0
162.0
156.0
154.0
135.0
156.0
149.0
170.0
154.0
308.0
140.0
152.0
145.0
157.0
154.0
146.0
136.0
264.0
330.0
156.0
144.0
137.0
144.0
156.0
134.0
133.0
147.0
278.0
152.0
276.0
156.0
266.0
308.0
319.0
297.0
296.0
417.0
267.0
308.0
447.0
156.0
162.0
152.0
154.0
170.0
198.0
156.0
136.0
148.0
268.0
145.0
139.0
171.0
137.0
139.0
164.0
155.0
147.0
156.0
274.0
161.0
156.0
154.0
134.0
156.0
137.0
152.0
278.0
290.0
141.0
152.0
154.0
144.0
154.0
138.0
169.0
162.0
299.0
136.0
304.0
159.0
300.0
325.0
268.0
264.0
258.0
421.0
279.0
303.0
392.0
164.0
153.0
168.0
152.0
166.0
234.0
156.0
156.0
169.0
288.0
158.0
156.0
166.0
144.0
146.0
148.0
164.0
164.0
136.0
294.0
140.0
153.0
148.0
150.0
141.0
124.0
162.0
264.0
286.0
134.0
158.0
154.0
137.0
132.0
160.0
136.0
155.0
273.0
164.0
332.0
151.0
260.0
294.0
308.0
316.0
312.0
414.0
266.0
288.0
446.0
172.0
146.0
168.0
136.0
164.0
230.0
144.0
163.0
143.0
280.0
138.0
144.0
146.0
146.0
152.0
154.0
140.0
156.0
150.0
268.0
174.0
160.0
145.0
158.0
157.0
140.0
154.0
288.0
274.0
160.0
150.0
164.0
152.0
158.0
148.0
143.0
160.0
306.0
150.0
268.0
144.0
304.0
288.0
262.0
262.0
308.0
458.0
308.0
260.0
434.0
156.0
150.0
178.0
146.0
152.0
204.0
142.0
139.0
148.0
306.0
158.0
156.0
144.0
165.0
150.0
154.0
148.0
159.0
151.0
279.0
152.0
162.0
140.0
138.0
147.0
162.0
152.0
324.0
318.0
136.0
146.0
157.0
136.0
162.0
162.0
149.0
142.0
279.0
145.0
276.0
156.0
296.0
286.0
298.0
278.0
322.0
448.0
284.0
290.0
428.0
160.0
153.0
146.0
162.0
168.0
232.0
153.0
146.0
152.0
270.0
164.0
159.0
170.0
143.0
151.0
150.0
152.0
142.0
158.0
293.0
148.0
169.0
148.0
157.0
164.0
122.0
138.0
326.0
316.0
168.0
146.0
163.0
140.0
145.0
148.0
160.0
152.0
284.0
165.0
312.0
152.0
294.0
292.0
272.0
260.0
284.0
442.0
280.0
268.0
441.0
154.0
152.0
180.0
160.0
162.0
220.0
159.0
150.0
156.0
328.0
140.0
142.0
147.0
143.0
140.0
148.0
152.0
136.0
164.0
312.0
152.0
150.0
166.0
142.0
150.0
131.0
164.0
284.0
284.0
150.0
150.0
140.0
147.0
156.0
142.0
151.0
161.0
286.0
160.0
314.0
162.0
314.0
268.0
296.0
267.0
278.0
430.0
270.0
318.0
438.0
134.0
173.0
164.0
150.0
168.0
232.0
136.0
157.0
152.0
264.0
144.0
140.0
163.0
150.0
174.0
158.0
152.0
140.0
148.0
324.0
155.0
162.0
146.0
134.0
160.0
141.0
150.0
258.0
328.0
138.0
152.0
158.0
170.0
150.0
146.0
154.0
140.0
292.0
142.0
271.0
136.0
294.0
306.0
256.0
299.0
313.0
414.0
272.0
282.0
439.0
143.0
165.0
157.0
152.0
144.0
223.0
156.0
148.0
156.0
291.0
156.0
144.0
172.0
166.0
142.0
134.0
150.0
168.0
168.0
330.0
160.0
162.0
160.0
144.0
173.0
138.0
144.0
299.0
312.0
157.0
148.0
176.0
156.0
144.0
156.0
146.0
146.0
270.0
156.0
282.0
152.0
284.0
254.0
322.0
302.0
266.0
425.0
306.0
304.0
382.0
143.0
156.0
156.0
152.0
155.0
204.0
144.0
158.0
148.0
268.0
153.0
144.0
158.0
143.0
159.0
144.0
164.0
156.0
150.0
298.0
151.0
148.0
150.0
143.0
153.0
144.0
142.0
281.0
298.0
158.0
169.0
150.0
144.0
149.0
170.0
162.0
154.0
293.0
144.0
305.0
144.0
265.0
307.0
276.0
298.0
312.0
394.0
300.0
310.0
424.0
153.0
178.0
171.0
151.0
162.0
229.0
158.0
153.0
154.0
277.0
173.0
158.0
171.0
139.0
170.0
143.0
146.0
152.0
165.0
295.0
158.0
158.0
154.0
154.0
160.0
128.0
160.0
289.0
310.0
169.0
160.0
162.0
142.0
154.0
146.0
164.0
154.0
265.0
146.0
278.0
162.0
328.0
282.0
270.0
288.0
262.0
404.0
304.0
249.0
422.0
154.0
168.0
144.0
156.0
134.0
208.0
156.0
160.0
143.0
325.0
154.0
147.0
150.0
157.0
162.0
158.0
145.0
143.0
159.0
288.0
140.0
146.0
150.0
172.0
156.0
134.0
154.0
280.0
287.0
154.0
142.0
138.0
156.0
141.0
167.0
155.0
147.0
286.0
162.0
308.0
160.0
262.0
264.0
313.0
295.0
259.0
380.0
304.0
302.0
486.0
171.0
152.0
144.0
154.0
156.0
218.0
144.0
162.0
144.0
282.0
139.0
148.0
154.0
149.0
170.0
168.0
156.0
158.0
152.0
286.0
134.0
152.0
158.0
155.0
130.0
132.0
154.0
283.0
277.0
172.0
152.0
176.0
146.0
152.0
159.0
143.0
146.0
260.0
153.0
298.0
140.0
254.0
270.0
274.0
286.0
320.0
421.0
320.0
272.0
418.0
160.0
168.0
159.0
154.0
162.0
232.0
142.0
149.0
155.0
270.0
152.0
160.0
142.0
156.0
155.0
166.0
144.0
162.0
136.0
290.0
153.0
162.0
160.0
161.0
169.0
130.0
148.0
317.0
266.0
142.0
158.0
159.0
137.0
154.0
164.0
148.0
163.0
298.0
147.0
283.0
168.0
297.0
306.0
290.0
276.0
308.0
414.0
318.0
309.0
408.0
138.0
162.0
162.0
154.0
135.0
211.0
155.0
151.0
163.0
311.0
158.0
158.0
164.0
157.0
158.0
152.0
157.0
167.0
156.0
280.0
157.0
149.0
158.0
145.0
147.0
149.0
160.0
299.0
318.0
164.0
159.0
162.0
142.0
142.0
164.0
164.0
134.0
320.0
140.0
286.0
152.0
312.0
310.0
299.0
266.0
308.0
410.0
269.0
264.0
408.0
166.0
160.0
142.0
136.0
164.0
223.0
161.0
150.0
160.0
312.0
151.0
152.0
148.0
164.0
170.0
168.0
144.0
146.0
167.0
306.0
153.0
169.0
152.0
158.0
168.0
142.0
156.0
270.0
298.0
150.0
154.0
156.0
162.0
170.0
154.0
154.0
139.0
315.0
166.0
320.0
164.0
292.0
284.0
259.0
281.0
284.0
417.0
280.0
273.0
400.0
156.0
176.0
162.0
134.0
162.0
226.0
140.0
160.0
142.0
284.0
165.0
138.0
158.0
154.0
151.0
174.0
138.0
158.0
142.0
278.0
152.0
156.0
159.0
139.0
165.0
141.0
164.0
294.0
308.0
155.0
142.0
160.0
140.0
158.0
162.0
158.0
174.0
271.0
154.0
275.0
158.0
282.0
270.0
286.0
260.0
286.0
390.0
292.0
288.0
452.0
174.0
168.0
164.0
150.0
160.0
215.0
162.0
146.0
147.0
308.0
152.0
144.0
166.0
146.0
152.0
142.0
156.0
142.0
131.0
292.0
157.0
156.0
132.0
144.0
153.0
155.0
134.0
276.0
290.0
168.0
146.0
154.0
157.0
135.0
154.0
138.0
144.0
312.0
158.0
290.0
170.0
299.0
276.0
269.0
290.0
301.0
424.0
301.0
270.0
466.0
167.0
167.0
168.0
164.0
153.0
214.0
156.0
155.0
156.0
303.0
140.0
156.0
150.0
140.0
144.0
153.0
163.0
166.0
151.0
308.0
155.0
140.0
171.0
164.0
168.0
136.0
165.0
260.0
302.0
148.0
154.0
158.0
162.0
158.0
146.0
135.0
162.0
264.0
155.0
287.0
157.0
314.0
280.0
284.0
300.0
308.0
420.0
276.0
277.0
408.0
136.0
162.0
160.0
154.0
144.0
229.0
141.0
156.0
164.0
303.0
148.0
148.0
166.0
139.0
156.0
156.0
134.0
169.0
164.0
296.0
168.0
148.0
146.0
160.0
152.0
136.0
153.0
271.0
268.0
162.0
143.0
159.0
146.0
152.0
149.0
158.0
159.0
314.0
145.0
290.0
152.0
284.0
290.0
296.0
255.0
300.0
452.0
316.0
298.0
416.0
149.0
154.0
156.0
154.0
167.0
232.0
156.0
150.0
156.0
306.0
144.0
148.0
145.0
170.0
158.0
142.0
148.0
162.0
148.0
295.0
139.0
140.0
166.0
159.0
156.0
156.0
172.0
323.0
288.0
156.0
142.0
150.0
160.0
138.0
140.0
152.0
154.0
324.0
146.0
280.0
156.0
296.0
326.0
308.0
258.0
279.0
458.0
289.0
256.0
462.0
154.0
148.0
173.0
152.0
144.0
236.0
146.0
146.0
157.0
294.0
141.0
156.0
154.0
173.0
151.0
162.0
158.0
148.0
174.0
284.0
170.0
142.0
168.0
144.0
138.0
152.0
162.0
320.0
312.0
138.0
148.0
150.0
140.0
139.0
142.0
174.0
148.0
308.0
147.0
302.0
156.0
292.0
315.0
308.0
303.0
298.0
437.0
287.0
292.0
438.0
164.0
163.0
172.0
158.0
154.0
198.0
142.0
156.0
144.0
263.0
150.0
150.0
160.0
154.0
176.0
152.0
152.0
142.0
156.0
318.0
152.0
148.0
174.0
153.0
144.0
146.0
134.0
295.0
308.0
146.0
162.0
145.0
144.0
154.0
168.0
151.0
146.0
276.0
152.0
314.0
156.0
280.0
256.0
266.0
280.0
312.0
409.0
310.0
304.0
448.0
144.0
150.0
154.0
138.0
156.0
216.0
165.0
158.0
148.0
327.0
159.0
153.0
157.0
142.0
156.0
160.0
139.0
160.0
150.0
267.0
142.0
170.0
168.0
136.0
134.0
148.0
164.0
266.0
323.0
157.0
156.0
138.0
152.0
154.0
148.0
152.0
168.0
325.0
168.0
316.0
174.0
269.0
312.0
262.0
257.0
288.0
404.0
268.0
300.0
413.0
157.0
156.0
167.0
150.0
142.0
201.0
153.0
147.0
144.0
272.0
159.0
166.0
161.0
140.0
132.0
148.0
136.0
151.0
154.0
301.0
163.0
169.0
156.0
138.0
169.0
127.0
155.0
291.0
304.0
168.0
157.0
169.0
158.0
160.0
154.0
158.0
146.0
258.0
158.0
302.0
162.0
276.0
262.0
315.0
266.0
272.0
472.0
271.0
263.0
402.0
146.0
174.0
172.0
151.0
150.0
214.0
151.0
168.0
160.0
294.0
152.0
140.0
132.0
151.0
144.0
138.0
148.0
166.0
137.0
254.0
143.0
159.0
134.0
170.0
140.0
148.0
151.0
320.0
290.0
164.0
171.0
144.0
154.0
148.0
150.0
138.0
141.0
278.0
144.0
266.0
160.0
276.0
296.0
294.0
318.0
300.0
433.0
271.0
283.0
426.0
142.0
174.0
170.0
152.0
161.0
190.0
143.0
152.0
166.0
299.0
156.0
174.0
150.0
167.0
175.0
152.0
157.0
142.0
164.0
278.0
160.0
158.0
158.0
145.0
150.0
146.0
162.0
269.0
298.0
144.0
158.0
160.0
154.0
151.0
160.0
145.0
154.0
284.0
167.0
318.0
146.0
316.0
300.0
282.0
276.0
270.0
441.0
308.0
306.0
423.0
158.0
161.0
159.0
169.0
156.0
226.0
152.0
152.0
134.0
310.0
164.0
170.0
155.0
145.0
154.0
169.0
138.0
138.0
154.0
287.0
160.0
162.0
150.0
146.0
170.0
132.0
156.0
257.0
288.0
159.0
140.0
140.0
164.0
154.0
149.0
136.0
147.0
320.0
156.0
279.0
145.0
314.0
267.0
286.0
310.0
266.0
406.0
317.0
280.0
436.0
156.0
146.0
147.0
158.0
164.0
245.0
155.0
156.0
166.0
323.0
157.0
156.0
153.0
160.0
138.0
151.0
154.0
156.0
147.0
318.0
153.0
159.0
154.0
134.0
155.0
156.0
149.0
284.0
305.0
160.0
160.0
146.0
160.0
149.0
166.0
172.0
138.0
297.0
146.0
292.0
138.0
278.0
306.0
304.0
306.0
308.0
413.0
323.0
322.0
391.0
158.0
154.0
161.0
144.0
150.0
223.0
164.0
154.0
148.0
294.0
168.0
152.0
134.0
163.0
152.0
154.0
162.0
157.0
142.0
262.0
149.0
145.0
170.0
136.0
138.0
142.0
174.0
315.0
261.0
168.0
174.0
168.0
139.0
142.0
172.0
154.0
172.0
300.0
162.0
274.0
148.0
326.0
314.0
318.0
307.0
316.0
464.0
311.0
292.0
473.0
164.0
162.0
164.0
164.0
148.0
224.0
152.0
166.0
154.0
313.0
164.0
150.0
146.0
160.0
148.0
156.0
162.0
152.0
159.0
260.0
162.0
152.0
138.0
164.0
143.0
145.0
144.0
276.0
324.0
139.0
155.0
160.0
150.0
140.0
143.0
151.0
150.0
318.0
148.0
263.0
150.0
319.0
286.0
278.0
244.0
296.0
387.0
272.0
266.0
440.0
158.0
169.0
157.0
160.0
147.0
232.0
156.0
140.0
144.0
312.0
154.0
162.0
142.0
158.0
156.0
149.0
136.0
154.0
143.0
258.0
160.0
144.0
154.0
146.0
156.0
142.0
156.0
302.0
297.0
140.0
164.0
144.0
148.0
145.0
152.0
173.0
170.0
266.0
158.0
281.0
146.0
271.0
253.0
287.0
308.0
270.0
462.0
261.0
300.0
458.0
150.0
158.0
162.0
146.0
150.0
225.0
158.0
158.0
142.0
250.0
160.0
148.0
154.0
158.0
165.0
158.0
172.0
155.0
164.0
261.0
147.0
157.0
163.0
155.0
138.0
151.0
160.0
264.0
304.0
160.0
162.0
154.0
166.0
162.0
157.0
166.0
170.0
312.0
154.0
257.0
160.0
261.0
262.0
331.0
298.0
323.0
409.0
288.0
262.0
426.0
168.0
163.0
156.0
142.0
167.0
202.0
156.0
147.0
164.0
302.0
168.0
152.0
154.0
144.0
158.0
174.0
161.0
150.0
150.0
279.0
153.0
145.0
142.0
171.0
153.0
136.0
155.0
300.0
270.0
138.0
154.0
148.0
151.0
146.0
140.0
140.0
160.0
286.0
144.0
262.0
144.0
328.0
289.0
312.0
274.0
264.0
462.0
318.0
282.0
416.0
154.0
164.0
158.0
154.0
150.0
244.0
148.0
156.0
160.0
306.0
144.0
151.0
156.0
162.0
164.0
155.0
156.0
138.0
152.0
278.0
159.0
170.0
147.0
142.0
134.0
154.0
167.0
275.0
250.0
166.0
172.0
164.0
144.0
152.0
160.0
144.0
166.0
261.0
155.0
268.0
156.0
316.0
268.0
302.0
316.0
315.0
472.0
320.0
272.0
416.0
146.0
156.0
152.0
156.0
142.0
208.0
140.0
164.0
146.0
277.0
150.0
154.0
146.0
140.0
141.0
155.0
158.0
148.0
134.0
292.0
141.0
173.0
159.0
158.0
154.0
128.0
146.0
316.0
317.0
140.0
158.0
153.0
147.0
155.0
164.0
144.0
152.0
266.0
138.0
310.0
155.0
276.0
274.0
296.0
268.0
302.0
413.0
250.0
326.0
444.0
159.0
158.0
152.0
170.0
150.0
226.0
148.0
150.0
146.0
278.0
142.0
152.0
168.0
161.0
169.0
157.0
138.0
170.0
154.0
306.0
154.0
164.0
134.0
141.0
156.0
152.0
155.0
300.0
320.0
166.0
147.0
154.0
152.0
140.0
154.0
166.0
157.0
275.0
150.0
322.0
157.0
281.0
300.0
290.0
304.0
288.0
429.0
272.0
312.0
442.0
162.0
142.0
166.0
154.0
160.0
213.0
170.0
138.0
141.0
315.0
153.0
156.0
160.0
156.0
163.0
155.0
170.0
144.0
156.0
321.0
168.0
161.0
144.0
162.0
140.0
148.0
154.0
280.0
268.0
155.0
144.0
157.0
145.0
156.0
152.0
164.0
146.0
325.0
164.0
261.0
150.0
312.0
292.0
298.0
302.0
306.0
417.0
306.0
266.0
416.0
140.0
156.0
154.0
160.0
150.0
204.0
158.0
157.0
164.0
281.0
135.0
162.0
137.0
175.0
136.0
154.0
132.0
148.0
160.0
318.0
148.0
172.0
159.0
148.0
158.0
151.0
144.0
290.0
288.0
142.0
144.0
148.0
168.0
142.0
166.0
134.0
155.0
324.0
146.0
261.0
148.0
318.0
288.0
264.0
260.0
280.0
460.0
281.0
288.0
414.0
152.0
160.0
150.0
160.0
144.0
202.0
150.0
155.0
152.0
268.0
170.0
154.0
167.0
144.0
162.0
168.0
147.0
142.0
154.0
328.0
150.0
138.0
144.0
157.0
150.0
154.0
160.0
296.0
314.0
161.0
152.0
148.0
148.0
166.0
138.0
174.0
153.0
284.0
150.0
291.0
146.0
299.0
307.0
316.0
285.0
263.0
382.0
295.0
288.0
432.0
156.0
155.0
171.0
154.0
163.0
222.0
170.0
148.0
156.0
332.0
146.0
161.0
147.0
145.0
142.0
160.0
154.0
136.0
148.0
279.0
142.0
152.0
140.0
142.0
162.0
132.0
158.0
308.0
295.0
159.0
156.0
161.0
159.0
151.0
142.0
149.0
152.0
257.0
146.0
314.0
173.0
273.0
304.0
253.0
244.0
260.0
484.0
312.0
329.0
484.0
154.0
169.0
150.0
159.0
154.0
225.0
162.0
148.0
148.0
276.0
167.0
168.0
160.0
157.0
150.0
156.0
166.0
150.0
140.0
308.0
141.0
175.0
142.0
164.0
154.0
154.0
152.0
284.0
304.0
134.0
140.0
144.0
167.0
162.0
166.0
165.0
154.0
262.0
157.0
265.0
170.0
303.0
280.0
319.0
255.0
284.0
448.0
285.0
261.0
475.0
146.0
