I_BRKGA_52_2_50_7_CESP
52 2 50 495.0
32459.5
33075.5
33347.5
30539.5
30775.5
29602.5
36193.5
29125.5
32239.5
35928.5
29762.5
33111.5
33487.5
32307.5
29518.5
34904.5
29555.5
28914.5
35967.5
30066.5
32905.5
35902.5
32110.5
34526.5
34113.5
33507.5
30513.5
29122.5
29683.5
31930.5
32885.5
29116.5
30294.5
34861.5
31805.5
30366.5
29871.5
33601.5
30109.5
29101.5
34077.5
35269.5
35582.5
33665.5
33196.5
33868.5
33859.5
32957.5
35784.5
30965.5
0.021917091963740802
0.017403776923424385
0.022629266943134586
0.016918888664619703
0.022107867678287776
0.017365974841313175
0.020365522586131207
0.017395134475895
0.02183862852418675
0.018843879224237314
0.02063195195969022
0.018725561055149772
0.02194420392698782
0.01854945506257447
0.022008130525717866
0.018080872053235417
0.02072682203860633
0.017303834565154698
0.02185275345879973
0.018629719637499886
0.023041435893457536
0.01689269114934444
0.021483888414995957
0.01741406517870227
0.021210338239457015
0.019867805904599814
0.023753031793184
0.019740496142763703
0.02291269500956698
0.017191190972731724
0.022207424855896548
0.01885690992686726
0.021573532327847384
0.018832974214754928
0.02247649493599349
0.01833631542060218
0.020280621769143345
0.016524096231538218
0.023084692754572003
0.0191168517026868
0.022886609902562312
0.017829712650627123
0.0225844008063511
0.01954946154802372
0.023707648946367732
0.016549039154364127
0.020718997699179065
0.01708200618006505
0.020108688896936275
0.01894654526843076
122.0
110.0
7678.0
62.0
731.0
1437.0
146.0
793.0
383.0
278.0
456.0
680.0
1012.0
428.0
77.0
326.0
567.0
275.0
147.0
515.0
184.0
352.0
113.0
415.0
208.0
846.0
1487.0
633.0
361.0
1177.0
442.0
312.0
959.0
5154.0
5885.0
173.0
229.0
1916.0
105.0
84.0
258.0
246.0
352.0
786.0
395.0
352.0
189.0
285.0
195.0
169.0
849.0
383.0
889.0
1263.0
733.0
1480.0
150.0
761.0
377.0
273.0
458.0
660.0
1005.0
406.0
76.0
329.0
553.0
291.0
145.0
503.0
181.0
350.0
112.0
411.0
207.0
870.0
1409.0
621.0
364.0
1209.0
429.0
307.0
928.0
5137.0
6078.0
168.0
227.0
1854.0
107.0
84.0
260.0
248.0
351.0
772.0
387.0
340.0
182.0
273.0
204.0
173.0
805.0
389.0
910.0
1309.0
728.0
1514.0
149.0
777.0
385.0
276.0
482.0
668.0
1028.0
407.0
81.0
340.0
568.0
284.0
151.0
496.0
187.0
344.0
119.0
427.0
201.0
889.0
1438.0
610.0
387.0
1158.0
423.0
316.0
929.0
5172.0
6083.0
170.0
231.0
1934.0
105.0
81.0
253.0
249.0
349.0
810.0
375.0
358.0
188.0
285.0
196.0
166.0
826.0
379.0
949.0
1320.0
726.0
1512.0
149.0
785.0
387.0
278.0
456.0
685.0
1006.0
421.0
79.0
317.0
547.0
296.0
149.0
502.0
183.0
361.0
114.0
411.0
213.0
924.0
1403.0
608.0
361.0
1146.0
448.0
322.0
962.0
5558.0
5994.0
170.0
229.0
1903.0
106.0
88.0
244.0
247.0
356.0
788.0
400.0
360.0
184.0
278.0
204.0
159.0
801.0
382.0
937.0
1328.0
759.0
1495.0
143.0
749.0
369.0
268.0
468.0
680.0
1014.0
435.0
79.0
344.0
543.0
280.0
147.0
518.0
188.0
356.0
110.0
402.0
210.0
913.0
1493.0
626.0
387.0
1154.0
453.0
318.0
938.0
5178.0
6036.0
174.0
228.0
1951.0
105.0
86.0
257.0
238.0
344.0
812.0
383.0
337.0
191.0
285.0
205.0
164.0
805.0
391.0
963.0
1296.0
749.0
1484.0
142.0
751.0
381.0
268.0
468.0
700.0
996.0
409.0
80.0
321.0
563.0
300.0
151.0
499.0
187.0
352.0
119.0
399.0
205.0
908.0
1481.0
617.0
371.0
1207.0
434.0
321.0
947.0
5219.0
5892.0
173.0
222.0
1887.0
104.0
84.0
252.0
243.0
362.0
818.0
390.0
351.0
183.0
264.0
208.0
165.0
834.0
391.0
960.0
1223.0
752.0
1498.0
150.0
752.0
375.0
286.0
449.0
677.0
1023.0
414.0
79.0
342.0
561.0
293.0
140.0
522.0
185.0
356.0
114.0
424.0
213.0
881.0
1513.0
598.0
355.0
1245.0
445.0
324.0
945.0
5459.0
5638.0
169.0
237.0
1936.0
101.0
86.0
247.0
233.0
357.0
799.0
382.0
359.0
195.0
278.0
209.0
170.0
828.0
388.0
906.0
1326.0
735.0
1492.0
147.0
776.0
375.0
280.0
474.0
691.0
1051.0
406.0
79.0
343.0
576.0
290.0
140.0
491.0
186.0
357.0
119.0
416.0
206.0
886.0
1419.0
627.0
370.0
1179.0
453.0
330.0
951.0
5422.0
5738.0
172.0
230.0
1936.0
103.0
85.0
254.0
232.0
335.0
823.0
397.0
355.0
186.0
268.0
208.0
163.0
770.0
401.0
897.0
1302.0
719.0
1464.0
151.0
764.0
372.0
268.0
461.0
685.0
1026.0
414.0
77.0
315.0
565.0
274.0
147.0
500.0
195.0
346.0
112.0
412.0
209.0
904.0
1437.0
612.0
358.0
1170.0
450.0
325.0
919.0
5374.0
5889.0
172.0
236.0
1864.0
110.0
85.0
258.0
248.0
350.0
799.0
404.0
340.0
185.0
275.0
205.0
172.0
853.0
379.0
892.0
1244.0
752.0
1409.0
147.0
781.0
378.0
276.0
459.0
662.0
1023.0
415.0
79.0
324.0
589.0
291.0
145.0
511.0
186.0
369.0
115.0
407.0
201.0
873.0
1525.0
647.0
381.0
1213.0
431.0
319.0
943.0
5412.0
6102.0
171.0
230.0
1931.0
103.0
85.0
252.0
248.0
352.0
783.0
378.0
349.0
191.0
270.0
197.0
161.0
791.0
387.0
944.0
1280.0
720.0
1437.0
152.0
799.0
386.0
282.0
459.0
663.0
988.0
427.0
80.0
319.0
581.0
295.0
150.0
524.0
185.0
371.0
110.0
395.0
210.0
863.0
1454.0
607.0
389.0
1175.0
458.0
325.0
959.0
5123.0
5714.0
174.0
236.0
1860.0
105.0
83.0
257.0
245.0
331.0
812.0
399.0
360.0
187.0
285.0
193.0
163.0
826.0
384.0
888.0
1242.0
758.0
1496.0
150.0
790.0
378.0
270.0
477.0
693.0
1012.0
421.0
77.0
342.0
553.0
286.0
149.0
482.0
181.0
365.0
111.0
425.0
203.0
854.0
1491.0
594.0
365.0
1251.0
438.0
332.0
958.0
5448.0
5906.0
169.0
217.0
1915.0
108.0
84.0
248.0
234.0
357.0
779.0
387.0
347.0
187.0
286.0
199.0
162.0
850.0
386.0
916.0
1255.0
745.0
1507.0
154.0
784.0
379.0
284.0
456.0
666.0
1041.0
424.0
77.0
341.0
544.0
292.0
148.0
515.0
181.0
370.0
116.0
396.0
197.0
899.0
1506.0
603.0
379.0
1251.0
450.0
316.0
922.0
5309.0
5710.0
164.0
229.0
1943.0
107.0
87.0
257.0
242.0
347.0
815.0
383.0
341.0
183.0
285.0
198.0
162.0
826.0
380.0
893.0
1221.0
723.0
1463.0
150.0
807.0
383.0
277.0
474.0
670.0
975.0
436.0
76.0
329.0
584.0
299.0
141.0
509.0
187.0
352.0
117.0
410.0
211.0
879.0
1496.0
626.0
386.0
1202.0
434.0
326.0
916.0
5183.0
5743.0
172.0
227.0
1862.0
103.0
86.0
248.0
240.0
355.0
770.0
374.0
359.0
185.0
266.0
204.0
161.0
839.0
383.0
957.0
1230.0
769.0
1430.0
152.0
788.0
384.0
276.0
464.0
663.0
1042.0
419.0
81.0
333.0
543.0
297.0
147.0
510.0
188.0
350.0
114.0
402.0
206.0
853.0
1408.0
600.0
382.0
1211.0
454.0
326.0
930.0
5524.0
5810.0
175.0
238.0
1962.0
102.0
82.0
249.0
241.0
350.0
776.0
377.0
364.0
183.0
282.0
195.0
169.0
778.0
376.0
937.0
1332.0
740.0
1490.0
154.0
792.0
388.0
271.0
456.0
673.0
998.0
407.0
78.0
329.0
549.0
277.0
144.0
506.0
183.0
371.0
113.0
419.0
211.0
874.0
1422.0
600.0
384.0
1227.0
455.0
313.0
923.0
5451.0
6082.0
165.0
231.0
1863.0
105.0
83.0
255.0
252.0
358.0
821.0
383.0
357.0
185.0
277.0
206.0
165.0
813.0
387.0
897.0
1214.0
719.0
1513.0
153.0
809.0
379.0
273.0
479.0
674.0
991.0
424.0
80.0
315.0
573.0
277.0
150.0
495.0
191.0
375.0
111.0
399.0
210.0
850.0
1501.0
622.0
365.0
1229.0
436.0
311.0
944.0
5093.0
6144.0
170.0
222.0
1946.0
101.0
82.0
262.0
252.0
345.0
830.0
395.0
355.0
193.0
273.0
209.0
162.0
795.0
381.0
889.0
1297.0
762.0
1452.0
146.0
752.0
380.0
265.0
451.0
682.0
1019.0
435.0
82.0
330.0
549.0
289.0
145.0
507.0
186.0
362.0
112.0
409.0
200.0
922.0
1494.0
600.0
366.0
1232.0
443.0
310.0
971.0
5407.0
5702.0
173.0
229.0
1874.0
105.0
88.0
247.0
252.0
355.0
802.0
376.0
356.0
187.0
276.0
204.0
164.0
824.0
389.0
931.0
1316.0
746.0
1450.0
149.0
779.0
387.0
288.0
459.0
685.0
1000.0
437.0
77.0
317.0
537.0
281.0
152.0
513.0
181.0
363.0
116.0
409.0
212.0
880.0
1538.0
600.0
379.0
1163.0
448.0
310.0
968.0
5091.0
6134.0
174.0
235.0
1987.0
106.0
86.0
257.0
245.0
344.0
777.0
393.0
336.0
184.0
276.0
205.0
161.0
791.0
386.0
952.0
1327.0
764.0
1500.0
142.0
768.0
374.0
268.0
467.0
673.0
1056.0
420.0
80.0
323.0
555.0
277.0
144.0
506.0
190.0
359.0
119.0
420.0
208.0
929.0
1432.0
640.0
387.0
1136.0
445.0
327.0
961.0
5244.0
5800.0
173.0
229.0
1854.0
106.0
84.0
263.0
238.0
343.0
780.0
382.0
348.0
181.0
275.0
206.0
167.0
814.0
377.0
941.0
1287.0
717.0
1472.0
149.0
812.0
376.0
286.0
459.0
690.0
1004.0
405.0
82.0
326.0
554.0
289.0
144.0
500.0
183.0
371.0
117.0
410.0
196.0
927.0
1454.0
638.0
365.0
1140.0
446.0
309.0
892.0
5292.0
5584.0
174.0
229.0
1874.0
103.0
81.0
263.0
248.0
345.0
765.0
405.0
364.0
182.0
284.0
202.0
163.0
772.0
382.0
896.0
1331.0
723.0
1440.0
154.0
801.0
374.0
272.0
457.0
663.0
998.0
414.0
76.0
321.0
563.0
303.0
150.0
500.0
187.0
370.0
116.0
412.0
201.0
877.0
1480.0
591.0
368.0
1151.0
427.0
307.0
914.0
5323.0
5873.0
168.0
227.0
1924.0
106.0
83.0
254.0
230.0
349.0
776.0
398.0
346.0
185.0
264.0
204.0
171.0
789.0
394.0
973.0
1282.0
746.0
1409.0
151.0
772.0
364.0
275.0
464.0
656.0
1005.0
416.0
81.0
337.0
552.0
300.0
147.0
506.0
178.0
361.0
117.0
420.0
208.0
904.0
1440.0
591.0
380.0
1249.0
458.0
315.0
963.0
5280.0
5698.0
165.0
231.0
1856.0
106.0
87.0
258.0
238.0
347.0
782.0
387.0
364.0
192.0
271.0
202.0
166.0
838.0
396.0
948.0
1300.0
774.0
1472.0
146.0
766.0
376.0
269.0
457.0
662.0
996.0
411.0
79.0
340.0
543.0
293.0
142.0
497.0
185.0
345.0
113.0
427.0
197.0
864.0
1410.0
598.0
363.0
1232.0
438.0
321.0
986.0
5488.0
5967.0
168.0
225.0
1987.0
109.0
81.0
263.0
243.0
342.0
797.0
407.0
364.0
188.0
267.0
196.0
160.0
807.0
386.0
916.0
1228.0
764.0
1494.0
145.0
808.0
388.0
277.0
462.0
689.0
996.0
415.0
82.0
341.0
543.0
280.0
147.0
507.0
186.0
368.0
114.0
398.0
205.0
881.0
1463.0
600.0
359.0
1240.0
457.0
329.0
925.0
5302.0
5587.0
169.0
226.0
1926.0
104.0
87.0
245.0
244.0
342.0
812.0
377.0
348.0
189.0
268.0
201.0
164.0
776.0
373.0
896.0
1268.0
722.0
1421.0
147.0
809.0
383.0
278.0
458.0
672.0
1058.0
427.0
76.0
326.0
589.0
274.0
147.0
512.0
187.0
351.0
112.0
413.0
208.0
903.0
1440.0
633.0
387.0
1220.0
445.0
313.0
985.0
5084.0
6014.0
170.0
222.0
1835.0
106.0
83.0
249.0
249.0
357.0
798.0
380.0
346.0
188.0
261.0
199.0
161.0
822.0
387.0
918.0
1242.0
770.0
1432.0
152.0
770.0
382.0
277.0
447.0
661.0
1018.0
429.0
76.0
321.0
570.0
283.0
145.0
520.0
189.0
354.0
114.0
420.0
210.0
849.0
1481.0
629.0
353.0
1228.0
439.0
308.0
902.0
5278.0
5909.0
176.0
234.0
1824.0
104.0
88.0
253.0
240.0
352.0
821.0
373.0
362.0
185.0
272.0
208.0
171.0
837.0
384.0
882.0
1331.0
732.0
1438.0
147.0
794.0
387.0
271.0
445.0
663.0
1011.0
423.0
78.0
318.0
554.0
290.0
144.0
496.0
194.0
349.0
115.0
403.0
203.0
896.0
1534.0
600.0
374.0
1199.0
456.0
315.0
903.0
5395.0
5588.0
166.0
228.0
1915.0
106.0
86.0
263.0
249.0
360.0
827.0
373.0
355.0
192.0
261.0
194.0
167.0
840.0
376.0
892.0
1319.0
727.0
1419.0
146.0
758.0
382.0
277.0
458.0
685.0
1009.0
432.0
78.0
345.0
546.0
287.0
145.0
501.0
189.0
344.0
113.0
406.0
210.0
891.0
1518.0
608.0
353.0
1155.0
443.0
308.0
968.0
5230.0
6103.0
167.0
231.0
1941.0
105.0
87.0
256.0
246.0
349.0
804.0
395.0
338.0
191.0
282.0
199.0
170.0
825.0
372.0
892.0
1316.0
738.0
1481.0
152.0
757.0
388.0
272.0
461.0
679.0
1054.0
420.0
74.0
333.0
557.0
300.0
146.0
517.0
190.0
359.0
115.0
395.0
201.0
920.0
1491.0
644.0
367.0
1155.0
462.0
321.0
953.0
5150.0
6142.0
168.0
233.0
1982.0
103.0
82.0
262.0
236.0
344.0
781.0
381.0
357.0
187.0
266.0
207.0
163.0
774.0
394.0
905.0
1281.0
734.0
1449.0
147.0
773.0
380.0
285.0
455.0
655.0
1043.0
419.0
79.0
315.0
592.0
294.0
142.0
494.0
184.0
358.0
119.0
429.0
211.0
896.0
1469.0
648.0
372.0
1192.0
432.0
313.0
940.0
5489.0
5907.0
164.0
238.0
1936.0
108.0
86.0
244.0
235.0
345.0
787.0
377.0
350.0
185.0
277.0
196.0
160.0
817.0
375.0
956.0
1314.0
710.0
1468.0
144.0
800.0
387.0
281.0
453.0
690.0
1003.0
400.0
76.0
333.0
557.0
294.0
149.0
514.0
180.0
357.0
111.0
398.0
209.0
923.0
1430.0
636.0
371.0
1138.0
439.0
325.0
919.0
5467.0
5863.0
173.0
224.0
1952.0
106.0
84.0
258.0
236.0
349.0
755.0
407.0
342.0
194.0
271.0
210.0
163.0
773.0
402.0
917.0
1326.0
765.0
1419.0
144.0
768.0
378.0
286.0
459.0
670.0
1022.0
422.0
79.0
318.0
585.0
283.0
145.0
500.0
184.0
353.0
117.0
417.0
210.0
899.0
1443.0
629.0
380.0
1171.0
440.0
318.0
900.0
5073.0
5724.0
169.0
225.0
1850.0
108.0
81.0
250.0
240.0
344.0
801.0
401.0
335.0
190.0
271.0
197.0
160.0
799.0
398.0
903.0
1230.0
734.0
1444.0
146.0
772.0
371.0
277.0
466.0
686.0
1005.0
432.0
80.0
313.0
548.0
300.0
144.0
509.0
185.0
360.0
117.0
426.0
212.0
897.0
1422.0
618.0
371.0
1161.0
442.0
319.0
923.0
5274.0
5974.0
172.0
236.0
1960.0
106.0
86.0
256.0
240.0
348.0
782.0
390.0
346.0
186.0
262.0
195.0
159.0
828.0
395.0
961.0
1231.0
727.0
1425.0
149.0
779.0
370.0
279.0
487.0
677.0
1050.0
400.0
80.0
336.0
578.0
294.0
146.0
503.0
183.0
369.0
117.0
402.0
198.0
894.0
1447.0
603.0
356.0
1204.0
441.0
306.0
973.0
5243.0
5918.0
176.0
227.0
1909.0
108.0
82.0
251.0
229.0
359.0
769.0
399.0
346.0
195.0
267.0
197.0
162.0
784.0
402.0
961.0
1300.0
768.0
1511.0
152.0
773.0
383.0
270.0
448.0
657.0
1049.0
396.0
80.0
344.0
542.0
285.0
147.0
491.0
180.0
356.0
111.0
404.0
199.0
916.0
1459.0
641.0
379.0
1163.0
431.0
322.0
914.0
5473.0
6077.0
167.0
222.0
1867.0
108.0
81.0
258.0
232.0
345.0
811.0
384.0
346.0
189.0
277.0
196.0
173.0
774.0
400.0
905.0
1223.0
743.0
1513.0
151.0
800.0
378.0
280.0
459.0
670.0
1019.0
424.0
76.0
333.0
573.0
294.0
150.0
494.0
192.0
362.0
115.0
417.0
201.0
927.0
1542.0
603.0
384.0
1183.0
452.0
313.0
970.0
5247.0
5641.0
164.0
226.0
1817.0
104.0
85.0
258.0
234.0
354.0
824.0
398.0
339.0
182.0
281.0
196.0
171.0
811.0
401.0
914.0
1227.0
728.0
1483.0
151.0
798.0
381.0
267.0
461.0
684.0
1040.0
401.0
78.0
335.0
538.0
301.0
148.0
502.0
183.0
362.0
115.0
400.0
212.0
880.0
1424.0
589.0
375.0
1163.0
440.0
323.0
939.0
5297.0
5577.0
179.0
227.0
1968.0
106.0
84.0
263.0
237.0
336.0
796.0
383.0
359.0
193.0
283.0
202.0
172.0
827.0
398.0
915.0
1240.0
734.0
1409.0
149.0
788.0
377.0
281.0
465.0
657.0
1037.0
425.0
82.0
329.0
582.0
297.0
147.0
504.0
186.0
372.0
111.0
395.0
199.0
865.0
1407.0
596.0
380.0
1239.0
437.0
317.0
958.0
5473.0
5878.0
177.0
228.0
1969.0
110.0
85.0
263.0
246.0
347.0
829.0
392.0
353.0
183.0
282.0
191.0
165.0
779.0
379.0
962.0
1243.0
719.0
1512.0
146.0
749.0
372.0
282.0
465.0
679.0
980.0
436.0
76.0
335.0
535.0
283.0
151.0
527.0
183.0
357.0
119.0
407.0
208.0
892.0
1461.0
595.0
353.0
1253.0
427.0
311.0
937.0
5257.0
6142.0
168.0
227.0
1934.0
107.0
83.0
250.0
250.0
349.0
769.0
389.0
362.0
189.0
277.0
208.0
169.0
834.0
385.0
914.0
1215.0
732.0
1425.0
145.0
802.0
392.0
268.0
461.0
692.0
1039.0
429.0
77.0
317.0
555.0
295.0
141.0
512.0
189.0
357.0
116.0
429.0
211.0
930.0
1398.0
591.0
381.0
1221.0
442.0
322.0
900.0
5488.0
6057.0
169.0
237.0
1829.0
107.0
85.0
248.0
243.0
337.0
781.0
389.0
346.0
190.0
285.0
206.0
170.0
841.0
389.0
899.0
1341.0
734.0
1460.0
147.0
775.0
365.0
284.0
467.0
677.0
992.0
438.0
76.0
338.0
573.0
283.0
142.0
499.0
191.0
359.0
114.0
426.0
197.0
848.0
1519.0
647.0
360.0
1179.0
446.0
315.0
944.0
5497.0
5705.0
176.0
220.0
1911.0
105.0
83.0
247.0
229.0
349.0
801.0
388.0
358.0
189.0
263.0
207.0
165.0
812.0
392.0
906.0
1328.0
732.0
1445.0
149.0
809.0
383.0
285.0
478.0
677.0
1060.0
410.0
77.0
338.0
536.0
294.0
148.0
509.0
186.0
350.0
114.0
404.0
205.0
861.0
1441.0
648.0
390.0
1229.0
426.0
319.0
969.0
5595.0
6076.0
167.0
230.0
1923.0
108.0
83.0
259.0
251.0
343.0
808.0
377.0
344.0
185.0
274.0
211.0
165.0
775.0
379.0
885.0
1296.0
753.0
1496.0
149.0
790.0
387.0
278.0
464.0
686.0
1016.0
432.0
77.0
321.0
563.0
285.0
147.0
493.0
188.0
368.0
116.0
425.0
199.0
873.0
1526.0
623.0
357.0
1160.0
446.0
323.0
929.0
5242.0
5749.0
169.0
229.0
1844.0
107.0
84.0
248.0
243.0
339.0
815.0
378.0
342.0
188.0
284.0
201.0
171.0
798.0
393.0
924.0
1251.0
748.0
1492.0
151.0
772.0
374.0
281.0
469.0
657.0
978.0
400.0
81.0
330.0
587.0
283.0
142.0
511.0
180.0
362.0
113.0
396.0
198.0
909.0
1417.0
640.0
383.0
1174.0
442.0
318.0
969.0
5600.0
6157.0
167.0
224.0
1966.0
106.0
87.0
244.0
248.0
331.0
782.0
393.0
336.0
185.0
263.0
201.0
162.0
836.0
383.0
908.0
1212.0
735.0
1411.0
147.0
763.0
379.0
267.0
458.0
686.0
968.0
412.0
80.0
322.0
590.0
279.0
144.0
513.0
186.0
341.0
115.0
418.0
198.0
855.0
1511.0
616.0
361.0
1202.0
449.0
313.0
929.0
5444.0
5777.0
170.0
225.0
1853.0
107.0
85.0
259.0
231.0
357.0
801.0
403.0
359.0
189.0
280.0
202.0
165.0
804.0
386.0
930.0
1282.0
721.0
1496.0
150.0
784.0
362.0
269.0
464.0
689.0
1028.0
425.0
81.0
328.0
572.0
303.0
151.0
490.0
189.0
365.0
113.0
423.0
202.0
868.0
1404.0
595.0
378.0
1159.0
439.0
328.0
914.0
5359.0
6076.0
167.0
228.0
1897.0
103.0
83.0
262.0
250.0
356.0
787.0
391.0
348.0
193.0
272.0
197.0
169.0
771.0
385.0
890.0
1242.0
755.0
1460.0
147.0
780.0
376.0
286.0
459.0
670.0
1028.0
433.0
80.0
313.0
547.0
278.0
149.0
508.0
189.0
373.0
111.0
407.0
204.0
879.0
1465.0
625.0
367.0
1167.0
446.0
317.0
967.0
5275.0
6144.0
168.0
220.0
1965.0
105.0
84.0
264.0
234.0
363.0
786.0
373.0
345.0
197.0
268.0
199.0
163.0
844.0
403.0
960.0
1250.0
752.0
1507.0
148.0
804.0
374.0
275.0
466.0
669.0
1039.0
409.0
77.0
318.0
589.0
275.0
149.0
486.0
187.0
357.0
114.0
415.0
200.0
852.0
1499.0
602.0
378.0
1245.0
435.0
316.0
941.0
5275.0
5692.0
165.0
223.0
1859.0
109.0
87.0
263.0
234.0
345.0
798.0
381.0
352.0
195.0
285.0
196.0
163.0
797.0
391.0
950.0
1222.0
766.0
1526.0
145.0
791.0
372.0
282.0
457.0
675.0
994.0
423.0
77.0
345.0
569.0
294.0
149.0
511.0
191.0
354.0
114.0
416.0
212.0
929.0
1511.0
607.0
371.0
1177.0
450.0
319.0
966.0
5165.0
5643.0
167.0
226.0
1948.0
106.0
86.0
259.0
242.0
348.0
800.0
406.0
363.0
186.0
262.0
195.0
163.0
803.0
392.0
899.0
1298.0
143.0
161.0
150.0
153.0
209.0
140.0
145.0
163.0
261.0
156.0
158.0
153.0
133.0
149.0
151.0
148.0
147.0
140.0
266.0
160.0
142.0
154.0
166.0
161.0
150.0
163.0
310.0
285.0
146.0
160.0
158.0
168.0
150.0
154.0
144.0
152.0
303.0
152.0
260.0
164.0
296.0
272.0
271.0
260.0
300.0
428.0
262.0
286.0
437.0
144.0
164.0
168.0
148.0
157.0
208.0
153.0
158.0
146.0
278.0
154.0
158.0
171.0
151.0
154.0
160.0
172.0
138.0
148.0
329.0
154.0
152.0
156.0
146.0
160.0
139.0
142.0
316.0
287.0
168.0
153.0
155.0
156.0
146.0
163.0
154.0
146.0
294.0
164.0
292.0
160.0
299.0
274.0
310.0
287.0
276.0
460.0
262.0
304.0
468.0
142.0
147.0
140.0
153.0
168.0
220.0
170.0
143.0
159.0
300.0
164.0
170.0
160.0
150.0
158.0
138.0
166.0
140.0
142.0
298.0
173.0
171.0
150.0
148.0
152.0
144.0
160.0
317.0
311.0
164.0
162.0
154.0
144.0
150.0
150.0
148.0
162.0
282.0
137.0
321.0
158.0
287.0
290.0
320.0
265.0
266.0
406.0
272.0
302.0
398.0
164.0
152.0
161.0
146.0
158.0
234.0
148.0
146.0
146.0
304.0
149.0
158.0
148.0
156.0
166.0
140.0
164.0
161.0
169.0
276.0
138.0
148.0
157.0
174.0
148.0
149.0
166.0
260.0
260.0
154.0
168.0
140.0
164.0
137.0
153.0
154.0
153.0
306.0
164.0
275.0
162.0
302.0
270.0
279.0
245.0
294.0
440.0
294.0
294.0
430.0
134.0
170.0
167.0
157.0
162.0
240.0
152.0
164.0
165.0
256.0
158.0
159.0
164.0
162.0
166.0
164.0
162.0
171.0
155.0
304.0
152.0
166.0
157.0
150.0
148.0
154.0
165.0
272.0
260.0
154.0
156.0
154.0
158.0
154.0
160.0
158.0
156.0
278.0
170.0
291.0
152.0
279.0
326.0
294.0
281.0
306.0
426.0
262.0
328.0
417.0
156.0
164.0
161.0
144.0
148.0
236.0
144.0
138.0
150.0
304.0
142.0
160.0
154.0
148.0
158.0
160.0
138.0
161.0
151.0
294.0
162.0
145.0
152.0
172.0
166.0
136.0
162.0
288.0
284.0
148.0
162.0
138.0
132.0
158.0
171.0
158.0
139.0
296.0
159.0
278.0
150.0
309.0
270.0
255.0
287.0
292.0
414.0
275.0
272.0
450.0
160.0
156.0
148.0
151.0
156.0
216.0
162.0
154.0
152.0
320.0
154.0
134.0
150.0
154.0
162.0
158.0
174.0
166.0
168.0
308.0
143.0
140.0
155.0
132.0
136.0
132.0
172.0
276.0
299.0
160.0
146.0
140.0
168.0
168.0
163.0
152.0
138.0
310.0
148.0
262.0
158.0
270.0
302.0
286.0
257.0
262.0
369.0
282.0
296.0
433.0
152.0
172.0
152.0
159.0
164.0
208.0
142.0
158.0
143.0
296.0
149.0
160.0
140.0
160.0
155.0
164.0
144.0
148.0
141.0
309.0
150.0
145.0
158.0
145.0
156.0
146.0
154.0
297.0
292.0
152.0
169.0
158.0
153.0
136.0
143.0
152.0
158.0
302.0
139.0
278.0
154.0
300.0
284.0
290.0
294.0
289.0
410.0
318.0
318.0
455.0
168.0
165.0
149.0
140.0
158.0
208.0
160.0
156.0
162.0
276.0
156.0
159.0
158.0
172.0
152.0
168.0
164.0
160.0
161.0
281.0
147.0
162.0
162.0
148.0
144.0
139.0
160.0
282.0
296.0
150.0
146.0
154.0
156.0
145.0
145.0
142.0
161.0
310.0
157.0
316.0
141.0
318.0
275.0
280.0
259.0
268.0
422.0
278.0
250.0
432.0
154.0
156.0
164.0
157.0
151.0
232.0
166.0
164.0
160.0
274.0
160.0
142.0
152.0
150.0
146.0
151.0
160.0
164.0
158.0
302.0
139.0
146.0
168.0
140.0
141.0
137.0
164.0
306.0
300.0
143.0
148.0
154.0
160.0
142.0
157.0
152.0
168.0
292.0
163.0
320.0
154.0
270.0
316.0
309.0
268.0
318.0
444.0
328.0
298.0
440.0
149.0
158.0
148.0
148.0
158.0
217.0
138.0
142.0
146.0
310.0
136.0
164.0
157.0
169.0
166.0
150.0
164.0
172.0
157.0
263.0
166.0
147.0
156.0
140.0
141.0
150.0
167.0
264.0
251.0
140.0
156.0
168.0
158.0
159.0
156.0
149.0
148.0
282.0
154.0
254.0
133.0
294.0
286.0
274.0
255.0
287.0
430.0
284.0
260.0
384.0
150.0
161.0
160.0
152.0
144.0
228.0
150.0
150.0
158.0
313.0
154.0
158.0
169.0
160.0
151.0
138.0
156.0
166.0
154.0
272.0
148.0
149.0
144.0
148.0
151.0
137.0
160.0
287.0
282.0
168.0
141.0
158.0
156.0
166.0
166.0
160.0
138.0
260.0
150.0
266.0
138.0
309.0
276.0
276.0
240.0
321.0
454.0
308.0
302.0
397.0
160.0
174.0
153.0
160.0
159.0
240.0
159.0
160.0
167.0
290.0
158.0
148.0
167.0
146.0
161.0
158.0
151.0
142.0
161.0
248.0
158.0
150.0
155.0
138.0
154.0
130.0
156.0
300.0
281.0
154.0
145.0
154.0
144.0
150.0
147.0
160.0
150.0
306.0
154.0
305.0
155.0
298.0
289.0
264.0
281.0
266.0
439.0
315.0
288.0
460.0
156.0
166.0
164.0
161.0
148.0
216.0
160.0
148.0
159.0
264.0
174.0
142.0
132.0
154.0
157.0
154.0
153.0
154.0
151.0
289.0
141.0
154.0
147.0
148.0
152.0
160.0
153.0
306.0
316.0
171.0
144.0
132.0
163.0
152.0
165.0
156.0
158.0
268.0
168.0
269.0
156.0
279.0
270.0
280.0
276.0
282.0
386.0
332.0
288.0
430.0
162.0
160.0
165.0
160.0
163.0
225.0
172.0
141.0
160.0
302.0
152.0
148.0
166.0
133.0
152.0
142.0
148.0
162.0
166.0
318.0
154.0
158.0
151.0
147.0
158.0
138.0
168.0
274.0
258.0
144.0
152.0
162.0
160.0
156.0
155.0
164.0
138.0
268.0
154.0
280.0
144.0
270.0
305.0
290.0
286.0
265.0
393.0
291.0
300.0
376.0
153.0
176.0
147.0
142.0
164.0
228.0
152.0
140.0
164.0
322.0
158.0
160.0
153.0
160.0
142.0
160.0
165.0
148.0
149.0
264.0
166.0
152.0
142.0
146.0
152.0
128.0
154.0
270.0
299.0
161.0
154.0
144.0
156.0
150.0
160.0
132.0
155.0
298.0
156.0
289.0
146.0
284.0
300.0
320.0
246.0
292.0
398.0
284.0
288.0
411.0
145.0
159.0
168.0
153.0
157.0
240.0
151.0
144.0
155.0
268.0
162.0
158.0
164.0
164.0
147.0
150.0
140.0
158.0
171.0
254.0
160.0
165.0
172.0
152.0
146.0
148.0
148.0
297.0
297.0
140.0
158.0
138.0
138.0
170.0
142.0
171.0
154.0
310.0
158.0
252.0
153.0
286.0
290.0
304.0
270.0
316.0
430.0
305.0
323.0
402.0
154.0
166.0
170.0
143.0
138.0
240.0
170.0
165.0
154.0
296.0
167.0
149.0
156.0
152.0
158.0
150.0
161.0
147.0
156.0
290.0
132.0
164.0
136.0
174.0
154.0
146.0
176.0
318.0
274.0
148.0
160.0
156.0
146.0
169.0
144.0
148.0
132.0
284.0
144.0
287.0
166.0
285.0
286.0
257.0
292.0
281.0
386.0
300.0
314.0
431.0
154.0
164.0
175.0
163.0
141.0
214.0
160.0
168.0
166.0
296.0
156.0
166.0
152.0
148.0
140.0
160.0
146.0
138.0
146.0
276.0
144.0
160.0
146.0
148.0
158.0
132.0
147.0
314.0
281.0
140.0
146.0
156.0
142.0
152.0
143.0
167.0
152.0
265.0
154.0
254.0
151.0
310.0
317.0
293.0
304.0
266.0
400.0
282.0
306.0
376.0
167.0
172.0
173.0
143.0
159.0
215.0
141.0
168.0
150.0
306.0
146.0
152.0
152.0
146.0
154.0
146.0
160.0
160.0
130.0
314.0
154.0
157.0
138.0
136.0
156.0
151.0
158.0
322.0
264.0
153.0
152.0
148.0
166.0
156.0
156.0
146.0
155.0
280.0
154.0
280.0
138.0
308.0
280.0
266.0
305.0
294.0
463.0
314.0
270.0
458.0
144.0
164.0
160.0
160.0
149.0
238.0
158.0
167.0
142.0
284.0
150.0
160.0
144.0
145.0
170.0
160.0
150.0
162.0
174.0
304.0
170.0
156.0
166.0
156.0
148.0
154.0
136.0
320.0
271.0
151.0
139.0
152.0
174.0
162.0
156.0
163.0
144.0
306.0
146.0
302.0
150.0
298.0
264.0
272.0
280.0
292.0
378.0
306.0
275.0
390.0
160.0
171.0
152.0
150.0
160.0
200.0
150.0
163.0
149.0
266.0
154.0
161.0
145.0
150.0
156.0
146.0
169.0
158.0
150.0
271.0
156.0
164.0
156.0
150.0
150.0
148.0
157.0
324.0
284.0
144.0
166.0
154.0
152.0
158.0
154.0
151.0
148.0
288.0
170.0
317.0
159.0
316.0
322.0
276.0
296.0
266.0
430.0
308.0
324.0
454.0
148.0
152.0
159.0
162.0
142.0
212.0
149.0
151.0
152.0
302.0
148.0
136.0
147.0
166.0
159.0
150.0
146.0
142.0
164.0
294.0
153.0
172.0
166.0
164.0
150.0
146.0
166.0
309.0
320.0
146.0
157.0
150.0
162.0
147.0
152.0
166.0
149.0
294.0
138.0
308.0
163.0
283.0
308.0
268.0
266.0
272.0
396.0
300.0
325.0
457.0
138.0
159.0
148.0
158.0
160.0
224.0
154.0
160.0
160.0
252.0
146.0
157.0
176.0
146.0
163.0
146.0
154.0
161.0
156.0
298.0
163.0
152.0
159.0
166.0
162.0
150.0
159.0
272.0
289.0
160.0
156.0
132.0
156.0
144.0
152.0
148.0
164.0
269.0
150.0
268.0
154.0
300.0
289.0
306.0
265.0
316.0
412.0
284.0
278.0
438.0
146.0
144.0
168.0
156.0
152.0
206.0
166.0
162.0
134.0
296.0
140.0
158.0
170.0
150.0
164.0
143.0
156.0
140.0
158.0
268.0
166.0
148.0
148.0
140.0
146.0
151.0
158.0
310.0
290.0
148.0
141.0
146.0
158.0
149.0
142.0
144.0
143.0
277.0
152.0
262.0
160.0
295.0
274.0
283.0
296.0
312.0
443.0
294.0
290.0
410.0
149.0
162.0
156.0
158.0
152.0
244.0
154.0
144.0
152.0
278.0
150.0
148.0
153.0
160.0
154.0
170.0
159.0
164.0
146.0
261.0
139.0
161.0
157.0
156.0
149.0
138.0
142.0
282.0
270.0
158.0
136.0
160.0
140.0
158.0
160.0
154.0
148.0
306.0
150.0
330.0
162.0
299.0
283.0
264.0
292.0
278.0
416.0
252.0
312.0
401.0
162.0
160.0
164.0
150.0
158.0
230.0
164.0
157.0
150.0
324.0
153.0
146.0
145.0
156.0
167.0
154.0
158.0
151.0
154.0
262.0
145.0
166.0
146.0
169.0
150.0
150.0
151.0
256.0
329.0
149.0
146.0
158.0
148.0
171.0
168.0
156.0
148.0
313.0
160.0
293.0
140.0
284.0
313.0
308.0
267.0
293.0
418.0
304.0
269.0
425.0
167.0
160.0
148.0
144.0
146.0
228.0
150.0
160.0
162.0
272.0
152.0
160.0
140.0
142.0
175.0
156.0
156.0
143.0
142.0
315.0
154.0
148.0
148.0
171.0
156.0
142.0
144.0
268.0
306.0
158.0
162.0
146.0
150.0
142.0
150.0
158.0
157.0
302.0
160.0
302.0
138.0
297.0
282.0
298.0
271.0
304.0
446.0
280.0
287.0
432.0
161.0
158.0
166.0
137.0
157.0
222.0
156.0
154.0
146.0
305.0
161.0
158.0
145.0
157.0
158.0
164.0
162.0
157.0
156.0
318.0
167.0
147.0
173.0
150.0
171.0
134.0
162.0
298.0
326.0
164.0
161.0
144.0
162.0
134.0
162.0
156.0
158.0
324.0
144.0
282.0
152.0
276.0
306.0
303.0
288.0
266.0
410.0
300.0
309.0
467.0
156.0
158.0
176.0
144.0
147.0
200.0
154.0
149.0
161.0
284.0
160.0
158.0
164.0
165.0
155.0
148.0
135.0
141.0
150.0
276.0
142.0
154.0
148.0
162.0
157.0
142.0
152.0
282.0
319.0
160.0
146.0
166.0
172.0
166.0
160.0
154.0
141.0
318.0
136.0
324.0
142.0
297.0
289.0
316.0
302.0
329.0
481.0
264.0
274.0
446.0
160.0
150.0
147.0
168.0
155.0
214.0
140.0
133.0
158.0
294.0
154.0
139.0
150.0
160.0
160.0
152.0
152.0
148.0
143.0
266.0
149.0
148.0
151.0
132.0
166.0
146.0
156.0
312.0
259.0
152.0
162.0
162.0
162.0
158.0
155.0
136.0
140.0
290.0
152.0
269.0
144.0
286.0
261.0
314.0
260.0
268.0
462.0
292.0
298.0
411.0
153.0
152.0
162.0
162.0
154.0
210.0
162.0
160.0
158.0
262.0
150.0
150.0
152.0
131.0
153.0
141.0
155.0
169.0
159.0
318.0
158.0
174.0
155.0
150.0
160.0
152.0
174.0
284.0
268.0
158.0
166.0
148.0
146.0
156.0
151.0
160.0
154.0
292.0
164.0
306.0
150.0
260.0
274.0
300.0
300.0
312.0
410.0
293.0
286.0
434.0
148.0
164.0
155.0
150.0
133.0
214.0
157.0
162.0
146.0
292.0
138.0
174.0
147.0
168.0
148.0
138.0
152.0
138.0
150.0
286.0
172.0
154.0
145.0
141.0
163.0
150.0
156.0
254.0
294.0
168.0
152.0
157.0
154.0
157.0
148.0
168.0
147.0
282.0
162.0
304.0
154.0
288.0
333.0
288.0
305.0
258.0
484.0
280.0
296.0
411.0
142.0
160.0
156.0
162.0
154.0
206.0
164.0
156.0
156.0
310.0
152.0
142.0
162.0
140.0
155.0
146.0
154.0
150.0
155.0
283.0
158.0
153.0
152.0
146.0
136.0
140.0
152.0
280.0
283.0
158.0
134.0
139.0
141.0
141.0
143.0
153.0
162.0
292.0
154.0
328.0
162.0
274.0
296.0
294.0
312.0
308.0
484.0
277.0
296.0
460.0
160.0
172.0
166.0
144.0
170.0
226.0
150.0
160.0
146.0
308.0
146.0
132.0
150.0
158.0
161.0
176.0
142.0
152.0
150.0
314.0
169.0
154.0
152.0
152.0
171.0
128.0
162.0
281.0
298.0
140.0
152.0
156.0
144.0
174.0
155.0
163.0
159.0
303.0
134.0
276.0
170.0
303.0
315.0
300.0
280.0
305.0
433.0
275.0
266.0
436.0
149.0
152.0
159.0
152.0
164.0
218.0
149.0
156.0
156.0
304.0
154.0
158.0
163.0
153.0
154.0
136.0
156.0
157.0
145.0
308.0
154.0
166.0
152.0
148.0
145.0
144.0
165.0
280.0
304.0
154.0
154.0
164.0
150.0
153.0
168.0
166.0
144.0
270.0
155.0
296.0
145.0
314.0
284.0
318.0
247.0
308.0
418.0
261.0
298.0
454.0
160.0
168.0
155.0
151.0
142.0
208.0
146.0
151.0
143.0
268.0
148.0
162.0
151.0
154.0
176.0
151.0
148.0
154.0
138.0
259.0
150.0
161.0
161.0
142.0
145.0
132.0
156.0
284.0
288.0
162.0
146.0
138.0
135.0
162.0
154.0
145.0
152.0
272.0
160.0
292.0
167.0
280.0
312.0
300.0
284.0
296.0
423.0
290.0
328.0
434.0
140.0
173.0
162.0
154.0
149.0
206.0
160.0
157.0
140.0
277.0
133.0
147.0
149.0
162.0
148.0
138.0
164.0
162.0
140.0
270.0
152.0
136.0
165.0
149.0
162.0
136.0
158.0
292.0
277.0
134.0
146.0
144.0
167.0
144.0
154.0
168.0
156.0
268.0
138.0
270.0
147.0
308.0
262.0
292.0
281.0
268.0
453.0
291.0
266.0
400.0
154.0
148.0
172.0
168.0
155.0
214.0
160.0
152.0
158.0
286.0
152.0
166.0
161.0
145.0
150.0
148.0
158.0
148.0
140.0
276.0
168.0
136.0
154.0
142.0
156.0
154.0
168.0
320.0
264.0
154.0
158.0
148.0
164.0
150.0
161.0
146.0
175.0
302.0
166.0
268.0
170.0
276.0
270.0
312.0
259.0
299.0
411.0
316.0
269.0
406.0
153.0
148.0
156.0
168.0
140.0
225.0
165.0
164.0
156.0
330.0
169.0
140.0
148.0
144.0
156.0
152.0
137.0
139.0
150.0
289.0
162.0
168.0
146.0
156.0
150.0
134.0
149.0
302.0
266.0
154.0
164.0
158.0
166.0
166.0
148.0
146.0
174.0
280.0
160.0
276.0
152.0
252.0
304.0
286.0
261.0
290.0
403.0
314.0
260.0
396.0
140.0
160.0
170.0
152.0
152.0
252.0
148.0
164.0
142.0
280.0
164.0
156.0
152.0
134.0
168.0
153.0
156.0
157.0
143.0
312.0
143.0
148.0
152.0
137.0
159.0
141.0
168.0
300.0
280.0
159.0
150.0
157.0
145.0
151.0
164.0
152.0
158.0
260.0
166.0
280.0
150.0
282.0
315.0
304.0
270.0
265.0
390.0
259.0
277.0
429.0
149.0
158.0
149.0
152.0
162.0
232.0
153.0
162.0
144.0
302.0
154.0
151.0
144.0
161.0
152.0
164.0
153.0
138.0
158.0
266.0
150.0
158.0
141.0
154.0
146.0
148.0
134.0
274.0
308.0
164.0
154.0
148.0
146.0
150.0
154.0
163.0
168.0
276.0
148.0
290.0
169.0
259.0
319.0
293.0
305.0
297.0
408.0
287.0
263.0
452.0
133.0
150.0
162.0
149.0
140.0
223.0
153.0
150.0
150.0
297.0
165.0
153.0
162.0
165.0
160.0
156.0
172.0
139.0
169.0
275.0
166.0
145.0
154.0
157.0
158.0
128.0
162.0
294.0
264.0
162.0
152.0
158.0
138.0
158.0
152.0
160.0
168.0
303.0
154.0
304.0
157.0
283.0
325.0
289.0
282.0
284.0
477.0
264.0
272.0
472.0
151.0
146.0
158.0
151.0
167.0
230.0
146.0
156.0
161.0
302.0
150.0
147.0
146.0
148.0
174.0
156.0
143.0
132.0
169.0
286.0
142.0
154.0
163.0
152.0
155.0
150.0
152.0
323.0
278.0
160.0
150.0
147.0
153.0
156.0
150.0
149.0
156.0
250.0
148.0
274.0
154.0
310.0
296.0
278.0
284.0
296.0
403.0
288.0
257.0
418.0
157.0
176.0
159.0
164.0
150.0
233.0
148.0
146.0
162.0
322.0
146.0
148.0
144.0
168.0
144.0
154.0
170.0
148.0
148.0
298.0
160.0
150.0
155.0
140.0
156.0
138.0
136.0
271.0
292.0
155.0
148.0
143.0
162.0
144.0
154.0
156.0
163.0
276.0
135.0
316.0
142.0
292.0
302.0
301.0
278.0
288.0
410.0
311.0
283.0
490.0
154.0
166.0
166.0
150.0
146.0
228.0
157.0
168.0
165.0
310.0
150.0
134.0
152.0
154.0
156.0
146.0
150.0
163.0
155.0
284.0
169.0
169.0
162.0
140.0
161.0
144.0
154.0
330.0
303.0
168.0
174.0
151.0
158.0
149.0
152.0
154.0
154.0
278.0
162.0
270.0
162.0
302.0
317.0
277.0
282.0
298.0
412.0
270.0
328.0
434.0
146.0
160.0
140.0
144.0
165.0
222.0
154.0
154.0
159.0
312.0
146.0
151.0
156.0
174.0
142.0
138.0
166.0
154.0
168.0
329.0
153.0
156.0
152.0
151.0
156.0
141.0
140.0
270.0
288.0
149.0
160.0
153.0
152.0
138.0
155.0
134.0
152.0
300.0
160.0
322.0
154.0
274.0
302.0
320.0
284.0
288.0
372.0
260.0
315.0
430.0
169.0
164.0
142.0
154.0
149.0
234.0
150.0
159.0
168.0
310.0
134.0
144.0
151.0
152.0
158.0
143.0
167.0
162.0
150.0
316.0
153.0
168.0
144.0
170.0
166.0
140.0
145.0
261.0
278.0
137.0
174.0
160.0
138.0
162.0
154.0
158.0
151.0
270.0
150.0
276.0
145.0
292.0
288.0
266.0
304.0
265.0
438.0
324.0
310.0
474.0
150.0
156.0
152.0
164.0
150.0
202.0
140.0
153.0
160.0
300.0
172.0
150.0
152.0
158.0
144.0
160.0
155.0
170.0
155.0
282.0
141.0
154.0
139.0
164.0
147.0
144.0
162.0
306.0
295.0
138.0
143.0
154.0
144.0
149.0
138.0
162.0
156.0
258.0
150.0
269.0
158.0
290.0
258.0
298.0
261.0
298.0
444.0
306.0
268.0
467.0
142.0
178.0
150.0
149.0
158.0
208.0
146.0
156.0
152.0
291.0
171.0
170.0
166.0
166.0
152.0
152.0
139.0
148.0
168.0
298.0
152.0
144.0
140.0
156.0
136.0
134.0
151.0
309.0
298.0
164.0
152.0
150.0
141.0
161.0
162.0
162.0
152.0
319.0
155.0
314.0
151.0
302.0
292.0
292.0
266.0
312.0
385.0
297.0
309.0
400.0
146.0
