I_BRKGA_52_2_20_4_CESP
52 2 20 494.0
35232.5
32945.5
34053.5
32198.5
33830.5
28763.5
35871.5
33489.5
32909.5
30639.5
34143.5
31060.5
29185.5
34479.5
33045.5
31331.5
34000.5
36337.5
33904.5
28565.5
0.0500160576540473
0.049401132588265104
0.05160832258523465
0.0481335801304317
0.05725138478453029
0.044862540778383336
0.058230165780676725
0.04788959191900511
0.05420548657817885
0.042330239270604024
0.05614924054041208
0.04742736353532804
0.05317464719026733
0.0412899206452075
0.05075570216047706
0.04623185581835017
0.05406579324693451
0.04935267461534922
0.05198539656120467
0.0456389036171122
126.0
114.0
7678.0
62.0
719.0
1482.0
150.0
765.0
382.0
276.0
463.0
677.0
1027.0
418.0
82.0
328.0
556.0
303.0
142.0
524.0
179.0
352.0
117.0
407.0
199.0
919.0
1496.0
644.0
368.0
1177.0
447.0
316.0
909.0
5394.0
5718.0
173.0
239.0
1901.0
106.0
82.0
253.0
240.0
355.0
773.0
384.0
339.0
186.0
275.0
199.0
163.0
818.0
373.0
943.0
1278.0
736.0
1478.0
151.0
805.0
371.0
270.0
454.0
678.0
1049.0
431.0
78.0
335.0
539.0
292.0
145.0
514.0
186.0
346.0
110.0
423.0
207.0
907.0
1461.0
608.0
387.0
1147.0
439.0
318.0
950.0
5253.0
6103.0
174.0
220.0
1853.0
109.0
84.0
259.0
236.0
349.0
819.0
374.0
363.0
183.0
265.0
204.0
167.0
846.0
394.0
941.0
1213.0
765.0
1459.0
151.0
781.0
379.0
266.0
459.0
694.0
1048.0
419.0
79.0
333.0
560.0
275.0
145.0
508.0
187.0
359.0
119.0
417.0
213.0
874.0
1436.0
601.0
364.0
1161.0
433.0
320.0
943.0
5431.0
5595.0
164.0
231.0
1929.0
104.0
82.0
256.0
243.0
345.0
795.0
377.0
355.0
193.0
279.0
201.0
168.0
785.0
383.0
947.0
1337.0
740.0
1503.0
145.0
801.0
383.0
282.0
465.0
670.0
1047.0
422.0
76.0
338.0
565.0
303.0
146.0
514.0
185.0
348.0
113.0
412.0
202.0
913.0
1405.0
600.0
388.0
1184.0
435.0
320.0
956.0
5345.0
5787.0
168.0
235.0
1851.0
107.0
85.0
250.0
230.0
339.0
801.0
393.0
347.0
186.0
280.0
199.0
169.0
780.0
371.0
920.0
1255.0
746.0
1480.0
147.0
782.0
380.0
273.0
447.0
669.0
1040.0
435.0
76.0
342.0
544.0
276.0
142.0
520.0
189.0
374.0
116.0
433.0
206.0
916.0
1468.0
647.0
366.0
1163.0
446.0
310.0
982.0
5423.0
5634.0
174.0
226.0
1903.0
110.0
81.0
255.0
236.0
360.0
800.0
377.0
333.0
196.0
277.0
204.0
168.0
793.0
381.0
899.0
1297.0
763.0
1523.0
150.0
756.0
372.0
273.0
464.0
683.0
982.0
405.0
80.0
336.0
546.0
294.0
148.0
493.0
186.0
366.0
114.0
403.0
198.0
883.0
1436.0
589.0
388.0
1158.0
437.0
323.0
932.0
5260.0
5887.0
172.0
219.0
1863.0
105.0
87.0
245.0
237.0
343.0
826.0
375.0
351.0
184.0
263.0
208.0
167.0
830.0
392.0
914.0
1319.0
779.0
1482.0
153.0
803.0
383.0
277.0
459.0
662.0
1003.0
421.0
80.0
327.0
577.0
295.0
145.0
508.0
189.0
372.0
110.0
412.0
211.0
857.0
1505.0
612.0
387.0
1222.0
435.0
328.0
976.0
5146.0
6068.0
169.0
233.0
1852.0
101.0
87.0
256.0
230.0
344.0
813.0
399.0
356.0
180.0
273.0
197.0
166.0
793.0
391.0
890.0
1261.0
728.0
1517.0
146.0
760.0
376.0
273.0
462.0
679.0
1067.0
402.0
78.0
344.0
540.0
303.0
140.0
504.0
186.0
356.0
112.0
396.0
207.0
888.0
1475.0
645.0
353.0
1223.0
442.0
328.0
899.0
5553.0
5941.0
173.0
228.0
1909.0
106.0
84.0
262.0
237.0
363.0
787.0
376.0
360.0
190.0
275.0
207.0
159.0
825.0
391.0
966.0
1257.0
753.0
1440.0
148.0
803.0
373.0
284.0
469.0
682.0
1059.0
436.0
79.0
332.0
561.0
289.0
148.0
497.0
186.0
371.0
116.0
414.0
198.0
901.0
1519.0
635.0
356.0
1184.0
424.0
321.0
939.0
5568.0
6101.0
166.0
227.0
1867.0
108.0
84.0
253.0
240.0
349.0
777.0
397.0
350.0
183.0
284.0
200.0
166.0
777.0
392.0
949.0
1281.0
777.0
1410.0
150.0
756.0
389.0
273.0
468.0
674.0
1008.0
432.0
82.0
338.0
536.0
276.0
146.0
502.0
188.0
361.0
117.0
400.0
206.0
906.0
1413.0
640.0
373.0
1158.0
436.0
321.0
957.0
5217.0
6113.0
163.0
228.0
1978.0
106.0
87.0
242.0
233.0
344.0
800.0
394.0
344.0
194.0
262.0
202.0
161.0
839.0
380.0
925.0
1337.0
756.0
1506.0
143.0
759.0
370.0
286.0
463.0
697.0
1048.0
400.0
82.0
333.0
575.0
295.0
151.0
499.0
182.0
353.0
114.0
398.0
200.0
901.0
1429.0
638.0
367.0
1167.0
428.0
311.0
935.0
5084.0
6060.0
166.0
236.0
1886.0
109.0
85.0
252.0
238.0
347.0
802.0
372.0
357.0
184.0
267.0
203.0
166.0
781.0
393.0
904.0
1299.0
746.0
1477.0
148.0
759.0
382.0
281.0
454.0
658.0
1045.0
411.0
77.0
330.0
561.0
281.0
152.0
506.0
187.0
353.0
120.0
406.0
204.0
870.0
1422.0
591.0
386.0
1165.0
429.0
320.0
921.0
5190.0
5911.0
168.0
228.0
1855.0
108.0
85.0
258.0
235.0
356.0
821.0
386.0
355.0
194.0
279.0
199.0
162.0
790.0
398.0
917.0
1271.0
768.0
1532.0
147.0
794.0
374.0
283.0
483.0
652.0
1010.0
406.0
80.0
332.0
557.0
297.0
151.0
500.0
185.0
362.0
114.0
415.0
200.0
897.0
1518.0
623.0
382.0
1209.0
438.0
322.0
893.0
5185.0
5753.0
171.0
229.0
1935.0
103.0
85.0
260.0
247.0
343.0
772.0
394.0
338.0
188.0
272.0
200.0
171.0
812.0
376.0
894.0
1287.0
768.0
1406.0
153.0
782.0
375.0
277.0
486.0
674.0
1001.0
405.0
76.0
343.0
569.0
299.0
144.0
496.0
181.0
367.0
117.0
433.0
203.0
888.0
1501.0
643.0
354.0
1240.0
445.0
327.0
972.0
5109.0
6138.0
173.0
238.0
1898.0
102.0
84.0
256.0
249.0
338.0
784.0
395.0
359.0
185.0
274.0
204.0
161.0
851.0
382.0
930.0
1254.0
775.0
1437.0
146.0
764.0
380.0
276.0
453.0
681.0
1048.0
406.0
81.0
337.0
582.0
294.0
142.0
526.0
183.0
367.0
116.0
399.0
198.0
859.0
1445.0
611.0
371.0
1230.0
452.0
321.0
976.0
5437.0
6164.0
169.0
237.0
1824.0
109.0
84.0
251.0
232.0
359.0
766.0
397.0
348.0
193.0
267.0
194.0
165.0
822.0
380.0
958.0
1285.0
729.0
1502.0
149.0
794.0
381.0
275.0
474.0
647.0
999.0
401.0
78.0
326.0
582.0
296.0
149.0
510.0
186.0
357.0
116.0
431.0
208.0
892.0
1474.0
636.0
367.0
1234.0
444.0
312.0
910.0
5217.0
5641.0
169.0
228.0
1808.0
104.0
88.0
251.0
229.0
353.0
780.0
373.0
365.0
188.0
261.0
196.0
167.0
804.0
402.0
937.0
1245.0
759.0
1514.0
147.0
787.0
367.0
287.0
463.0
670.0
1058.0
424.0
76.0
316.0
546.0
283.0
147.0
507.0
187.0
363.0
115.0
423.0
203.0
897.0
1486.0
633.0
368.0
1225.0
446.0
319.0
984.0
5092.0
6134.0
177.0
223.0
1929.0
104.0
86.0
252.0
236.0
340.0
791.0
406.0
351.0
179.0
282.0
206.0
173.0
837.0
368.0
881.0
1286.0
766.0
1457.0
151.0
787.0
392.0
284.0
459.0
678.0
1026.0
437.0
82.0
344.0
545.0
284.0
145.0
496.0
189.0
347.0
111.0
421.0
206.0
892.0
1426.0
601.0
373.0
1248.0
436.0
316.0
944.0
5435.0
6156.0
167.0
232.0
1954.0
108.0
84.0
251.0
243.0
345.0
824.0
405.0
363.0
181.0
278.0
197.0
161.0
783.0
392.0
923.0
1235.0
779.0
1484.0
147.0
781.0
381.0
283.0
465.0
655.0
988.0
437.0
78.0
328.0
559.0
281.0
139.0
511.0
185.0
350.0
117.0
415.0
212.0
880.0
1417.0
623.0
353.0
1216.0
452.0
327.0
932.0
5574.0
6125.0
172.0
239.0
1862.0
100.0
87.0
247.0
238.0
348.0
821.0
384.0
345.0
187.0
275.0
193.0
169.0
809.0
378.0
938.0
1218.0
733.0
1470.0
146.0
756.0
376.0
269.0
470.0
679.0
1048.0
417.0
77.0
333.0
564.0
284.0
144.0
524.0
178.0
362.0
112.0
413.0
207.0
857.0
1434.0
591.0
353.0
1186.0
437.0
316.0
897.0
5131.0
5926.0
175.0
226.0
1910.0
104.0
84.0
256.0
231.0
351.0
765.0
377.0
349.0
191.0
260.0
204.0
171.0
792.0
398.0
916.0
1248.0
160.0
164.0
146.0
163.0
231.0
145.0
163.0
166.0
292.0
154.0
158.0
166.0
164.0
172.0
158.0
154.0
156.0
143.0
308.0
153.0
161.0
136.0
142.0
156.0
151.0
146.0
295.0
331.0
170.0
146.0
158.0
154.0
168.0
151.0
134.0
171.0
310.0
146.0
272.0
162.0
299.0
300.0
304.0
244.0
310.0
396.0
270.0
296.0
438.0
140.0
162.0
164.0
153.0
147.0
224.0
142.0
154.0
149.0
300.0
160.0
152.0
158.0
145.0
172.0
150.0
135.0
148.0
138.0
261.0
158.0
169.0
170.0
150.0
166.0
136.0
152.0
271.0
320.0
148.0
159.0
138.0
144.0
162.0
170.0
165.0
146.0
310.0
138.0
269.0
162.0
296.0
281.0
316.0
304.0
276.0
434.0
288.0
295.0
442.0
158.0
164.0
152.0
160.0
156.0
246.0
146.0
150.0
149.0
300.0
148.0
142.0
169.0
142.0
149.0
150.0
152.0
146.0
154.0
296.0
162.0
156.0
152.0
136.0
142.0
144.0
141.0
312.0
322.0
167.0
152.0
148.0
153.0
160.0
136.0
140.0
155.0
264.0
153.0
292.0
166.0
288.0
275.0
287.0
304.0
248.0
372.0
302.0
258.0
463.0
165.0
160.0
148.0
162.0
148.0
244.0
156.0
150.0
146.0
269.0
160.0
160.0
156.0
150.0
164.0
151.0
156.0
152.0
173.0
302.0
148.0
146.0
162.0
158.0
133.0
142.0
144.0
321.0
276.0
152.0
167.0
158.0
148.0
152.0
152.0
160.0
152.0
268.0
160.0
298.0
160.0
301.0
314.0
306.0
295.0
266.0
381.0
303.0
262.0
450.0
152.0
167.0
146.0
149.0
168.0
222.0
156.0
142.0
158.0
262.0
142.0
163.0
149.0
152.0
159.0
151.0
140.0
149.0
149.0
322.0
148.0
168.0
150.0
174.0
173.0
140.0
146.0
282.0
276.0
138.0
158.0
143.0
152.0
156.0
154.0
146.0
140.0
274.0
169.0
296.0
136.0
286.0
283.0
319.0
255.0
280.0
448.0
254.0
304.0
412.0
137.0
167.0
146.0
152.0
155.0
226.0
154.0
146.0
166.0
272.0
168.0
157.0
159.0
140.0
141.0
142.0
162.0
132.0
159.0
274.0
136.0
158.0
134.0
148.0
160.0
162.0
167.0
284.0
264.0
160.0
141.0
158.0
164.0
136.0
154.0
151.0
152.0
300.0
148.0
310.0
135.0
262.0
286.0
302.0
286.0
318.0
478.0
269.0
315.0
417.0
137.0
158.0
160.0
140.0
149.0
236.0
160.0
144.0
149.0
262.0
161.0
156.0
145.0
148.0
170.0
164.0
146.0
157.0
150.0
292.0
147.0
160.0
162.0
160.0
158.0
140.0
149.0
286.0
304.0
160.0
164.0
172.0
142.0
154.0
167.0
169.0
136.0
270.0
158.0
270.0
134.0
292.0
276.0
290.0
273.0
305.0
404.0
304.0
256.0
478.0
154.0
158.0
162.0
150.0
142.0
227.0
138.0
144.0
157.0
284.0
151.0
157.0
148.0
151.0
146.0
154.0
144.0
160.0
158.0
264.0
171.0
150.0
168.0
173.0
142.0
148.0
166.0
331.0
292.0
140.0
150.0
165.0
150.0
154.0
138.0
148.0
158.0
260.0
142.0
327.0
148.0
289.0
294.0
288.0
252.0
314.0
384.0
319.0
258.0
452.0
156.0
174.0
160.0
156.0
148.0
216.0
154.0
158.0
161.0
263.0
150.0
152.0
140.0
144.0
154.0
151.0
144.0
160.0
148.0
305.0
158.0
160.0
166.0
154.0
152.0
141.0
150.0
290.0
295.0
154.0
166.0
174.0
160.0
163.0
155.0
139.0
170.0
307.0
164.0
276.0
147.0
271.0
274.0
265.0
248.0
266.0
441.0
268.0
313.0
424.0
151.0
146.0
157.0
152.0
162.0
221.0
146.0
156.0
160.0
270.0
156.0
161.0
142.0
142.0
145.0
154.0
156.0
166.0
170.0
306.0
149.0
157.0
141.0
151.0
154.0
142.0
136.0
285.0
296.0
164.0
146.0
146.0
156.0
154.0
147.0
147.0
136.0
294.0
144.0
296.0
156.0
318.0
322.0
318.0
285.0
288.0
478.0
316.0
300.0
390.0
172.0
150.0
164.0
154.0
170.0
226.0
166.0
158.0
138.0
268.0
160.0
154.0
154.0
162.0
146.0
142.0
162.0
150.0
156.0
270.0
150.0
156.0
134.0
153.0
148.0
122.0
136.0
248.0
258.0
151.0
163.0
156.0
157.0
158.0
146.0
150.0
151.0
279.0
156.0
300.0
138.0
286.0
281.0
320.0
305.0
281.0
417.0
300.0
326.0
402.0
166.0
156.0
170.0
150.0
135.0
247.0
162.0
136.0
147.0
281.0
164.0
164.0
165.0
140.0
154.0
164.0
144.0
164.0
138.0
302.0
160.0
157.0
158.0
154.0
158.0
138.0
144.0
278.0
292.0
143.0
146.0
152.0
140.0
171.0
140.0
164.0
152.0
324.0
154.0
309.0
135.0
316.0
276.0
311.0
278.0
305.0
408.0
286.0
266.0
404.0
144.0
159.0
151.0
164.0
158.0
234.0
163.0
152.0
152.0
278.0
146.0
138.0
156.0
141.0
173.0
138.0
138.0
167.0
136.0
302.0
158.0
165.0
148.0
158.0
150.0
158.0
162.0
322.0
267.0
162.0
150.0
142.0
136.0
154.0
167.0
146.0
164.0
286.0
143.0
298.0
132.0
280.0
322.0
313.0
254.0
250.0
460.0
332.0
286.0
416.0
140.0
162.0
166.0
150.0
136.0
216.0
152.0
142.0
142.0
329.0
141.0
174.0
154.0
136.0
136.0
142.0
150.0
158.0
138.0
280.0
150.0
156.0
152.0
162.0
162.0
149.0
159.0
302.0
305.0
142.0
158.0
152.0
150.0
158.0
144.0
156.0
166.0
322.0
161.0
310.0
163.0
319.0
284.0
315.0
288.0
292.0
434.0
262.0
296.0
452.0
136.0
146.0
162.0
138.0
166.0
219.0
150.0
155.0
160.0
278.0
154.0
155.0
163.0
132.0
140.0
167.0
146.0
160.0
150.0
290.0
168.0
140.0
146.0
167.0
157.0
141.0
167.0
272.0
258.0
156.0
168.0
139.0
165.0
142.0
166.0
148.0
148.0
306.0
154.0
258.0
156.0
310.0
302.0
274.0
272.0
276.0
392.0
287.0
270.0
378.0
146.0
163.0
172.0
154.0
147.0
232.0
162.0
142.0
148.0
249.0
152.0
158.0
164.0
175.0
147.0
152.0
138.0
155.0
149.0
292.0
158.0
166.0
160.0
162.0
160.0
150.0
161.0
310.0
266.0
140.0
146.0
142.0
144.0
155.0
143.0
168.0
165.0
262.0
167.0
260.0
150.0
284.0
291.0
308.0
298.0
250.0
422.0
289.0
276.0
450.0
154.0
165.0
148.0
150.0
162.0
217.0
161.0
148.0
141.0
308.0
140.0
156.0
156.0
164.0
150.0
140.0
142.0
149.0
154.0
296.0
148.0
141.0
134.0
144.0
147.0
152.0
136.0
295.0
273.0
151.0
170.0
140.0
137.0
152.0
148.0
154.0
134.0
314.0
168.0
321.0
145.0
310.0
268.0
259.0
302.0
276.0
448.0
286.0
296.0
398.0
145.0
165.0
168.0
168.0
166.0
203.0
163.0
152.0
140.0
265.0
161.0
164.0
160.0
158.0
150.0
140.0
139.0
160.0
137.0
309.0
168.0
167.0
166.0
156.0
153.0
136.0
152.0
320.0
320.0
156.0
163.0
154.0
162.0
158.0
150.0
171.0
168.0
266.0
153.0
284.0
166.0
278.0
302.0
288.0
250.0
264.0
382.0
291.0
305.0
404.0
168.0
153.0
156.0
154.0
140.0
216.0
145.0
145.0
154.0
282.0
159.0
140.0
156.0
143.0
147.0
142.0
150.0
163.0
160.0
322.0
153.0
157.0
164.0
150.0
163.0
138.0
162.0
300.0
292.0
158.0
160.0
156.0
147.0
156.0
160.0
156.0
160.0
322.0
167.0
284.0
172.0
311.0
293.0
262.0
294.0
250.0
424.0
269.0
260.0
471.0
155.0
152.0
170.0
150.0
152.0
232.0
163.0
158.0
146.0
269.0
136.0
144.0
160.0
142.0
151.0
149.0
152.0
150.0
145.0
280.0
141.0
162.0
146.0
142.0
149.0
140.0
169.0
322.0
307.0
154.0
144.0
166.0
162.0
152.0
143.0
152.0
146.0
279.0
141.0
266.0
138.0
296.0
312.0
290.0
251.0
270.0
421.0
316.0
297.0
420.0
160.0
