I_BRKGA_52_2_10_1_CESP
52 2 10 494.0
33427.5
30979.5
32863.5
29918.5
35873.5
30580.5
34197.5
29342.5
35020.5
30092.5
0.10275336788910068
0.09888577380819288
0.11496278065475422
0.09803304629284516
0.11067010934965932
0.08415847075297384
0.10542024033293874
0.08783495611452785
0.10724892211432963
0.09003233269067756
104.0
125.0
7678.0
62.0
725.0
1529.0
147.0
768.0
382.0
274.0
465.0
678.0
1020.0
427.0
82.0
324.0
543.0
287.0
145.0
506.0
185.0
351.0
115.0
433.0
201.0
927.0
1446.0
635.0
360.0
1220.0
433.0
317.0
958.0
5234.0
6123.0
175.0
229.0
1871.0
104.0
85.0
252.0
238.0
337.0
793.0
392.0
334.0
190.0
282.0
197.0
158.0
840.0
386.0
903.0
1264.0
751.0
1443.0
152.0
770.0
386.0
267.0
469.0
676.0
984.0
411.0
82.0
342.0
556.0
275.0
145.0
511.0
186.0
364.0
119.0
413.0
208.0
864.0
1508.0
619.0
364.0
1236.0
440.0
310.0
930.0
5585.0
5877.0
169.0
235.0
1868.0
103.0
84.0
256.0
246.0
340.0
759.0
404.0
356.0
189.0
286.0
195.0
161.0
792.0
391.0
902.0
1218.0
728.0
1499.0
150.0
793.0
385.0
281.0
470.0
686.0
990.0
436.0
79.0
332.0
590.0
283.0
143.0
512.0
184.0
354.0
113.0
395.0
207.0
853.0
1432.0
621.0
354.0
1248.0
441.0
311.0
956.0
5389.0
5651.0
173.0
232.0
1834.0
109.0
87.0
244.0
228.0
345.0
803.0
400.0
359.0
184.0
264.0
202.0
169.0
848.0
398.0
905.0
1326.0
742.0
1505.0
154.0
789.0
373.0
268.0
481.0
667.0
1042.0
424.0
79.0
342.0
565.0
291.0
149.0
523.0
193.0
365.0
113.0
394.0
205.0
905.0
1408.0
601.0
376.0
1178.0
450.0
313.0
981.0
5581.0
5725.0
173.0
238.0
1969.0
106.0
83.0
242.0
240.0
345.0
773.0
396.0
341.0
193.0
284.0
203.0
161.0
836.0
381.0
934.0
1281.0
757.0
1493.0
144.0
794.0
365.0
272.0
459.0
680.0
1010.0
425.0
81.0
331.0
540.0
276.0
142.0
506.0
192.0
360.0
111.0
423.0
202.0
876.0
1490.0
623.0
359.0
1225.0
448.0
316.0
957.0
5166.0
6016.0
164.0
219.0
1953.0
101.0
84.0
246.0
237.0
343.0
788.0
405.0
361.0
190.0
263.0
209.0
172.0
830.0
390.0
943.0
1314.0
729.0
1408.0
152.0
769.0
378.0
273.0
452.0
664.0
1003.0
429.0
76.0
337.0
580.0
301.0
152.0
516.0
185.0
364.0
111.0
422.0
202.0
892.0
1510.0
595.0
369.0
1156.0
429.0
320.0
930.0
5075.0
5575.0
168.0
229.0
1833.0
103.0
85.0
249.0
237.0
348.0
785.0
380.0
344.0
197.0
269.0
204.0
166.0
832.0
381.0
950.0
1337.0
737.0
1473.0
147.0
757.0
383.0
271.0
467.0
685.0
1042.0
429.0
77.0
334.0
574.0
286.0
145.0
512.0
189.0
353.0
116.0
411.0
203.0
863.0
1455.0
595.0
374.0
1163.0
450.0
308.0
912.0
5442.0
6111.0
175.0
225.0
1828.0
105.0
84.0
258.0
231.0
347.0
796.0
393.0
352.0
190.0
261.0
202.0
169.0
791.0
384.0
931.0
1312.0
762.0
1408.0
149.0
787.0
385.0
279.0
466.0
693.0
1050.0
415.0
80.0
327.0
582.0
288.0
141.0
526.0
187.0
364.0
115.0
415.0
209.0
888.0
1511.0
634.0
382.0
1250.0
444.0
306.0
971.0
5291.0
6116.0
172.0
223.0
1854.0
106.0
85.0
253.0
251.0
342.0
771.0
400.0
364.0
183.0
280.0
195.0
159.0
776.0
382.0
954.0
1271.0
767.0
1419.0
145.0
771.0
384.0
275.0
463.0
671.0
976.0
410.0
79.0
331.0
548.0
275.0
150.0
509.0
184.0
373.0
110.0
425.0
210.0
872.0
1506.0
624.0
363.0
1157.0
435.0
314.0
965.0
5415.0
5592.0
172.0
219.0
1979.0
103.0
86.0
264.0
231.0
331.0
788.0
392.0
349.0
193.0
261.0
209.0
168.0
781.0
401.0
919.0
1241.0
754.0
1507.0
148.0
775.0
371.0
287.0
455.0
665.0
995.0
423.0
77.0
336.0
546.0
301.0
142.0
504.0
180.0
354.0
111.0
399.0
209.0
855.0
1499.0
647.0
390.0
1188.0
443.0
319.0
934.0
5383.0
6024.0
174.0
233.0
1820.0
103.0
84.0
247.0
230.0
335.0
774.0
404.0
355.0
189.0
275.0
204.0
173.0
811.0
391.0
966.0
1293.0
158.0
176.0
170.0
168.0
234.0
153.0
156.0
154.0
258.0
154.0
162.0
175.0
134.0
154.0
138.0
147.0
157.0
158.0
298.0
168.0
158.0
142.0
166.0
156.0
144.0
156.0
290.0
288.0
136.0
171.0
141.0
148.0
146.0
142.0
158.0
133.0
271.0
148.0
312.0
166.0
252.0
280.0
302.0
253.0
264.0
453.0
297.0
263.0
398.0
161.0
165.0
156.0
140.0
154.0
242.0
162.0
156.0
158.0
260.0
154.0
149.0
140.0
142.0
150.0
168.0
152.0
168.0
142.0
281.0
144.0
153.0
154.0
143.0
152.0
138.0
146.0
303.0
300.0
146.0
159.0
158.0
146.0
153.0
140.0
160.0
149.0
313.0
144.0
267.0
136.0
294.0
268.0
293.0
258.0
328.0
393.0
319.0
262.0
422.0
162.0
165.0
153.0
147.0
150.0
223.0
144.0
155.0
146.0
304.0
150.0
134.0
156.0
164.0
156.0
146.0
136.0
152.0
156.0
318.0
167.0
148.0
150.0
160.0
163.0
148.0
152.0
318.0
324.0
146.0
166.0
155.0
162.0
138.0
158.0
150.0
136.0
310.0
154.0
292.0
144.0
262.0
258.0
251.0
299.0
302.0
442.0
275.0
304.0
452.0
157.0
176.0
159.0
156.0
146.0
214.0
149.0
148.0
156.0
274.0
152.0
154.0
151.0
159.0
161.0
138.0
158.0
148.0
134.0
318.0
146.0
168.0
168.0
161.0
164.0
133.0
154.0
258.0
312.0
145.0
142.0
164.0
138.0
154.0
162.0
162.0
168.0
312.0
160.0
258.0
150.0
270.0
272.0
292.0
256.0
316.0
452.0
296.0
274.0
407.0
158.0
169.0
159.0
140.0
150.0
240.0
160.0
147.0
156.0
270.0
155.0
149.0
167.0
172.0
153.0
166.0
142.0
156.0
146.0
321.0
160.0
171.0
145.0
154.0
165.0
134.0
153.0
265.0
268.0
163.0
158.0
154.0
160.0
148.0
153.0
151.0
150.0
276.0
148.0
299.0
160.0
310.0
282.0
290.0
252.0
270.0
418.0
330.0
324.0
396.0
174.0
158.0
174.0
164.0
148.0
204.0
146.0
166.0
160.0
282.0
142.0
142.0
150.0
158.0
156.0
152.0
147.0
150.0
152.0
277.0
146.0
150.0
148.0
144.0
170.0
156.0
154.0
311.0
280.0
146.0
136.0
164.0
160.0
165.0
144.0
136.0
160.0
312.0
144.0
287.0
154.0
280.0
267.0
311.0
264.0
321.0
382.0
302.0
322.0
474.0
151.0
172.0
164.0
148.0
148.0
218.0
148.0
138.0
162.0
298.0
168.0
162.0
142.0
141.0
142.0
166.0
149.0
151.0
146.0
313.0
158.0
137.0
154.0
146.0
156.0
157.0
159.0
288.0
253.0
143.0
165.0
150.0
151.0
170.0
158.0
136.0
170.0
316.0
162.0
330.0
148.0
270.0
272.0
263.0
294.0
270.0
452.0
286.0
290.0
416.0
162.0
164.0
152.0
146.0
144.0
206.0
160.0
147.0
146.0
326.0
152.0
150.0
150.0
149.0
142.0
149.0
146.0
166.0
165.0
283.0
160.0
152.0
150.0
156.0
158.0
138.0
156.0
312.0
279.0
148.0
166.0
149.0
153.0
155.0
154.0
168.0
138.0
259.0
146.0
281.0
158.0
308.0
302.0
325.0
269.0
272.0
419.0
266.0
314.0
432.0
148.0
161.0
152.0
148.0
159.0
220.0
160.0
160.0
160.0
296.0
136.0
155.0
156.0
158.0
156.0
156.0
167.0
134.0
134.0
290.0
150.0
136.0
157.0
162.0
171.0
145.0
156.0
275.0
314.0
143.0
155.0
167.0
158.0
147.0
162.0
142.0
152.0
332.0
168.0
286.0
158.0
270.0
296.0
250.0
284.0
284.0
432.0
293.0
267.0
416.0
152.0
172.0
146.0
146.0
143.0
217.0
145.0
154.0
144.0
274.0
151.0
160.0
162.0
170.0
148.0
160.0
155.0
154.0
148.0
307.0
152.0
155.0
146.0
154.0
162.0
134.0
144.0
312.0
292.0
143.0
148.0
168.0
154.0
164.0
156.0
142.0
154.0
276.0
166.0
270.0
157.0
310.0
294.0
284.0
260.0
274.0
444.0
272.0
282.0
394.0
162.0
