I_BRKGA_52_2_40_11_CESP
52 2 40 495.0
33337.5
30315.5
31739.5
31258.5
33336.5
33866.5
34785.5
29498.5
31564.5
30735.5
32269.5
30955.5
30412.5
34920.5
30590.5
35181.5
33659.5
30313.5
31203.5
30703.5
33058.5
34146.5
31971.5
30792.5
35286.5
34529.5
31093.5
34130.5
32150.5
34757.5
34831.5
31899.5
33376.5
36381.5
29285.5
32646.5
31202.5
29413.5
29570.5
28751.5
0.026729231179532947
0.021437254217772622
0.029196856222918725
0.02122305817162351
0.02542953533660879
0.02397867310295402
0.026432094708303266
0.02282916101603058
0.029028109624169646
0.024282769615049583
0.026817080550118885
0.02342169069189111
0.025035613022539753
0.024452951590154665
0.029882962846805528
0.0207569829411488
0.028257679813881966
0.023891059110105188
0.026978016565370487
0.020389095309318997
0.026429150501254686
0.020635516944412638
0.026028100941716995
0.02061326553522504
0.026833643174416617
0.02176553053384847
0.02529278735621052
0.023945430391061184
0.029324878774830653
0.023132401917196576
0.02534460736672284
0.0239901896357939
0.029139804164861255
0.0239475999948593
0.027800623901200784
0.02236503191169608
0.029773442809268268
0.021869520704873743
0.025043540368239227
0.026275057436012106
126.0
113.0
7678.0
62.0
772.0
1515.0
153.0
775.0
379.0
282.0
449.0
665.0
971.0
427.0
79.0
326.0
540.0
280.0
145.0
510.0
190.0
355.0
117.0
431.0
197.0
906.0
1444.0
616.0
377.0
1162.0
452.0
318.0
929.0
5330.0
6067.0
167.0
222.0
1937.0
108.0
83.0
255.0
240.0
345.0
799.0
392.0
342.0
180.0
266.0
198.0
164.0
841.0
392.0
910.0
1273.0
727.0
1424.0
148.0
779.0
380.0
267.0
476.0
687.0
1057.0
422.0
78.0
333.0
578.0
289.0
148.0
485.0
188.0
364.0
111.0
416.0
196.0
850.0
1406.0
627.0
364.0
1142.0
460.0
314.0
974.0
5447.0
5584.0
171.0
226.0
1882.0
108.0
85.0
248.0
246.0
346.0
797.0
399.0
341.0
190.0
285.0
192.0
164.0
827.0
383.0
948.0
1312.0
731.0
1479.0
149.0
805.0
377.0
281.0
472.0
667.0
1046.0
412.0
76.0
335.0
545.0
281.0
145.0
498.0
185.0
350.0
117.0
425.0
211.0
934.0
1439.0
624.0
389.0
1147.0
434.0
316.0
935.0
5144.0
5592.0
177.0
225.0
1971.0
105.0
87.0
259.0
246.0
353.0
787.0
383.0
343.0
184.0
266.0
206.0
164.0
809.0
378.0
891.0
1321.0
727.0
1410.0
152.0
801.0
383.0
272.0
475.0
684.0
1053.0
426.0
76.0
341.0
569.0
300.0
141.0
483.0
186.0
353.0
118.0
416.0
198.0
842.0
1490.0
629.0
378.0
1163.0
438.0
310.0
911.0
5261.0
5846.0
175.0
234.0
1888.0
106.0
87.0
246.0
238.0
345.0
788.0
376.0
357.0
193.0
273.0
200.0
166.0
809.0
369.0
923.0
1300.0
754.0
1516.0
146.0
766.0
373.0
279.0
479.0
682.0
978.0
413.0
79.0
343.0
550.0
289.0
148.0
513.0
192.0
345.0
112.0
425.0
198.0
859.0
1418.0
609.0
381.0
1216.0
430.0
319.0
945.0
5225.0
5597.0
164.0
233.0
1838.0
108.0
86.0
252.0
237.0
342.0
794.0
377.0
350.0
182.0
278.0
203.0
167.0
840.0
374.0
883.0
1283.0
768.0
1419.0
148.0
761.0
384.0
273.0
471.0
684.0
1014.0
421.0
78.0
330.0
562.0
277.0
140.0
492.0
192.0
347.0
110.0
424.0
205.0
911.0
1508.0
613.0
384.0
1167.0
447.0
324.0
934.0
5198.0
5731.0
176.0
236.0
1946.0
101.0
85.0
260.0
234.0
340.0
822.0
393.0
361.0
185.0
274.0
201.0
164.0
828.0
373.0
918.0
1219.0
730.0
1483.0
143.0
799.0
382.0
279.0
474.0
670.0
1026.0
428.0
77.0
327.0
563.0
277.0
145.0
509.0
189.0
348.0
113.0
422.0
208.0
912.0
1404.0
605.0
379.0
1215.0
446.0
305.0
961.0
5499.0
5812.0
173.0
226.0
1967.0
108.0
88.0
261.0
241.0
339.0
825.0
391.0
335.0
183.0
278.0
199.0
161.0
778.0
376.0
925.0
1238.0
761.0
1452.0
145.0
788.0
392.0
270.0
470.0
671.0
1007.0
434.0
77.0
340.0
547.0
282.0
145.0
507.0
185.0
365.0
116.0
412.0
199.0
850.0
1508.0
639.0
372.0
1171.0
447.0
325.0
897.0
5589.0
6042.0
166.0
226.0
1838.0
105.0
81.0
244.0
242.0
346.0
797.0
376.0
347.0
182.0
282.0
211.0
168.0
769.0
387.0
888.0
1269.0
751.0
1486.0
150.0
796.0
373.0
278.0
468.0
673.0
1045.0
403.0
78.0
335.0
551.0
274.0
146.0
512.0
185.0
364.0
113.0
430.0
205.0
872.0
1520.0
643.0
365.0
1229.0
448.0
317.0
900.0
5305.0
6069.0
178.0
223.0
1877.0
105.0
83.0
245.0
237.0
331.0
778.0
402.0
340.0
186.0
263.0
198.0
173.0
779.0
396.0
912.0
1272.0
753.0
1507.0
151.0
761.0
376.0
274.0
459.0
669.0
1022.0
405.0
78.0
341.0
560.0
297.0
147.0
521.0
185.0
369.0
114.0
402.0
201.0
923.0
1426.0
640.0
387.0
1139.0
446.0
321.0
969.0
5417.0
5767.0
167.0
225.0
1928.0
107.0
83.0
246.0
243.0
362.0
812.0
391.0
348.0
193.0
285.0
204.0
170.0
819.0
373.0
940.0
1286.0
747.0
1526.0
148.0
785.0
384.0
276.0
468.0
681.0
1013.0
416.0
78.0
320.0
587.0
294.0
145.0
501.0
182.0
374.0
110.0
397.0
205.0
882.0
1438.0
617.0
382.0
1203.0
453.0
323.0
979.0
5062.0
5593.0
175.0
236.0
1835.0
105.0
84.0
244.0
251.0
349.0
807.0
401.0
357.0
181.0
280.0
198.0
159.0
834.0
393.0
929.0
1277.0
739.0
1430.0
149.0
752.0
391.0
280.0
455.0
698.0
989.0
409.0
80.0
328.0
541.0
300.0
141.0
510.0
182.0
369.0
119.0
419.0
200.0
890.0
1453.0
618.0
360.0
1214.0
452.0
315.0
931.0
5312.0
5764.0
174.0
232.0
1871.0
106.0
86.0
261.0
231.0
350.0
781.0
395.0
339.0
186.0
263.0
204.0
169.0
816.0
378.0
949.0
1301.0
740.0
1512.0
145.0
774.0
377.0
264.0
456.0
657.0
987.0
428.0
82.0
341.0
552.0
290.0
146.0
486.0
186.0
353.0
118.0
430.0
210.0
889.0
1508.0
635.0
385.0
1142.0
451.0
318.0
972.0
5326.0
5942.0
175.0
231.0
1903.0
104.0
83.0
250.0
236.0
338.0
812.0
390.0
358.0
187.0
286.0
197.0
164.0
849.0
392.0
922.0
1325.0
766.0
1470.0
149.0
774.0
375.0
268.0
467.0
665.0
1058.0
423.0
82.0
334.0
566.0
296.0
143.0
496.0
191.0
369.0
114.0
411.0
210.0
875.0
1541.0
618.0
362.0
1228.0
464.0
326.0
933.0
5530.0
6156.0
167.0
221.0
1918.0
102.0
83.0
242.0
250.0
343.0
779.0
375.0
341.0
192.0
284.0
199.0
171.0
850.0
392.0
960.0
1269.0
761.0
1493.0
147.0
763.0
377.0
277.0
460.0
660.0
1021.0
416.0
77.0
322.0
566.0
284.0
147.0
505.0
183.0
363.0
117.0
406.0
209.0
860.0
1450.0
598.0
374.0
1140.0
452.0
313.0
922.0
5581.0
6078.0
172.0
225.0
1965.0
102.0
81.0
250.0
245.0
348.0
810.0
395.0
356.0
183.0
277.0
203.0
165.0
771.0
368.0
910.0
1288.0
749.0
1468.0
152.0
774.0
370.0
272.0
471.0
661.0
993.0
404.0
78.0
321.0
536.0
282.0
140.0
516.0
195.0
354.0
111.0
399.0
200.0
894.0
1467.0
646.0
361.0
1178.0
433.0
320.0
958.0
5288.0
6072.0
173.0
225.0
1931.0
104.0
83.0
261.0
232.0
346.0
794.0
388.0
356.0
187.0
271.0
196.0
165.0
779.0
375.0
882.0
1239.0
766.0
1519.0
144.0
802.0
377.0
281.0
458.0
695.0
1015.0
437.0
79.0
342.0
552.0
294.0
143.0
514.0
190.0
364.0
113.0
409.0
212.0
889.0
1450.0
650.0
365.0
1158.0
446.0
311.0
923.0
5356.0
5761.0
177.0
224.0
1881.0
105.0
85.0
259.0
234.0
331.0
786.0
381.0
350.0
184.0
286.0
207.0
161.0
777.0
404.0
951.0
1292.0
726.0
1462.0
148.0
763.0
378.0
270.0
465.0
653.0
973.0
401.0
79.0
332.0
537.0
291.0
144.0
502.0
188.0
363.0
113.0
416.0
210.0
862.0
1479.0
616.0
365.0
1160.0
434.0
315.0
924.0
5314.0
6082.0
167.0
225.0
1929.0
110.0
83.0
252.0
241.0
358.0
753.0
389.0
359.0
193.0
284.0
201.0
162.0
786.0
381.0
969.0
1252.0
774.0
1432.0
151.0
762.0
382.0
276.0
484.0
691.0
1012.0
408.0
75.0
329.0
584.0
301.0
144.0
510.0
186.0
353.0
112.0
427.0
213.0
847.0
1532.0
636.0
373.0
1186.0
438.0
329.0
964.0
5186.0
6121.0
172.0
236.0
1958.0
107.0
85.0
244.0
239.0
344.0
807.0
401.0
362.0
189.0
264.0
200.0
164.0
832.0
368.0
962.0
1268.0
736.0
1448.0
147.0
777.0
373.0
267.0
467.0
665.0
1029.0
408.0
77.0
338.0
539.0
275.0
146.0
495.0
194.0
347.0
119.0
424.0
196.0
932.0
1452.0
617.0
373.0
1238.0
440.0
304.0
938.0
5185.0
5845.0
172.0
226.0
1910.0
107.0
83.0
254.0
244.0
330.0
773.0
405.0
354.0
192.0
282.0
203.0
161.0
784.0
386.0
886.0
1239.0
764.0
1449.0
147.0
806.0
381.0
275.0
459.0
652.0
1010.0
402.0
80.0
321.0
551.0
291.0
141.0
484.0
183.0
346.0
112.0
402.0
212.0
866.0
1434.0
598.0
383.0
1168.0
450.0
317.0
937.0
5398.0
5731.0
169.0
227.0
1902.0
106.0
85.0
263.0
241.0
337.0
759.0
375.0
345.0
187.0
284.0
197.0
164.0
795.0
393.0
946.0
1333.0
730.0
1427.0
153.0
774.0
377.0
285.0
459.0
675.0
1002.0
418.0
79.0
329.0
539.0
282.0
144.0
505.0
190.0
346.0
112.0
429.0
202.0
848.0
1490.0
641.0
367.0
1236.0
440.0
322.0
900.0
5454.0
5580.0
171.0
230.0
1929.0
105.0
87.0
251.0
237.0
345.0
778.0
391.0
354.0
189.0
279.0
193.0
166.0
799.0
366.0
926.0
1339.0
740.0
1529.0
147.0
759.0
379.0
283.0
454.0
668.0
1007.0
402.0
80.0
341.0
558.0
284.0
145.0
500.0
189.0
344.0
117.0
396.0
208.0
848.0
1528.0
641.0
368.0
1241.0
460.0
326.0
961.0
5309.0
5948.0
169.0
231.0
1869.0
105.0
86.0
250.0
241.0
346.0
787.0
401.0
347.0
194.0
265.0
192.0
165.0
839.0
383.0
975.0
1340.0
725.0
1482.0
151.0
801.0
384.0
271.0
449.0
702.0
982.0
421.0
79.0
332.0
558.0
284.0
143.0
500.0
182.0
346.0
117.0
411.0
209.0
899.0
1527.0
592.0
365.0
1180.0
458.0
316.0
937.0
5214.0
5785.0
169.0
225.0
1964.0
107.0
83.0
252.0
235.0
347.0
815.0
399.0
351.0
193.0
261.0
204.0
165.0
833.0
398.0
956.0
1254.0
752.0
1404.0
149.0
761.0
376.0
280.0
469.0
691.0
1013.0
433.0
79.0
333.0
554.0
300.0
149.0
520.0
181.0
358.0
113.0
421.0
196.0
855.0
1490.0
610.0
357.0
1189.0
457.0
324.0
968.0
5253.0
5830.0
164.0
224.0
1818.0
104.0
86.0
251.0
248.0
343.0
770.0
395.0
353.0
192.0
279.0
203.0
169.0
832.0
382.0
931.0
1284.0
727.0
1493.0
146.0
801.0
373.0
278.0
474.0
671.0
1066.0
416.0
80.0
344.0
556.0
276.0
140.0
525.0
179.0
355.0
112.0
430.0
198.0
855.0
1448.0
634.0
354.0
1198.0
455.0
328.0
959.0
5496.0
5992.0
171.0
225.0
1904.0
105.0
87.0
261.0
232.0
340.0
786.0
381.0
352.0
184.0
260.0
197.0
161.0
805.0
397.0
891.0
1240.0
777.0
1413.0
147.0
775.0
377.0
268.0
450.0
657.0
1061.0
410.0
77.0
343.0
552.0
301.0
145.0
500.0
186.0
371.0
116.0
404.0
201.0
912.0
1423.0
616.0
370.0
1216.0
439.0
307.0
947.0
5102.0
5582.0
172.0
227.0
1828.0
106.0
85.0
251.0
231.0
350.0
799.0
393.0
340.0
187.0
280.0
193.0
164.0
837.0
380.0
909.0
1316.0
745.0
1473.0
146.0
783.0
381.0
273.0
452.0
672.0
1015.0
417.0
78.0
331.0
581.0
290.0
145.0
515.0
187.0
356.0
116.0
400.0
210.0
914.0
1421.0
589.0
380.0
1196.0
448.0
313.0
905.0
5286.0
5966.0
173.0
225.0
1881.0
106.0
84.0
245.0
234.0
353.0
766.0
383.0
343.0
194.0
273.0
201.0
163.0
822.0
382.0
940.0
1231.0
760.0
1528.0
151.0
749.0
372.0
282.0
475.0
683.0
1064.0
412.0
77.0
322.0
589.0
300.0
142.0
520.0
179.0
369.0
117.0
399.0
207.0
890.0
1451.0
587.0
354.0
1185.0
441.0
311.0
964.0
5085.0
5616.0
167.0
230.0
1907.0
104.0
88.0
258.0
243.0
346.0
816.0
393.0
353.0
189.0
279.0
200.0
161.0
771.0
379.0
890.0
1234.0
743.0
1505.0
148.0
789.0
380.0
280.0
458.0
646.0
1064.0
433.0
76.0
327.0
555.0
300.0
149.0
502.0
188.0
368.0
114.0
418.0
202.0
908.0
1424.0
635.0
362.0
1143.0
432.0
314.0
943.0
5204.0
5873.0
168.0
235.0
1862.0
101.0
83.0
247.0
246.0
343.0
781.0
372.0
353.0
189.0
286.0
199.0
166.0
828.0
377.0
973.0
1304.0
728.0
1405.0
150.0
770.0
373.0
281.0
460.0
665.0
1005.0
432.0
77.0
331.0
574.0
291.0
143.0
485.0
182.0
359.0
112.0
414.0
209.0
871.0
1455.0
589.0
389.0
1194.0
430.0
321.0
983.0
5324.0
5815.0
168.0
221.0
1834.0
104.0
82.0
260.0
242.0
340.0
808.0
382.0
334.0
193.0
279.0
199.0
167.0
837.0
383.0
914.0
1284.0
761.0
1458.0
152.0
784.0
384.0
270.0
477.0
679.0
1027.0
434.0
80.0
313.0
546.0
303.0
148.0
493.0
180.0
374.0
119.0
409.0
197.0
854.0
1511.0
627.0
369.0
1170.0
448.0
328.0
977.0
5299.0
5981.0
166.0
227.0
1893.0
106.0
81.0
255.0
236.0
354.0
771.0
380.0
344.0
183.0
264.0
201.0
161.0
849.0
385.0
965.0
1319.0
738.0
1498.0
150.0
789.0
386.0
287.0
477.0
661.0
1054.0
403.0
77.0
336.0
584.0
302.0
147.0
507.0
181.0
348.0
117.0
426.0
205.0
855.0
1533.0
640.0
363.0
1235.0
451.0
322.0
979.0
5462.0
5764.0
173.0
235.0
1978.0
104.0
82.0
263.0
240.0
345.0
815.0
380.0
348.0
189.0
271.0
209.0
172.0
778.0
373.0
935.0
1245.0
777.0
1422.0
147.0
770.0
382.0
284.0
476.0
668.0
974.0
428.0
80.0
319.0
591.0
290.0
142.0
503.0
190.0
369.0
118.0
397.0
207.0
911.0
1495.0
627.0
374.0
1222.0
453.0
310.0
952.0
5593.0
5927.0
171.0
231.0
1861.0
103.0
83.0
248.0
244.0
344.0
822.0
402.0
348.0
191.0
280.0
196.0
162.0
798.0
381.0
906.0
1279.0
735.0
1521.0
147.0
786.0
380.0
275.0
472.0
663.0
1039.0
408.0
80.0
323.0
573.0
286.0
142.0
513.0
186.0
367.0
114.0
416.0
213.0
889.0
1500.0
624.0
366.0
1159.0
427.0
313.0
919.0
5205.0
5742.0
167.0
222.0
1948.0
101.0
83.0
259.0
243.0
356.0
776.0
382.0
344.0
185.0
279.0
195.0
170.0
833.0
390.0
902.0
1312.0
735.0
1488.0
149.0
793.0
380.0
278.0
457.0
684.0
980.0
422.0
78.0
326.0
563.0
282.0
148.0
524.0
184.0
360.0
119.0
418.0
200.0
878.0
1412.0
632.0
369.0
1178.0
432.0
303.0
892.0
5147.0
5812.0
164.0
231.0
1942.0
104.0
82.0
257.0
237.0
344.0
768.0
382.0
344.0
185.0
261.0
200.0
164.0
850.0
381.0
895.0
1239.0
724.0
1461.0
151.0
767.0
378.0
276.0
476.0
661.0
1039.0
408.0
80.0
319.0
585.0
287.0
140.0
498.0
182.0
362.0
118.0
395.0
201.0
861.0
1448.0
644.0
355.0
1141.0
442.0
327.0
929.0
5477.0
5744.0
175.0
226.0
1880.0
105.0
86.0
248.0
246.0
361.0
771.0
370.0
348.0
190.0
274.0
205.0
168.0
835.0
381.0
964.0
1217.0
741.0
1508.0
145.0
767.0
374.0
271.0
456.0
689.0
1071.0
426.0
80.0
342.0
574.0
276.0
146.0
504.0
193.0
350.0
111.0
397.0
211.0
887.0
1431.0
629.0
386.0
1160.0
459.0
307.0
918.0
5569.0
5768.0
167.0
232.0
1938.0
108.0
84.0
255.0
251.0
331.0
826.0
384.0
354.0
192.0
277.0
206.0
163.0
805.0
383.0
933.0
1271.0
728.0
1458.0
149.0
779.0
381.0
281.0
465.0
697.0
1060.0
407.0
77.0
328.0
587.0
293.0
142.0
521.0
189.0
343.0
119.0
407.0
205.0
925.0
1447.0
618.0
353.0
1200.0
436.0
312.0
927.0
5556.0
5839.0
172.0
219.0
1961.0
106.0
82.0
251.0
243.0
335.0
803.0
404.0
363.0
181.0
262.0
206.0
164.0
851.0
392.0
970.0
1223.0
747.0
1459.0
150.0
779.0
391.0
268.0
480.0
670.0
991.0
435.0
76.0
320.0
571.0
293.0
144.0
497.0
178.0
370.0
116.0
418.0
208.0
854.0
1433.0
592.0
365.0
1174.0
438.0
324.0
959.0
5283.0
5567.0
177.0
237.0
1964.0
103.0
86.0
260.0
242.0
336.0
795.0
386.0
359.0
190.0
262.0
205.0
163.0
776.0
378.0
941.0
1275.0
149.0
168.0
150.0
158.0
235.0
144.0
153.0
159.0
274.0
148.0
136.0
170.0
172.0
167.0
158.0
158.0
138.0
152.0
278.0
140.0
153.0
148.0
164.0
140.0
136.0
163.0
272.0
276.0
148.0
140.0
135.0
146.0
142.0
166.0
154.0
134.0
266.0
156.0
291.0
137.0
306.0
278.0
292.0
294.0
282.0
435.0
320.0
313.0
428.0
164.0
168.0
164.0
152.0
161.0
228.0
145.0
146.0
148.0
302.0
143.0
166.0
167.0
151.0
156.0
152.0
154.0
152.0
154.0
310.0
144.0
166.0
161.0
138.0
170.0
141.0
152.0
283.0
324.0
142.0
144.0
153.0
139.0
147.0
140.0
159.0
166.0
292.0
150.0
322.0
166.0
301.0
288.0
310.0
294.0
252.0
423.0
268.0
293.0
379.0
156.0
162.0
158.0
154.0
161.0
211.0
149.0
150.0
152.0
288.0
156.0
148.0
147.0
160.0
139.0
158.0
152.0
160.0
170.0
268.0
160.0
166.0
151.0
163.0
160.0
147.0
160.0
274.0
323.0
156.0
142.0
160.0
133.0
166.0
146.0
168.0
168.0
276.0
152.0
298.0
166.0
299.0
297.0
274.0
266.0
320.0
426.0
283.0
310.0
418.0
158.0
149.0
162.0
160.0
168.0
236.0
153.0
166.0
139.0
293.0
159.0
150.0
148.0
148.0
136.0
140.0
166.0
153.0
144.0
309.0
154.0
140.0
153.0
158.0
141.0
154.0
152.0
248.0
285.0
152.0
149.0
150.0
160.0
146.0
150.0
157.0
164.0
298.0
150.0
332.0
156.0
320.0
274.0
310.0
296.0
278.0
468.0
330.0
288.0
390.0
148.0
145.0
167.0
164.0
152.0
204.0
156.0
152.0
154.0
331.0
160.0
170.0
168.0
152.0
139.0
168.0
147.0
152.0
152.0
302.0
162.0
164.0
170.0
152.0
140.0
135.0
165.0
274.0
266.0
160.0
146.0
141.0
148.0
154.0
159.0
160.0
158.0
272.0
138.0
294.0
144.0
268.0
292.0
328.0
307.0
314.0
449.0
328.0
274.0
370.0
158.0
167.0
172.0
144.0
156.0
235.0
146.0
144.0
154.0
264.0
140.0
165.0
153.0
166.0
160.0
163.0
133.0
154.0
154.0
293.0
156.0
161.0
150.0
150.0
166.0
152.0
144.0
276.0
298.0
164.0
149.0
148.0
151.0
154.0
136.0
142.0
170.0
290.0
155.0
279.0
144.0
288.0
268.0
298.0
300.0
319.0
470.0
320.0
272.0
439.0
170.0
154.0
164.0
156.0
152.0
220.0
167.0
166.0
156.0
308.0
166.0
140.0
147.0
170.0
138.0
162.0
140.0
156.0
170.0
272.0
150.0
162.0
156.0
140.0
168.0
158.0
161.0
322.0
254.0
146.0
170.0
152.0
158.0
164.0
154.0
170.0
152.0
268.0
131.0
267.0
158.0
263.0
300.0
298.0
294.0
248.0
454.0
290.0
258.0
413.0
156.0
161.0
176.0
159.0
150.0
212.0
155.0
162.0
158.0
280.0
151.0
158.0
135.0
148.0
172.0
152.0
158.0
142.0
163.0
314.0
148.0
162.0
132.0
166.0
130.0
145.0
167.0
308.0
261.0
141.0
150.0
150.0
164.0
137.0
142.0
146.0
148.0
320.0
145.0
312.0
175.0
279.0
292.0
312.0
283.0
261.0
384.0
314.0
292.0
402.0
156.0
149.0
165.0
159.0
144.0
230.0
173.0
146.0
158.0
292.0
160.0
138.0
171.0
156.0
151.0
167.0
160.0
150.0
146.0
302.0
170.0
159.0
144.0
156.0
152.0
148.0
153.0
288.0
288.0
165.0
158.0
166.0
152.0
145.0
148.0
167.0
148.0
316.0
152.0
311.0
165.0
260.0
318.0
273.0
271.0
296.0
428.0
314.0
294.0
394.0
152.0
156.0
154.0
160.0
160.0
212.0
142.0
157.0
142.0
293.0
148.0
156.0
142.0
140.0
154.0
164.0
155.0
149.0
159.0
299.0
166.0
146.0
164.0
170.0
152.0
121.0
152.0
260.0
282.0
143.0
170.0
156.0
137.0
152.0
153.0
171.0
159.0
258.0
136.0
284.0
135.0
328.0
276.0
272.0
264.0
290.0
402.0
266.0
331.0
404.0
157.0
156.0
160.0
140.0
142.0
233.0
149.0
163.0
144.0
317.0
148.0
142.0
154.0
148.0
160.0
147.0
152.0
155.0
142.0
310.0
160.0
145.0
146.0
165.0
154.0
139.0
160.0
293.0
288.0
156.0
144.0
136.0
148.0
150.0
153.0
142.0
170.0
327.0
154.0
316.0
144.0
328.0
306.0
274.0
314.0
270.0
434.0
269.0
325.0
382.0
164.0
148.0
166.0
154.0
162.0
230.0
162.0
162.0
154.0
268.0
164.0
167.0
152.0
170.0
156.0
132.0
162.0
153.0
156.0
269.0
162.0
138.0
138.0
158.0
158.0
144.0
158.0
312.0
284.0
142.0
144.0
152.0
160.0
161.0
160.0
145.0
158.0
314.0
158.0
278.0
146.0
290.0
298.0
270.0
286.0
312.0
428.0
298.0
254.0
434.0
168.0
150.0
162.0
153.0
154.0
244.0
162.0
156.0
150.0
294.0
161.0
164.0
150.0
138.0
163.0
136.0
144.0
157.0
145.0
323.0
154.0
146.0
156.0
154.0
152.0
136.0
174.0
310.0
264.0
154.0
150.0
150.0
162.0
152.0
168.0
164.0
137.0
268.0
140.0
307.0
160.0
280.0
286.0
278.0
286.0
312.0
439.0
266.0
321.0
454.0
154.0
172.0
152.0
154.0
154.0
228.0
172.0
145.0
149.0
270.0
148.0
152.0
138.0
142.0
174.0
162.0
174.0
154.0
154.0
296.0
138.0
158.0
142.0
141.0
142.0
148.0
167.0
279.0
279.0
151.0
137.0
152.0
154.0
130.0
159.0
158.0
146.0
262.0
150.0
264.0
170.0
272.0
286.0
302.0
262.0
331.0
440.0
274.0
250.0
416.0
165.0
163.0
153.0
154.0
150.0
224.0
162.0
168.0
143.0
318.0
174.0
146.0
156.0
152.0
158.0
155.0
152.0
144.0
145.0
276.0
144.0
154.0
168.0
138.0
154.0
150.0
152.0
276.0
264.0
174.0
142.0
160.0
136.0
170.0
161.0
132.0
150.0
294.0
161.0
276.0
138.0
292.0
274.0
310.0
290.0
282.0
454.0
282.0
274.0
482.0
136.0
163.0
173.0
164.0
158.0
220.0
168.0
158.0
168.0
276.0
146.0
158.0
148.0
161.0
132.0
142.0
160.0
156.0
144.0
268.0
140.0
154.0
164.0
158.0
154.0
141.0
158.0
319.0
282.0
149.0
166.0
164.0
154.0
151.0
150.0
157.0
163.0
304.0
146.0
288.0
160.0
324.0
277.0
268.0
295.0
294.0
394.0
268.0
316.0
437.0
153.0
164.0
159.0
154.0
150.0
200.0
160.0
152.0
166.0
282.0
146.0
162.0
162.0
149.0
150.0
158.0
142.0
160.0
154.0
290.0
154.0
143.0
151.0
168.0
166.0
139.0
166.0
270.0
280.0
158.0
152.0
144.0
146.0
142.0
172.0
160.0
148.0
286.0
156.0
292.0
157.0
316.0
282.0
275.0
259.0
270.0
456.0
328.0
300.0
470.0
146.0
158.0
156.0
168.0
142.0
208.0
152.0
139.0
164.0
278.0
168.0
170.0
157.0
166.0
166.0
152.0
166.0
145.0
150.0
279.0
171.0
147.0
154.0
148.0
176.0
152.0
149.0
282.0
278.0
164.0
157.0
142.0
157.0
164.0
152.0
156.0
150.0
267.0
170.0
277.0
168.0
274.0
310.0
262.0
256.0
315.0
414.0
307.0
301.0
428.0
146.0
166.0
158.0
154.0
149.0
220.0
164.0
147.0
150.0
270.0
134.0
162.0
165.0
149.0
156.0
156.0
168.0
152.0
174.0
266.0
146.0
154.0
148.0
146.0
162.0
128.0
167.0
273.0
313.0
154.0
158.0
154.0
146.0
141.0
141.0
150.0
155.0
274.0
151.0
320.0
162.0
277.0
256.0
331.0
291.0
294.0
438.0
312.0
300.0
421.0
144.0
166.0
160.0
149.0
159.0
232.0
160.0
159.0
148.0
262.0
150.0
135.0
170.0
164.0
172.0
156.0
143.0
158.0
148.0
260.0
151.0
172.0
160.0
150.0
154.0
136.0
156.0
322.0
311.0
155.0
170.0
143.0
172.0
168.0
168.0
132.0
156.0
278.0
158.0
282.0
164.0
302.0
313.0
296.0
271.0
282.0
410.0
282.0
308.0
487.0
156.0
155.0
162.0
156.0
158.0
224.0
162.0
156.0
153.0
280.0
162.0
150.0
155.0
160.0
151.0
152.0
142.0
148.0
156.0
272.0
160.0
152.0
140.0
154.0
156.0
136.0
160.0
300.0
308.0
152.0
166.0
142.0
172.0
165.0
144.0
159.0
144.0
284.0
140.0
316.0
140.0
280.0
258.0
286.0
304.0
312.0
427.0
262.0
321.0
430.0
138.0
162.0
178.0
149.0
163.0
224.0
148.0
149.0
145.0
293.0
162.0
170.0
170.0
164.0
167.0
154.0
165.0
145.0
170.0
258.0
154.0
168.0
176.0
148.0
165.0
150.0
140.0
259.0
313.0
153.0
150.0
155.0
159.0
131.0
136.0
140.0
156.0
250.0
154.0
270.0
140.0
298.0
262.0
300.0
270.0
334.0
432.0
280.0
280.0
443.0
135.0
143.0
150.0
157.0
158.0
219.0
142.0
160.0
156.0
302.0
159.0
133.0
149.0
148.0
150.0
168.0
166.0
168.0
152.0
262.0
157.0
136.0
170.0
147.0
164.0
143.0
139.0
276.0
264.0
140.0
151.0
148.0
157.0
151.0
157.0
150.0
168.0
274.0
149.0
257.0
154.0
316.0
272.0
312.0
271.0
258.0
434.0
274.0
301.0
440.0
155.0
168.0
159.0
156.0
144.0
204.0
157.0
145.0
152.0
312.0
148.0
153.0
166.0
168.0
164.0
171.0
163.0
160.0
148.0
272.0
156.0
161.0
143.0
164.0
162.0
136.0
159.0
281.0
268.0
148.0
158.0
155.0
153.0
134.0
150.0
152.0
161.0
260.0
162.0
306.0
148.0
252.0
308.0
320.0
290.0
292.0
445.0
291.0
274.0
390.0
146.0
168.0
162.0
155.0
150.0
246.0
149.0
160.0
164.0
277.0
139.0
149.0
151.0
141.0
145.0
172.0
161.0
138.0
162.0
282.0
158.0
150.0
160.0
159.0
159.0
142.0
147.0
306.0
296.0
151.0
150.0
162.0
158.0
147.0
164.0
140.0
150.0
305.0
154.0
272.0
152.0
258.0
256.0
272.0
268.0
329.0
446.0
320.0
269.0
409.0
172.0
168.0
154.0
154.0
140.0
222.0
146.0
158.0
146.0
270.0
142.0
160.0
153.0
142.0
169.0
144.0
144.0
161.0
160.0
274.0
132.0
139.0
166.0
152.0
164.0
142.0
165.0
300.0
290.0
167.0
165.0
168.0
152.0
154.0
136.0
147.0
156.0
324.0
150.0
257.0
140.0
286.0
282.0
298.0
300.0
274.0
400.0
299.0
256.0
406.0
153.0
174.0
158.0
131.0
144.0
236.0
150.0
155.0
151.0
280.0
136.0
166.0
144.0
152.0
159.0
154.0
148.0
139.0
156.0
280.0
154.0
134.0
144.0
154.0
152.0
136.0
148.0
262.0
332.0
152.0
170.0
172.0
154.0
162.0
172.0
135.0
158.0
315.0
160.0
272.0
161.0
302.0
314.0
268.0
260.0
283.0
406.0
260.0
272.0
420.0
136.0
156.0
148.0
151.0
152.0
230.0
150.0
160.0
156.0
288.0
163.0
154.0
158.0
156.0
151.0
170.0
164.0
162.0
174.0
272.0
160.0
167.0
148.0
157.0
146.0
140.0
169.0
306.0
320.0
160.0
155.0
146.0
174.0
158.0
150.0
154.0
164.0
272.0
146.0
283.0
152.0
275.0
310.0
266.0
266.0
296.0
433.0
332.0
310.0
442.0
150.0
154.0
148.0
159.0
157.0
225.0
139.0
162.0
140.0
302.0
135.0
154.0
168.0
148.0
143.0
161.0
138.0
166.0
148.0
313.0
153.0
137.0
154.0
160.0
154.0
126.0
158.0
282.0
271.0
165.0
173.0
152.0
150.0
136.0
141.0
154.0
150.0
314.0
152.0
299.0
166.0
268.0
260.0
310.0
275.0
284.0
437.0
264.0
284.0
404.0
164.0
170.0
169.0
165.0
147.0
220.0
162.0
141.0
148.0
272.0
142.0
142.0
145.0
168.0
157.0
140.0
165.0
154.0
167.0
298.0
162.0
151.0
136.0
170.0
162.0
144.0
142.0
274.0
294.0
162.0
138.0
152.0
171.0
159.0
151.0
144.0
159.0
258.0
160.0
298.0
144.0
314.0
253.0
262.0
270.0
274.0
440.0
263.0
264.0
386.0
158.0
180.0
148.0
162.0
142.0
232.0
158.0
154.0
157.0
286.0
158.0
138.0
166.0
146.0
132.0
148.0
136.0
144.0
162.0
283.0
140.0
167.0
164.0
156.0
158.0
152.0
168.0
280.0
279.0
169.0
161.0
164.0
137.0
154.0
154.0
140.0
156.0
302.0
162.0
308.0
143.0
294.0
271.0
313.0
246.0
284.0
392.0
254.0
308.0
464.0
166.0
156.0
164.0
150.0
156.0
218.0
146.0
139.0
141.0
314.0
153.0
172.0
164.0
149.0
148.0
162.0
164.0
146.0
157.0
312.0
147.0
152.0
162.0
149.0
154.0
144.0
151.0
290.0
290.0
141.0
171.0
156.0
150.0
150.0
157.0
150.0
153.0
304.0
154.0
282.0
157.0
306.0
256.0
273.0
304.0
318.0
444.0
296.0
278.0
438.0
152.0
174.0
170.0
168.0
150.0
232.0
133.0
150.0
148.0
292.0
138.0
152.0
162.0
144.0
138.0
162.0
141.0
146.0
152.0
297.0
144.0
150.0
168.0
130.0
165.0
140.0
142.0
266.0
278.0
175.0
154.0
144.0
159.0
153.0
141.0
160.0
136.0
298.0
142.0
260.0
150.0
304.0
270.0
322.0
257.0
269.0
384.0
312.0
258.0
482.0
162.0
162.0
160.0
147.0
148.0
218.0
150.0
136.0
168.0
316.0
141.0
159.0
158.0
155.0
172.0
155.0
140.0
162.0
154.0
292.0
149.0
152.0
143.0
150.0
150.0
146.0
146.0
300.0
312.0
156.0
152.0
138.0
141.0
158.0
150.0
145.0
136.0
278.0
164.0
297.0
152.0
312.0
312.0
320.0
292.0
298.0
404.0
250.0
305.0
462.0
162.0
172.0
166.0
154.0
145.0
209.0
146.0
146.0
150.0
285.0
158.0
143.0
151.0
170.0
172.0
154.0
154.0
152.0
161.0
258.0
156.0
152.0
160.0
158.0
154.0
149.0
156.0
320.0
313.0
138.0
166.0
158.0
151.0
148.0
137.0
146.0
166.0
271.0
156.0
320.0
150.0
263.0
328.0
309.0
276.0
300.0
428.0
302.0
314.0
396.0
154.0
150.0
158.0
168.0
160.0
236.0
146.0
156.0
154.0
282.0
144.0
156.0
163.0
156.0
144.0
148.0
146.0
152.0
149.0
256.0
159.0
138.0
142.0
173.0
154.0
140.0
156.0
300.0
303.0
148.0
160.0
150.0
152.0
148.0
136.0
153.0
162.0
286.0
136.0
302.0
152.0
288.0
321.0
290.0
290.0
300.0
416.0
272.0
311.0
375.0
144.0
168.0
161.0
147.0
144.0
246.0
158.0
144.0
145.0
296.0
148.0
151.0
140.0
152.0
150.0
164.0
158.0
152.0
167.0
306.0
166.0
167.0
162.0
162.0
152.0
152.0
157.0
320.0
274.0
154.0
144.0
150.0
142.0
165.0
164.0
166.0
157.0
309.0
150.0
318.0
138.0
327.0
311.0
310.0
280.0
305.0
412.0
308.0
306.0
422.0
156.0
165.0
162.0
150.0
158.0
230.0
160.0
154.0
149.0
320.0
150.0
150.0
160.0
154.0
172.0
163.0
151.0
158.0
154.0
309.0
154.0
162.0
142.0
154.0
145.0
150.0
146.0
272.0
318.0
174.0
134.0
168.0
138.0
154.0
143.0
152.0
147.0
316.0
158.0
313.0
148.0
310.0
294.0
322.0
300.0
294.0
424.0
262.0
284.0
443.0
172.0
158.0
158.0
170.0
162.0
232.0
151.0
158.0
142.0
302.0
165.0
142.0
152.0
140.0
165.0
169.0
147.0
156.0
162.0
268.0
160.0
158.0
140.0
152.0
153.0
134.0
144.0
273.0
304.0
166.0
152.0
137.0
148.0
150.0
158.0
134.0
150.0
318.0
156.0
256.0
147.0
302.0
270.0
284.0
317.0
286.0
440.0
284.0
267.0
420.0
142.0
152.0
141.0
150.0
149.0
239.0
152.0
166.0
146.0
276.0
162.0
158.0
156.0
146.0
136.0
162.0
160.0
150.0
155.0
318.0
156.0
166.0
166.0
150.0
132.0
150.0
145.0
292.0
310.0
156.0
162.0
148.0
160.0
152.0
160.0
156.0
145.0
283.0
146.0
314.0
144.0
304.0
258.0
320.0
274.0
292.0
456.0
311.0
276.0
440.0
160.0
