I_BRKGA_52_2_50_11_CESP
52 2 50 495.0
30160.5
30632.5
33991.5
35262.5
32853.5
32364.5
32653.5
30569.5
28980.5
33352.5
31419.5
32062.5
33587.5
29745.5
33481.5
32486.5
31395.5
35357.5
33230.5
35381.5
31825.5
33351.5
32465.5
31662.5
35850.5
34750.5
36124.5
34206.5
35155.5
31590.5
30220.5
32067.5
35322.5
31261.5
33305.5
30417.5
34481.5
34490.5
33385.5
33293.5
33981.5
33959.5
36200.5
28995.5
34857.5
34186.5
32465.5
33536.5
29988.5
35540.5
0.0200020386777521
0.019472104151583423
0.0225528236611802
0.017767209470805935
0.02334713050714041
0.017618828584512358
0.02217427132373911
0.019161437184589444
0.020308262453646926
0.019352968441037958
0.020350251849212252
0.017258846319018587
0.02236564607205975
0.017583700867070645
0.021323615315021787
0.016993893874987454
0.020402817451483944
0.01858732125274477
0.02317813084251237
0.018103883753981156
0.022302804562612338
0.01747036636516648
0.021365151943022645
0.017814591327534244
0.0205076167882317
0.01738044488550494
0.020590149961263883
0.018480077898394762
0.020663248468530144
0.019822075389929486
0.023855134044416873
0.01878204105947879
0.02010129495331042
0.016399674389206677
0.022144386358986134
0.018496391017470908
0.02166218626346082
0.01914968328835575
0.020057344398032164
0.016112088087168398
0.020243949487549533
0.017338663628085733
0.021633869434215216
0.017739618488846216
0.022464317668281823
0.019194036763939763
0.02268354796245447
0.016773830075686932
0.02195290760479316
0.02891332538198932
126.0
118.0
7678.0
62.0
731.0
1524.0
152.0
769.0
367.0
274.0
474.0
675.0
1048.0
430.0
78.0
320.0
558.0
282.0
146.0
485.0
186.0
351.0
114.0
396.0
204.0
929.0
1471.0
618.0
355.0
1187.0
463.0
319.0
918.0
5165.0
5846.0
167.0
226.0
1930.0
106.0
82.0
252.0
230.0
350.0
785.0
389.0
347.0
182.0
275.0
205.0
170.0
804.0
379.0
913.0
1300.0
760.0
1397.0
146.0
761.0
374.0
266.0
455.0
694.0
974.0
422.0
81.0
332.0
572.0
290.0
144.0
510.0
185.0
370.0
115.0
408.0
203.0
862.0
1492.0
621.0
354.0
1194.0
434.0
307.0
973.0
5306.0
5645.0
172.0
223.0
1893.0
101.0
83.0
264.0
240.0
336.0
792.0
372.0
346.0
185.0
276.0
198.0
162.0
794.0
394.0
891.0
1337.0
743.0
1450.0
153.0
768.0
366.0
280.0
466.0
657.0
983.0
400.0
81.0
323.0
539.0
281.0
147.0
504.0
192.0
344.0
110.0
406.0
212.0
893.0
1519.0
642.0
379.0
1184.0
444.0
318.0
903.0
5055.0
5845.0
174.0
223.0
1957.0
103.0
82.0
244.0
232.0
341.0
794.0
400.0
352.0
180.0
275.0
203.0
170.0
846.0
390.0
941.0
1281.0
736.0
1456.0
146.0
785.0
380.0
281.0
479.0
685.0
1060.0
407.0
81.0
344.0
551.0
288.0
143.0
516.0
185.0
354.0
110.0
410.0
206.0
909.0
1407.0
622.0
361.0
1207.0
442.0
316.0
913.0
5514.0
5886.0
170.0
224.0
1847.0
108.0
84.0
255.0
233.0
346.0
806.0
397.0
343.0
183.0
267.0
202.0
170.0
820.0
386.0
907.0
1279.0
728.0
1412.0
145.0
807.0
377.0
272.0
469.0
661.0
1023.0
435.0
80.0
328.0
573.0
299.0
146.0
504.0
188.0
363.0
112.0
424.0
211.0
875.0
1528.0
615.0
374.0
1221.0
439.0
329.0
897.0
5202.0
5806.0
167.0
230.0
1816.0
109.0
83.0
257.0
241.0
333.0
791.0
397.0
357.0
190.0
263.0
199.0
165.0
787.0
384.0
937.0
1249.0
775.0
1470.0
149.0
764.0
380.0
281.0
452.0
679.0
1026.0
425.0
80.0
345.0
563.0
294.0
145.0
489.0
187.0
356.0
120.0
424.0
208.0
903.0
1420.0
611.0
353.0
1196.0
424.0
312.0
912.0
5408.0
6146.0
173.0
231.0
1895.0
105.0
81.0
261.0
238.0
350.0
816.0
387.0
346.0
179.0
282.0
197.0
169.0
836.0
399.0
941.0
1301.0
718.0
1499.0
150.0
791.0
373.0
282.0
474.0
684.0
1027.0
430.0
80.0
339.0
570.0
293.0
152.0
504.0
185.0
357.0
113.0
432.0
199.0
892.0
1408.0
645.0
385.0
1236.0
451.0
327.0
919.0
5234.0
5588.0
172.0
223.0
1853.0
104.0
86.0
254.0
234.0
353.0
761.0
388.0
345.0
190.0
284.0
209.0
168.0
811.0
370.0
930.0
1270.0
762.0
1459.0
148.0
817.0
374.0
269.0
461.0
670.0
1025.0
435.0
78.0
319.0
574.0
287.0
147.0
509.0
192.0
356.0
118.0
430.0
201.0
913.0
1503.0
628.0
364.0
1212.0
446.0
307.0
905.0
5530.0
5653.0
172.0
230.0
1830.0
105.0
85.0
250.0
251.0
346.0
761.0
403.0
336.0
188.0
267.0
204.0
166.0
844.0
374.0
937.0
1307.0
745.0
1481.0
151.0
803.0
381.0
280.0
456.0
664.0
1050.0
404.0
80.0
330.0
538.0
290.0
144.0
491.0
183.0
374.0
112.0
406.0
204.0
863.0
1474.0
634.0
375.0
1143.0
449.0
307.0
936.0
5111.0
5819.0
169.0
223.0
1920.0
104.0
86.0
256.0
247.0
335.0
782.0
388.0
349.0
185.0
280.0
194.0
167.0
846.0
397.0
953.0
1316.0
722.0
1419.0
152.0
758.0
387.0
268.0
455.0
698.0
1014.0
427.0
81.0
336.0
574.0
277.0
148.0
509.0
186.0
352.0
114.0
403.0
206.0
923.0
1508.0
635.0
361.0
1174.0
445.0
315.0
964.0
5462.0
6021.0
164.0
228.0
1924.0
106.0
86.0
252.0
232.0
347.0
822.0
372.0
342.0
194.0
275.0
196.0
168.0
842.0
372.0
940.0
1251.0
757.0
1400.0
144.0
778.0
376.0
275.0
474.0
673.0
1013.0
431.0
81.0
334.0
588.0
301.0
141.0
483.0
186.0
356.0
117.0
423.0
210.0
915.0
1479.0
650.0
366.0
1239.0
429.0
330.0
941.0
5344.0
5783.0
171.0
225.0
1963.0
102.0
86.0
248.0
229.0
351.0
788.0
380.0
344.0
193.0
274.0
204.0
162.0
833.0
376.0
915.0
1273.0
723.0
1431.0
152.0
760.0
384.0
276.0
484.0
682.0
1029.0
402.0
79.0
333.0
556.0
289.0
142.0
498.0
183.0
370.0
114.0
416.0
212.0
864.0
1476.0
648.0
387.0
1133.0
439.0
320.0
983.0
5075.0
6123.0
179.0
237.0
1948.0
109.0
83.0
245.0
243.0
347.0
770.0
384.0
336.0
189.0
273.0
198.0
163.0
850.0
396.0
890.0
1280.0
731.0
1486.0
149.0
793.0
376.0
286.0
468.0
690.0
974.0
400.0
78.0
330.0
538.0
274.0
147.0
523.0
187.0
375.0
115.0
418.0
214.0
877.0
1534.0
597.0
373.0
1143.0
450.0
327.0
960.0
5595.0
5829.0
179.0
224.0
1917.0
105.0
86.0
263.0
241.0
335.0
810.0
392.0
341.0
197.0
263.0
199.0
168.0
794.0
401.0
892.0
1211.0
753.0
1477.0
149.0
797.0
379.0
266.0
482.0
680.0
1044.0
406.0
79.0
317.0
536.0
289.0
148.0
503.0
190.0
348.0
116.0
422.0
197.0
891.0
1480.0
594.0
362.0
1228.0
452.0
302.0
970.0
5117.0
5656.0
170.0
230.0
1902.0
107.0
82.0
252.0
234.0
351.0
801.0
396.0
342.0
178.0
263.0
208.0
173.0
808.0
393.0
915.0
1321.0
770.0
1449.0
147.0
753.0
384.0
273.0
454.0
649.0
994.0
434.0
78.0
346.0
586.0
296.0
145.0
499.0
183.0
360.0
114.0
420.0
198.0
901.0
1538.0
606.0
365.0
1173.0
455.0
310.0
969.0
5309.0
5675.0
174.0
228.0
1917.0
107.0
86.0
256.0
235.0
350.0
788.0
396.0
360.0
190.0
265.0
198.0
159.0
847.0
392.0
931.0
1327.0
723.0
1416.0
153.0
797.0
373.0
267.0
446.0
649.0
1028.0
417.0
81.0
336.0
546.0
293.0
144.0
497.0
185.0
355.0
118.0
432.0
203.0
859.0
1447.0
624.0
362.0
1155.0
431.0
319.0
950.0
5297.0
5609.0
174.0
231.0
1822.0
103.0
85.0
248.0
246.0
338.0
810.0
391.0
340.0
189.0
272.0
197.0
171.0
811.0
377.0
920.0
1239.0
753.0
1429.0
146.0
781.0
371.0
275.0
453.0
689.0
1030.0
427.0
79.0
344.0
583.0
296.0
148.0
495.0
181.0
355.0
112.0
426.0
196.0
915.0
1536.0
649.0
378.0
1170.0
448.0
317.0
957.0
5494.0
6094.0
175.0
231.0
1869.0
106.0
82.0
246.0
248.0
340.0
786.0
397.0
338.0
184.0
271.0
197.0
168.0
779.0
370.0
899.0
1259.0
764.0
1457.0
153.0
757.0
377.0
274.0
462.0
668.0
1026.0
427.0
78.0
330.0
585.0
297.0
145.0
498.0
182.0
344.0
111.0
409.0
212.0
904.0
1524.0
604.0
367.0
1181.0
449.0
310.0
898.0
5545.0
6055.0
166.0
236.0
1958.0
103.0
87.0
260.0
240.0
349.0
792.0
374.0
337.0
192.0
286.0
196.0
166.0
820.0
391.0
936.0
1218.0
744.0
1464.0
145.0
769.0
376.0
267.0
453.0
672.0
1018.0
424.0
79.0
332.0
562.0
300.0
147.0
502.0
187.0
366.0
118.0
426.0
209.0
844.0
1447.0
591.0
361.0
1212.0
448.0
322.0
926.0
5246.0
5960.0
171.0
235.0
1910.0
103.0
83.0
255.0
251.0
337.0
782.0
389.0
343.0
185.0
278.0
201.0
162.0
824.0
383.0
914.0
1333.0
717.0
1491.0
150.0
763.0
379.0
285.0
447.0
669.0
1027.0
425.0
82.0
321.0
557.0
275.0
143.0
517.0
185.0
348.0
114.0
415.0
212.0
919.0
1439.0
645.0
374.0
1222.0
449.0
319.0
909.0
5247.0
5644.0
173.0
220.0
1887.0
105.0
86.0
248.0
236.0
335.0
808.0
401.0
355.0
184.0
283.0
203.0
172.0
851.0
392.0
926.0
1334.0
772.0
1434.0
153.0
806.0
378.0
265.0
467.0
687.0
1032.0
436.0
78.0
345.0
586.0
274.0
143.0
510.0
187.0
343.0
115.0
415.0
197.0
854.0
1446.0
614.0
378.0
1164.0
426.0
314.0
954.0
5600.0
5650.0
177.0
228.0
1957.0
110.0
87.0
251.0
249.0
344.0
803.0
382.0
340.0
188.0
272.0
202.0
162.0
816.0
372.0
928.0
1327.0
748.0
1531.0
148.0
748.0
379.0
265.0
452.0
650.0
1043.0
423.0
76.0
332.0
578.0
292.0
144.0
492.0
182.0
352.0
119.0
408.0
198.0
918.0
1508.0
637.0
359.0
1231.0
427.0
318.0
934.0
5239.0
6059.0
167.0
223.0
1909.0
104.0
84.0
246.0
243.0
345.0
816.0
394.0
345.0
185.0
262.0
196.0
167.0
812.0
379.0
924.0
1338.0
765.0
1469.0
148.0
760.0
380.0
271.0
468.0
671.0
1019.0
404.0
78.0
337.0
554.0
280.0
149.0
509.0
189.0
361.0
110.0
408.0
204.0
926.0
1402.0
608.0
355.0
1174.0
457.0
332.0
913.0
5358.0
5685.0
172.0
239.0
1851.0
102.0
88.0
261.0
236.0
341.0
797.0
370.0
352.0
185.0
267.0
198.0
163.0
815.0
385.0
892.0
1271.0
761.0
1488.0
148.0
771.0
380.0
281.0
468.0
664.0
1038.0
402.0
78.0
338.0
575.0
299.0
150.0
518.0
185.0
366.0
118.0
410.0
197.0
909.0
1494.0
607.0
360.0
1179.0
445.0
307.0
939.0
5447.0
5805.0
167.0
234.0
1846.0
102.0
83.0
248.0
235.0
349.0
762.0
407.0
363.0
190.0
279.0
202.0
161.0
836.0
391.0
896.0
1226.0
766.0
1473.0
143.0
774.0
377.0
268.0
450.0
683.0
1023.0
426.0
79.0
326.0
573.0
279.0
145.0
492.0
188.0
367.0
114.0
427.0
208.0
858.0
1454.0
609.0
368.0
1242.0
447.0
327.0
958.0
5293.0
5893.0
164.0
233.0
1985.0
105.0
82.0
253.0
246.0
341.0
801.0
375.0
337.0
183.0
271.0
195.0
161.0
844.0
402.0
919.0
1255.0
731.0
1453.0
149.0
815.0
377.0
282.0
454.0
684.0
1025.0
426.0
80.0
329.0
536.0
283.0
142.0
486.0
189.0
367.0
119.0
409.0
206.0
852.0
1513.0
640.0
364.0
1144.0
425.0
320.0
917.0
5315.0
6053.0
176.0
225.0
1946.0
107.0
84.0
259.0
231.0
340.0
814.0
382.0
346.0
181.0
266.0
199.0
160.0
824.0
379.0
919.0
1278.0
738.0
1510.0
151.0
757.0
382.0
276.0
465.0
691.0
982.0
418.0
80.0
322.0
550.0
280.0
147.0
527.0
193.0
349.0
112.0
400.0
202.0
901.0
1520.0
592.0
376.0
1149.0
426.0
306.0
928.0
5488.0
5742.0
170.0
219.0
1897.0
103.0
88.0
244.0
241.0
342.0
796.0
407.0
357.0
189.0
275.0
207.0
172.0
852.0
386.0
959.0
1277.0
733.0
1507.0
151.0
783.0
381.0
283.0
479.0
687.0
1001.0
412.0
80.0
314.0
570.0
276.0
141.0
509.0
182.0
367.0
116.0
420.0
201.0
848.0
1469.0
607.0
364.0
1197.0
431.0
312.0
918.0
5495.0
5783.0
177.0
226.0
1894.0
105.0
83.0
245.0
245.0
341.0
783.0
402.0
343.0
194.0
275.0
199.0
171.0
828.0
370.0
932.0
1229.0
743.0
1435.0
144.0
775.0
387.0
272.0
466.0
679.0
1022.0
419.0
80.0
322.0
573.0
281.0
142.0
499.0
192.0
354.0
113.0
412.0
200.0
916.0
1491.0
602.0
360.0
1144.0
433.0
328.0
959.0
5499.0
5750.0
172.0
232.0
1911.0
103.0
83.0
257.0
231.0
348.0
793.0
383.0
355.0
195.0
282.0
203.0
170.0
801.0
384.0
905.0
1247.0
730.0
1452.0
145.0
792.0
376.0
271.0
452.0
681.0
1026.0
401.0
78.0
346.0
591.0
302.0
144.0
506.0
193.0
367.0
117.0
410.0
200.0
902.0
1449.0
616.0
379.0
1184.0
451.0
314.0
952.0
5545.0
6052.0
176.0
240.0
1836.0
101.0
83.0
253.0
242.0
352.0
815.0
389.0
354.0
182.0
277.0
207.0
165.0
805.0
392.0
937.0
1266.0
732.0
1532.0
150.0
789.0
369.0
265.0
448.0
697.0
1014.0
415.0
77.0
346.0
590.0
291.0
147.0
489.0
181.0
353.0
118.0
408.0
201.0
849.0
1414.0
637.0
382.0
1143.0
442.0
320.0
947.0
5372.0
6005.0
170.0
237.0
1908.0
103.0
85.0
241.0
231.0
346.0
806.0
374.0
349.0
185.0
263.0
201.0
162.0
785.0
391.0
896.0
1266.0
736.0
1535.0
152.0
780.0
378.0
276.0
480.0
677.0
1010.0
416.0
77.0
343.0
556.0
302.0
142.0
502.0
184.0
366.0
119.0
399.0
207.0
848.0
1433.0
601.0
359.0
1148.0
449.0
318.0
958.0
5201.0
5888.0
165.0
236.0
1939.0
102.0
84.0
256.0
239.0
351.0
792.0
394.0
350.0
192.0
279.0
201.0
159.0
801.0
395.0
907.0
1260.0
763.0
1505.0
144.0
762.0
390.0
282.0
465.0
670.0
1016.0
400.0
80.0
335.0
557.0
292.0
144.0
503.0
195.0
359.0
118.0
416.0
199.0
902.0
1432.0
605.0
374.0
1206.0
438.0
318.0
951.0
5112.0
6170.0
169.0
239.0
1887.0
110.0
83.0
256.0
244.0
348.0
822.0
378.0
351.0
184.0
266.0
198.0
165.0
805.0
377.0
886.0
1312.0
736.0
1426.0
151.0
777.0
394.0
279.0
460.0
694.0
1043.0
410.0
82.0
323.0
552.0
294.0
141.0
501.0
184.0
370.0
113.0
418.0
205.0
909.0
1420.0
589.0
358.0
1230.0
450.0
309.0
939.0
5518.0
5591.0
174.0
220.0
1885.0
102.0
85.0
248.0
235.0
348.0
798.0
380.0
334.0
186.0
284.0
202.0
173.0
832.0
384.0
969.0
1227.0
733.0
1402.0
147.0
766.0
382.0
273.0
468.0
668.0
1002.0
410.0
81.0
313.0
587.0
280.0
145.0
496.0
184.0
354.0
114.0
414.0
195.0
901.0
1517.0
636.0
371.0
1147.0
430.0
304.0
943.0
5524.0
5664.0
175.0
229.0
1979.0
108.0
86.0
256.0
242.0
337.0
815.0
405.0
350.0
184.0
281.0
208.0
169.0
802.0
382.0
966.0
1310.0
741.0
1486.0
149.0
791.0
371.0
268.0
473.0
693.0
1021.0
403.0
80.0
335.0
569.0
280.0
143.0
505.0
194.0
357.0
117.0
409.0
204.0
855.0
1514.0
629.0
387.0
1224.0
456.0
318.0
914.0
5236.0
5804.0
174.0
224.0
1857.0
106.0
82.0
259.0
238.0
341.0
823.0
403.0
355.0
190.0
267.0
204.0
164.0
787.0
382.0
970.0
1290.0
725.0
1486.0
148.0
809.0
374.0
267.0
468.0
665.0
1067.0
411.0
81.0
345.0
559.0
279.0
141.0
500.0
188.0
354.0
112.0
427.0
198.0
911.0
1407.0
621.0
376.0
1135.0
435.0
321.0
971.0
5291.0
6136.0
169.0
227.0
1957.0
102.0
85.0
260.0
250.0
353.0
790.0
395.0
358.0
188.0
275.0
201.0
161.0
777.0
389.0
934.0
1252.0
765.0
1404.0
148.0
798.0
374.0
270.0
453.0
701.0
1027.0
399.0
80.0
327.0
551.0
285.0
149.0
501.0
181.0
350.0
116.0
426.0
196.0
855.0
1405.0
625.0
365.0
1228.0
430.0
311.0
916.0
5385.0
5618.0
171.0
226.0
1873.0
104.0
85.0
247.0
242.0
347.0
784.0
378.0
362.0
186.0
280.0
197.0
161.0
777.0
378.0
919.0
1266.0
742.0
1480.0
145.0
786.0
372.0
279.0
454.0
688.0
1014.0
405.0
77.0
340.0
544.0
282.0
146.0
487.0
183.0
366.0
115.0
409.0
203.0
862.0
1479.0
604.0
384.0
1204.0
444.0
310.0
978.0
5524.0
5983.0
176.0
233.0
1961.0
106.0
87.0
257.0
233.0
328.0
766.0
375.0
350.0
189.0
271.0
202.0
167.0
822.0
385.0
887.0
1223.0
769.0
1438.0
147.0
790.0
379.0
285.0
456.0
657.0
1018.0
405.0
77.0
325.0
574.0
303.0
142.0
495.0
183.0
347.0
118.0
433.0
194.0
914.0
1485.0
621.0
387.0
1211.0
450.0
334.0
974.0
5193.0
6002.0
171.0
224.0
1952.0
103.0
84.0
256.0
234.0
348.0
767.0
377.0
343.0
197.0
282.0
202.0
163.0
821.0
396.0
933.0
1254.0
754.0
1486.0
148.0
809.0
384.0
281.0
455.0
680.0
990.0
412.0
76.0
330.0
554.0
289.0
147.0
484.0
191.0
356.0
117.0
400.0
204.0
896.0
1497.0
604.0
354.0
1160.0
424.0
326.0
955.0
5595.0
5713.0
168.0
223.0
1894.0
104.0
86.0
248.0
231.0
347.0
776.0
402.0
366.0
186.0
282.0
198.0
162.0
829.0
389.0
891.0
1301.0
768.0
1422.0
152.0
804.0
381.0
287.0
461.0
659.0
1012.0
402.0
76.0
327.0
538.0
285.0
142.0
520.0
191.0
344.0
117.0
397.0
203.0
923.0
1502.0
601.0
362.0
1143.0
457.0
316.0
974.0
5109.0
5711.0
173.0
238.0
1874.0
107.0
83.0
250.0
239.0
344.0
794.0
397.0
363.0
182.0
261.0
203.0
174.0
835.0
392.0
935.0
1335.0
750.0
1511.0
148.0
791.0
378.0
281.0
475.0
680.0
1054.0
429.0
81.0
321.0
541.0
295.0
145.0
509.0
185.0
368.0
113.0
403.0
202.0
909.0
1507.0
621.0
381.0
1203.0
452.0
309.0
926.0
5253.0
6094.0
172.0
234.0
1960.0
109.0
87.0
258.0
247.0
337.0
804.0
397.0
358.0
191.0
277.0
194.0
168.0
790.0
381.0
945.0
1243.0
749.0
1506.0
151.0
790.0
395.0
284.0
461.0
687.0
1021.0
416.0
78.0
324.0
589.0
295.0
145.0
501.0
178.0
353.0
117.0
392.0
205.0
856.0
1451.0
609.0
385.0
1217.0
445.0
319.0
912.0
5073.0
5580.0
168.0
232.0
1874.0
108.0
87.0
253.0
229.0
341.0
799.0
381.0
353.0
195.0
265.0
199.0
170.0
784.0
368.0
948.0
1276.0
709.0
1458.0
149.0
757.0
378.0
285.0
468.0
689.0
1028.0
430.0
77.0
343.0
568.0
289.0
149.0
510.0
190.0
363.0
117.0
421.0
201.0
922.0
1461.0
611.0
380.0
1250.0
447.0
325.0
920.0
5283.0
6024.0
171.0
234.0
1901.0
103.0
81.0
257.0
235.0
358.0
806.0
391.0
350.0
190.0
279.0
203.0
173.0
835.0
386.0
952.0
1260.0
729.0
1481.0
149.0
751.0
377.0
266.0
456.0
677.0
999.0
406.0
77.0
328.0
542.0
295.0
151.0
515.0
194.0
364.0
119.0
408.0
199.0
900.0
1484.0
640.0
355.0
1249.0
430.0
314.0
921.0
5423.0
5721.0
171.0
228.0
1899.0
106.0
83.0
249.0
249.0
344.0
780.0
390.0
355.0
186.0
263.0
205.0
165.0
800.0
390.0
893.0
1233.0
764.0
1481.0
151.0
789.0
382.0
280.0
448.0
680.0
983.0
404.0
80.0
333.0
578.0
296.0
141.0
517.0
190.0
342.0
112.0
404.0
204.0
858.0
1531.0
592.0
367.0
1215.0
449.0
314.0
973.0
5070.0
6104.0
176.0
224.0
1923.0
104.0
87.0
264.0
235.0
343.0
817.0
388.0
333.0
188.0
284.0
201.0
159.0
788.0
397.0
921.0
1321.0
767.0
1416.0
148.0
766.0
377.0
270.0
467.0
661.0
1014.0
422.0
81.0
342.0
578.0
282.0
145.0
521.0
189.0
375.0
110.0
424.0
199.0
868.0
1512.0
610.0
362.0
1213.0
447.0
324.0
896.0
5282.0
5824.0
173.0
234.0
1944.0
107.0
83.0
252.0
231.0
348.0
770.0
380.0
346.0
184.0
283.0
203.0
163.0
798.0
382.0
959.0
1306.0
759.0
1441.0
146.0
788.0
371.0
274.0
466.0
673.0
1009.0
402.0
77.0
320.0
590.0
276.0
147.0
503.0
194.0
358.0
111.0
433.0
205.0
849.0
1537.0
606.0
376.0
1220.0
452.0
308.0
924.0
5240.0
5800.0
170.0
225.0
1880.0
105.0
86.0
251.0
249.0
338.0
812.0
405.0
337.0
186.0
284.0
207.0
171.0
790.0
401.0
955.0
1235.0
739.0
1490.0
152.0
788.0
380.0
282.0
469.0
663.0
1035.0
410.0
79.0
333.0
547.0
284.0
144.0
490.0
187.0
363.0
119.0
398.0
210.0
924.0
1492.0
626.0
370.0
1198.0
438.0
325.0
969.0
5202.0
5631.0
173.0
224.0
1885.0
109.0
81.0
260.0
234.0
342.0
802.0
391.0
353.0
189.0
284.0
211.0
162.0
808.0
391.0
896.0
1251.0
160.0
151.0
164.0
168.0
226.0
150.0
166.0
140.0
275.0
144.0
148.0
164.0
160.0
159.0
151.0
158.0
170.0
146.0
317.0
154.0
162.0
138.0
170.0
154.0
144.0
165.0
286.0
294.0
154.0
140.0
155.0
146.0
140.0
152.0
145.0
160.0
303.0
149.0
322.0
150.0
262.0
260.0
294.0
270.0
324.0
456.0
314.0
326.0
427.0
154.0
146.0
146.0
146.0
134.0
208.0
135.0
160.0
154.0
316.0
169.0
155.0
168.0
136.0
147.0
158.0
139.0
159.0
136.0
313.0
166.0
163.0
144.0
146.0
169.0
138.0
168.0
294.0
285.0
136.0
153.0
144.0
160.0
153.0
162.0
170.0
140.0
296.0
149.0
285.0
166.0
304.0
299.0
286.0
282.0
328.0
431.0
286.0
281.0
400.0
164.0
168.0
160.0
155.0
150.0
234.0
144.0
168.0
140.0
264.0
154.0
154.0
162.0
156.0
159.0
146.0
152.0
159.0
150.0
262.0
142.0
170.0
151.0
142.0
152.0
150.0
154.0
282.0
311.0
147.0
145.0
154.0
141.0
167.0
150.0
154.0
154.0
300.0
154.0
306.0
161.0
323.0
301.0
306.0
286.0
284.0
413.0
265.0
281.0
435.0
152.0
161.0
158.0
158.0
140.0
215.0
164.0
152.0
150.0
306.0
141.0
156.0
156.0
154.0
157.0
132.0
154.0
161.0
140.0
276.0
159.0
164.0
144.0
153.0
144.0
136.0
158.0
298.0
254.0
152.0
157.0
168.0
165.0
137.0
150.0
131.0
152.0
262.0
150.0
314.0
159.0
321.0
282.0
310.0
314.0
318.0
402.0
272.0
256.0
406.0
155.0
170.0
168.0
148.0
156.0
241.0
162.0
151.0
150.0
267.0
174.0
150.0
150.0
139.0
138.0
162.0
140.0
152.0
154.0
316.0
146.0
142.0
144.0
146.0
137.0
151.0
150.0
288.0
334.0
162.0
150.0
154.0
162.0
149.0
166.0
141.0
141.0
276.0
154.0
294.0
150.0
282.0
294.0
304.0
313.0
300.0
487.0
269.0
329.0
406.0
162.0
156.0
154.0
151.0
153.0
224.0
150.0
162.0
164.0
270.0
156.0
142.0
157.0
144.0
160.0
135.0
150.0
154.0
167.0
272.0
142.0
150.0
167.0
160.0
163.0
140.0
155.0
321.0
288.0
145.0
166.0
151.0
152.0
161.0
147.0
162.0
156.0
276.0
138.0
289.0
162.0
334.0
308.0
324.0
278.0
300.0
438.0
307.0
298.0
412.0
134.0
152.0
176.0
163.0
146.0
240.0
154.0
150.0
162.0
306.0
156.0
156.0
169.0
146.0
150.0
152.0
167.0
133.0
150.0
317.0
152.0
152.0
133.0
148.0
142.0
156.0
134.0
314.0
299.0
156.0
160.0
172.0
164.0
148.0
162.0
168.0
152.0
252.0
148.0
258.0
143.0
302.0
310.0
307.0
293.0
322.0
473.0
280.0
312.0
417.0
144.0
154.0
162.0
141.0
158.0
204.0
164.0
165.0
154.0
308.0
164.0
152.0
154.0
156.0
155.0
153.0
154.0
157.0
171.0
296.0
166.0
144.0
144.0
159.0
139.0
143.0
160.0
318.0
290.0
150.0
170.0
138.0
136.0
160.0
166.0
149.0
162.0
319.0
149.0
283.0
144.0
266.0
304.0
323.0
264.0
328.0
438.0
253.0
285.0
422.0
144.0
150.0
163.0
168.0
165.0
212.0
156.0
154.0
155.0
286.0
152.0
164.0
160.0
140.0
158.0
162.0
154.0
150.0
170.0
333.0
149.0
136.0
143.0
152.0
144.0
138.0
164.0
299.0
299.0
162.0
172.0
170.0
150.0
150.0
148.0
153.0
174.0
302.0
154.0
314.0
140.0
279.0
322.0
275.0
284.0
318.0
424.0
315.0
316.0
461.0
152.0
159.0
154.0
146.0
148.0
218.0
150.0
138.0
166.0
296.0
135.0
144.0
170.0
146.0
142.0
150.0
139.0
172.0
141.0
278.0
146.0
152.0
150.0
152.0
158.0
141.0
147.0
312.0
272.0
156.0
137.0
142.0
150.0
156.0
160.0
150.0
150.0
302.0
137.0
308.0
158.0
312.0
320.0
283.0
252.0
306.0
462.0
324.0
252.0
440.0
155.0
159.0
166.0
138.0
142.0
250.0
156.0
162.0
144.0
326.0
138.0
162.0
171.0
156.0
154.0
152.0
158.0
152.0
160.0
324.0
163.0
156.0
150.0
152.0
165.0
153.0
144.0
305.0
296.0
154.0
156.0
140.0
142.0
159.0
145.0
166.0
140.0
312.0
134.0
323.0
157.0
300.0
306.0
314.0
294.0
279.0
410.0
318.0
300.0
415.0
139.0
171.0
172.0
154.0
163.0
246.0
160.0
164.0
159.0
304.0
150.0
161.0
164.0
164.0
152.0
152.0
138.0
166.0
157.0
288.0
158.0
160.0
132.0
157.0
162.0
154.0
138.0
308.0
296.0
144.0
151.0
152.0
154.0
166.0
154.0
152.0
158.0
322.0
164.0
284.0
134.0
260.0
325.0
306.0
260.0
290.0
427.0
280.0
296.0
450.0
160.0
182.0
155.0
140.0
141.0
215.0
158.0
158.0
151.0
314.0
168.0
140.0
148.0
146.0
136.0
176.0
168.0
153.0
152.0
299.0
143.0
151.0
152.0
145.0
164.0
142.0
156.0
320.0
286.0
158.0
150.0
154.0
166.0
159.0
156.0
150.0
142.0
268.0
148.0
264.0
154.0
293.0
265.0
300.0
304.0
284.0
460.0
281.0
328.0
401.0
156.0
153.0
156.0
146.0
152.0
213.0
160.0
152.0
156.0
274.0
144.0
146.0
142.0
158.0
156.0
148.0
152.0
150.0
138.0
324.0
158.0
162.0
152.0
156.0
156.0
160.0
150.0
313.0
288.0
146.0
146.0
168.0
146.0
134.0
152.0
169.0
141.0
278.0
137.0
311.0
168.0
293.0
280.0
272.0
288.0
271.0
395.0
304.0
286.0
420.0
156.0
164.0
172.0
162.0
144.0
226.0
152.0
146.0
148.0
294.0
156.0
152.0
161.0
165.0
142.0
162.0
152.0
159.0
170.0
266.0
148.0
162.0
157.0
150.0
172.0
145.0
154.0
285.0
313.0
166.0
156.0
144.0
169.0
164.0
156.0
132.0
156.0
318.0
143.0
289.0
136.0
291.0
304.0
320.0
305.0
279.0
467.0
308.0
296.0
423.0
163.0
165.0
170.0
170.0
140.0
228.0
164.0
156.0
150.0
288.0
137.0
152.0
156.0
144.0
160.0
136.0
152.0
162.0
150.0
314.0
154.0
156.0
162.0
167.0
142.0
142.0
156.0
295.0
271.0
144.0
154.0
138.0
152.0
144.0
146.0
148.0
152.0
316.0
164.0
314.0
158.0
316.0
256.0
269.0
256.0
316.0
423.0
255.0
260.0
416.0
147.0
159.0
164.0
146.0
154.0
222.0
154.0
154.0
140.0
320.0
146.0
162.0
162.0
167.0
146.0
152.0
144.0
164.0
150.0
308.0
162.0
170.0
162.0
139.0
156.0
148.0
172.0
314.0
282.0
150.0
148.0
158.0
136.0
150.0
163.0
146.0
173.0
292.0
142.0
318.0
150.0
268.0
285.0
274.0
282.0
274.0
410.0
306.0
258.0
406.0
167.0
164.0
154.0
146.0
156.0
220.0
156.0
140.0
150.0
265.0
154.0
158.0
158.0
144.0
156.0
140.0
150.0
156.0
152.0
324.0
132.0
146.0
164.0
154.0
170.0
158.0
139.0
287.0
264.0
158.0
155.0
162.0
171.0
139.0
148.0
146.0
159.0
292.0
158.0
280.0
159.0
317.0
265.0
302.0
292.0
282.0
477.0
322.0
294.0
408.0
155.0
167.0
158.0
136.0
144.0
248.0
154.0
154.0
151.0
314.0
140.0
147.0
138.0
155.0
160.0
152.0
136.0
147.0
155.0
287.0
154.0
150.0
156.0
152.0
152.0
148.0
156.0
322.0
310.0
148.0
165.0
160.0
151.0
161.0
169.0
155.0
162.0
309.0
148.0
282.0
146.0
312.0
316.0
286.0
305.0
274.0
418.0
300.0
278.0
427.0
154.0
142.0
147.0
150.0
146.0
238.0
164.0
148.0
154.0
285.0
156.0
158.0
152.0
168.0
156.0
146.0
173.0
152.0
150.0
316.0
151.0
142.0
161.0
158.0
136.0
125.0
148.0
298.0
287.0
163.0
167.0
154.0
160.0
162.0
142.0
164.0
161.0
288.0
152.0
282.0
142.0
282.0
328.0
316.0
300.0
270.0
422.0
262.0
318.0
448.0
135.0
156.0
142.0
153.0
145.0
236.0
144.0
156.0
155.0
318.0
148.0
149.0
176.0
138.0
160.0
160.0
166.0
148.0
162.0
318.0
150.0
162.0
154.0
134.0
168.0
132.0
156.0
276.0
298.0
152.0
152.0
142.0
146.0
146.0
162.0
164.0
150.0
316.0
138.0
306.0
151.0
302.0
288.0
265.0
290.0
260.0
406.0
272.0
255.0
414.0
165.0
166.0
171.0
166.0
146.0
220.0
162.0
155.0
150.0
272.0
160.0
147.0
158.0
159.0
159.0
175.0
138.0
146.0
160.0
262.0
168.0
158.0
168.0
152.0
158.0
146.0
172.0
316.0
312.0
158.0
152.0
166.0
160.0
143.0
142.0
138.0
162.0
328.0
148.0
266.0
144.0
270.0
270.0
272.0
284.0
314.0
488.0
288.0
327.0
486.0
160.0
170.0
149.0
154.0
161.0
232.0
151.0
143.0
160.0
298.0
146.0
145.0
174.0
156.0
156.0
148.0
152.0
144.0
168.0
310.0
144.0
162.0
146.0
156.0
149.0
148.0
154.0
286.0
292.0
148.0
134.0
160.0
150.0
152.0
141.0
139.0
167.0
286.0
135.0
290.0
154.0
279.0
273.0
273.0
245.0
286.0
421.0
272.0
274.0
392.0
135.0
146.0
152.0
164.0
162.0
231.0
162.0
150.0
148.0
318.0
166.0
159.0
158.0
134.0
153.0
166.0
157.0
146.0
156.0
284.0
151.0
170.0
160.0
158.0
168.0
150.0
154.0
272.0
310.0
174.0
139.0
149.0
156.0
142.0
142.0
169.0
160.0
302.0
151.0
330.0
165.0
270.0
278.0
250.0
256.0
278.0
420.0
322.0
308.0
408.0
150.0
160.0
162.0
155.0
148.0
193.0
155.0
162.0
148.0
302.0
157.0
162.0
166.0
154.0
161.0
152.0
140.0
144.0
167.0
302.0
142.0
153.0
150.0
162.0
152.0
136.0
148.0
287.0
286.0
161.0
162.0
147.0
151.0
146.0
164.0
154.0
168.0
292.0
153.0
312.0
157.0
259.0
316.0
272.0
256.0
283.0
433.0
266.0
316.0
444.0
146.0
148.0
156.0
165.0
155.0
214.0
156.0
158.0
148.0
316.0
166.0
168.0
143.0
156.0
142.0
152.0
158.0
154.0
160.0
279.0
142.0
138.0
153.0
158.0
152.0
148.0
135.0
291.0
286.0
158.0
150.0
142.0
156.0
160.0
150.0
145.0
164.0
266.0
140.0
284.0
150.0
276.0
280.0
295.0
304.0
322.0
416.0
267.0
278.0
451.0
136.0
169.0
153.0
154.0
156.0
206.0
157.0
158.0
154.0
320.0
138.0
160.0
150.0
144.0
155.0
147.0
142.0
160.0
170.0
286.0
158.0
156.0
163.0
156.0
150.0
128.0
162.0
279.0
304.0
156.0
136.0
146.0
146.0
155.0
154.0
152.0
156.0
279.0
142.0
288.0
166.0
272.0
285.0
260.0
282.0
305.0
432.0
284.0
272.0
420.0
152.0
162.0
160.0
143.0
166.0
228.0
153.0
143.0
150.0
285.0
160.0
156.0
140.0
148.0
134.0
152.0
148.0
150.0
164.0
254.0
142.0
148.0
157.0
158.0
157.0
152.0
172.0
286.0
317.0
168.0
148.0
148.0
160.0
168.0
156.0
172.0
156.0
279.0
140.0
300.0
162.0
296.0
276.0
291.0
312.0
310.0
372.0
270.0
305.0
450.0
162.0
160.0
176.0
155.0
146.0
198.0
164.0
170.0
138.0
274.0
147.0
161.0
140.0
146.0
154.0
154.0
146.0
167.0
143.0
255.0
166.0
164.0
147.0
136.0
166.0
138.0
172.0
292.0
307.0
142.0
157.0
147.0
144.0
140.0
154.0
163.0
168.0
258.0
151.0
298.0
170.0
292.0
270.0
282.0
316.0
330.0
434.0
288.0
258.0
439.0
144.0
158.0
152.0
160.0
149.0
232.0
156.0
155.0
164.0
292.0
158.0
153.0
168.0
164.0
146.0
156.0
134.0
148.0
168.0
321.0
149.0
156.0
174.0
154.0
170.0
142.0
138.0
274.0
320.0
164.0
159.0
148.0
158.0
156.0
144.0
162.0
150.0
286.0
147.0
324.0
148.0
271.0
304.0
329.0
254.0
317.0
366.0
272.0
288.0
450.0
147.0
156.0
156.0
155.0
144.0
232.0
160.0
146.0
173.0
315.0
137.0
162.0
155.0
146.0
132.0
168.0
158.0
146.0
173.0
286.0
156.0
158.0
156.0
168.0
148.0
144.0
142.0
280.0
308.0
142.0
144.0
154.0
163.0
164.0
149.0
136.0
162.0
316.0
136.0
270.0
154.0
273.0
300.0
289.0
257.0
312.0
395.0
302.0
260.0
463.0
142.0
147.0
154.0
158.0
138.0
220.0
154.0
161.0
158.0
280.0
160.0
150.0
143.0
161.0
174.0
162.0
163.0
156.0
148.0
295.0
154.0
150.0
152.0
144.0
152.0
130.0
148.0
276.0
272.0
158.0
148.0
170.0
176.0
164.0
133.0
160.0
146.0
279.0
158.0
280.0
174.0
280.0
277.0
284.0
264.0
304.0
452.0
322.0
313.0
486.0
159.0
147.0
152.0
150.0
166.0
209.0
156.0
146.0
157.0
320.0
152.0
162.0
152.0
150.0
146.0
156.0
176.0
152.0
152.0
264.0
149.0
137.0
158.0
162.0
152.0
156.0
152.0
323.0
317.0
160.0
172.0
157.0
152.0
159.0
144.0
148.0
154.0
314.0
155.0
284.0
134.0
313.0
306.0
310.0
283.0
332.0
439.0
294.0
286.0
402.0
148.0
162.0
147.0
161.0
168.0
213.0
135.0
144.0
160.0
279.0
170.0
169.0
173.0
156.0
160.0
154.0
171.0
143.0
143.0
262.0
154.0
159.0
162.0
146.0
158.0
132.0
146.0
286.0
296.0
142.0
156.0
149.0
164.0
160.0
152.0
155.0
160.0
298.0
154.0
282.0
138.0
258.0
272.0
287.0
252.0
273.0
440.0
285.0
294.0
398.0
157.0
158.0
163.0
142.0
160.0
207.0
144.0
138.0
135.0
268.0
152.0
135.0
149.0
145.0
140.0
151.0
168.0
156.0
163.0
258.0
158.0
155.0
149.0
132.0
150.0
132.0
142.0
316.0
273.0
168.0
164.0
170.0
153.0
149.0
164.0
136.0
154.0
288.0
152.0
267.0
151.0
324.0
271.0
319.0
290.0
288.0
454.0
264.0
328.0
418.0
156.0
167.0
182.0
147.0
156.0
226.0
146.0
154.0
160.0
296.0
148.0
169.0
138.0
134.0
156.0
152.0
132.0
158.0
170.0
310.0
139.0
152.0
134.0
152.0
156.0
151.0
144.0
320.0
298.0
146.0
154.0
161.0
152.0
172.0
148.0
156.0
150.0
278.0
155.0
319.0
172.0
271.0
261.0
317.0
288.0
282.0
420.0
290.0
254.0
478.0
150.0
164.0
157.0
156.0
136.0
222.0
142.0
160.0
148.0
259.0
146.0
140.0
150.0
152.0
156.0
158.0
152.0
152.0
170.0
286.0
169.0
139.0
170.0
150.0
170.0
138.0
158.0
286.0
292.0
144.0
137.0
158.0
144.0
164.0
134.0
162.0
153.0
313.0
165.0
310.0
150.0
302.0
310.0
316.0
250.0
328.0
406.0
306.0
286.0
432.0
170.0
161.0
168.0
166.0
158.0
209.0
152.0
172.0
145.0
253.0
155.0
176.0
160.0
136.0
136.0
150.0
168.0
158.0
144.0
328.0
170.0
143.0
167.0
164.0
152.0
138.0
158.0
262.0
312.0
168.0
164.0
148.0
147.0
168.0
148.0
162.0
160.0
285.0
138.0
290.0
153.0
324.0
312.0
260.0
281.0
306.0
444.0
314.0
280.0
420.0
144.0
166.0
150.0
162.0
134.0
230.0
160.0
145.0
152.0
282.0
161.0
160.0
149.0
138.0
138.0
168.0
137.0
144.0
150.0
255.0
151.0
168.0
162.0
163.0
166.0
152.0
142.0
308.0
292.0
166.0
168.0
138.0
148.0
152.0
160.0
154.0
150.0
280.0
140.0
289.0
136.0
290.0
282.0
296.0
294.0
255.0
413.0
290.0
329.0
438.0
153.0
164.0
166.0
147.0
152.0
218.0
164.0
152.0
144.0
264.0
168.0
154.0
156.0
145.0
136.0
162.0
140.0
148.0
155.0
272.0
148.0
160.0
156.0
154.0
136.0
142.0
162.0
304.0
256.0
164.0
139.0
133.0
154.0
158.0
140.0
155.0
163.0
286.0
154.0
284.0
146.0
290.0
306.0
316.0
314.0
284.0
402.0
280.0
276.0
434.0
161.0
174.0
168.0
156.0
150.0
232.0
150.0
136.0
148.0
314.0
152.0
158.0
138.0
147.0
149.0
148.0
148.0
144.0
144.0
285.0
144.0
140.0
163.0
148.0
154.0
130.0
134.0
320.0
262.0
150.0
144.0
148.0
144.0
148.0
150.0
138.0
154.0
301.0
168.0
310.0
149.0
282.0
296.0
298.0
288.0
273.0
416.0
276.0
324.0
465.0
154.0
171.0
155.0
148.0
162.0
224.0
162.0
154.0
150.0
276.0
162.0
142.0
143.0
152.0
142.0
160.0
159.0
138.0
160.0
268.0
150.0
162.0
170.0
162.0
154.0
130.0
149.0
324.0
318.0
162.0
142.0
157.0
159.0
144.0
155.0
174.0
162.0
281.0
146.0
290.0
150.0
302.0
308.0
276.0
283.0
268.0
372.0
307.0
319.0
398.0
142.0
164.0
160.0
158.0
148.0
219.0
140.0
160.0
160.0
266.0
162.0
142.0
156.0
157.0
162.0
136.0
142.0
144.0
134.0
304.0
142.0
154.0
164.0
138.0
146.0
146.0
144.0
304.0
262.0
146.0
140.0
138.0
142.0
169.0
146.0
139.0
157.0
301.0
156.0
314.0
144.0
296.0
328.0
251.0
278.0
315.0
410.0
316.0
258.0
429.0
134.0
159.0
155.0
154.0
164.0
229.0
157.0
131.0
160.0
319.0
166.0
143.0
154.0
133.0
149.0
148.0
176.0
152.0
168.0
276.0
144.0
152.0
161.0
152.0
160.0
133.0
139.0
272.0
322.0
156.0
142.0
148.0
156.0
165.0
160.0
156.0
164.0
306.0
153.0
264.0
161.0
311.0
260.0
312.0
310.0
314.0
458.0
275.0
304.0
371.0
166.0
150.0
162.0
144.0
157.0
222.0
153.0
154.0
153.0
300.0
160.0
157.0
154.0
169.0
160.0
155.0
168.0
146.0
154.0
306.0
136.0
152.0
166.0
146.0
161.0
130.0
142.0
278.0
312.0
139.0
146.0
170.0
162.0
148.0
166.0
157.0
162.0
304.0
152.0
296.0
156.0
323.0
306.0
272.0
314.0
302.0
448.0
304.0
310.0
436.0
150.0
172.0
172.0
166.0
160.0
220.0
144.0
162.0
160.0
271.0
134.0
134.0
162.0
142.0
152.0
150.0
170.0
168.0
154.0
270.0
144.0
164.0
160.0
144.0
142.0
130.0
151.0
302.0
316.0
158.0
162.0
149.0
162.0
162.0
152.0
165.0
154.0
274.0
154.0
251.0
161.0
279.0
292.0
300.0
274.0
306.0
433.0
316.0
263.0
480.0
144.0
166.0
150.0
144.0
158.0
234.0
144.0
158.0
172.0
272.0
150.0
154.0
150.0
159.0
152.0
169.0
157.0
162.0
160.0
276.0
157.0
152.0
151.0
136.0
158.0
140.0
158.0
308.0
289.0
162.0
150.0
154.0
167.0
154.0
141.0
153.0
166.0
280.0
162.0
328.0
150.0
267.0
304.0
284.0
315.0
307.0
442.0
330.0
261.0
429.0
166.0
154.0
148.0
156.0
150.0
197.0
146.0
154.0
154.0
291.0
159.0
146.0
163.0
144.0
174.0
152.0
140.0
153.0
158.0
283.0
170.0
162.0
155.0
151.0
146.0
131.0
154.0
306.0
269.0
158.0
164.0
159.0
174.0
168.0
144.0
150.0
139.0
318.0
154.0
304.0
136.0
304.0
312.0
289.0
290.0
280.0
444.0
266.0
270.0
440.0
162.0
141.0
165.0
144.0
137.0
232.0
146.0
154.0
158.0
324.0
152.0
156.0
156.0
165.0
157.0
156.0
150.0
164.0
136.0
294.0
138.0
164.0
156.0
168.0
157.0
141.0
155.0
300.0
264.0
145.0
154.0
152.0
170.0
144.0
168.0
156.0
161.0
279.0
166.0
287.0
156.0
268.0
312.0
297.0
294.0
274.0
442.0
286.0
302.0
425.0
146.0
168.0
158.0
158.0
163.0
239.0
168.0
163.0
148.0
322.0
157.0
151.0
160.0
159.0
155.0
156.0
148.0
164.0
150.0
288.0
136.0
172.0
154.0
159.0
134.0
150.0
150.0
314.0
254.0
153.0
155.0
160.0
150.0
135.0
152.0
161.0
143.0
316.0
142.0
301.0
156.0
288.0
300.0
330.0
308.0
282.0
413.0
266.0
320.0
367.0
161.0
