I_BRKGA_110_2_50_6_CESP
110 2 50 494.0
33195.5
31471.5
30428.5
32872.5
32956.5
34177.5
36093.5
34137.5
33585.5
30008.5
29923.5
30811.5
30700.5
32387.5
32589.5
29249.5
32589.5
29423.5
31097.5
30667.5
29870.5
33987.5
28937.5
33026.5
32049.5
33018.5
35323.5
31891.5
29404.5
33800.5
31089.5
33937.5
30327.5
35984.5
35884.5
32631.5
32613.5
33727.5
35020.5
34918.5
29037.5
35833.5
31459.5
29457.5
32551.5
29098.5
31633.5
35067.5
34975.5
35476.5
0.022822252293940224
0.01706081906568195
0.020755387005424647
0.019790481903842312
0.020563822860921996
0.017095928637496913
0.02015768719935723
0.016741800716018763
0.0203518673220967
0.018142031320114906
0.020728060751416928
0.019721727474279797
0.02093193721938315
0.019332954855262142
0.022691148368186476
0.017235221895858712
0.020286471235793267
0.017099806266446752
0.02285828802595054
0.017466655857829312
0.023975299806408036
0.01897577186270193
0.021585742545801714
0.01785157926767514
0.02112984070137415
0.016316165824329248
0.020594687357573586
0.016060255560784307
0.022080598221442885
0.01626173096439721
0.02152514950558115
0.017000267255528126
0.021163988185829746
0.0188005375267935
0.02072499650375714
0.017410334333474175
0.02294591474849969
0.016186171670934855
0.020528980794461863
0.01645733326677657
0.02191593165663363
0.017247245962132247
0.021161750635083843
0.019463347935738094
0.02264722813547273
0.018275611596415896
0.0204026434945153
0.01647942648023024
0.021484084034247227
0.04151303389010308
122.0
130.0
7663.0
71.0
518.0
1250.0
36.0
508.0
120.0
190.0
44.0
318.0
263.0
395.0
56.0
309.0
519.0
279.0
72.0
230.0
78.0
300.0
27.0
344.0
168.0
765.0
1350.0
557.0
346.0
1178.0
296.0
152.0
839.0
4988.0
5593.0
129.0
157.0
306.0
47.0
28.0
180.0
211.0
195.0
515.0
364.0
79.0
61.0
27.0
123.0
30.0
20.0
179.0
839.0
50.0
125.0
61.0
43.0
156.0
148.0
73.0
161.0
140.0
800.0
36.0
20.0
26.0
29.0
8.0
74.0
271.0
109.0
67.0
86.0
58.0
39.0
86.0
152.0
48.0
27.0
56.0
154.0
166.0
107.0
82.0
135.0
46.0
63.0
1585.0
55.0
58.0
70.0
24.0
155.0
283.0
33.0
262.0
128.0
239.0
77.0
139.0
831.0
209.0
67.0
1177.0
122.0
115.0
71.0
89.0
111.0
20.0
270.0
190.0
503.0
1242.0
34.0
509.0
113.0
185.0
46.0
325.0
249.0
398.0
59.0
303.0
513.0
274.0
75.0
246.0
82.0
285.0
28.0
347.0
165.0
776.0
1360.0
573.0
348.0
1143.0
294.0
152.0
811.0
5452.0
5928.0
120.0
158.0
321.0
50.0
29.0
194.0
208.0
196.0
513.0
351.0
77.0
62.0
27.0
118.0
31.0
20.0
173.0
878.0
50.0
129.0
62.0
46.0
156.0
149.0
70.0
161.0
151.0
795.0
38.0
21.0
25.0
30.0
8.0
69.0
256.0
113.0
74.0
89.0
59.0
40.0
82.0
154.0
46.0
26.0
57.0
162.0
172.0
101.0
81.0
126.0
46.0
65.0
1651.0
56.0
56.0
64.0
25.0
154.0
293.0
33.0
276.0
129.0
252.0
79.0
130.0
818.0
206.0
70.0
1269.0
129.0
122.0
73.0
93.0
112.0
19.0
249.0
193.0
479.0
1223.0
33.0
519.0
120.0
181.0
46.0
321.0
248.0
379.0
61.0
297.0
529.0
284.0
73.0
232.0
77.0
273.0
28.0
366.0
162.0
782.0
1362.0
546.0
341.0
1126.0
281.0
146.0
849.0
5010.0
5608.0
120.0
168.0
319.0
51.0
29.0
177.0
217.0
178.0
495.0
357.0
75.0
63.0
25.0
119.0
32.0
20.0
162.0
839.0
49.0
121.0
63.0
46.0
154.0
145.0
71.0
159.0
146.0
725.0
37.0
21.0
24.0
29.0
8.0
75.0
272.0
108.0
70.0
89.0
54.0
41.0
88.0
141.0
45.0
27.0
56.0
163.0
175.0
104.0
79.0
133.0
45.0
63.0
1615.0
54.0
55.0
71.0
25.0
160.0
295.0
31.0
270.0
118.0
235.0
81.0
132.0
751.0
219.0
64.0
1287.0
126.0
122.0
73.0
88.0
116.0
19.0
249.0
200.0
493.0
1281.0
34.0
555.0
115.0
177.0
47.0
333.0
249.0
399.0
61.0
290.0
522.0
292.0
69.0
237.0
82.0
279.0
27.0
366.0
164.0
810.0
1314.0
585.0
353.0
1158.0
292.0
147.0
795.0
5009.0
5723.0
127.0
170.0
314.0
50.0
27.0
192.0
218.0
182.0
529.0
352.0
72.0
67.0
27.0
123.0
31.0
19.0
174.0
876.0
53.0
124.0
66.0
45.0
158.0
149.0
69.0
153.0
145.0
775.0
37.0
20.0
26.0
32.0
8.0
76.0
250.0
107.0
72.0
86.0
57.0
39.0
86.0
145.0
45.0
25.0
56.0
158.0
164.0
107.0
85.0
129.0
48.0
66.0
1592.0
56.0
57.0
68.0
25.0
164.0
275.0
33.0
275.0
120.0
240.0
76.0
137.0
781.0
224.0
71.0
1164.0
130.0
119.0
69.0
89.0
122.0
20.0
262.0
199.0
481.0
1305.0
35.0
551.0
119.0
185.0
47.0
320.0
257.0
371.0
58.0
296.0
521.0
277.0
75.0
249.0
76.0
274.0
28.0
375.0
164.0
780.0
1369.0
574.0
333.0
1193.0
291.0
158.0
822.0
5521.0
5674.0
119.0
164.0
329.0
49.0
27.0
194.0
206.0
190.0
518.0
364.0
78.0
65.0
26.0
122.0
31.0
19.0
175.0
889.0
52.0
123.0
63.0
44.0
162.0
147.0
73.0
160.0
149.0
799.0
37.0
20.0
25.0
30.0
8.0
72.0
271.0
113.0
68.0
90.0
58.0
39.0
82.0
141.0
46.0
25.0
57.0
164.0
173.0
105.0
83.0
135.0
45.0
66.0
1554.0
54.0
56.0
69.0
24.0
163.0
296.0
32.0
279.0
122.0
235.0
77.0
132.0
814.0
223.0
69.0
1263.0
128.0
125.0
67.0
86.0
115.0
18.0
265.0
199.0
494.0
1265.0
34.0
549.0
110.0
192.0
48.0
340.0
257.0
382.0
60.0
306.0
550.0
285.0
76.0
232.0
77.0
287.0
28.0
374.0
158.0
793.0
1301.0
541.0
344.0
1153.0
295.0
149.0
807.0
5275.0
5436.0
128.0
156.0
315.0
48.0
28.0
183.0
222.0
180.0
509.0
369.0
72.0
64.0
26.0
124.0
33.0
19.0
168.0
869.0
50.0
129.0
61.0
42.0
157.0
153.0
71.0
159.0
138.0
784.0
37.0
20.0
25.0
32.0
8.0
70.0
260.0
109.0
72.0
84.0
57.0
41.0
85.0
144.0
49.0
25.0
58.0
154.0
163.0
103.0
83.0
139.0
44.0
67.0
1503.0
58.0
57.0
71.0
24.0
157.0
297.0
31.0
262.0
129.0
242.0
81.0
128.0
769.0
217.0
70.0
1288.0
128.0
123.0
68.0
89.0
119.0
19.0
270.0
206.0
515.0
1307.0
33.0
532.0
115.0
177.0
46.0
337.0
262.0
401.0
59.0
313.0
550.0
266.0
71.0
229.0
74.0
299.0
28.0
368.0
172.0
845.0
1358.0
547.0
336.0
1126.0
289.0
159.0
823.0
5210.0
5847.0
127.0
172.0
309.0
50.0
28.0
185.0
205.0
192.0
495.0
365.0
79.0
66.0
26.0
117.0
32.0
20.0
169.0
870.0
51.0
124.0
65.0
43.0
160.0
143.0
75.0
159.0
148.0
781.0
38.0
21.0
26.0
30.0
8.0
71.0
273.0
106.0
73.0
89.0
56.0
40.0
88.0
149.0
47.0
27.0
58.0
162.0
171.0
105.0
84.0
126.0
48.0
65.0
1655.0
54.0
57.0
69.0
24.0
157.0
289.0
32.0
284.0
126.0
239.0
77.0
140.0
778.0
208.0
70.0
1165.0
134.0
122.0
68.0
94.0
122.0
19.0
252.0
200.0
514.0
1224.0
34.0
540.0
110.0
175.0
46.0
319.0
266.0
372.0
57.0
320.0
513.0
282.0
74.0
242.0
76.0
296.0
29.0
349.0
157.0
775.0
1369.0
555.0
362.0
1146.0
276.0
150.0
851.0
5173.0
5559.0
125.0
156.0
323.0
51.0
28.0
189.0
210.0
195.0
534.0
368.0
74.0
63.0
25.0
124.0
32.0
20.0
167.0
875.0
49.0
125.0
66.0
44.0
162.0
144.0
70.0
152.0
153.0
786.0
36.0
20.0
26.0
30.0
8.0
75.0
252.0
111.0
69.0
88.0
59.0
39.0
81.0
145.0
49.0
26.0
54.0
150.0
168.0
106.0
83.0
128.0
46.0
66.0
1649.0
54.0
56.0
67.0
26.0
152.0
272.0
31.0
285.0
121.0
248.0
81.0
134.0
765.0
218.0
69.0
1211.0
125.0
115.0
73.0
94.0
111.0
20.0
245.0
197.0
475.0
1328.0
35.0
513.0
113.0
176.0
44.0
334.0
261.0
365.0
58.0
293.0
509.0
287.0
72.0
242.0
74.0
273.0
27.0
358.0
167.0
839.0
1372.0
554.0
350.0
1106.0
290.0
147.0
823.0
4972.0
5493.0
128.0
160.0
331.0
50.0
28.0
190.0
205.0
186.0
505.0
371.0
75.0
63.0
26.0
118.0
31.0
19.0
167.0
869.0
51.0
130.0
62.0
44.0
159.0
150.0
75.0
164.0
141.0
745.0
35.0
20.0
24.0
30.0
8.0
75.0
254.0
104.0
72.0
87.0
58.0
38.0
84.0
150.0
47.0
26.0
54.0
151.0
174.0
106.0
86.0
132.0
46.0
65.0
1540.0
59.0
58.0
66.0
26.0
165.0
277.0
33.0
282.0
119.0
236.0
75.0
140.0
823.0
206.0
65.0
1260.0
123.0
127.0
72.0
92.0
116.0
19.0
245.0
199.0
495.0
1265.0
35.0
530.0
115.0
174.0
47.0
323.0
245.0
365.0
60.0
305.0
555.0
294.0
76.0
237.0
81.0
298.0
28.0
366.0
169.0
816.0
1358.0
573.0
361.0
1126.0
274.0
158.0
796.0
5123.0
5860.0
131.0
172.0
326.0
51.0
28.0
183.0
216.0
185.0
497.0
346.0
79.0
63.0
26.0
122.0
31.0
20.0
165.0
894.0
53.0
129.0
66.0
46.0
167.0
149.0
76.0
163.0
150.0
730.0
38.0
20.0
24.0
31.0
8.0
72.0
266.0
109.0
74.0
89.0
57.0
40.0
83.0
152.0
45.0
27.0
54.0
157.0
167.0
109.0
84.0
137.0
46.0
64.0
1663.0
58.0
57.0
71.0
24.0
158.0
278.0
33.0
275.0
118.0
236.0
76.0
141.0
809.0
205.0
70.0
1278.0
128.0
119.0
69.0
85.0
117.0
20.0
247.0
192.0
476.0
1294.0
33.0
535.0
118.0
182.0
47.0
347.0
260.0
390.0
59.0
316.0
537.0
282.0
74.0
232.0
77.0
293.0
28.0
352.0
164.0
785.0
1389.0
592.0
345.0
1198.0
271.0
153.0
843.0
5499.0
5686.0
125.0
160.0
312.0
47.0
28.0
194.0
210.0
184.0
519.0
375.0
75.0
61.0
26.0
118.0
31.0
20.0
175.0
902.0
53.0
125.0
61.0
44.0
153.0
155.0
71.0
152.0
138.0
777.0
37.0
21.0
25.0
32.0
8.0
74.0
274.0
104.0
74.0
91.0
58.0
41.0
81.0
151.0
46.0
27.0
57.0
150.0
166.0
106.0
85.0
135.0
44.0
67.0
1538.0
55.0
55.0
68.0
24.0
166.0
291.0
33.0
273.0
126.0
238.0
78.0
134.0
781.0
219.0
70.0
1265.0
134.0
121.0
69.0
89.0
112.0
18.0
252.0
195.0
507.0
1274.0
33.0
517.0
114.0
179.0
47.0
351.0
267.0
387.0
58.0
303.0
515.0
267.0
72.0
250.0
75.0
279.0
27.0
350.0
158.0
840.0
1275.0
569.0
335.0
1091.0
293.0
153.0
853.0
5241.0
5885.0
122.0
168.0
309.0
49.0
28.0
176.0
214.0
190.0
489.0
363.0
77.0
67.0
27.0
125.0
31.0
20.0
171.0
850.0
48.0
131.0
62.0
43.0
157.0
146.0
76.0
154.0
150.0
784.0
37.0
20.0
25.0
30.0
8.0
72.0
252.0
110.0
72.0
83.0
59.0
40.0
81.0
142.0
47.0
27.0
54.0
156.0
164.0
111.0
82.0
133.0
48.0
62.0
1508.0
54.0
55.0
66.0
26.0
160.0
271.0
32.0
272.0
119.0
255.0
81.0
138.0
803.0
214.0
68.0
1243.0
128.0
121.0
72.0
87.0
120.0
19.0
246.0
197.0
495.0
1289.0
36.0
544.0
117.0
184.0
46.0
345.0
266.0
364.0
57.0
309.0
514.0
284.0
70.0
250.0
81.0
288.0
28.0
342.0
157.0
820.0
1280.0
597.0
352.0
1186.0
282.0
146.0
829.0
5182.0
5623.0
125.0
167.0
315.0
47.0
28.0
186.0
222.0
182.0
521.0
364.0
72.0
66.0
27.0
125.0
31.0
20.0
176.0
830.0
50.0
130.0
67.0
43.0
160.0
152.0
76.0
164.0
153.0
742.0
36.0
21.0
26.0
30.0
8.0
72.0
271.0
104.0
68.0
87.0
59.0
39.0
89.0
142.0
47.0
26.0
58.0
152.0
158.0
103.0
81.0
126.0
44.0
65.0
1504.0
59.0
56.0
66.0
26.0
166.0
294.0
32.0
286.0
120.0
235.0
76.0
138.0
806.0
204.0
67.0
1248.0
124.0
121.0
67.0
94.0
122.0
19.0
257.0
193.0
488.0
1242.0
36.0
528.0
115.0
179.0
48.0
316.0
250.0
396.0
60.0
297.0
552.0
279.0
71.0
231.0
80.0
286.0
27.0
347.0
164.0
813.0
1307.0
558.0
340.0
1096.0
276.0
145.0
795.0
5353.0
5967.0
121.0
170.0
330.0
47.0
27.0
184.0
222.0
183.0
498.0
360.0
74.0
67.0
26.0
125.0
32.0
20.0
171.0
882.0
53.0
121.0
63.0
45.0
164.0
151.0
74.0
159.0
147.0
747.0
37.0
20.0
25.0
32.0
8.0
70.0
255.0
102.0
71.0
86.0
54.0
39.0
89.0
151.0
45.0
26.0
53.0
160.0
163.0
104.0
85.0
130.0
46.0
64.0
1558.0
55.0
57.0
68.0
26.0
163.0
292.0
30.0
284.0
119.0
250.0
76.0
132.0
814.0
212.0
69.0
1169.0
134.0
121.0
71.0
94.0
119.0
19.0
269.0
196.0
476.0
1246.0
35.0
554.0
120.0
188.0
48.0
319.0
247.0
382.0
57.0
292.0
548.0
284.0
72.0
251.0
76.0
289.0
28.0
342.0
166.0
783.0
1342.0
576.0
337.0
1111.0
293.0
155.0
834.0
5202.0
5443.0
121.0
170.0
330.0
50.0
29.0
179.0
220.0
182.0
492.0
342.0
73.0
67.0
27.0
123.0
33.0
20.0
168.0
886.0
50.0
127.0
66.0
44.0
166.0
146.0
69.0
154.0
143.0
728.0
36.0
19.0
25.0
31.0
8.0
71.0
263.0
106.0
71.0
87.0
58.0
38.0
87.0
148.0
47.0
26.0
56.0
160.0
163.0
102.0
81.0
133.0
47.0
67.0
1546.0
59.0
58.0
67.0
26.0
156.0
270.0
33.0
274.0
130.0
237.0
75.0
130.0
760.0
206.0
67.0
1171.0
122.0
122.0
67.0
92.0
113.0
18.0
271.0
190.0
469.0
1313.0
36.0
545.0
114.0
182.0
44.0
347.0
263.0
365.0
59.0
299.0
548.0
289.0
76.0
240.0
74.0
286.0
27.0
343.0
161.0
779.0
1391.0
572.0
350.0
1118.0
297.0
149.0
870.0
5430.0
6035.0
122.0
164.0
317.0
48.0
29.0
193.0
224.0
190.0
496.0
362.0
72.0
66.0
27.0
116.0
31.0
20.0
168.0
868.0
52.0
119.0
62.0
43.0
155.0
144.0
72.0
168.0
143.0
744.0
36.0
20.0
25.0
32.0
8.0
74.0
271.0
113.0
73.0
84.0
59.0
38.0
88.0
148.0
47.0
25.0
53.0
156.0
166.0
103.0
85.0
134.0
46.0
67.0
1526.0
56.0
58.0
66.0
26.0
153.0
294.0
33.0
268.0
119.0
252.0
78.0
130.0
752.0
219.0
70.0
1204.0
126.0
118.0
66.0
87.0
121.0
18.0
271.0
195.0
492.0
1273.0
36.0
527.0
110.0
182.0
46.0
349.0
254.0
362.0
58.0
311.0
554.0
287.0
76.0
244.0
75.0
273.0
29.0
342.0
159.0
811.0
1377.0
572.0
329.0
1118.0
285.0
146.0
843.0
4982.0
5475.0
122.0
171.0
310.0
51.0
27.0
181.0
218.0
187.0
520.0
342.0
78.0
67.0
26.0
124.0
31.0
19.0
162.0
866.0
53.0
127.0
62.0
42.0
167.0
146.0
74.0
156.0
140.0
750.0
35.0
21.0
25.0
32.0
8.0
69.0
252.0
109.0
72.0
83.0
55.0
40.0
86.0
145.0
45.0
26.0
54.0
151.0
169.0
104.0
80.0
135.0
44.0
63.0
1566.0
57.0
56.0
68.0
24.0
166.0
281.0
31.0
275.0
128.0
252.0
76.0
129.0
796.0
207.0
68.0
1186.0
122.0
121.0
73.0
88.0
120.0
19.0
256.0
188.0
489.0
1242.0
34.0
519.0
116.0
191.0
48.0
341.0
253.0
367.0
61.0
311.0
514.0
278.0
76.0
252.0
78.0
275.0
29.0
372.0
171.0
785.0
1392.0
569.0
333.0
1176.0
285.0
144.0
837.0
5096.0
5539.0
119.0
160.0
325.0
50.0
29.0
176.0
210.0
184.0
526.0
350.0
79.0
64.0
26.0
122.0
32.0
20.0
165.0
857.0
53.0
127.0
64.0
42.0
162.0
143.0
76.0
160.0
148.0
771.0
36.0
20.0
26.0
30.0
8.0
71.0
256.0
105.0
74.0
84.0
56.0
39.0
81.0
140.0
45.0
27.0
55.0
150.0
172.0
105.0
81.0
136.0
46.0
61.0
1515.0
54.0
59.0
69.0
26.0
152.0
299.0
32.0
280.0
130.0
252.0
81.0
138.0
798.0
216.0
70.0
1169.0
134.0
125.0
70.0
85.0
121.0
20.0
271.0
191.0
482.0
1229.0
36.0
549.0
114.0
189.0
44.0
335.0
270.0
374.0
56.0
320.0
543.0
279.0
76.0
241.0
80.0
291.0
28.0
365.0
168.0
803.0
1320.0
542.0
361.0
1159.0
285.0
150.0
817.0
5383.0
5854.0
125.0
164.0
321.0
49.0
29.0
185.0
219.0
191.0
505.0
372.0
74.0
64.0
27.0
122.0
33.0
20.0
172.0
829.0
52.0
128.0
66.0
42.0
163.0
153.0
75.0
165.0
141.0
796.0
38.0
20.0
24.0
32.0
8.0
74.0
263.0
103.0
69.0
90.0
54.0
38.0
89.0
152.0
49.0
25.0
54.0
151.0
159.0
111.0
82.0
128.0
45.0
64.0
1535.0
59.0
59.0
69.0
26.0
154.0
288.0
33.0
273.0
118.0
240.0
76.0
137.0
823.0
214.0
71.0
1225.0
129.0
120.0
68.0
88.0
116.0
19.0
260.0
204.0
480.0
1333.0
36.0
518.0
113.0
189.0
44.0
351.0
254.0
397.0
59.0
317.0
545.0
291.0
76.0
234.0
78.0
277.0
27.0
375.0
173.0
839.0
1254.0
548.0
338.0
1141.0
293.0
155.0
875.0
5207.0
5994.0
124.0
160.0
320.0
50.0
29.0
186.0
207.0
184.0
487.0
371.0
73.0
62.0
25.0
120.0
31.0
19.0
178.0
902.0
51.0
131.0
62.0
44.0
151.0
148.0
72.0
161.0
143.0
728.0
36.0
21.0
24.0
30.0
8.0
69.0
271.0
107.0
73.0
85.0
57.0
39.0
81.0
152.0
45.0
25.0
57.0
157.0
160.0
108.0
84.0
139.0
46.0
67.0
1584.0
55.0
57.0
64.0
26.0
164.0
271.0
32.0
279.0
130.0
241.0
80.0
134.0
781.0
214.0
65.0
1207.0
131.0
115.0
73.0
92.0
122.0
19.0
268.0
195.0
512.0
1329.0
34.0
510.0
115.0
188.0
47.0
333.0
254.0
375.0
59.0
318.0
504.0
274.0
69.0
247.0
82.0
280.0
29.0
355.0
169.0
809.0
1391.0
551.0
339.0
1092.0
281.0
144.0
826.0
5021.0
5585.0
128.0
171.0
315.0
50.0
29.0
188.0
215.0
188.0
528.0
347.0
76.0
61.0
25.0
125.0
32.0
19.0
171.0
828.0
53.0
123.0
61.0
46.0
160.0
150.0
71.0
165.0
138.0
799.0
38.0
20.0
25.0
31.0
8.0
74.0
253.0
106.0
68.0
91.0
54.0
40.0
84.0
148.0
45.0
27.0
55.0
155.0
163.0
109.0
79.0
137.0
48.0
63.0
1592.0
55.0
57.0
66.0
25.0
159.0
273.0
33.0
260.0
125.0
254.0
80.0
136.0
750.0
225.0
65.0
1203.0
127.0
121.0
68.0
90.0
122.0
19.0
269.0
188.0
514.0
1291.0
35.0
505.0
120.0
175.0
48.0
327.0
259.0
365.0
59.0
299.0
548.0
288.0
70.0
238.0
81.0
291.0
27.0
372.0
169.0
844.0
1348.0
543.0
337.0
1161.0
278.0
145.0
792.0
5181.0
5588.0
130.0
160.0
326.0
51.0
28.0
189.0
214.0
196.0
506.0
347.0
76.0
67.0
27.0
119.0
31.0
19.0
167.0
894.0
51.0
128.0
61.0
46.0
155.0
145.0
74.0
162.0
153.0
737.0
37.0
21.0
25.0
31.0
8.0
73.0
256.0
111.0
73.0
89.0
58.0
41.0
88.0
149.0
46.0
26.0
56.0
164.0
160.0
102.0
80.0
138.0
45.0
64.0
1602.0
55.0
57.0
67.0
25.0
156.0
296.0
33.0
262.0
120.0
243.0
81.0
134.0
809.0
220.0
65.0
1227.0
125.0
125.0
73.0
90.0
121.0
19.0
264.0
192.0
511.0
1317.0
34.0
518.0
120.0
178.0
46.0
325.0
255.0
383.0
58.0
295.0
550.0
268.0
75.0
254.0
79.0
278.0
27.0
359.0
160.0
800.0
1290.0
583.0
354.0
1107.0
293.0
156.0
866.0
5445.0
5599.0
123.0
169.0
315.0
48.0
27.0
189.0
220.0
180.0
493.0
373.0
78.0
65.0
26.0
124.0
33.0
20.0
164.0
883.0
50.0
131.0
61.0
42.0
152.0
145.0
70.0
163.0
148.0
777.0
38.0
21.0
26.0
31.0
8.0
76.0
254.0
104.0
70.0
88.0
54.0
39.0
83.0
153.0
45.0
25.0
56.0
162.0
167.0
107.0
86.0
128.0
46.0
67.0
1538.0
54.0
58.0
64.0
24.0
156.0
298.0
31.0
285.0
126.0
255.0
81.0
137.0
786.0
205.0
70.0
1167.0
122.0
119.0
66.0
90.0
113.0
20.0
263.0
205.0
506.0
1247.0
34.0
528.0
119.0
186.0
47.0
331.0
252.0
380.0
61.0
315.0
539.0
280.0
70.0
231.0
78.0
274.0
27.0
351.0
173.0
811.0
1257.0
571.0
357.0
1188.0
296.0
158.0
840.0
5180.0
5473.0
127.0
171.0
322.0
51.0
28.0
194.0
210.0
177.0
527.0
353.0
74.0
62.0
26.0
125.0
32.0
20.0
166.0
892.0
51.0
125.0
67.0
45.0
156.0
140.0
74.0
157.0
145.0
752.0
36.0
20.0
26.0
31.0
8.0
74.0
253.0
108.0
70.0
91.0
59.0
40.0
83.0
148.0
48.0
25.0
55.0
151.0
166.0
106.0
81.0
133.0
47.0
67.0
1619.0
58.0
54.0
70.0
25.0
164.0
292.0
31.0
275.0
122.0
247.0
76.0
139.0
772.0
203.0
68.0
1269.0
133.0
117.0
69.0
94.0
112.0
20.0
250.0
202.0
478.0
1224.0
33.0
540.0
119.0
184.0
45.0
332.0
266.0
378.0
61.0
290.0
544.0
274.0
69.0
231.0
80.0
278.0
28.0
354.0
163.0
765.0
1280.0
598.0
357.0
1117.0
293.0
148.0
853.0
4997.0
5821.0
122.0
173.0
323.0
51.0
29.0
177.0
217.0
196.0
488.0
375.0
76.0
65.0
27.0
127.0
31.0
19.0
165.0
882.0
52.0
123.0
64.0
46.0
154.0
155.0
76.0
166.0
143.0
734.0
37.0
20.0
25.0
31.0
8.0
76.0
266.0
106.0
69.0
88.0
58.0
37.0
87.0
153.0
45.0
26.0
55.0
163.0
173.0
103.0
86.0
131.0
48.0
65.0
1655.0
57.0
57.0
67.0
24.0
161.0
271.0
30.0
283.0
126.0
250.0
83.0
131.0
754.0
214.0
65.0
1282.0
124.0
120.0
71.0
94.0
119.0
20.0
262.0
191.0
489.0
1220.0
33.0
550.0
111.0
183.0
44.0
334.0
256.0
361.0
61.0
293.0
529.0
292.0
72.0
248.0
76.0
288.0
28.0
360.0
158.0
805.0
1264.0
587.0
348.0
1106.0
277.0
148.0
831.0
5126.0
5695.0
131.0
162.0
311.0
49.0
27.0
189.0
220.0
181.0
482.0
371.0
73.0
65.0
26.0
125.0
32.0
20.0
167.0
814.0
53.0
121.0
65.0
46.0
159.0
153.0
71.0
154.0
151.0
772.0
36.0
21.0
24.0
31.0
8.0
69.0
272.0
110.0
73.0
89.0
58.0
40.0
88.0
147.0
49.0
25.0
54.0
151.0
158.0
110.0
82.0
130.0
46.0
66.0
1519.0
58.0
57.0
67.0
25.0
163.0
290.0
32.0
280.0
125.0
249.0
79.0
132.0
755.0
213.0
66.0
1177.0
128.0
120.0
69.0
92.0
116.0
19.0
245.0
198.0
472.0
1224.0
34.0
560.0
114.0
182.0
45.0
351.0
260.0
395.0
56.0
320.0
551.0
290.0
75.0
239.0
82.0
289.0
27.0
360.0
168.0
783.0
1338.0
577.0
330.0
1196.0
283.0
155.0
835.0
5410.0
5625.0
123.0
166.0
308.0
50.0
28.0
179.0
225.0
194.0
523.0
346.0
75.0
65.0
25.0
124.0
32.0
20.0
175.0
826.0
52.0
122.0
66.0
46.0
156.0
152.0
72.0
163.0
139.0
745.0
38.0
20.0
26.0
31.0
8.0
75.0
258.0
102.0
67.0
88.0
54.0
41.0
86.0
148.0
46.0
26.0
56.0
157.0
170.0
105.0
84.0
137.0
44.0
63.0
1586.0
54.0
57.0
70.0
26.0
164.0
277.0
31.0
283.0
121.0
243.0
80.0
140.0
805.0
219.0
69.0
1245.0
132.0
127.0
68.0
93.0
115.0
19.0
255.0
191.0
486.0
1276.0
35.0
511.0
111.0
188.0
44.0
332.0
245.0
391.0
56.0
292.0
536.0
269.0
70.0
254.0
80.0
289.0
27.0
350.0
164.0
820.0
1307.0
574.0
360.0
1165.0
301.0
145.0
860.0
5266.0
5560.0
125.0
165.0
305.0
48.0
28.0
186.0
224.0
180.0
488.0
356.0
76.0
64.0
26.0
116.0
33.0
19.0
178.0
902.0
51.0
127.0
63.0
45.0
156.0
147.0
74.0
159.0
144.0
745.0
37.0
20.0
26.0
31.0
8.0
72.0
255.0
104.0
72.0
83.0
55.0
39.0
88.0
151.0
46.0
26.0
57.0
157.0
171.0
101.0
82.0
136.0
48.0
66.0
1533.0
58.0
55.0
65.0
25.0
162.0
285.0
33.0
274.0
126.0
257.0
78.0
129.0
828.0
221.0
71.0
1207.0
126.0
117.0
68.0
87.0
111.0
19.0
257.0
203.0
510.0
1317.0
36.0
511.0
120.0
174.0
47.0
325.0
252.0
384.0
56.0
310.0
548.0
294.0
74.0
234.0
75.0
281.0
27.0
361.0
158.0
832.0
1363.0
568.0
359.0
1091.0
279.0
148.0
844.0
5441.0
5555.0
131.0
162.0
318.0
48.0
27.0
178.0
220.0
177.0
503.0
343.0
76.0
62.0
26.0
118.0
33.0
20.0
168.0
904.0
50.0
118.0
67.0
42.0
153.0
154.0
69.0
167.0
151.0
785.0
38.0
20.0
26.0
32.0
8.0
74.0
259.0
104.0
73.0
91.0
59.0
40.0
86.0
147.0
46.0
25.0
55.0
163.0
173.0
104.0
85.0
136.0
46.0
64.0
1541.0
59.0
54.0
68.0
25.0
152.0
286.0
33.0
279.0
118.0
256.0
76.0
132.0
816.0
210.0
65.0
1224.0
121.0
126.0
72.0
89.0
122.0
20.0
254.0
195.0
502.0
1340.0
33.0
544.0
111.0
190.0
46.0
326.0
251.0
383.0
58.0
289.0
532.0
283.0
76.0
229.0
78.0
290.0
28.0
375.0
158.0
816.0
1374.0
573.0
356.0
1101.0
299.0
148.0
856.0
5234.0
5728.0
120.0
162.0
304.0
47.0
27.0
177.0
214.0
181.0
503.0
345.0
75.0
61.0
26.0
117.0
31.0
20.0
171.0
815.0
52.0
121.0
61.0
42.0
164.0
148.0
74.0
158.0
142.0
764.0
38.0
20.0
26.0
31.0
8.0
70.0
267.0
113.0
74.0
83.0
58.0
38.0
88.0
152.0
49.0
27.0
54.0
164.0
160.0
107.0
87.0
135.0
47.0
61.0
1527.0
54.0
59.0
69.0
24.0
166.0
296.0
31.0
268.0
125.0
235.0
81.0
141.0
751.0
204.0
67.0
1160.0
123.0
123.0
67.0
85.0
117.0
19.0
249.0
207.0
494.0
1331.0
35.0
509.0
111.0
176.0
46.0
320.0
253.0
396.0
60.0
292.0
558.0
290.0
72.0
233.0
82.0
282.0
28.0
353.0
168.0
817.0
1254.0
597.0
361.0
1151.0
279.0
159.0
798.0
5011.0
5774.0
122.0
171.0
334.0
51.0
27.0
186.0
226.0
187.0
501.0
358.0
72.0
64.0
25.0
125.0
33.0
19.0
164.0
830.0
49.0
125.0
67.0
43.0
155.0
147.0
75.0
166.0
144.0
751.0
36.0
20.0
26.0
29.0
8.0
76.0
277.0
104.0
68.0
91.0
55.0
40.0
81.0
145.0
45.0
27.0
53.0
154.0
166.0
101.0
82.0
126.0
44.0
67.0
1563.0
54.0
54.0
69.0
24.0
159.0
276.0
32.0
267.0
124.0
252.0
81.0
131.0
764.0
212.0
66.0
1174.0
125.0
122.0
70.0
90.0
121.0
19.0
272.0
199.0
473.0
1290.0
34.0
524.0
117.0
193.0
44.0
319.0
263.0
382.0
61.0
307.0
559.0
284.0
71.0
244.0
75.0
289.0
27.0
351.0
160.0
775.0
1326.0
554.0
338.0
1117.0
294.0
149.0
856.0
5199.0
5675.0
126.0
171.0
312.0
51.0
28.0
179.0
220.0
189.0
485.0
351.0
79.0
66.0
25.0
116.0
31.0
19.0
165.0
859.0
50.0
127.0
61.0
45.0
162.0
148.0
72.0
168.0
140.0
776.0
35.0
20.0
26.0
30.0
8.0
70.0
273.0
110.0
68.0
84.0
59.0
40.0
82.0
149.0
47.0
27.0
54.0
155.0
161.0
104.0
87.0
131.0
47.0
63.0
1650.0
54.0
56.0
71.0
25.0
164.0
289.0
31.0
285.0
125.0
242.0
77.0
130.0
797.0
209.0
67.0
1218.0
131.0
123.0
66.0
91.0
122.0
20.0
257.0
194.0
477.0
1293.0
35.0
527.0
114.0
175.0
48.0
347.0
257.0
400.0
56.0
319.0
505.0
284.0
73.0
240.0
76.0
295.0
29.0
349.0
158.0
776.0
1362.0
587.0
342.0
1131.0
278.0
146.0
836.0
5232.0
5798.0
129.0
173.0
317.0
49.0
27.0
176.0
212.0
194.0
498.0
356.0
74.0
67.0
26.0
126.0
31.0
18.0
173.0
815.0
52.0
127.0
64.0
44.0
160.0
142.0
74.0
158.0
150.0
791.0
36.0
21.0
26.0
32.0
8.0
70.0
251.0
102.0
70.0
82.0
54.0
38.0
86.0
148.0
45.0
26.0
57.0
162.0
167.0
108.0
83.0
136.0
48.0
66.0
1622.0
58.0
57.0
65.0
24.0
151.0
272.0
31.0
273.0
122.0
246.0
82.0
141.0
782.0
220.0
70.0
1174.0
127.0
116.0
73.0
87.0
116.0
19.0
257.0
200.0
484.0
1259.0
35.0
548.0
114.0
192.0
47.0
335.0
244.0
376.0
61.0
290.0
558.0
281.0
76.0
250.0
75.0
299.0
27.0
363.0
166.0
822.0
1318.0
586.0
348.0
1193.0
273.0
157.0
824.0
5520.0
5903.0
127.0
160.0
328.0
49.0
29.0
187.0
213.0
187.0
487.0
343.0
77.0
62.0
27.0
122.0
32.0
19.0
176.0
853.0
53.0
128.0
64.0
44.0
165.0
149.0
72.0
159.0
138.0
760.0
35.0
20.0
26.0
31.0
8.0
75.0
268.0
107.0
73.0
88.0
54.0
41.0
85.0
153.0
49.0
26.0
56.0
162.0
158.0
102.0
80.0
131.0
48.0
62.0
1590.0
57.0
55.0
67.0
24.0
163.0
289.0
33.0
276.0
130.0
240.0
78.0
128.0
826.0
216.0
68.0
1189.0
133.0
119.0
69.0
87.0
113.0
19.0
269.0
200.0
482.0
1301.0
33.0
529.0
115.0
183.0
48.0
319.0
267.0
388.0
58.0
314.0
534.0
292.0
72.0
251.0
82.0
274.0
28.0
366.0
170.0
782.0
1266.0
554.0
338.0
1127.0
275.0
145.0
815.0
5133.0
5779.0
124.0
167.0
336.0
50.0
27.0
179.0
219.0
185.0
489.0
364.0
74.0
64.0
25.0
117.0
31.0
19.0
168.0
899.0
50.0
130.0
63.0
46.0
163.0
154.0
72.0
158.0
149.0
777.0
35.0
21.0
26.0
32.0
8.0
73.0
255.0
107.0
74.0
91.0
59.0
41.0
84.0
144.0
46.0
26.0
53.0
159.0
167.0
103.0
80.0
137.0
44.0
67.0
1603.0
59.0
59.0
65.0
26.0
161.0
296.0
32.0
285.0
120.0
260.0
83.0
137.0
782.0
219.0
69.0
1179.0
129.0
123.0
67.0
85.0
122.0
20.0
260.0
191.0
485.0
1262.0
33.0
535.0
115.0
189.0
46.0
321.0
252.0
374.0
61.0
296.0
545.0
280.0
74.0
253.0
77.0
290.0
28.0
344.0
160.0
781.0
1370.0
549.0
329.0
1173.0
297.0
147.0
827.0
5176.0
5521.0
130.0
164.0
314.0
49.0
29.0
183.0
222.0
184.0
520.0
340.0
73.0
65.0
27.0
127.0
33.0
20.0
164.0
851.0
50.0
128.0
62.0
44.0
154.0
147.0
76.0
166.0
138.0
731.0
35.0
21.0
25.0
31.0
8.0
76.0
267.0
102.0
73.0
88.0
58.0
41.0
89.0
146.0
49.0
27.0
54.0
150.0
170.0
109.0
83.0
128.0
48.0
62.0
1533.0
55.0
59.0
69.0
25.0
167.0
288.0
33.0
287.0
129.0
243.0
79.0
131.0
818.0
218.0
68.0
1190.0
123.0
127.0
71.0
92.0
113.0
20.0
253.0
195.0
499.0
1233.0
35.0
556.0
115.0
187.0
47.0
328.0
253.0
401.0
58.0
319.0
557.0
278.0
76.0
254.0
80.0
285.0
27.0
370.0
171.0
774.0
1299.0
582.0
348.0
1105.0
295.0
152.0
859.0
5311.0
5447.0
128.0
168.0
312.0
47.0
28.0
186.0
221.0
186.0
483.0
357.0
75.0
66.0
27.0
117.0
31.0
20.0
165.0
836.0
48.0
127.0
65.0
44.0
161.0
144.0
76.0
164.0
146.0
731.0
38.0
20.0
26.0
32.0
8.0
73.0
253.0
105.0
68.0
91.0
56.0
38.0
89.0
144.0
46.0
25.0
55.0
163.0
166.0
100.0
82.0
132.0
47.0
65.0
1614.0
57.0
55.0
70.0
26.0
158.0
281.0
32.0
288.0
129.0
253.0
77.0
133.0
757.0
208.0
66.0
1262.0
123.0
117.0
70.0
89.0
115.0
19.0
268.0
187.0
478.0
1302.0
35.0
528.0
109.0
188.0
47.0
323.0
252.0
364.0
59.0
297.0
543.0
284.0
69.0
253.0
77.0
273.0
27.0
370.0
166.0
811.0
1256.0
556.0
354.0
1103.0
274.0
158.0
845.0
5321.0
5782.0
125.0
166.0
309.0
47.0
29.0
181.0
214.0
196.0
505.0
373.0
78.0
62.0
25.0
126.0
33.0
20.0
167.0
866.0
49.0
126.0
61.0
45.0
158.0
145.0
70.0
165.0
146.0
733.0
35.0
20.0
25.0
32.0
8.0
73.0
273.0
111.0
68.0
91.0
57.0
40.0
85.0
142.0
48.0
25.0
55.0
163.0
174.0
109.0
84.0
138.0
45.0
64.0
1550.0
54.0
59.0
65.0
26.0
166.0
284.0
33.0
282.0
118.0
251.0
77.0
132.0
813.0
215.0
71.0
1254.0
129.0
122.0
68.0
93.0
119.0
20.0
270.0
199.0
518.0
1304.0
34.0
544.0
117.0
174.0
44.0
349.0
268.0
396.0
60.0
319.0
547.0
287.0
73.0
233.0
81.0
273.0
28.0
343.0
167.0
845.0
1282.0
580.0
337.0
1130.0
274.0
153.0
807.0
4977.0
5817.0
126.0
161.0
319.0
48.0
27.0
179.0
218.0
189.0
491.0
346.0
78.0
65.0
27.0
118.0
33.0
19.0
163.0
866.0
49.0
121.0
67.0
43.0
163.0
152.0
74.0
156.0
147.0
795.0
37.0
21.0
26.0
30.0
8.0
74.0
250.0
110.0
72.0
86.0
54.0
40.0
81.0
145.0
47.0
27.0
54.0
157.0
163.0
111.0
79.0
135.0
46.0
63.0
1533.0
57.0
58.0
71.0
25.0
161.0
296.0
31.0
263.0
118.0
242.0
78.0
130.0
813.0
217.0
68.0
1279.0
130.0
122.0
67.0
93.0
120.0
20.0
268.0
190.0
519.0
1349.0
36.0
560.0
116.0
174.0
46.0
326.0
254.0
373.0
60.0
301.0
534.0
289.0
72.0
244.0
81.0
281.0
28.0
375.0
161.0
798.0
1361.0
572.0
360.0
1150.0
272.0
145.0
862.0
4993.0
5971.0
119.0
171.0
311.0
48.0
29.0
176.0
215.0
182.0
520.0
368.0
76.0
61.0
26.0
121.0
30.0
19.0
166.0
817.0
51.0
120.0
65.0
44.0
151.0
144.0
75.0
162.0
142.0
741.0
37.0
20.0
24.0
32.0
8.0
74.0
265.0
103.0
73.0
83.0
55.0
39.0
89.0
153.0
48.0
26.0
58.0
152.0
163.0
108.0
83.0
139.0
47.0
61.0
1525.0
59.0
55.0
69.0
24.0
160.0
296.0
30.0
276.0
125.0
249.0
76.0
139.0
812.0
208.0
67.0
1217.0
129.0
115.0
66.0
93.0
112.0
19.0
249.0
199.0
468.0
1240.0
36.0
539.0
119.0
191.0
45.0
331.0
255.0
394.0
58.0
315.0
548.0
289.0
73.0
232.0
79.0
287.0
27.0
359.0
160.0
785.0
1307.0
551.0
357.0
1143.0
277.0
155.0
808.0
5366.0
5530.0
129.0
169.0
331.0
51.0
29.0
194.0
206.0
182.0
515.0
375.0
75.0
66.0
25.0
128.0
33.0
19.0
172.0
870.0
53.0
120.0
63.0
44.0
156.0
140.0
73.0
153.0
141.0
790.0
35.0
21.0
26.0
32.0
8.0
75.0
273.0
112.0
70.0
90.0
58.0
39.0
82.0
140.0
46.0
26.0
56.0
159.0
161.0
101.0
82.0
128.0
46.0
64.0
1536.0
57.0
59.0
65.0
24.0
158.0
286.0
31.0
263.0
125.0
242.0
76.0
130.0
804.0
224.0
66.0
1287.0
131.0
116.0
69.0
89.0
120.0
19.0
246.0
195.0
509.0
1252.0
36.0
557.0
118.0
190.0
48.0
333.0
269.0
368.0
61.0
308.0
556.0
294.0
73.0
232.0
78.0
292.0
29.0
365.0
161.0
829.0
1339.0
553.0
358.0
1165.0
279.0
153.0
843.0
5260.0
5846.0
127.0
165.0
316.0
48.0
28.0
192.0
213.0
186.0
509.0
350.0
75.0
61.0
25.0
125.0
31.0
19.0
172.0
836.0
51.0
120.0
65.0
43.0
165.0
146.0
71.0
158.0
145.0
781.0
35.0
20.0
24.0
32.0
8.0
76.0
264.0
113.0
69.0
87.0
55.0
38.0
85.0
150.0
45.0
26.0
54.0
156.0
168.0
110.0
82.0
129.0
46.0
67.0
1518.0
57.0
54.0
65.0
25.0
154.0
271.0
33.0
270.0
126.0
246.0
81.0
140.0
758.0
210.0
67.0
1203.0
126.0
126.0
67.0
87.0
120.0
20.0
260.0
201.0
504.0
1250.0
34.0
531.0
113.0
187.0
46.0
321.0
250.0
384.0
57.0
313.0
552.0
270.0
73.0
231.0
77.0
278.0
28.0
362.0
163.0
841.0
1273.0
580.0
328.0
1192.0
295.0
158.0
801.0
5438.0
6001.0
124.0
172.0
316.0
50.0
28.0
187.0
213.0
190.0
526.0
343.0
78.0
62.0
26.0
127.0
33.0
20.0
168.0
868.0
51.0
125.0
61.0
46.0
164.0
147.0
75.0
160.0
141.0
765.0
38.0
20.0
25.0
31.0
8.0
76.0
274.0
107.0
67.0
91.0
54.0
40.0
81.0
150.0
48.0
27.0
54.0
151.0
167.0
110.0
86.0
130.0
48.0
65.0
1524.0
56.0
55.0
71.0
24.0
155.0
293.0
32.0
272.0
125.0
254.0
78.0
132.0
774.0
223.0
71.0
1240.0
125.0
122.0
68.0
94.0
112.0
19.0
263.0
203.0
479.0
1335.0
36.0
530.0
111.0
191.0
45.0
329.0
243.0
381.0
58.0
302.0
537.0
293.0
69.0
246.0
81.0
295.0
28.0
342.0
161.0
841.0
1277.0
561.0
362.0
1153.0
300.0
147.0
821.0
5519.0
5879.0
125.0
163.0
313.0
49.0
28.0
190.0
214.0
178.0
490.0
346.0
75.0
66.0
26.0
127.0
32.0
19.0
164.0
892.0
52.0
120.0
66.0
44.0
160.0
155.0
69.0
164.0
141.0
740.0
36.0
21.0
26.0
31.0
8.0
71.0
275.0
113.0
72.0
83.0
57.0
37.0
88.0
143.0
45.0
26.0
53.0
163.0
162.0
110.0
85.0
139.0
47.0
65.0
1657.0
58.0
59.0
67.0
25.0
156.0
295.0
31.0
262.0
120.0
244.0
78.0
135.0
810.0
211.0
71.0
1235.0
131.0
120.0
72.0
88.0
115.0
20.0
271.0
204.0
478.0
1351.0
36.0
520.0
120.0
175.0
44.0
337.0
245.0
365.0
61.0
310.0
535.0
293.0
71.0
235.0
77.0
296.0
28.0
363.0
164.0
796.0
1340.0
544.0
334.0
1104.0
286.0
144.0
798.0
5061.0
5759.0
129.0
158.0
332.0
47.0
29.0
183.0
212.0
187.0
502.0
339.0
72.0
63.0
25.0
125.0
33.0
20.0
168.0
895.0
53.0
125.0
62.0
43.0
167.0
149.0
69.0
153.0
151.0
729.0
37.0
20.0
26.0
32.0
8.0
71.0
275.0
103.0
70.0
84.0
58.0
41.0
82.0
151.0
46.0
25.0
57.0
162.0
162.0
105.0
81.0
139.0
46.0
66.0
1546.0
59.0
57.0
68.0
26.0
157.0
293.0
32.0
266.0
126.0
240.0
79.0
127.0
750.0
223.0
66.0
1200.0
126.0
125.0
68.0
93.0
121.0
20.0
259.0
197.0
513.0
1301.0
33.0
525.0
113.0
175.0
46.0
331.0
245.0
386.0
61.0
293.0
506.0
288.0
71.0
243.0
78.0
280.0
28.0
372.0
158.0
764.0
1358.0
567.0
330.0
1144.0
289.0
159.0
869.0
5474.0
5585.0
128.0
158.0
310.0
50.0
27.0
191.0
214.0
182.0
492.0
341.0
76.0
66.0
27.0
125.0
32.0
19.0
166.0
870.0
52.0
130.0
61.0
45.0
166.0
142.0
75.0
153.0
141.0
774.0
38.0
20.0
26.0
30.0
8.0
72.0
267.0
105.0
73.0
84.0
56.0
40.0
82.0
146.0
46.0
27.0
55.0
158.0
158.0
104.0
83.0
129.0
44.0
63.0
1639.0
59.0
54.0
70.0
25.0
160.0
278.0
33.0
261.0
128.0
237.0
83.0
140.0
773.0
218.0
68.0
1174.0
134.0
117.0
69.0
88.0
112.0
19.0
260.0
188.0
482.0
1263.0
36.0
539.0
114.0
191.0
48.0
342.0
249.0
365.0
56.0
300.0
521.0
288.0
76.0
239.0
78.0
291.0
29.0
345.0
168.0
781.0
1284.0
581.0
337.0
1086.0
281.0
148.0
849.0
5437.0
6021.0
122.0
161.0
315.0
49.0
28.0
191.0
216.0
182.0
498.0
347.0
79.0
67.0
26.0
126.0
32.0
20.0
172.0
853.0
53.0
130.0
64.0
45.0
167.0
144.0
73.0
159.0
147.0
734.0
38.0
21.0
24.0
31.0
8.0
71.0
251.0
106.0
71.0
85.0
54.0
41.0
89.0
143.0
49.0
26.0
57.0
160.0
172.0
103.0
87.0
135.0
44.0
65.0
1610.0
55.0
54.0
64.0
26.0
153.0
296.0
32.0
283.0
130.0
260.0
78.0
131.0
772.0
212.0
68.0
1201.0
129.0
116.0
69.0
88.0
121.0
18.0
251.0
202.0
478.0
1319.0
35.0
521.0
118.0
184.0
44.0
325.0
243.0
374.0
59.0
300.0
529.0
289.0
72.0
248.0
81.0
294.0
29.0
351.0
156.0
770.0
1374.0
581.0
354.0
1127.0
293.0
154.0
831.0
5339.0
5689.0
128.0
171.0
322.0
50.0
29.0
181.0
205.0
196.0
519.0
346.0
73.0
63.0
25.0
123.0
32.0
20.0
175.0
869.0
50.0
124.0
67.0
43.0
160.0
146.0
76.0
168.0
152.0
773.0
36.0
20.0
25.0
30.0
8.0
72.0
260.0
103.0
74.0
89.0
55.0
39.0
85.0
145.0
47.0
26.0
53.0
162.0
161.0
111.0
81.0
131.0
45.0
65.0
1595.0
59.0
55.0
68.0
25.0
156.0
272.0
33.0
268.0
128.0
253.0
75.0
136.0
825.0
213.0
69.0
1212.0
134.0
122.0
73.0
91.0
122.0
19.0
258.0
187.0
472.0
1231.0
36.0
508.0
120.0
191.0
46.0
325.0
257.0
367.0
58.0
297.0
537.0
276.0
76.0
244.0
79.0
280.0
29.0
360.0
167.0
826.0
1332.0
601.0
355.0
1157.0
281.0
154.0
827.0
5418.0
5450.0
125.0
169.0
311.0
51.0
28.0
185.0
204.0
186.0
515.0
354.0
77.0
63.0
26.0
128.0
30.0
20.0
168.0
842.0
49.0
126.0
64.0
46.0
165.0
146.0
74.0
162.0
150.0
788.0
37.0
21.0
26.0
31.0
8.0
72.0
276.0
110.0
73.0
86.0
59.0
39.0
86.0
140.0
46.0
26.0
58.0
150.0
163.0
103.0
81.0
129.0
47.0
67.0
1655.0
59.0
58.0
66.0
26.0
158.0
274.0
33.0
285.0
118.0
249.0
78.0
141.0
756.0
223.0
69.0
1239.0
134.0
123.0
68.0
88.0
112.0
20.0
250.0
199.0
492.0
1268.0
36.0
539.0
113.0
185.0
45.0
335.0
257.0
373.0
56.0
302.0
531.0
290.0
74.0
240.0
75.0
300.0
27.0
358.0
157.0
827.0
1261.0
597.0
336.0
1115.0
286.0
148.0
816.0
5092.0
5975.0
119.0
165.0
304.0
48.0
29.0
181.0
207.0
187.0
499.0
373.0
76.0
63.0
26.0
128.0
32.0
19.0
168.0
863.0
51.0
130.0
62.0
45.0
153.0
153.0
74.0
168.0
150.0
749.0
35.0
21.0
25.0
32.0
8.0
70.0
274.0
111.0
74.0
88.0
59.0
39.0
83.0
146.0
45.0
27.0
56.0
151.0
161.0
109.0
81.0
132.0
45.0
64.0
1561.0
57.0
54.0
65.0
25.0
151.0
291.0
31.0
285.0
123.0
251.0
83.0
134.0
821.0
209.0
69.0
1278.0
125.0
119.0
67.0
93.0
116.0
19.0
257.0
189.0
201.0
168.0
157.0
148.0
467.0
158.0
165.0
138.0
174.0
155.0
156.0
170.0
136.0
168.0
161.0
149.0
151.0
142.0
431.0
133.0
136.0
154.0
148.0
168.0
154.0
167.0
176.0
376.0
159.0
174.0
131.0
161.0
171.0
152.0
173.0
176.0
172.0
171.0
170.0
156.0
149.0
161.0
151.0
126.0
167.0
431.0
160.0
174.0
463.0
154.0
133.0
136.0
139.0
155.0
166.0
136.0
132.0
148.0
440.0
164.0
171.0
160.0
153.0
170.0
161.0
131.0
174.0
147.0
158.0
155.0
177.0
144.0
136.0
133.0
136.0
165.0
448.0
146.0
157.0
169.0
142.0
161.0
164.0
175.0
167.0
145.0
452.0
176.0
492.0
145.0
371.0
477.0
401.0
381.0
366.0
408.0
476.0
477.0
433.0
148.0
163.0
147.0
157.0
157.0
135.0
157.0
160.0
155.0
185.0
187.0
160.0
146.0
387.0
146.0
150.0
145.0
171.0
173.0
163.0
154.0
136.0
145.0
148.0
142.0
147.0
154.0
432.0
132.0
144.0
147.0
166.0
173.0
169.0
136.0
177.0
392.0
171.0
171.0
131.0
177.0
136.0
165.0
134.0
166.0
170.0
160.0
158.0
149.0
131.0
148.0
159.0
115.0
163.0
374.0
162.0
172.0
367.0
174.0
140.0
145.0
157.0
144.0
155.0
166.0
171.0
166.0
372.0
170.0
138.0
160.0
162.0
134.0
131.0
137.0
166.0
146.0
132.0
135.0
162.0
172.0
175.0
174.0
150.0
142.0
472.0
143.0
166.0
176.0
142.0
162.0
139.0
133.0
159.0
176.0
494.0
166.0
448.0
139.0
445.0
469.0
415.0
433.0
419.0
436.0
468.0
420.0
445.0
145.0
162.0
166.0
163.0
131.0
174.0
169.0
151.0
174.0
156.0
183.0
159.0
133.0
428.0
138.0
174.0
163.0
137.0
140.0
137.0
167.0
147.0
158.0
130.0
142.0
138.0
142.0
437.0
175.0
140.0
146.0
145.0
133.0
139.0
139.0
167.0
441.0
151.0
158.0
163.0
144.0
176.0
161.0
176.0
176.0
141.0
176.0
171.0
141.0
142.0
145.0
149.0
143.0
137.0
399.0
160.0
139.0
478.0
155.0
148.0
161.0
173.0
168.0
161.0
177.0
141.0
156.0
453.0
176.0
162.0
169.0
159.0
173.0
160.0
145.0
169.0
173.0
157.0
169.0
169.0
143.0
176.0
142.0
152.0
170.0
441.0
164.0
154.0
153.0
137.0
139.0
164.0
175.0
168.0
174.0
386.0
161.0
369.0
154.0
405.0
386.0
366.0
423.0
480.0
454.0
384.0
423.0
494.0
151.0
163.0
166.0
163.0
132.0
163.0
155.0
160.0
137.0
168.0
191.0
165.0
170.0
424.0
138.0
152.0
176.0
164.0
134.0
162.0
164.0
135.0
151.0
144.0
171.0
160.0
157.0
451.0
176.0
140.0
132.0
157.0
157.0
152.0
132.0
169.0
427.0
169.0
144.0
176.0
135.0
145.0
141.0
135.0
130.0
158.0
156.0
135.0
167.0
173.0
175.0
164.0
116.0
157.0
408.0
152.0
149.0
487.0
159.0
130.0
155.0
159.0
142.0
155.0
164.0
170.0
140.0
444.0
138.0
140.0
150.0
138.0
143.0
172.0
158.0
156.0
156.0
141.0
157.0
141.0
152.0
154.0
152.0
121.0
172.0
485.0
172.0
150.0
169.0
140.0
143.0
147.0
159.0
166.0
152.0
395.0
168.0
437.0
135.0
375.0
424.0
463.0
422.0
415.0
426.0
457.0
427.0
461.0
135.0
151.0
164.0
135.0
131.0
138.0
173.0
174.0
150.0
172.0
180.0
131.0
177.0
376.0
161.0
142.0
175.0
143.0
141.0
130.0
140.0
157.0
177.0
147.0
151.0
173.0
159.0
411.0
168.0
162.0
171.0
158.0
146.0
141.0
163.0
138.0
434.0
156.0
176.0
173.0
144.0
150.0
144.0
130.0
153.0
133.0
138.0
159.0
171.0
152.0
150.0
156.0
150.0
157.0
424.0
138.0
131.0
387.0
176.0
172.0
158.0
144.0
137.0
166.0
173.0
133.0
154.0
444.0
135.0
167.0
163.0
141.0
152.0
154.0
140.0
148.0
163.0
132.0
163.0
154.0
139.0
169.0
137.0
136.0
154.0
439.0
155.0
151.0
173.0
164.0
146.0
149.0
158.0
142.0
137.0
400.0
159.0
418.0
148.0
471.0
484.0
380.0
439.0
408.0
385.0
413.0
363.0
377.0
173.0
172.0
155.0
154.0
147.0
162.0
170.0
148.0
131.0
176.0
190.0
169.0
162.0
467.0
147.0
153.0
171.0
177.0
137.0
175.0
145.0
143.0
176.0
177.0
144.0
149.0
157.0
452.0
133.0
164.0
141.0
154.0
142.0
175.0
149.0
144.0
427.0
157.0
145.0
138.0
141.0
145.0
170.0
139.0
167.0
148.0
157.0
147.0
169.0
136.0
172.0
177.0
113.0
164.0
396.0
159.0
163.0
435.0
136.0
138.0
138.0
161.0
146.0
173.0
165.0
157.0
159.0
396.0
143.0
175.0
165.0
170.0
159.0
147.0
154.0
137.0
158.0
160.0
147.0
154.0
148.0
135.0
162.0
131.0
130.0
411.0
157.0
133.0
167.0
138.0
140.0
168.0
176.0
143.0
163.0
367.0
147.0
447.0
175.0
473.0
383.0
439.0
454.0
411.0
393.0
366.0
446.0
453.0
151.0
152.0
132.0
135.0
170.0
161.0
144.0
176.0
159.0
208.0
195.0
132.0
149.0
376.0
148.0
136.0
149.0
139.0
157.0
162.0
132.0
135.0
167.0
142.0
143.0
134.0
139.0
405.0
175.0
168.0
168.0
155.0
161.0
133.0
172.0
161.0
368.0
146.0
139.0
176.0
154.0
131.0
135.0
138.0
159.0
169.0
164.0
165.0
172.0
131.0
142.0
136.0
142.0
155.0
367.0
175.0
157.0
437.0
166.0
154.0
147.0
160.0
140.0
169.0
153.0
148.0
136.0
419.0
143.0
135.0
148.0
151.0
159.0
134.0
144.0
154.0
169.0
135.0
176.0
174.0
149.0
177.0
175.0
143.0
150.0
445.0
145.0
135.0
163.0
131.0
149.0
148.0
172.0
153.0
161.0
440.0
147.0
462.0
133.0
364.0
423.0
466.0
427.0
418.0
382.0
422.0
447.0
376.0
162.0
154.0
156.0
135.0
150.0
148.0
130.0
158.0
136.0
193.0
201.0
139.0
138.0
489.0
161.0
161.0
163.0
171.0
158.0
143.0
161.0
146.0
177.0
172.0
177.0
159.0
171.0
425.0
161.0
164.0
175.0
151.0
139.0
172.0
153.0
147.0
376.0
135.0
163.0
162.0
175.0
149.0
159.0
155.0
145.0
172.0
160.0
169.0
171.0
148.0
139.0
144.0
150.0
163.0
399.0
175.0
176.0
476.0
156.0
142.0
132.0
140.0
160.0
135.0
165.0
175.0
158.0
371.0
136.0
144.0
154.0
169.0
138.0
173.0
140.0
166.0
150.0
172.0
132.0
160.0
146.0
141.0
148.0
133.0
172.0
409.0
150.0
176.0
134.0
140.0
145.0
134.0
160.0
159.0
165.0
391.0
134.0
464.0
147.0
399.0
481.0
458.0
490.0
363.0
388.0
473.0
370.0
418.0
157.0
133.0
141.0
163.0
176.0
166.0
167.0
172.0
146.0
165.0
155.0
142.0
163.0
419.0
162.0
147.0
136.0
149.0
172.0
175.0
151.0
146.0
135.0
147.0
152.0
148.0
167.0
477.0
158.0
152.0
145.0
153.0
171.0
139.0
140.0
176.0
440.0
176.0
171.0
169.0
144.0
144.0
176.0
130.0
172.0
167.0
131.0
140.0
166.0
151.0
153.0
139.0
131.0
134.0
487.0
154.0
159.0
366.0
171.0
148.0
140.0
151.0
132.0
170.0
147.0
135.0
161.0
399.0
174.0
134.0
173.0
172.0
134.0
177.0
139.0
131.0
153.0
163.0
152.0
175.0
137.0
154.0
155.0
147.0
145.0
419.0
167.0
141.0
170.0
164.0
146.0
143.0
134.0
145.0
131.0
481.0
135.0
411.0
131.0
480.0
469.0
373.0
363.0
394.0
388.0
473.0
484.0
379.0
132.0
137.0
133.0
162.0
156.0
167.0
170.0
164.0
161.0
164.0
179.0
176.0
153.0
404.0
155.0
159.0
157.0
175.0
130.0
131.0
140.0
164.0
151.0
131.0
131.0
136.0
138.0
382.0
152.0
174.0
161.0
164.0
173.0
145.0
165.0
165.0
449.0
152.0
130.0
157.0
164.0
149.0
164.0
154.0
160.0
131.0
134.0
144.0
145.0
136.0
159.0
139.0
144.0
160.0
483.0
148.0
153.0
403.0
146.0
157.0
131.0
152.0
140.0
147.0
145.0
177.0
146.0
399.0
168.0
140.0
146.0
135.0
145.0
153.0
136.0
159.0
140.0
174.0
175.0
158.0
146.0
135.0
149.0
127.0
137.0
478.0
139.0
162.0
139.0
173.0
148.0
165.0
149.0
146.0
162.0
388.0
145.0
394.0
160.0
467.0
490.0
454.0
376.0
392.0
481.0
368.0
409.0
428.0
133.0
157.0
151.0
164.0
176.0
135.0
174.0
140.0
160.0
204.0
203.0
138.0
142.0
388.0
137.0
154.0
153.0
155.0
156.0
157.0
170.0
170.0
150.0
161.0
162.0
138.0
145.0
449.0
155.0
143.0
175.0
149.0
172.0
146.0
140.0
145.0
366.0
171.0
164.0
151.0
168.0
162.0
159.0
138.0
177.0
163.0
152.0
133.0
156.0
168.0
161.0
157.0
143.0
171.0
432.0
159.0
141.0
363.0
175.0
152.0
175.0
156.0
157.0
134.0
146.0
139.0
144.0
493.0
163.0
137.0
147.0
153.0
148.0
169.0
162.0
161.0
171.0
130.0
142.0
150.0
148.0
137.0
144.0
131.0
174.0
384.0
166.0
149.0
158.0
136.0
174.0
160.0
162.0
175.0
171.0
414.0
132.0
366.0
141.0
475.0
455.0
402.0
427.0
488.0
407.0
428.0
429.0
456.0
158.0
132.0
153.0
170.0
139.0
144.0
139.0
149.0
135.0
204.0
158.0
138.0
152.0
455.0
132.0
153.0
172.0
164.0
161.0
163.0
159.0
144.0
176.0
134.0
139.0
166.0
168.0
387.0
171.0
161.0
149.0
132.0
137.0
167.0
141.0
155.0
463.0
144.0
157.0
162.0
136.0
143.0
155.0
132.0
144.0
153.0
139.0
145.0
157.0
173.0
166.0
159.0
139.0
156.0
493.0
149.0
171.0
444.0
139.0
167.0
152.0
169.0
165.0
161.0
167.0
163.0
163.0
369.0
146.0
131.0
137.0
156.0
171.0
159.0
143.0
165.0
147.0
154.0
139.0
171.0
155.0
168.0
142.0
124.0
175.0
482.0
142.0
160.0
132.0
134.0
162.0
137.0
174.0
150.0
171.0
391.0
133.0
405.0
142.0
477.0
468.0
460.0
389.0
440.0
396.0
414.0
454.0
494.0
168.0
156.0
175.0
172.0
148.0
155.0
147.0
139.0
138.0
185.0
172.0
142.0
158.0
383.0
150.0
130.0
151.0
149.0
143.0
161.0
175.0
165.0
152.0
174.0
159.0
157.0
156.0
397.0
146.0
150.0
145.0
135.0
156.0
159.0
154.0
163.0
445.0
156.0
153.0
148.0
144.0
155.0
149.0
172.0
176.0
174.0
173.0
173.0
156.0
167.0
153.0
166.0
142.0
138.0
382.0
138.0
172.0
374.0
163.0
152.0
146.0
158.0
175.0
157.0
153.0
158.0
174.0
442.0
160.0
140.0
145.0
142.0
148.0
169.0
139.0
169.0
146.0
148.0
166.0
169.0
137.0
137.0
139.0
135.0
137.0
427.0
146.0
133.0
149.0
168.0
162.0
134.0
159.0
143.0
162.0
422.0
148.0
450.0
153.0
436.0
458.0
398.0
467.0
492.0
447.0
404.0
382.0
448.0
156.0
162.0
175.0
160.0
162.0
139.0
140.0
132.0
147.0
190.0
173.0
133.0
158.0
465.0
144.0
152.0
163.0
172.0
169.0
131.0
177.0
171.0
159.0
159.0
139.0
148.0
138.0
365.0
155.0
133.0
147.0
159.0
138.0
173.0
167.0
161.0
488.0
139.0
158.0
153.0
131.0
153.0
175.0
144.0
163.0
177.0
177.0
176.0
151.0
152.0
136.0
145.0
113.0
162.0
487.0
153.0
144.0
458.0
132.0
162.0
167.0
175.0
161.0
146.0
152.0
149.0
170.0
385.0
146.0
162.0
158.0
136.0
142.0
171.0
134.0
173.0
161.0
132.0
176.0
157.0
171.0
136.0
159.0
134.0
143.0
431.0
147.0
134.0
146.0
151.0
147.0
161.0
146.0
138.0
158.0
391.0
156.0
425.0
137.0
364.0
464.0
473.0
460.0
455.0
469.0
439.0
385.0
463.0
141.0
159.0
138.0
141.0
148.0
162.0
164.0
164.0
154.0
164.0
154.0
131.0
162.0
393.0
154.0
158.0
155.0
164.0
156.0
177.0
145.0
166.0
133.0
130.0
162.0
133.0
168.0
474.0
172.0
159.0
132.0
170.0
130.0
175.0
147.0
158.0
447.0
133.0
146.0
139.0
159.0
161.0
149.0
137.0
164.0
169.0
142.0
153.0
174.0
132.0
162.0
145.0
132.0
175.0
427.0
159.0
136.0
439.0
173.0
166.0
148.0
169.0
175.0
172.0
148.0
155.0
135.0
423.0
163.0
176.0
167.0
134.0
158.0
141.0
142.0
137.0
131.0
158.0
171.0
148.0
158.0
152.0
176.0
122.0
164.0
376.0
162.0
146.0
168.0
169.0
156.0
162.0
167.0
152.0
162.0
475.0
164.0
419.0
170.0
397.0
363.0
404.0
476.0
488.0
440.0
413.0
462.0
489.0
144.0
176.0
134.0
167.0
171.0
164.0
145.0
166.0
153.0
171.0
179.0
147.0
133.0
380.0
156.0
150.0
143.0
159.0
151.0
150.0
141.0
174.0
173.0
161.0
149.0
167.0
172.0
391.0
172.0
136.0
150.0
147.0
150.0
135.0
139.0
142.0
444.0
157.0
152.0
146.0
143.0
146.0
141.0
177.0
174.0
136.0
137.0
174.0
161.0
168.0
132.0
160.0
116.0
136.0
435.0
134.0
141.0
414.0
165.0
165.0
132.0
161.0
143.0
157.0
152.0
145.0
131.0
481.0
135.0
142.0
138.0
152.0
154.0
168.0
170.0
143.0
139.0
149.0
134.0
164.0
157.0
155.0
172.0
126.0
154.0
405.0
173.0
139.0
143.0
175.0
172.0
147.0
168.0
167.0
164.0
446.0
167.0
447.0
175.0
486.0
385.0
371.0
373.0
378.0
445.0
372.0
473.0
424.0
146.0
171.0
155.0
155.0
144.0
164.0
173.0
166.0
160.0
187.0
164.0
152.0
171.0
456.0
148.0
149.0
139.0
153.0
163.0
133.0
176.0
146.0
133.0
140.0
134.0
168.0
171.0
416.0
133.0
158.0
145.0
157.0
162.0
153.0
137.0
169.0
364.0
149.0
165.0
177.0
161.0
154.0
160.0
165.0
169.0
164.0
175.0
139.0
155.0
152.0
161.0
147.0
149.0
153.0
365.0
164.0
166.0
423.0
143.0
177.0
146.0
154.0
134.0
174.0
146.0
159.0
138.0
395.0
159.0
135.0
160.0
155.0
174.0
142.0
148.0
161.0
159.0
155.0
175.0
161.0
153.0
164.0
156.0
132.0
172.0
425.0
139.0
137.0
161.0
157.0
132.0
164.0
134.0
136.0
159.0
448.0
142.0
452.0
148.0
391.0
488.0
417.0
437.0
483.0
468.0
444.0
468.0
408.0
143.0
160.0
152.0
167.0
135.0
176.0
131.0
152.0
152.0
181.0
188.0
149.0
170.0
481.0
131.0
131.0
131.0
155.0
135.0
140.0
144.0
159.0
137.0
152.0
161.0
156.0
140.0
372.0
169.0
139.0
143.0
166.0
154.0
131.0
146.0
138.0
465.0
142.0
141.0
172.0
163.0
139.0
140.0
138.0
134.0
170.0
139.0
159.0
132.0
176.0
155.0
130.0
120.0
152.0
430.0
156.0
147.0
481.0
134.0
130.0
163.0
136.0
148.0
150.0
161.0
164.0
137.0
441.0
146.0
151.0
132.0
148.0
176.0
132.0
154.0
148.0
167.0
133.0
164.0
171.0
141.0
157.0
158.0
145.0
161.0
475.0
136.0
148.0
157.0
152.0
147.0
142.0
145.0
151.0
169.0
460.0
167.0
399.0
143.0
429.0
378.0
474.0
488.0
394.0
394.0
363.0
483.0
467.0
134.0
176.0
172.0
150.0
173.0
166.0
171.0
148.0
145.0
182.0
174.0
166.0
169.0
430.0
138.0
151.0
170.0
168.0
156.0
164.0
161.0
145.0
174.0
156.0
171.0
157.0
139.0
484.0
170.0
176.0
162.0
154.0
171.0
142.0
142.0
165.0
440.0
168.0
164.0
173.0
172.0
176.0
147.0
172.0
159.0
176.0
148.0
168.0
160.0
169.0
162.0
147.0
148.0
138.0
390.0
136.0
173.0
395.0
166.0
155.0
164.0
147.0
172.0
156.0
167.0
149.0
157.0
439.0
135.0
146.0
151.0
160.0
131.0
167.0
174.0
175.0
156.0
136.0
170.0
162.0
148.0
166.0
161.0
125.0
168.0
390.0
133.0
175.0
136.0
150.0
147.0
151.0
145.0
160.0
158.0
398.0
145.0
402.0
175.0
433.0
445.0
488.0
388.0
405.0
434.0
407.0
457.0
443.0
140.0
130.0
142.0
138.0
135.0
176.0
139.0
145.0
158.0
183.0
175.0
153.0
173.0
383.0
156.0
165.0
164.0
167.0
164.0
131.0
167.0
160.0
164.0
158.0
159.0
160.0
135.0
468.0
142.0
143.0
137.0
154.0
147.0
175.0
143.0
153.0
384.0
151.0
146.0
164.0
143.0
153.0
133.0
156.0
146.0
155.0
163.0
167.0
157.0
174.0
138.0
159.0
125.0
158.0
445.0
161.0
174.0
415.0
142.0
155.0
139.0
130.0
157.0
171.0
170.0
139.0
157.0
447.0
144.0
146.0
151.0
135.0
169.0
135.0
172.0
170.0
134.0
139.0
133.0
167.0
139.0
167.0
169.0
146.0
132.0
394.0
164.0
134.0
169.0
164.0
164.0
133.0
154.0
143.0
137.0
494.0
163.0
409.0
168.0
479.0
452.0
437.0
409.0
458.0
373.0
456.0
456.0
426.0
156.0
171.0
166.0
142.0
157.0
141.0
160.0
133.0
174.0
159.0
181.0
139.0
132.0
385.0
161.0
162.0
155.0
164.0
177.0
166.0
137.0
175.0
161.0
142.0
174.0
140.0
140.0
374.0
169.0
150.0
151.0
152.0
168.0
174.0
170.0
157.0
419.0
171.0
156.0
163.0
130.0
169.0
174.0
168.0
164.0
169.0
140.0
169.0
170.0
144.0
135.0
141.0
137.0
131.0
480.0
139.0
136.0
389.0
164.0
152.0
172.0
165.0
133.0
144.0
160.0
172.0
148.0
442.0
139.0
151.0
162.0
163.0
140.0
152.0
148.0
168.0
155.0
173.0
163.0
160.0
142.0
174.0
155.0
115.0
171.0
429.0
148.0
173.0
173.0
163.0
177.0
152.0
132.0
176.0
161.0
427.0
161.0
484.0
146.0
367.0
378.0
435.0
382.0
395.0
436.0
384.0
456.0
441.0
162.0
143.0
153.0
157.0
171.0
176.0
143.0
142.0
169.0
202.0
160.0
133.0
149.0
461.0
162.0
153.0
138.0
172.0
151.0
130.0
141.0
151.0
166.0
134.0
139.0
176.0
146.0
377.0
134.0
163.0
147.0
164.0
173.0
174.0
138.0
170.0
376.0
166.0
149.0
148.0
170.0
165.0
146.0
140.0
146.0
164.0
176.0
145.0
138.0
136.0
171.0
175.0
135.0
159.0
461.0
177.0
144.0
411.0
165.0
142.0
175.0
177.0
145.0
147.0
159.0
157.0
153.0
367.0
164.0
138.0
132.0
147.0
158.0
137.0
147.0
148.0
132.0
172.0
162.0
161.0
135.0
169.0
153.0
151.0
168.0
476.0
151.0
152.0
138.0
164.0
134.0
150.0
151.0
157.0
136.0
473.0
166.0
381.0
150.0
428.0
483.0
374.0
415.0
482.0
376.0
412.0
463.0
442.0
153.0
130.0
135.0
158.0
137.0
134.0
139.0
171.0
170.0
176.0
161.0
145.0
150.0
478.0
147.0
155.0
175.0
139.0
131.0
138.0
175.0
145.0
139.0
132.0
138.0
176.0
169.0
366.0
170.0
142.0
150.0
147.0
144.0
163.0
145.0
139.0
449.0
157.0
133.0
131.0
159.0
173.0
144.0
174.0
159.0
135.0
167.0
145.0
134.0
145.0
168.0
158.0
135.0
134.0
405.0
148.0
156.0
417.0
169.0
160.0
163.0
171.0
153.0
144.0
168.0
136.0
130.0
364.0
138.0
177.0
155.0
134.0
176.0
165.0
153.0
169.0
141.0
159.0
175.0
171.0
162.0
162.0
131.0
117.0
159.0
396.0
158.0
160.0
153.0
159.0
137.0
176.0
134.0
173.0
150.0
430.0
133.0
429.0
155.0
448.0
427.0
444.0
406.0
411.0
461.0
467.0
435.0
386.0
169.0
133.0
164.0
132.0
167.0
168.0
174.0
134.0
171.0
206.0
164.0
176.0
175.0
490.0
163.0
143.0
172.0
149.0
133.0
144.0
173.0
154.0
130.0
141.0
161.0
170.0
156.0
421.0
168.0
170.0
154.0
145.0
173.0
136.0
147.0
136.0
460.0
152.0
155.0
155.0
175.0
142.0
164.0
131.0
152.0
156.0
161.0
138.0
154.0
134.0
158.0
157.0
151.0
176.0
406.0
176.0
131.0
461.0
164.0
160.0
133.0
138.0
163.0
147.0
133.0
131.0
154.0
405.0
139.0
149.0
156.0
176.0
140.0
158.0
132.0
151.0
135.0
162.0
154.0
143.0
176.0
130.0
160.0
129.0
160.0
404.0
138.0
164.0
142.0
155.0
164.0
160.0
154.0
131.0
167.0
441.0
176.0
366.0
144.0
395.0
380.0
446.0
447.0
456.0
478.0
411.0
441.0
433.0
156.0
151.0
131.0
167.0
171.0
131.0
142.0
160.0
142.0
158.0
153.0
151.0
150.0
384.0
174.0
173.0
142.0
138.0
162.0
136.0
149.0
176.0
142.0
152.0
173.0
135.0
138.0
430.0
132.0
151.0
140.0
159.0
133.0
139.0
148.0
169.0
420.0
147.0
131.0
142.0
177.0
158.0
142.0
168.0
174.0
168.0
140.0
145.0
157.0
151.0
164.0
148.0
124.0
170.0
421.0
136.0
145.0
400.0
152.0
133.0
166.0
163.0
144.0
163.0
160.0
136.0
133.0
391.0
156.0
138.0
176.0
133.0
174.0
141.0
135.0
162.0
159.0
152.0
175.0
160.0
169.0
145.0
161.0
136.0
167.0
404.0
149.0
146.0
154.0
154.0
165.0
158.0
174.0
158.0
163.0
486.0
173.0
471.0
132.0
469.0
471.0
492.0
457.0
388.0
378.0
389.0
461.0
452.0
167.0
147.0
133.0
132.0
164.0
144.0
160.0
150.0
137.0
163.0
168.0
168.0
137.0
450.0
134.0
140.0
153.0
157.0
173.0
139.0
142.0
161.0
161.0
135.0
156.0
144.0
148.0
432.0
158.0
176.0
144.0
162.0
141.0
159.0
132.0
163.0
372.0
159.0
141.0
148.0
130.0
132.0
168.0
144.0
149.0
162.0
161.0
162.0
145.0
166.0
176.0
156.0
144.0
156.0
465.0
169.0
169.0
376.0
168.0
148.0
148.0
168.0
169.0
147.0
142.0
163.0
131.0
396.0
132.0
161.0
157.0
151.0
137.0
161.0
144.0
142.0
175.0
132.0
155.0
167.0
149.0
147.0
157.0
147.0
151.0
399.0
165.0
146.0
154.0
149.0
145.0
174.0
157.0
143.0
153.0
463.0
163.0
492.0
165.0
414.0
372.0
432.0
400.0
436.0
464.0
446.0
459.0
398.0
132.0
146.0
169.0
172.0
165.0
144.0
132.0
143.0
174.0
159.0
178.0
142.0
143.0
460.0
133.0
167.0
145.0
172.0
150.0
166.0
177.0
142.0
160.0
146.0
174.0
156.0
154.0
381.0
144.0
170.0
167.0
157.0
152.0
167.0
165.0
154.0
416.0
161.0
150.0
166.0
169.0
149.0
148.0
176.0
161.0
165.0
165.0
154.0
172.0
152.0
170.0
160.0
117.0
144.0
472.0
150.0
165.0
483.0
131.0
161.0
159.0
132.0
169.0
163.0
164.0
165.0
157.0
477.0
160.0
141.0
151.0
158.0
158.0
174.0
158.0
138.0
134.0
161.0
172.0
138.0
161.0
167.0
135.0
136.0
170.0
409.0
139.0
159.0
132.0
130.0
139.0
137.0
175.0
147.0
177.0
478.0
171.0
403.0
164.0
402.0
470.0
378.0
444.0
366.0
439.0
451.0
461.0
410.0
171.0
170.0
166.0
169.0
139.0
134.0
163.0
145.0
150.0
190.0
174.0
175.0
168.0
379.0
132.0
164.0
177.0
168.0
138.0
159.0
163.0
165.0
164.0
173.0
153.0
138.0
140.0
447.0
134.0
135.0
139.0
148.0
143.0
148.0
148.0
133.0
400.0
159.0
142.0
152.0
175.0
137.0
169.0
142.0
149.0
173.0
142.0
136.0
170.0
169.0
133.0
142.0
141.0
135.0
407.0
133.0
153.0
437.0
146.0
131.0
149.0
173.0
130.0
130.0
158.0
153.0
160.0
447.0
172.0
135.0
159.0
141.0
140.0
161.0
167.0
153.0
166.0
175.0
140.0
142.0
138.0
172.0
139.0
133.0
139.0
460.0
154.0
173.0
168.0
146.0
174.0
140.0
167.0
149.0
174.0
417.0
133.0
387.0
142.0
472.0
400.0
410.0
476.0
473.0
458.0
461.0
413.0
418.0
143.0
139.0
135.0
163.0
134.0
172.0
130.0
175.0
134.0
195.0
179.0
173.0
166.0
488.0
169.0
142.0
157.0
136.0
154.0
163.0
176.0
164.0
168.0
134.0
177.0
165.0
146.0
376.0
169.0
134.0
160.0
131.0
175.0
159.0
169.0
142.0
403.0
168.0
167.0
155.0
143.0
164.0
163.0
147.0
177.0
162.0
164.0
166.0
137.0
147.0
132.0
154.0
139.0
136.0
473.0
155.0
173.0
465.0
162.0
176.0
164.0
134.0
153.0
136.0
144.0
160.0
133.0
424.0
135.0
138.0
166.0
138.0
150.0
174.0
176.0
176.0
152.0
146.0
144.0
149.0
175.0
158.0
160.0
130.0
162.0
470.0
168.0
155.0
141.0
157.0
171.0
131.0
150.0
143.0
170.0
480.0
153.0
466.0
149.0
385.0
419.0
440.0
386.0
396.0
369.0
392.0
422.0
410.0
156.0
163.0
138.0
151.0
160.0
137.0
145.0
163.0
156.0
152.0
161.0
136.0
158.0
425.0
139.0
132.0
170.0
130.0
158.0
146.0
146.0
132.0
142.0
130.0
167.0
144.0
139.0
385.0
158.0
144.0
160.0
156.0
175.0
130.0
131.0
144.0
485.0
162.0
173.0
153.0
133.0
146.0
146.0
162.0
130.0
153.0
148.0
152.0
170.0
171.0
158.0
172.0
125.0
158.0
482.0
175.0
150.0
461.0
131.0
170.0
152.0
148.0
150.0
157.0
172.0
156.0
152.0
370.0
167.0
161.0
138.0
162.0
138.0
147.0
171.0
145.0
176.0
171.0
156.0
132.0
139.0
142.0
170.0
149.0
160.0
381.0
158.0
171.0
144.0
176.0
176.0
142.0
175.0
161.0
139.0
494.0
131.0
395.0
143.0
491.0
418.0
363.0
475.0
397.0
374.0
377.0
403.0
429.0
150.0
162.0
144.0
141.0
162.0
173.0
146.0
142.0
139.0
185.0
182.0
131.0
133.0
405.0
149.0
130.0
150.0
172.0
165.0
146.0
152.0
132.0
143.0
132.0
140.0
153.0
159.0
480.0
140.0
156.0
144.0
157.0
169.0
140.0
162.0
170.0
374.0
150.0
140.0
162.0
163.0
156.0
173.0
158.0
140.0
169.0
166.0
167.0
141.0
171.0
148.0
167.0
151.0
157.0
417.0
156.0
174.0
414.0
137.0
151.0
144.0
139.0
162.0
141.0
140.0
162.0
141.0
426.0
142.0
168.0
167.0
156.0
161.0
169.0
174.0
142.0
177.0
170.0
165.0
176.0
168.0
130.0
176.0
134.0
165.0
441.0
167.0
156.0
158.0
173.0
139.0
154.0
148.0
159.0
149.0
385.0
138.0
439.0
136.0
381.0
379.0
364.0
425.0
401.0
411.0
487.0
474.0
452.0
153.0
156.0
135.0
136.0
160.0
169.0
172.0
153.0
159.0
185.0
193.0
150.0
156.0
472.0
156.0
175.0
172.0
174.0
161.0
152.0
171.0
146.0
131.0
163.0
163.0
149.0
174.0
477.0
131.0
164.0
176.0
132.0
162.0
149.0
173.0
155.0
410.0
157.0
137.0
162.0
134.0
143.0
165.0
148.0
158.0
173.0
135.0
150.0
158.0
149.0
168.0
139.0
117.0
169.0
393.0
153.0
137.0
413.0
134.0
148.0
165.0
169.0
169.0
159.0
150.0
169.0
149.0
459.0
166.0
157.0
146.0
168.0
143.0
133.0
158.0
132.0
171.0
155.0
172.0
173.0
162.0
173.0
154.0
112.0
153.0
475.0
162.0
166.0
168.0
171.0
134.0
159.0
154.0
140.0
176.0
395.0
154.0
435.0
138.0
364.0
467.0
494.0
464.0
476.0
492.0
463.0
412.0
490.0
177.0
137.0
134.0
143.0
168.0
155.0
164.0
154.0
134.0
191.0
207.0
144.0
140.0
470.0
148.0
153.0
143.0
165.0
139.0
172.0
163.0
145.0
130.0
131.0
160.0
138.0
147.0
432.0
164.0
172.0
150.0
135.0
132.0
172.0
133.0
164.0
375.0
177.0
164.0
177.0
171.0
162.0
152.0
172.0
138.0
167.0
166.0
161.0
131.0
161.0
152.0
138.0
141.0
146.0
382.0
142.0
165.0
397.0
168.0
168.0
167.0
149.0
151.0
151.0
159.0
131.0
152.0
418.0
137.0
145.0
135.0
167.0
155.0
162.0
138.0
171.0
162.0
151.0
148.0
132.0
164.0
136.0
133.0
148.0
146.0
464.0
136.0
156.0
167.0
164.0
154.0
153.0
141.0
134.0
157.0
419.0
169.0
431.0
136.0
489.0
384.0
397.0
481.0
477.0
432.0
449.0
477.0
448.0
134.0
135.0
167.0
144.0
148.0
168.0
151.0
160.0
148.0
171.0
203.0
162.0
166.0
482.0
161.0
168.0
175.0
137.0
144.0
158.0
146.0
157.0
139.0
174.0
170.0
172.0
153.0
418.0
138.0
137.0
138.0
143.0
133.0
144.0
175.0
149.0
376.0
147.0
150.0
135.0
166.0
170.0
172.0
170.0
132.0
153.0
144.0
165.0
159.0
167.0
155.0
130.0
131.0
138.0
379.0
150.0
155.0
376.0
167.0
145.0
159.0
172.0
155.0
174.0
159.0
139.0
143.0
389.0
135.0
176.0
137.0
173.0
154.0
161.0
174.0
140.0
147.0
133.0
142.0
167.0
170.0
159.0
163.0
147.0
135.0
439.0
166.0
159.0
140.0
136.0
135.0
162.0
172.0
143.0
139.0
430.0
138.0
400.0
162.0
477.0
467.0
472.0
378.0
482.0
465.0
402.0
408.0
426.0
169.0
163.0
141.0
145.0
135.0
144.0
164.0
130.0
169.0
200.0
167.0
139.0
154.0
380.0
144.0
147.0
177.0
171.0
147.0
132.0
157.0
166.0
158.0
153.0
160.0
167.0
140.0
466.0
173.0
173.0
131.0
146.0
176.0
150.0
173.0
142.0
478.0
131.0
132.0
149.0
172.0
153.0
143.0
130.0
165.0
161.0
167.0
156.0
167.0
132.0
134.0
148.0
115.0
139.0
491.0
159.0
150.0
467.0
166.0
160.0
153.0
169.0
148.0
134.0
170.0
166.0
167.0
422.0
154.0
132.0
161.0
166.0
144.0
167.0
168.0
155.0
176.0
141.0
154.0
143.0
138.0
147.0
151.0
136.0
153.0
487.0
147.0
163.0
136.0
150.0
156.0
152.0
145.0
137.0
152.0
375.0
174.0
396.0
150.0
407.0
419.0
393.0
385.0
492.0
462.0
425.0
418.0
414.0
131.0
171.0
132.0
172.0
133.0
143.0
151.0
158.0
133.0
193.0
206.0
165.0
177.0
427.0
170.0
162.0
151.0
139.0
171.0
146.0
144.0
132.0
146.0
149.0
132.0
157.0
169.0
461.0
168.0
143.0
136.0
174.0
151.0
156.0
159.0
161.0
415.0
152.0
135.0
158.0
161.0
140.0
155.0
165.0
157.0
152.0
152.0
163.0
143.0
132.0
172.0
130.0
134.0
148.0
375.0
166.0
171.0
461.0
153.0
131.0
166.0
147.0
153.0
164.0
164.0
172.0
132.0
398.0
138.0
158.0
155.0
161.0
161.0
151.0
158.0
143.0
165.0
135.0
164.0
147.0
154.0
136.0
153.0
150.0
170.0
376.0
143.0
159.0
153.0
157.0
165.0
159.0
170.0
175.0
160.0
380.0
133.0
430.0
175.0
412.0
433.0
443.0
477.0
403.0
376.0
423.0
402.0
493.0
166.0
174.0
157.0
160.0
142.0
163.0
146.0
140.0
131.0
165.0
187.0
170.0
158.0
454.0
173.0
161.0
135.0
165.0
144.0
166.0
161.0
161.0
158.0
134.0
164.0
152.0
147.0
488.0
160.0
167.0
157.0
137.0
143.0
167.0
156.0
177.0
490.0
148.0
172.0
160.0
155.0
152.0
175.0
155.0
133.0
172.0
130.0
140.0
154.0
156.0
171.0
135.0
135.0
165.0
369.0
157.0
138.0
431.0
151.0
152.0
158.0
174.0
135.0
139.0
145.0
144.0
170.0
363.0
156.0
164.0
144.0
145.0
155.0
166.0
142.0
154.0
175.0
169.0
171.0
162.0
176.0
169.0
147.0
150.0
168.0
472.0
136.0
155.0
153.0
137.0
162.0
163.0
131.0
133.0
148.0
393.0
151.0
438.0
145.0
476.0
416.0
457.0
440.0
388.0
474.0
466.0
450.0
470.0
155.0
152.0
138.0
153.0
149.0
133.0
152.0
130.0
146.0
162.0
183.0
165.0
155.0
397.0
168.0
133.0
162.0
145.0
164.0
157.0
160.0
154.0
156.0
173.0
147.0
144.0
157.0
432.0
135.0
155.0
158.0
144.0
144.0
157.0
147.0
154.0
450.0
156.0
161.0
150.0
138.0
169.0
167.0
157.0
151.0
167.0
171.0
130.0
134.0
154.0
143.0
143.0
130.0
154.0
476.0
140.0
169.0
482.0
130.0
152.0
163.0
166.0
161.0
135.0
134.0
148.0
170.0
447.0
162.0
162.0
135.0
143.0
146.0
130.0
142.0
157.0
158.0
141.0
135.0
156.0
157.0
158.0
137.0
139.0
175.0
484.0
145.0
177.0
164.0
131.0
151.0
156.0
168.0
161.0
166.0
405.0
130.0
491.0
171.0
400.0
422.0
439.0
471.0
380.0
489.0
470.0
400.0
490.0
165.0
141.0
134.0
168.0
145.0
141.0
144.0
175.0
167.0
184.0
200.0
143.0
157.0
459.0
152.0
144.0
151.0
139.0
138.0
143.0
153.0
172.0
161.0
175.0
133.0
163.0
158.0
436.0
140.0
160.0
136.0
137.0
175.0
135.0
164.0
158.0
405.0
141.0
162.0
156.0
142.0
146.0
137.0
147.0
155.0
135.0
156.0
161.0
156.0
169.0
148.0
145.0
128.0
161.0
416.0
165.0
165.0
394.0
133.0
162.0
151.0
166.0
132.0
142.0
163.0
144.0
140.0
481.0
153.0
139.0
141.0
171.0
141.0
161.0
169.0
145.0
149.0
176.0
139.0
159.0
172.0
173.0
148.0
120.0
175.0
405.0
143.0
172.0
170.0
164.0
167.0
163.0
137.0
168.0
143.0
462.0
172.0
490.0
140.0
409.0
446.0
493.0
481.0
447.0
412.0
367.0
406.0
441.0
159.0
139.0
173.0
160.0
140.0
145.0
152.0
160.0
169.0
205.0
180.0
146.0
175.0
434.0
139.0
150.0
131.0
147.0
135.0
169.0
170.0
154.0
166.0
172.0
156.0
143.0
161.0
434.0
174.0
159.0
134.0
153.0
147.0
150.0
144.0
146.0
391.0
171.0
150.0
172.0
138.0
138.0
147.0
137.0
171.0
153.0
161.0
167.0
130.0
150.0
174.0
130.0
128.0
135.0
415.0
140.0
131.0
370.0
159.0
165.0
175.0
164.0
153.0
165.0
158.0
152.0
131.0
475.0
158.0
175.0
154.0
140.0
159.0
166.0
141.0
138.0
159.0
141.0
157.0
151.0
142.0
132.0
139.0
142.0
171.0
395.0
133.0
145.0
167.0
140.0
175.0
148.0
142.0
144.0
171.0
494.0
176.0
482.0
169.0
425.0
372.0
368.0
423.0
426.0
408.0
376.0
447.0
429.0
154.0
174.0
143.0
139.0
141.0
165.0
154.0
169.0
136.0
164.0
167.0
131.0
163.0
364.0
176.0
137.0
151.0
156.0
159.0
147.0
177.0
158.0
162.0
137.0
150.0
137.0
154.0
442.0
134.0
163.0
140.0
131.0
140.0
164.0
138.0
157.0
462.0
134.0
160.0
177.0
159.0
164.0
133.0
154.0
161.0
161.0
140.0
165.0
174.0
150.0
138.0
175.0
112.0
140.0
453.0
132.0
155.0
428.0
154.0
138.0
138.0
169.0
168.0
174.0
164.0
141.0
165.0
418.0
174.0
140.0
156.0
149.0
150.0
144.0
132.0
172.0
162.0
168.0
147.0
154.0
133.0
136.0
132.0
130.0
140.0
466.0
137.0
177.0
148.0
172.0
171.0
173.0
157.0
175.0
154.0
405.0
149.0
383.0
157.0
407.0
401.0
419.0
423.0
395.0
387.0
489.0
425.0
451.0
172.0
135.0
147.0
172.0
177.0
163.0
170.0
155.0
163.0
163.0
190.0
135.0
135.0
412.0
159.0
143.0
171.0
143.0
161.0
158.0
131.0
164.0
145.0
142.0
166.0
158.0
167.0
390.0
143.0
160.0
138.0
146.0
160.0
165.0
150.0
175.0
478.0
153.0
149.0
153.0
154.0
165.0
134.0
144.0
133.0
163.0
152.0
173.0
147.0
146.0
168.0
137.0
144.0
145.0
480.0
130.0
165.0
468.0
143.0
131.0
167.0
168.0
163.0
170.0
151.0
176.0
133.0
491.0
166.0
166.0
159.0
167.0
159.0
161.0
156.0
167.0
165.0
171.0
167.0
141.0
134.0
152.0
174.0
144.0
151.0
485.0
144.0
165.0
134.0
169.0
131.0
130.0
150.0
173.0
144.0
392.0
133.0
440.0
136.0
487.0
457.0
381.0
452.0
426.0
494.0
450.0
432.0
442.0
176.0
163.0
162.0
175.0
167.0
146.0
142.0
144.0
136.0
193.0
200.0
157.0
136.0
456.0
150.0
159.0
168.0
175.0
172.0
176.0
154.0
155.0
167.0
134.0
170.0
140.0
176.0
474.0
161.0
151.0
172.0
139.0
167.0
144.0
177.0
158.0
363.0
156.0
150.0
176.0
159.0
158.0
134.0
133.0
167.0
140.0
143.0
172.0
141.0
131.0
141.0
165.0
117.0
149.0
450.0
149.0
142.0
364.0
139.0
170.0
162.0
143.0
172.0
174.0
157.0
159.0
145.0
494.0
135.0
133.0
155.0
138.0
138.0
158.0
168.0
166.0
155.0
149.0
169.0
134.0
172.0
170.0
170.0
143.0
157.0
492.0
165.0
141.0
139.0
158.0
145.0
165.0
137.0
150.0
141.0
436.0
131.0
494.0
136.0
485.0
403.0
473.0
363.0
469.0
457.0
447.0
382.0
457.0
151.0
140.0
164.0
138.0
166.0
143.0
134.0
152.0
170.0
191.0
181.0
163.0
176.0
429.0
161.0
154.0
149.0
168.0
133.0
170.0
142.0
162.0
161.0
157.0
161.0
142.0
170.0
480.0
165.0
170.0
159.0
131.0
140.0
173.0
135.0
146.0
466.0
170.0
137.0
171.0
145.0
146.0
174.0
145.0
133.0
148.0
170.0
154.0
167.0
151.0
130.0
133.0
141.0
147.0
372.0
130.0
136.0
462.0
153.0
133.0
151.0
139.0
133.0
147.0
141.0
160.0
159.0
432.0
165.0
143.0
136.0
144.0
170.0
146.0
152.0
156.0
136.0
150.0
130.0
172.0
173.0
130.0
141.0
132.0
146.0
459.0
150.0
169.0
162.0
143.0
174.0
138.0
164.0
132.0
168.0
433.0
155.0
492.0
153.0
364.0
421.0
369.0
367.0
461.0
453.0
435.0
381.0
390.0
130.0
130.0
159.0
139.0
157.0
148.0
154.0
131.0
153.0
204.0
190.0
161.0
138.0
475.0
166.0
165.0
136.0
158.0
154.0
174.0
173.0
152.0
151.0
171.0
159.0
173.0
169.0
430.0
158.0
157.0
155.0
136.0
168.0
134.0
159.0
170.0
468.0
135.0
135.0
156.0
133.0
138.0
169.0
157.0
153.0
135.0
134.0
153.0
131.0
154.0
150.0
139.0
149.0
137.0
478.0
156.0
130.0
419.0
152.0
162.0
169.0
150.0
172.0
159.0
171.0
170.0
152.0
464.0
173.0
134.0
175.0
163.0
151.0
141.0
166.0
168.0
155.0
170.0
163.0
175.0
156.0
147.0
140.0
135.0
173.0
367.0
167.0
150.0
151.0
151.0
173.0
164.0
141.0
131.0
132.0
363.0
171.0
388.0
137.0
464.0
433.0
479.0
450.0
389.0
444.0
493.0
431.0
379.0
145.0
151.0
133.0
173.0
161.0
141.0
137.0
160.0
130.0
192.0
198.0
141.0
168.0
462.0
137.0
171.0
140.0
163.0
155.0
139.0
167.0
141.0
138.0
139.0
158.0
151.0
152.0
425.0
135.0
174.0
134.0
153.0
172.0
156.0
143.0
176.0
382.0
139.0
131.0
162.0
141.0
170.0
147.0
164.0
133.0
151.0
143.0
172.0
165.0
165.0
158.0
139.0
112.0
173.0
445.0
151.0
151.0
438.0
148.0
138.0
135.0
164.0
159.0
152.0
152.0
154.0
138.0
385.0
162.0
172.0
142.0
141.0
153.0
163.0
154.0
133.0
145.0
159.0
152.0
146.0
152.0
175.0
137.0
134.0
142.0
421.0
141.0
151.0
167.0
148.0
133.0
163.0
150.0
164.0
147.0
475.0
147.0
486.0
148.0
405.0
474.0
365.0
476.0
467.0
435.0
457.0
377.0
434.0
172.0
167.0
133.0
146.0
164.0
135.0
130.0
133.0
165.0
201.0
173.0
141.0
165.0
489.0
133.0
165.0
157.0
153.0
165.0
137.0
137.0
141.0
143.0
163.0
138.0
172.0
155.0
373.0
138.0
175.0
168.0
172.0
142.0
151.0
155.0
175.0
434.0
160.0
160.0
138.0
132.0
161.0
134.0
150.0
175.0
167.0
162.0
169.0
166.0
148.0
144.0
137.0
135.0
135.0
367.0
157.0
137.0
487.0
163.0
167.0
134.0
163.0
132.0
176.0
135.0
161.0
158.0
463.0
160.0
174.0
150.0
154.0
146.0
137.0
135.0
172.0
153.0
145.0
130.0
166.0
176.0
177.0
172.0
127.0
161.0
382.0
163.0
159.0
144.0
144.0
151.0
175.0
131.0
130.0
138.0
401.0
150.0
426.0
138.0
419.0
436.0
376.0
443.0
423.0
394.0
373.0
486.0
371.0
177.0
156.0
133.0
144.0
174.0
166.0
156.0
163.0
162.0
168.0
163.0
156.0
136.0
397.0
161.0
162.0
165.0
136.0
148.0
150.0
154.0
158.0
150.0
138.0
158.0
147.0
143.0
455.0
174.0
140.0
169.0
162.0
160.0
151.0
167.0
157.0
392.0
153.0
159.0
172.0
140.0
150.0
146.0
159.0
142.0
172.0
177.0
151.0
135.0
139.0
168.0
162.0
149.0
166.0
480.0
146.0
173.0
443.0
154.0
164.0
139.0
167.0
169.0
140.0
138.0
159.0
177.0
450.0
139.0
168.0
164.0
177.0
141.0
170.0
173.0
138.0
148.0
153.0
173.0
167.0
131.0
157.0
152.0
134.0
159.0
421.0
146.0
175.0
154.0
175.0
142.0
145.0
150.0
133.0
172.0
412.0
176.0
450.0
153.0
375.0
382.0
467.0
477.0
371.0
369.0
479.0
444.0
383.0
146.0
137.0
166.0
167.0
157.0
157.0
151.0
143.0
174.0
163.0
205.0
137.0
143.0
399.0
154.0
139.0
159.0
171.0
163.0
165.0
133.0
172.0
132.0
150.0
140.0
152.0
149.0
435.0
148.0
144.0
139.0
159.0
135.0
144.0
165.0
158.0
365.0
171.0
167.0
145.0
159.0
147.0
143.0
169.0
131.0
162.0
143.0
151.0
154.0
134.0
176.0
138.0
119.0
165.0
431.0
165.0
154.0
406.0
133.0
172.0
149.0
175.0
151.0
143.0
171.0
141.0
176.0
492.0
166.0
132.0
156.0
131.0
171.0
153.0
144.0
136.0
154.0
135.0
158.0
133.0
154.0
143.0
144.0
131.0
163.0
407.0
166.0
139.0
134.0
170.0
135.0
131.0
164.0
142.0
137.0
378.0
131.0
445.0
153.0
474.0
424.0
379.0
490.0
494.0
411.0
477.0
420.0
483.0
154.0
169.0
158.0
156.0
165.0
136.0
138.0
168.0
168.0
153.0
193.0
154.0
130.0
372.0
137.0
174.0
153.0
164.0
143.0
166.0
140.0
132.0
147.0
166.0
132.0
137.0
141.0
458.0
144.0
136.0
158.0
148.0
165.0
176.0
154.0
147.0
382.0
130.0
137.0
142.0
150.0
171.0
154.0
157.0
147.0
133.0
147.0
138.0
146.0
153.0
171.0
137.0
128.0
155.0
441.0
154.0
164.0
451.0
168.0
134.0
150.0
165.0
140.0
159.0
133.0
135.0
164.0
432.0
150.0
153.0
167.0
149.0
143.0
144.0
146.0
173.0
143.0
156.0
150.0
149.0
155.0
172.0
136.0
112.0
169.0
376.0
144.0
158.0
130.0
143.0
141.0
174.0
130.0
153.0
141.0
489.0
147.0
454.0
167.0
375.0
382.0
485.0
455.0
474.0
485.0
427.0
448.0
396.0
176.0
146.0
158.0
171.0
170.0
173.0
151.0
146.0
134.0
